# [1]
# Sample c= 2.59 mg/ml
# Intensity scaled by concentration
# Buffer subtracted data file:
# Protein DatFile = /data/visitor/mx1908/bm29/20161119/giulio/1d/mM30Acetate_095_ave.dat
# Buffer DatFile = /data/visitor/mx1908/bm29/20161119/giulio/ednaSub/mM30Acetate_095_ave_averbuffer.dat
# 
# AutoRg: Rg   =   0.9064 +/- 0.09 ( 10.4%)
# AutoRg: I(0) =   3.70 +/- 0.0181
# AutoRg: Points   145 to 250 ( 106 total)
# AutoRg: Quality: 68.1%
# 
# 
# Sample Information:
# Storage Temperature (degrees C): 20.0
# Measurement Temperature (degrees C): 19.98
# Concentration: 2.59
# Code: 
3.479420999999999903e-02  -1.474442e+00   3.961773e+00
3.950545999999999919e-02  -9.550331e-02   1.578907e+00
4.421672000000000102e-02   2.005173e+00   1.032003e+00
4.892798000000000286e-02   8.919498e-01   7.920713e-01
5.363923000000000302e-02   7.910843e-01   6.338919e-01
5.835048999999999791e-02   1.645758e+00   5.184525e-01
6.306174999999999975e-02   1.943244e+00   4.317768e-01
6.777299999999999991e-02   2.010540e+00   3.662781e-01
7.248425999999999481e-02   1.941844e+00   3.176074e-01
7.719552000000000358e-02   1.602166e+00   2.798799e-01
8.190677000000000374e-02   2.209008e+00   2.490912e-01
8.661802999999999864e-02   2.269622e+00   2.240187e-01
9.132928999999999353e-02   2.333207e+00   2.043835e-01
9.604053999999999369e-02   2.460631e+00   1.900407e-01
1.007518000000000025e-01   2.694350e+00   1.764544e-01
1.054631000000000041e-01   2.930457e+00   1.647936e-01
1.101743000000000028e-01   2.626883e+00   1.543088e-01
1.148856000000000044e-01   2.769471e+00   1.456927e-01
1.195968000000000031e-01   2.511586e+00   1.380190e-01
1.243081000000000047e-01   2.823640e+00   1.316910e-01
1.290193000000000034e-01   3.020922e+00   1.263573e-01
1.337306000000000050e-01   2.995102e+00   1.217507e-01
1.384419000000000066e-01   2.769689e+00   1.169689e-01
1.431531000000000053e-01   2.765348e+00   1.124288e-01
1.478644000000000069e-01   2.871389e+00   1.090682e-01
1.525756000000000057e-01   2.859581e+00   1.060151e-01
1.572869000000000073e-01   2.661796e+00   1.029242e-01
1.619981000000000060e-01   2.891064e+00   9.997574e-02
1.667094000000000076e-01   2.873638e+00   9.747232e-02
1.714206000000000063e-01   2.798383e+00   9.528840e-02
1.761319000000000079e-01   2.890328e+00   9.321345e-02
1.808432000000000095e-01   2.888452e+00   9.137856e-02
1.855544000000000082e-01   2.922018e+00   8.962617e-02
1.902657000000000098e-01   2.932750e+00   8.817318e-02
1.949769000000000085e-01   2.975120e+00   8.646862e-02
1.996882000000000101e-01   2.910146e+00   8.496007e-02
2.043994000000000089e-01   2.919031e+00   8.357643e-02
2.091107000000000105e-01   2.953367e+00   8.232723e-02
2.138220000000000121e-01   2.909195e+00   8.108418e-02
2.185332000000000108e-01   2.937721e+00   7.971392e-02
2.232445000000000124e-01   2.948873e+00   7.857232e-02
2.279557000000000111e-01   2.985330e+00   7.769819e-02
2.326670000000000127e-01   3.098139e+00   7.664215e-02
2.373782000000000114e-01   3.023688e+00   7.559386e-02
2.420895000000000130e-01   2.939437e+00   7.451194e-02
2.468007000000000117e-01   2.918396e+00   7.374419e-02
2.515120000000000133e-01   2.935716e+00   7.272705e-02
2.562232999999999872e-01   2.981075e+00   7.197184e-02
2.609345000000000137e-01   3.093680e+00   7.142345e-02
2.656457999999999875e-01   2.961195e+00   7.048762e-02
2.703570000000000140e-01   2.969522e+00   6.963050e-02
2.750682999999999878e-01   2.990346e+00   6.898776e-02
2.797795000000000143e-01   3.015197e+00   6.829360e-02
2.844907999999999881e-01   3.041592e+00   6.767221e-02
2.892021000000000175e-01   3.034049e+00   6.715485e-02
2.939132999999999885e-01   3.048545e+00   6.663091e-02
2.986246000000000178e-01   3.014150e+00   6.591022e-02
3.033357999999999888e-01   3.035936e+00   6.520082e-02
3.080471000000000181e-01   3.064111e+00   6.477005e-02
3.127582999999999891e-01   3.044738e+00   6.418303e-02
3.174696000000000184e-01   3.174881e+00   6.371592e-02
3.221808999999999923e-01   3.198418e+00   6.318166e-02
3.268921000000000188e-01   3.212095e+00   6.271733e-02
3.316033999999999926e-01   3.187236e+00   6.226665e-02
3.363146000000000191e-01   3.117568e+00   6.273106e-02
3.410258999999999929e-01   3.062353e+00   6.321261e-02
3.457371000000000194e-01   3.122809e+00   6.353966e-02
3.504483999999999932e-01   3.121566e+00   6.437353e-02
3.551596000000000197e-01   3.172740e+00   6.569895e-02
3.598708999999999936e-01   3.201498e+00   6.667207e-02
3.645822000000000229e-01   3.188299e+00   6.725803e-02
3.692933999999999939e-01   3.215755e+00   6.779547e-02
3.740047000000000232e-01   3.184507e+00   6.829278e-02
3.787158999999999942e-01   3.131682e+00   6.861350e-02
3.834272000000000236e-01   3.172828e+00   6.895003e-02
3.881383999999999945e-01   3.150780e+00   6.930212e-02
3.928497000000000239e-01   3.042424e+00   7.098925e-02
3.975609999999999977e-01   3.131312e+00   7.309275e-02
4.022722000000000242e-01   3.091420e+00   7.455348e-02
4.069834999999999980e-01   3.172991e+00   7.615995e-02
4.116947000000000245e-01   3.272978e+00   7.744399e-02
4.164059999999999984e-01   3.291947e+00   7.866220e-02
4.211172000000000248e-01   3.205639e+00   7.966432e-02
4.258284999999999987e-01   3.154185e+00   8.075638e-02
4.305397000000000252e-01   3.199386e+00   8.202364e-02
4.352509999999999990e-01   3.162689e+00   8.306753e-02
4.399622999999999728e-01   3.184405e+00   8.433071e-02
4.446734999999999993e-01   3.208770e+00   8.600308e-02
4.493847999999999732e-01   3.249240e+00   8.732424e-02
4.540959999999999996e-01   3.206583e+00   8.790758e-02
4.588072999999999735e-01   3.274301e+00   8.485265e-02
4.635185000000000000e-01   3.185928e+00   8.262349e-02
4.682297999999999738e-01   3.221861e+00   8.142354e-02
4.729411000000000032e-01   3.191013e+00   8.047637e-02
4.776522999999999741e-01   2.999436e+00   7.956132e-02
4.823636000000000035e-01   3.196798e+00   7.951817e-02
4.870747999999999744e-01   3.230171e+00   7.885415e-02
4.917861000000000038e-01   3.240514e+00   7.831016e-02
4.964972999999999748e-01   3.229228e+00   7.782114e-02
5.012086000000000041e-01   3.137728e+00   7.730703e-02
5.059198999999999780e-01   3.248205e+00   7.706649e-02
5.106311000000000044e-01   3.317902e+00   7.676360e-02
5.153423999999999783e-01   3.222857e+00   7.634960e-02
5.200536000000000048e-01   3.173672e+00   7.564900e-02
5.247648999999999786e-01   3.215368e+00   7.514247e-02
5.294761000000000051e-01   3.150273e+00   7.437694e-02
5.341873999999999789e-01   3.129748e+00   7.391521e-02
5.388986000000000054e-01   3.213569e+00   7.349701e-02
5.436098999999999792e-01   3.217402e+00   7.295061e-02
5.483211999999999531e-01   3.250319e+00   7.263736e-02
5.530323999999999796e-01   3.199808e+00   7.218525e-02
5.577436999999999534e-01   3.230734e+00   7.179965e-02
5.624548999999999799e-01   3.335413e+00   7.140803e-02
5.671661999999999537e-01   3.263622e+00   7.104540e-02
5.718773999999999802e-01   3.166077e+00   7.069963e-02
5.765886999999999540e-01   3.088068e+00   7.049088e-02
5.813000000000000389e-01   3.166721e+00   7.048009e-02
5.860111999999999544e-01   3.230800e+00   7.039937e-02
5.907225000000000392e-01   3.303531e+00   7.030582e-02
5.954336999999999547e-01   3.317319e+00   6.996929e-02
6.001450000000000395e-01   3.231017e+00   6.968392e-02
6.048561999999999550e-01   3.171447e+00   6.960835e-02
6.095675000000000399e-01   3.298292e+00   6.960529e-02
6.142788000000000137e-01   3.310976e+00   6.944374e-02
6.189900000000000402e-01   3.347105e+00   6.930347e-02
6.237013000000000140e-01   3.187928e+00   6.893366e-02
6.284125000000000405e-01   3.174241e+00   6.883766e-02
6.331238000000000143e-01   3.206142e+00   6.877635e-02
6.378350000000000408e-01   3.297585e+00   6.844244e-02
6.425463000000000147e-01   3.193215e+00   6.823169e-02
6.472575000000000411e-01   3.190242e+00   6.795176e-02
6.519688000000000150e-01   3.254897e+00   6.797938e-02
6.566800999999999888e-01   3.235138e+00   6.781334e-02
6.613913000000000153e-01   3.154915e+00   6.760548e-02
6.661025999999999891e-01   3.200835e+00   6.753490e-02
6.708138000000000156e-01   3.231026e+00   6.748496e-02
6.755250999999999895e-01   3.162938e+00   6.711536e-02
6.802363000000000159e-01   3.094070e+00   6.713246e-02
6.849475999999999898e-01   3.172318e+00   6.695512e-02
6.896588999999999636e-01   3.250126e+00   6.691213e-02
6.943700999999999901e-01   3.194981e+00   6.654438e-02
6.990813999999999639e-01   3.186442e+00   6.633650e-02
7.037925999999999904e-01   3.169488e+00   6.639981e-02
7.085038999999999643e-01   3.112195e+00   6.603639e-02
7.132150999999999907e-01   3.189153e+00   6.602689e-02
7.179263999999999646e-01   3.206198e+00   6.582701e-02
7.226375999999999911e-01   3.219050e+00   6.574963e-02
7.273488999999999649e-01   3.209380e+00   6.567898e-02
7.320602000000000498e-01   3.185712e+00   6.529327e-02
7.367713999999999652e-01   3.181144e+00   6.520939e-02
7.414827000000000501e-01   3.215187e+00   6.526517e-02
7.461938999999999655e-01   3.177301e+00   6.500354e-02
7.509052000000000504e-01   3.178153e+00   6.481228e-02
7.556163999999999659e-01   3.205697e+00   6.470790e-02
7.603277000000000507e-01   3.185703e+00   6.448376e-02
7.650390000000000246e-01   3.151423e+00   6.439969e-02
7.697502000000000510e-01   3.143530e+00   6.435650e-02
7.744615000000000249e-01   3.144176e+00   6.419821e-02
7.791727000000000514e-01   3.119990e+00   6.403546e-02
7.838840000000000252e-01   3.069131e+00   6.389003e-02
7.885952000000000517e-01   3.096125e+00   6.374726e-02
7.933065000000000255e-01   3.041006e+00   6.354352e-02
7.980177999999999994e-01   3.026607e+00   6.344602e-02
8.027290000000000258e-01   3.014335e+00   6.327505e-02
8.074402999999999997e-01   3.057475e+00   6.322229e-02
8.121515000000000262e-01   3.119847e+00   6.321498e-02
8.168628000000000000e-01   3.087405e+00   6.292263e-02
8.215740000000000265e-01   3.089618e+00   6.287711e-02
8.262853000000000003e-01   3.097238e+00   6.273762e-02
8.309965000000000268e-01   3.047807e+00   6.250758e-02
8.357078000000000007e-01   3.041061e+00   6.236138e-02
8.404190999999999745e-01   3.096439e+00   6.231275e-02
8.451303000000000010e-01   3.081245e+00   6.220952e-02
8.498415999999999748e-01   3.083769e+00   6.203302e-02
8.545528000000000013e-01   2.995236e+00   6.176846e-02
8.592640999999999751e-01   3.056109e+00   6.169378e-02
8.639753000000000016e-01   2.953282e+00   6.161451e-02
8.686865999999999755e-01   3.055437e+00   6.154341e-02
8.733978999999999493e-01   2.986154e+00   6.136045e-02
8.781090999999999758e-01   2.922887e+00   6.110979e-02
8.828203999999999496e-01   3.060958e+00   6.128123e-02
8.875315999999999761e-01   3.044968e+00   6.109421e-02
8.922428999999999499e-01   2.916911e+00   6.077115e-02
8.969540999999999764e-01   2.921481e+00   6.064959e-02
9.016653999999999503e-01   2.964369e+00   6.057142e-02
9.063767000000000351e-01   2.932801e+00   6.041701e-02
9.110878999999999506e-01   2.921508e+00   6.030943e-02
9.157992000000000354e-01   2.962467e+00   6.022956e-02
9.205103999999999509e-01   2.965050e+00   6.010209e-02
9.252217000000000358e-01   2.905885e+00   5.994558e-02
9.299328999999999512e-01   2.893277e+00   5.979034e-02
9.346442000000000361e-01   2.920804e+00   5.977207e-02
9.393553999999999515e-01   2.889172e+00   5.960790e-02
9.440667000000000364e-01   2.843422e+00   5.951670e-02
9.487780000000000102e-01   2.779350e+00   5.922670e-02
9.534892000000000367e-01   2.905605e+00   5.933801e-02
9.582005000000000106e-01   2.863578e+00   5.905841e-02
9.629117000000000370e-01   2.867213e+00   5.901470e-02
9.676230000000000109e-01   2.892235e+00   5.891121e-02
9.723342000000000374e-01   2.820102e+00   5.878098e-02
9.770455000000000112e-01   2.809736e+00   5.857248e-02
9.817567999999999850e-01   2.844011e+00   5.858405e-02
9.864680000000000115e-01   2.918188e+00   5.854142e-02
9.911792999999999854e-01   2.934699e+00   5.842639e-02
9.958905000000000118e-01   2.880812e+00   5.825038e-02
1.000601999999999991e+00   2.817099e+00   5.810124e-02
1.005312999999999901e+00   2.815672e+00   5.802352e-02
1.010024000000000033e+00   2.766731e+00   5.786228e-02
1.014736000000000082e+00   2.777343e+00   5.771698e-02
1.019446999999999992e+00   2.786104e+00   5.755319e-02
1.024157999999999902e+00   2.713044e+00   5.736390e-02
1.028869000000000034e+00   2.849189e+00   5.745524e-02
1.033581000000000083e+00   2.763067e+00   5.729427e-02
1.038291999999999993e+00   2.739503e+00   5.725008e-02
1.043002999999999902e+00   2.828159e+00   5.721172e-02
1.047714000000000034e+00   2.704276e+00   5.701830e-02
1.052426000000000084e+00   2.739601e+00   5.693465e-02
1.057136999999999993e+00   2.744755e+00   5.694415e-02
1.061847999999999903e+00   2.739091e+00   5.680462e-02
1.066559000000000035e+00   2.657378e+00   5.656158e-02
1.071271000000000084e+00   2.751534e+00   5.656523e-02
1.075981999999999994e+00   2.719061e+00   5.644386e-02
1.080692999999999904e+00   2.740430e+00   5.645347e-02
1.085404000000000035e+00   2.729242e+00   5.623542e-02
1.090116000000000085e+00   2.702171e+00   5.611150e-02
1.094826999999999995e+00   2.653615e+00   5.597375e-02
1.099537999999999904e+00   2.594433e+00   5.582991e-02
1.104249000000000036e+00   2.653362e+00   5.572414e-02
1.108961000000000086e+00   2.685676e+00   5.568632e-02
1.113671999999999995e+00   2.629786e+00   5.550309e-02
1.118382999999999905e+00   2.653652e+00   5.549237e-02
1.123094000000000037e+00   2.636497e+00   5.535971e-02
1.127806000000000086e+00   2.563218e+00   5.520857e-02
1.132516999999999996e+00   2.551154e+00   5.507718e-02
1.137227999999999906e+00   2.623101e+00   5.507623e-02
1.141939000000000037e+00   2.592913e+00   5.486684e-02
1.146651000000000087e+00   2.503852e+00   5.473983e-02
1.151361999999999997e+00   2.509622e+00   5.464822e-02
1.156072999999999906e+00   2.573525e+00   5.469331e-02
1.160784000000000038e+00   2.547972e+00   5.459935e-02
1.165496000000000087e+00   2.522526e+00   5.444715e-02
1.170206999999999997e+00   2.492650e+00   5.430515e-02
1.174917999999999907e+00   2.516940e+00   5.426818e-02
1.179629999999999956e+00   2.485695e+00   5.409523e-02
1.184341000000000088e+00   2.454035e+00   5.396771e-02
1.189051999999999998e+00   2.533497e+00   5.388922e-02
1.193762999999999908e+00   2.524649e+00   5.400796e-02
1.198474999999999957e+00   2.547965e+00   5.515619e-02
1.203186000000000089e+00   2.513749e+00   5.650150e-02
1.207896999999999998e+00   2.446325e+00   5.742766e-02
1.212607999999999908e+00   2.366234e+00   5.819814e-02
1.217319999999999958e+00   2.413025e+00   5.884583e-02
1.222031000000000089e+00   2.507588e+00   5.952866e-02
1.226741999999999999e+00   2.569026e+00   6.012513e-02
1.231452999999999909e+00   2.566248e+00   6.071444e-02
1.236164999999999958e+00   2.499804e+00   6.112854e-02
1.240876000000000090e+00   2.458729e+00   6.152716e-02
1.245587000000000000e+00   2.500552e+00   6.185535e-02
1.250297999999999909e+00   2.356138e+00   6.184241e-02
1.255009999999999959e+00   2.326024e+00   6.192808e-02
1.259721000000000091e+00   2.444429e+00   6.212831e-02
1.264432000000000000e+00   2.448638e+00   5.993429e-02
1.269142999999999910e+00   2.412008e+00   5.843221e-02
1.273854999999999960e+00   2.461732e+00   5.751481e-02
1.278566000000000091e+00   2.401454e+00   5.662269e-02
1.283277000000000001e+00   2.365926e+00   5.606430e-02
1.287987999999999911e+00   2.406143e+00   5.565339e-02
1.292699999999999960e+00   2.406887e+00   5.502281e-02
1.297411000000000092e+00   2.278864e+00   5.443501e-02
1.302122000000000002e+00   2.247865e+00   5.399291e-02
1.306832999999999911e+00   2.241879e+00   5.365876e-02
1.311544999999999961e+00   2.301465e+00   5.365153e-02
1.316256000000000093e+00   2.235082e+00   5.349426e-02
1.320967000000000002e+00   2.249062e+00   5.329265e-02
1.325677999999999912e+00   2.268516e+00   5.313906e-02
1.330389999999999961e+00   2.218420e+00   5.299973e-02
1.335101000000000093e+00   2.253173e+00   5.284589e-02
1.339812000000000003e+00   2.212578e+00   5.270987e-02
1.344522999999999913e+00   2.118499e+00   5.254010e-02
1.349234999999999962e+00   2.148930e+00   5.246896e-02
1.353946000000000094e+00   2.182179e+00   5.236102e-02
1.358657000000000004e+00   2.203417e+00   5.233038e-02
1.363369000000000053e+00   2.222493e+00   5.222121e-02
1.368079999999999963e+00   2.205029e+00   5.212692e-02
1.372791000000000095e+00   2.229746e+00   5.206498e-02
1.377502000000000004e+00   2.148414e+00   5.184242e-02
1.382214000000000054e+00   2.097958e+00   5.172587e-02
1.386924999999999963e+00   2.122226e+00   5.159241e-02
1.391636000000000095e+00   2.099115e+00   5.155461e-02
1.396347000000000005e+00   2.115203e+00   5.142886e-02
1.401059000000000054e+00   2.174880e+00   5.148471e-02
1.405769999999999964e+00   2.147660e+00   5.122258e-02
1.410481000000000096e+00   2.098567e+00   5.117939e-02
1.415192000000000005e+00   2.089202e+00   5.105315e-02
1.419904000000000055e+00   2.090468e+00   5.098418e-02
1.424614999999999965e+00   2.098621e+00   5.083367e-02
1.429326000000000096e+00   2.132803e+00   5.086369e-02
1.434037000000000006e+00   2.059910e+00   5.065437e-02
1.438749000000000056e+00   2.074933e+00   5.063840e-02
1.443459999999999965e+00   2.038382e+00   5.046160e-02
1.448171000000000097e+00   2.145056e+00   5.056338e-02
1.452882000000000007e+00   2.073378e+00   5.032020e-02
1.457594000000000056e+00   2.059578e+00   5.016509e-02
1.462304999999999966e+00   2.065080e+00   5.019287e-02
1.467016000000000098e+00   2.051665e+00   5.012383e-02
1.471727000000000007e+00   2.013072e+00   4.993441e-02
1.476439000000000057e+00   1.996122e+00   4.985584e-02
1.481149999999999967e+00   1.968677e+00   4.970657e-02
1.485861000000000098e+00   1.897275e+00   4.955167e-02
1.490572000000000008e+00   1.980815e+00   4.967228e-02
1.495284000000000058e+00   1.941358e+00   4.957461e-02
1.499994999999999967e+00   1.988751e+00   4.947764e-02
1.504706000000000099e+00   2.022661e+00   4.950334e-02
1.509417000000000009e+00   1.991521e+00   4.940138e-02
1.514129000000000058e+00   2.020263e+00   4.951441e-02
1.518839999999999968e+00   1.935542e+00   5.088046e-02
1.523551000000000100e+00   1.949278e+00   5.194580e-02
1.528262999999999927e+00   1.930761e+00   5.271744e-02
1.532974000000000059e+00   1.899136e+00   5.330215e-02
1.537684999999999969e+00   1.886115e+00   5.370619e-02
1.542396000000000100e+00   1.944272e+00   5.371675e-02
1.547107999999999928e+00   1.991103e+00   5.251180e-02
1.551819000000000059e+00   1.914577e+00   5.176742e-02
1.556529999999999969e+00   1.897804e+00   5.116533e-02
1.561241000000000101e+00   1.901418e+00   5.061643e-02
1.565952999999999928e+00   1.907595e+00   5.014064e-02
1.570664000000000060e+00   1.877831e+00   4.962342e-02
1.575374999999999970e+00   1.846742e+00   4.912923e-02
1.580086000000000102e+00   1.780984e+00   4.856972e-02
1.584797999999999929e+00   1.840395e+00   4.836086e-02
1.589509000000000061e+00   1.847424e+00   4.824667e-02
1.594219999999999970e+00   1.842115e+00   4.823593e-02
1.598931000000000102e+00   1.851911e+00   4.828088e-02
1.603642999999999930e+00   1.768170e+00   4.828691e-02
1.608354000000000061e+00   1.839257e+00   4.839236e-02
1.613064999999999971e+00   1.766375e+00   4.822876e-02
1.617776000000000103e+00   1.740571e+00   4.813350e-02
1.622487999999999930e+00   1.761266e+00   4.809035e-02
1.627199000000000062e+00   1.751381e+00   4.798802e-02
1.631909999999999972e+00   1.794063e+00   4.792987e-02
1.636621000000000103e+00   1.816571e+00   4.787211e-02
1.641332999999999931e+00   1.824497e+00   4.787504e-02
1.646044000000000063e+00   1.801037e+00   4.772418e-02
1.650754999999999972e+00   1.805763e+00   4.765477e-02
1.655466000000000104e+00   1.757458e+00   4.757979e-02
1.660177999999999932e+00   1.707328e+00   4.744315e-02
1.664889000000000063e+00   1.681992e+00   4.734262e-02
1.669599999999999973e+00   1.607705e+00   4.720831e-02
1.674311000000000105e+00   1.649340e+00   4.711886e-02
1.679022999999999932e+00   1.692201e+00   4.708899e-02
1.683734000000000064e+00   1.692078e+00   4.705702e-02
1.688444999999999974e+00   1.640449e+00   4.685485e-02
1.693156000000000105e+00   1.621407e+00   4.683812e-02
1.697867999999999933e+00   1.675380e+00   4.682929e-02
1.702579000000000065e+00   1.584502e+00   4.669268e-02
1.707289999999999974e+00   1.608530e+00   4.663569e-02
1.712002000000000024e+00   1.566085e+00   4.650622e-02
1.716712999999999933e+00   1.615273e+00   4.650623e-02
1.721424000000000065e+00   1.659524e+00   4.641717e-02
1.726134999999999975e+00   1.613912e+00   4.638631e-02
1.730847000000000024e+00   1.594175e+00   4.622555e-02
1.735557999999999934e+00   1.608810e+00   4.616975e-02
1.740269000000000066e+00   1.632441e+00   4.617605e-02
1.744979999999999976e+00   1.584136e+00   4.608404e-02
1.749692000000000025e+00   1.515502e+00   4.589511e-02
1.754402999999999935e+00   1.542494e+00   4.585723e-02
1.759114000000000066e+00   1.533314e+00   4.582313e-02
1.763824999999999976e+00   1.578526e+00   4.584443e-02
1.768537000000000026e+00   1.605833e+00   4.572327e-02
1.773247999999999935e+00   1.505156e+00   4.560123e-02
1.777959000000000067e+00   1.538678e+00   4.557423e-02
1.782669999999999977e+00   1.519343e+00   4.548338e-02
1.787382000000000026e+00   1.507665e+00   4.545477e-02
1.792092999999999936e+00   1.498475e+00   4.537222e-02
1.796804000000000068e+00   1.533628e+00   4.532744e-02
1.801514999999999977e+00   1.471903e+00   4.516472e-02
1.806227000000000027e+00   1.486443e+00   4.518836e-02
1.810937999999999937e+00   1.463932e+00   4.511916e-02
1.815649000000000068e+00   1.525410e+00   4.508173e-02
1.820359999999999978e+00   1.511327e+00   4.502024e-02
1.825072000000000028e+00   1.480248e+00   4.494839e-02
1.829782999999999937e+00   1.424533e+00   4.484545e-02
1.834494000000000069e+00   1.402636e+00   4.469532e-02
1.839204999999999979e+00   1.421393e+00   4.473029e-02
1.843917000000000028e+00   1.445728e+00   4.466918e-02
1.848627999999999938e+00   1.465128e+00   4.458220e-02
1.853339000000000070e+00   1.494391e+00   4.455826e-02
1.858049999999999979e+00   1.428698e+00   4.449874e-02
1.862762000000000029e+00   1.363609e+00   4.436707e-02
1.867472999999999939e+00   1.462705e+00   4.435166e-02
1.872184000000000070e+00   1.463015e+00   4.422982e-02
1.876894999999999980e+00   1.470432e+00   4.431634e-02
1.881607000000000030e+00   1.381374e+00   4.415582e-02
1.886317999999999939e+00   1.363819e+00   4.406538e-02
1.891029000000000071e+00   1.397275e+00   4.402710e-02
1.895740999999999898e+00   1.455969e+00   4.404087e-02
1.900452000000000030e+00   1.374583e+00   4.391813e-02
1.905162999999999940e+00   1.312179e+00   4.375870e-02
1.909874000000000072e+00   1.342026e+00   4.381015e-02
1.914585999999999899e+00   1.363448e+00   4.375729e-02
1.919297000000000031e+00   1.381565e+00   4.373628e-02
1.924007999999999940e+00   1.371930e+00   4.362011e-02
1.928719000000000072e+00   1.327534e+00   4.353287e-02
1.933430999999999900e+00   1.295928e+00   4.342337e-02
1.938142000000000031e+00   1.322541e+00   4.326331e-02
1.942852999999999941e+00   1.251390e+00   4.319261e-02
1.947564000000000073e+00   1.267435e+00   4.306987e-02
1.952275999999999900e+00   1.320841e+00   4.298869e-02
1.956987000000000032e+00   1.283396e+00   4.289992e-02
1.961697999999999942e+00   1.352518e+00   4.291830e-02
1.966409000000000074e+00   1.311301e+00   4.279576e-02
1.971120999999999901e+00   1.339229e+00   4.277538e-02
1.975832000000000033e+00   1.308155e+00   4.279733e-02
1.980542999999999942e+00   1.331696e+00   4.280394e-02
1.985254000000000074e+00   1.261779e+00   4.273881e-02
1.989965999999999902e+00   1.291929e+00   4.277070e-02
1.994677000000000033e+00   1.291236e+00   4.276688e-02
1.999387999999999943e+00   1.325528e+00   4.286598e-02
2.004099000000000075e+00   1.300149e+00   4.382553e-02
2.008811000000000124e+00   1.253424e+00   4.471052e-02
2.013522000000000034e+00   1.285426e+00   4.536555e-02
2.018232999999999944e+00   1.219188e+00   4.583733e-02
2.022943999999999853e+00   1.219612e+00   4.622103e-02
2.027655999999999903e+00   1.248344e+00   4.666405e-02
2.032366999999999813e+00   1.200142e+00   4.687797e-02
2.037078000000000166e+00   1.232549e+00   4.699866e-02
2.041789000000000076e+00   1.231936e+00   4.717516e-02
2.046501000000000126e+00   1.193555e+00   4.725797e-02
2.051212000000000035e+00   1.177744e+00   4.725537e-02
2.055922999999999945e+00   1.204942e+00   4.747103e-02
2.060633999999999855e+00   1.196720e+00   4.760085e-02
2.065345999999999904e+00   1.165644e+00   4.747100e-02
2.070056999999999814e+00   1.210404e+00   4.613871e-02
2.074768000000000168e+00   1.139707e+00   4.508642e-02
2.079480000000000217e+00   1.178172e+00   4.457282e-02
2.084191000000000127e+00   1.145250e+00   4.414358e-02
2.088902000000000037e+00   1.143081e+00   4.364593e-02
2.093612999999999946e+00   1.163567e+00   4.332210e-02
2.098324999999999996e+00   1.136279e+00   4.316383e-02
2.103035999999999905e+00   1.161022e+00   4.302749e-02
2.107746999999999815e+00   1.107776e+00   4.285693e-02
2.112458000000000169e+00   1.140118e+00   4.282583e-02
2.117170000000000218e+00   1.172451e+00   4.282728e-02
2.121881000000000128e+00   1.155165e+00   4.270079e-02
2.126592000000000038e+00   1.111165e+00   4.254834e-02
2.131302999999999948e+00   1.108204e+00   4.248287e-02
2.136014999999999997e+00   1.126608e+00   4.240442e-02
2.140725999999999907e+00   1.103330e+00   4.230926e-02
2.145436999999999816e+00   1.082700e+00   4.226965e-02
2.150148000000000170e+00   1.072780e+00   4.218755e-02
2.154860000000000220e+00   1.026826e+00   4.205260e-02
2.159571000000000129e+00   1.099868e+00   4.204290e-02
2.164282000000000039e+00   1.036998e+00   4.191554e-02
2.168992999999999949e+00   1.044157e+00   4.185942e-02
2.173704999999999998e+00   1.057841e+00   4.180743e-02
2.178415999999999908e+00   1.089731e+00   4.176246e-02
2.183126999999999818e+00   9.874902e-01   4.164364e-02
2.187838000000000171e+00   1.002424e+00   4.161984e-02
2.192550000000000221e+00   1.077484e+00   4.158818e-02
2.197261000000000131e+00   1.037825e+00   4.143062e-02
2.201972000000000040e+00   1.001812e+00   4.140470e-02
2.206682999999999950e+00   1.032151e+00   4.136935e-02
2.211395000000000000e+00   1.007467e+00   4.123865e-02
2.216105999999999909e+00   1.032258e+00   4.124717e-02
2.220816999999999819e+00   1.068745e+00   4.123638e-02
2.225528000000000173e+00   1.027851e+00   4.112152e-02
2.230239999999999778e+00   9.830657e-01   4.100112e-02
2.234951000000000132e+00   9.963358e-01   4.096658e-02
2.239662000000000042e+00   1.019121e+00   4.092790e-02
2.244372999999999951e+00   1.058231e+00   4.088136e-02
2.249085000000000001e+00   1.001636e+00   4.081755e-02
2.253795999999999911e+00   9.735624e-01   4.076067e-02
2.258506999999999820e+00   1.005556e+00   4.070097e-02
2.263218999999999870e+00   1.000725e+00   4.062905e-02
2.267929999999999779e+00   1.011765e+00   4.066371e-02
2.272641000000000133e+00   9.729645e-01   4.055365e-02
2.277352000000000043e+00   9.535561e-01   4.049481e-02
2.282064000000000092e+00   9.216886e-01   4.043019e-02
2.286775000000000002e+00   8.903884e-01   4.034750e-02
2.291485999999999912e+00   8.915651e-01   4.030597e-02
2.296196999999999822e+00   9.526189e-01   4.025811e-02
2.300908999999999871e+00   9.284788e-01   4.021410e-02
2.305619999999999781e+00   9.260061e-01   4.017540e-02
2.310331000000000135e+00   9.347836e-01   4.009862e-02
2.315042000000000044e+00   9.396187e-01   4.008673e-02
2.319754000000000094e+00   9.666951e-01   4.005864e-02
2.324465000000000003e+00   9.570253e-01   4.001213e-02
2.329175999999999913e+00   9.023219e-01   3.991714e-02
2.333886999999999823e+00   9.159809e-01   3.986762e-02
2.338598999999999872e+00   9.362748e-01   3.979885e-02
2.343309999999999782e+00   9.064983e-01   3.974571e-02
2.348021000000000136e+00   8.833155e-01   3.966500e-02
2.352732000000000046e+00   8.969983e-01   3.966751e-02
2.357444000000000095e+00   8.771149e-01   3.962339e-02
2.362155000000000005e+00   9.049843e-01   3.956575e-02
2.366865999999999914e+00   9.118802e-01   3.953218e-02
2.371576999999999824e+00   9.539872e-01   3.950340e-02
2.376288999999999874e+00   8.766451e-01   3.940425e-02
2.380999999999999783e+00   8.510492e-01   3.939051e-02
2.385711000000000137e+00   8.521643e-01   3.936806e-02
2.390422000000000047e+00   8.952907e-01   3.933292e-02
2.395134000000000096e+00   8.894629e-01   3.928857e-02
2.399845000000000006e+00   8.623847e-01   3.916249e-02
2.404555999999999916e+00   9.022125e-01   3.922632e-02
2.409266999999999825e+00   8.763392e-01   3.918163e-02
2.413978999999999875e+00   7.936961e-01   3.904546e-02
2.418689999999999785e+00   8.449200e-01   3.902367e-02
2.423401000000000138e+00   8.391774e-01   3.900304e-02
2.428112000000000048e+00   8.657894e-01   3.888862e-02
2.432824000000000098e+00   8.586847e-01   3.893409e-02
2.437535000000000007e+00   8.209109e-01   3.885979e-02
2.442245999999999917e+00   7.962131e-01   3.875712e-02
2.446957999999999966e+00   8.178704e-01   3.878696e-02
2.451668999999999876e+00   8.539600e-01   3.878264e-02
2.456379999999999786e+00   8.174123e-01   3.863424e-02
2.461091000000000140e+00   8.263509e-01   3.862853e-02
2.465803000000000189e+00   8.294617e-01   3.864134e-02
2.470514000000000099e+00   8.347405e-01   3.854595e-02
2.475225000000000009e+00   7.858795e-01   3.850671e-02
2.479935999999999918e+00   7.919772e-01   3.841853e-02
2.484647999999999968e+00   7.645963e-01   3.840474e-02
2.489358999999999877e+00   7.648442e-01   3.840423e-02
2.494069999999999787e+00   7.791105e-01   3.833718e-02
2.498781000000000141e+00   8.425475e-01   3.832118e-02
2.503493000000000190e+00   7.808176e-01   3.826195e-02
2.508204000000000100e+00   7.191451e-01   3.819176e-02
2.512915000000000010e+00   7.632041e-01   3.809982e-02
2.517625999999999920e+00   8.087220e-01   3.811544e-02
2.522337999999999969e+00   7.940808e-01   3.798382e-02
2.527048999999999879e+00   7.538941e-01   3.789625e-02
2.531759999999999788e+00   7.747115e-01   3.787605e-02
2.536471000000000142e+00   7.548375e-01   3.777109e-02
2.541183000000000192e+00   7.222975e-01   3.769787e-02
2.545894000000000101e+00   7.510266e-01   3.771521e-02
2.550605000000000011e+00   7.197865e-01   3.768018e-02
2.555315999999999921e+00   7.301518e-01   3.763984e-02
2.560027999999999970e+00   7.888984e-01   3.764261e-02
2.564738999999999880e+00   7.783989e-01   3.762318e-02
2.569449999999999790e+00   7.294229e-01   3.760565e-02
2.574161000000000143e+00   7.653793e-01   3.767765e-02
2.578873000000000193e+00   6.864154e-01   3.758480e-02
2.583584000000000103e+00   7.339115e-01   3.757529e-02
2.588295000000000012e+00   7.090089e-01   3.752911e-02
2.593005999999999922e+00   7.044158e-01   3.749413e-02
2.597717999999999972e+00   7.237640e-01   3.745042e-02
2.602428999999999881e+00   7.068336e-01   3.741232e-02
2.607139999999999791e+00   7.800265e-01   3.747272e-02
2.611851000000000145e+00   7.205491e-01   3.741585e-02
2.616563000000000194e+00   7.196614e-01   3.731820e-02
2.621274000000000104e+00   6.863431e-01   3.724886e-02
2.625985000000000014e+00   7.465393e-01   3.728706e-02
2.630697000000000063e+00   7.074037e-01   3.719500e-02
2.635407999999999973e+00   7.176882e-01   3.717490e-02
2.640118999999999883e+00   6.921224e-01   3.713027e-02
2.644829999999999792e+00   6.591873e-01   3.712080e-02
2.649541999999999842e+00   6.759426e-01   3.707423e-02
2.654253000000000196e+00   6.738692e-01   3.703253e-02
2.658964000000000105e+00   6.829609e-01   3.700657e-02
2.663675000000000015e+00   7.233967e-01   3.702403e-02
2.668387000000000064e+00   6.827609e-01   3.699331e-02
2.673097999999999974e+00   6.649547e-01   3.689849e-02
2.677808999999999884e+00   6.769992e-01   3.686591e-02
2.682519999999999794e+00   6.145592e-01   3.678896e-02
2.687231999999999843e+00   6.539851e-01   3.679165e-02
2.691943000000000197e+00   6.166761e-01   3.672161e-02
2.696654000000000106e+00   5.891584e-01   3.668594e-02
2.701365000000000016e+00   6.751219e-01   3.667810e-02
2.706077000000000066e+00   6.630854e-01   3.664881e-02
2.710787999999999975e+00   6.630526e-01   3.657169e-02
2.715498999999999885e+00   6.186824e-01   3.655037e-02
2.720209999999999795e+00   6.469644e-01   3.654116e-02
2.724921999999999844e+00   6.398264e-01   3.646880e-02
2.729633000000000198e+00   6.635014e-01   3.647076e-02
2.734344000000000108e+00   6.249614e-01   3.638622e-02
2.739055000000000017e+00   6.523463e-01   3.643944e-02
2.743767000000000067e+00   6.190519e-01   3.635074e-02
2.748477999999999977e+00   6.436979e-01   3.633245e-02
2.753188999999999886e+00   6.850936e-01   3.635032e-02
2.757899999999999796e+00   5.793447e-01   3.619917e-02
2.762611999999999846e+00   6.559185e-01   3.624415e-02
2.767323000000000199e+00   6.236980e-01   3.615451e-02
2.772034000000000109e+00   6.413107e-01   3.618004e-02
2.776745000000000019e+00   6.542819e-01   3.615949e-02
2.781457000000000068e+00   5.796066e-01   3.606721e-02
2.786167999999999978e+00   5.132776e-01   3.598549e-02
2.790878999999999888e+00   5.866471e-01   3.601296e-02
2.795589999999999797e+00   5.937109e-01   3.597680e-02
2.800301999999999847e+00   6.064763e-01   3.599679e-02
2.805013000000000201e+00   6.308665e-01   3.615469e-02
2.809724000000000110e+00   5.683098e-01   3.701646e-02
2.814436000000000160e+00   6.110428e-01   3.761920e-02
2.819147000000000070e+00   6.208100e-01   3.805450e-02
2.823857999999999979e+00   6.135119e-01   3.845642e-02
2.828568999999999889e+00   6.107732e-01   3.859569e-02
2.833280999999999938e+00   6.213361e-01   3.874241e-02
2.837991999999999848e+00   5.757991e-01   3.881729e-02
2.842703000000000202e+00   6.021988e-01   3.897663e-02
2.847414000000000112e+00   5.672231e-01   3.905962e-02
2.852126000000000161e+00   5.585331e-01   3.916684e-02
2.856837000000000071e+00   5.903771e-01   3.926469e-02
2.861547999999999981e+00   5.485216e-01   3.928222e-02
2.866258999999999890e+00   5.699298e-01   3.936124e-02
2.870970999999999940e+00   5.553793e-01   3.904083e-02
2.875681999999999849e+00   5.537889e-01   3.805777e-02
2.880393000000000203e+00   5.591560e-01   3.749048e-02
2.885104000000000113e+00   5.220031e-01   3.707804e-02
2.889816000000000162e+00   5.548078e-01   3.676449e-02
2.894527000000000072e+00   5.495757e-01   3.662359e-02
2.899237999999999982e+00   5.068867e-01   3.653386e-02
2.903948999999999891e+00   5.384434e-01   3.642039e-02
2.908660999999999941e+00   5.798097e-01   3.634332e-02
2.913371999999999851e+00   5.599623e-01   3.626105e-02
2.918083000000000204e+00   4.874340e-01   3.617645e-02
2.922794000000000114e+00   5.662798e-01   3.616286e-02
2.927506000000000164e+00   5.571756e-01   3.608042e-02
2.932217000000000073e+00   5.509540e-01   3.604447e-02
2.936927999999999983e+00   5.962688e-01   3.598080e-02
2.941638999999999893e+00   6.153728e-01   3.593554e-02
2.946350999999999942e+00   5.644515e-01   3.588200e-02
2.951061999999999852e+00   4.966276e-01   3.576386e-02
2.955773000000000206e+00   5.206541e-01   3.576733e-02
2.960484000000000115e+00   5.387233e-01   3.575293e-02
2.965196000000000165e+00   5.136486e-01   3.565886e-02
2.969907000000000075e+00   5.334512e-01   3.561684e-02
2.974617999999999984e+00   5.215517e-01   3.560218e-02
2.979328999999999894e+00   4.830047e-01   3.550049e-02
2.984040999999999944e+00   4.735031e-01   3.543993e-02
2.988751999999999853e+00   4.965874e-01   3.540928e-02
2.993463000000000207e+00   5.075638e-01   3.534518e-02
2.998174999999999812e+00   4.949397e-01   3.535204e-02
3.002886000000000166e+00   5.292555e-01   3.539073e-02
3.007597000000000076e+00   5.503154e-01   3.532061e-02
3.012307999999999986e+00   4.990092e-01   3.523413e-02
3.017020000000000035e+00   5.240916e-01   3.518876e-02
3.021730999999999945e+00   5.296550e-01   3.515263e-02
3.026441999999999855e+00   4.723365e-01   3.512622e-02
3.031153000000000208e+00   4.879363e-01   3.509677e-02
3.035864999999999814e+00   5.298648e-01   3.502278e-02
3.040576000000000167e+00   4.620032e-01   3.494262e-02
3.045287000000000077e+00   4.655151e-01   3.491883e-02
3.049997999999999987e+00   5.014236e-01   3.492558e-02
3.054710000000000036e+00   4.886590e-01   3.490367e-02
3.059420999999999946e+00   5.224855e-01   3.490371e-02
3.064131999999999856e+00   4.528568e-01   3.478133e-02
3.068843000000000210e+00   4.699615e-01   3.476127e-02
3.073554999999999815e+00   5.222186e-01   3.478231e-02
3.078266000000000169e+00   4.732562e-01   3.470878e-02
3.082977000000000078e+00   4.502045e-01   3.466487e-02
3.087687999999999988e+00   5.191861e-01   3.464948e-02
3.092400000000000038e+00   4.985462e-01   3.463450e-02
3.097110999999999947e+00   4.805740e-01   3.458240e-02
3.101821999999999857e+00   4.965074e-01   3.458093e-02
3.106533000000000211e+00   4.787809e-01   3.450402e-02
3.111244999999999816e+00   4.464801e-01   3.449609e-02
3.115956000000000170e+00   4.412439e-01   3.442249e-02
3.120667000000000080e+00   4.843644e-01   3.444801e-02
3.125377999999999989e+00   5.113527e-01   3.446991e-02
3.130090000000000039e+00   4.638407e-01   3.438831e-02
3.134800999999999949e+00   4.457705e-01   3.435650e-02
3.139511999999999858e+00   4.425257e-01   3.433304e-02
3.144223000000000212e+00   4.319980e-01   3.426038e-02
3.148934999999999818e+00   4.372756e-01   3.422479e-02
3.153646000000000171e+00   4.554516e-01   3.421229e-02
3.158357000000000081e+00   4.642111e-01   3.421795e-02
3.163067999999999991e+00   4.567797e-01   3.416026e-02
3.167780000000000040e+00   4.831309e-01   3.414833e-02
3.172490999999999950e+00   4.798991e-01   3.411000e-02
3.177201999999999860e+00   4.398984e-01   3.406687e-02
3.181913999999999909e+00   4.442544e-01   3.407292e-02
3.186624999999999819e+00   4.524692e-01   3.399976e-02
3.191336000000000173e+00   4.491386e-01   3.394094e-02
3.196047000000000082e+00   4.697529e-01   3.389390e-02
3.200759000000000132e+00   4.929833e-01   3.391090e-02
3.205470000000000041e+00   4.209570e-01   3.382092e-02
3.210180999999999951e+00   4.562085e-01   3.374570e-02
3.214891999999999861e+00   3.950077e-01   3.369972e-02
3.219603999999999910e+00   4.222525e-01   3.373836e-02
3.224314999999999820e+00   4.241228e-01   3.365225e-02
3.229026000000000174e+00   4.252417e-01   3.360703e-02
3.233737000000000084e+00   4.394814e-01   3.362354e-02
3.238449000000000133e+00   4.500907e-01   3.358463e-02
3.243160000000000043e+00   4.507037e-01   3.359404e-02
3.247870999999999952e+00   4.403768e-01   3.358576e-02
3.252581999999999862e+00   4.184421e-01   3.349566e-02
3.257293999999999912e+00   4.757065e-01   3.357716e-02
3.262004999999999821e+00   4.500425e-01   3.359766e-02
3.266716000000000175e+00   4.211714e-01   3.353498e-02
3.271427000000000085e+00   4.466826e-01   3.352562e-02
3.276139000000000134e+00   4.128087e-01   3.345599e-02
3.280850000000000044e+00   3.885915e-01   3.339253e-02
3.285560999999999954e+00   4.441192e-01   3.343046e-02
3.290271999999999863e+00   4.640527e-01   3.338574e-02
3.294983999999999913e+00   3.999530e-01   3.335448e-02
3.299694999999999823e+00   4.316157e-01   3.335384e-02
3.304406000000000176e+00   3.437213e-01   3.329094e-02
3.309117000000000086e+00   4.330537e-01   3.325910e-02
3.313829000000000136e+00   4.086552e-01   3.323342e-02
3.318540000000000045e+00   4.053252e-01   3.322082e-02
3.323250999999999955e+00   3.920206e-01   3.319534e-02
3.327961999999999865e+00   4.122714e-01   3.314781e-02
3.332673999999999914e+00   4.110421e-01   3.313391e-02
3.337384999999999824e+00   4.070092e-01   3.310978e-02
3.342096000000000178e+00   3.735001e-01   3.308470e-02
3.346807000000000087e+00   4.214999e-01   3.307667e-02
3.351519000000000137e+00   3.756894e-01   3.304686e-02
3.356230000000000047e+00   3.807850e-01   3.300399e-02
3.360940999999999956e+00   4.442223e-01   3.299012e-02
3.365653000000000006e+00   3.894628e-01   3.295392e-02
3.370363999999999916e+00   3.978254e-01   3.293892e-02
3.375074999999999825e+00   3.551200e-01   3.289670e-02
3.379786000000000179e+00   3.949543e-01   3.293510e-02
3.384497999999999784e+00   3.832395e-01   3.285145e-02
3.389209000000000138e+00   3.454885e-01   3.303701e-02
3.393920000000000048e+00   3.854749e-01   3.382514e-02
3.398630999999999958e+00   3.928717e-01   3.432948e-02
3.403343000000000007e+00   3.510762e-01   3.462161e-02
3.408053999999999917e+00   3.672394e-01   3.490452e-02
3.412764999999999826e+00   3.437503e-01   3.499899e-02
3.417476000000000180e+00   3.732504e-01   3.497837e-02
3.422187999999999786e+00   4.142968e-01   3.504621e-02
3.426899000000000139e+00   3.952120e-01   3.515588e-02
3.431610000000000049e+00   3.314734e-01   3.519241e-02
3.436320999999999959e+00   3.594662e-01   3.529835e-02
3.441033000000000008e+00   3.654681e-01   3.530321e-02
3.445743999999999918e+00   3.876326e-01   3.535624e-02
3.450454999999999828e+00   3.927460e-01   3.542508e-02
3.455166000000000182e+00   3.966243e-01   3.554152e-02
3.459877999999999787e+00   3.706566e-01   3.556256e-02
3.464589000000000141e+00   2.650594e-01   3.552712e-02
3.469300000000000050e+00   3.110207e-01   3.566976e-02
3.474010999999999960e+00   3.360158e-01   3.571991e-02
3.478723000000000010e+00   3.600314e-01   3.577850e-02
3.483433999999999919e+00   3.890468e-01   3.587404e-02
3.488144999999999829e+00   3.685537e-01   3.586459e-02
3.492856000000000183e+00   3.570754e-01   3.591872e-02
3.497567999999999788e+00   3.594035e-01   3.595287e-02
3.502279000000000142e+00   3.287882e-01   3.596575e-02
3.506990000000000052e+00   3.549855e-01   3.601870e-02
3.511700999999999961e+00   3.438443e-01   3.606389e-02
3.516413000000000011e+00   3.498756e-01   3.613136e-02
3.521123999999999921e+00   3.148062e-01   3.615649e-02
3.525834999999999830e+00   3.375424e-01   3.620731e-02
3.530546000000000184e+00   3.126211e-01   3.621684e-02
3.535257999999999790e+00   3.212820e-01   3.631283e-02
3.539969000000000143e+00   3.146032e-01   3.635206e-02
3.544680000000000053e+00   3.272041e-01   3.639501e-02
3.549392000000000102e+00   3.246101e-01   3.639983e-02
3.554103000000000012e+00   3.173079e-01   3.640586e-02
3.558813999999999922e+00   3.431227e-01   3.645802e-02
3.563524999999999832e+00   3.671403e-01   3.655824e-02
3.568236999999999881e+00   2.976981e-01   3.646319e-02
3.572947999999999791e+00   2.584959e-01   3.648619e-02
3.577659000000000145e+00   3.234782e-01   3.655107e-02
3.582370000000000054e+00   3.308596e-01   3.656791e-02
3.587082000000000104e+00   2.949634e-01   3.659370e-02
3.591793000000000013e+00   3.586287e-01   3.662300e-02
3.596503999999999923e+00   3.678940e-01   3.666667e-02
3.601214999999999833e+00   3.935119e-01   3.666167e-02
3.605926999999999882e+00   3.518617e-01   3.665655e-02
3.610637999999999792e+00   3.595843e-01   3.736925e-02
3.615349000000000146e+00   3.630547e-01   3.854970e-02
3.620060000000000056e+00   3.298875e-01   3.913906e-02
3.624772000000000105e+00   3.110113e-01   3.957972e-02
3.629483000000000015e+00   3.206685e-01   3.989350e-02
3.634193999999999924e+00   3.124262e-01   4.014414e-02
3.638904999999999834e+00   2.937873e-01   4.040065e-02
3.643616999999999884e+00   2.973803e-01   4.070539e-02
3.648327999999999793e+00   2.715115e-01   4.084386e-02
3.653039000000000147e+00   3.191896e-01   4.108520e-02
3.657750000000000057e+00   3.179786e-01   4.125060e-02
3.662462000000000106e+00   2.908013e-01   4.143002e-02
3.667173000000000016e+00   3.143896e-01   4.165971e-02
3.671883999999999926e+00   3.298144e-01   4.183337e-02
3.676594999999999835e+00   3.386670e-01   4.203647e-02
3.681306999999999885e+00   3.000240e-01   4.219740e-02
3.686017999999999795e+00   2.689814e-01   4.236582e-02
3.690729000000000148e+00   3.260168e-01   4.262675e-02
3.695440000000000058e+00   3.323910e-01   4.278834e-02
3.700152000000000108e+00   3.225553e-01   4.300351e-02
3.704863000000000017e+00   2.739983e-01   4.304091e-02
3.709573999999999927e+00   2.978628e-01   4.328028e-02
3.714284999999999837e+00   2.938379e-01   4.345791e-02
3.718996999999999886e+00   3.220490e-01   4.367938e-02
3.723707999999999796e+00   3.493974e-01   4.386911e-02
3.728419000000000150e+00   2.993683e-01   4.398614e-02
3.733131000000000199e+00   2.718405e-01   4.412400e-02
3.737842000000000109e+00   3.472195e-01   4.434254e-02
3.742553000000000019e+00   3.769263e-01   4.454012e-02
3.747263999999999928e+00   2.813466e-01   4.471067e-02
3.751975999999999978e+00   2.908653e-01   4.486788e-02
3.756686999999999887e+00   3.283174e-01   4.505386e-02
3.761397999999999797e+00   3.410125e-01   4.520624e-02
3.766109000000000151e+00   3.019585e-01   4.530900e-02
3.770821000000000200e+00   3.094742e-01   4.550422e-02
3.775532000000000110e+00   3.650875e-01   4.570058e-02
3.780243000000000020e+00   3.220723e-01   4.581597e-02
3.784953999999999930e+00   2.940792e-01   4.591971e-02
3.789665999999999979e+00   3.144513e-01   4.616061e-02
3.794376999999999889e+00   3.136555e-01   4.633384e-02
3.799087999999999798e+00   3.323474e-01   4.643361e-02
3.803799000000000152e+00   2.515006e-01   4.656177e-02
3.808511000000000202e+00   3.007770e-01   4.680704e-02
3.813222000000000111e+00   3.196541e-01   4.697858e-02
3.817933000000000021e+00   2.728834e-01   4.708148e-02
3.822643999999999931e+00   3.085352e-01   4.730920e-02
3.827355999999999980e+00   2.365813e-01   4.743866e-02
3.832066999999999890e+00   2.185110e-01   4.756080e-02
3.836777999999999800e+00   3.669538e-01   4.786011e-02
3.841489000000000154e+00   2.787301e-01   4.793987e-02
3.846201000000000203e+00   2.010973e-01   4.808655e-02
3.850912000000000113e+00   2.044385e-01   4.823610e-02
3.855623000000000022e+00   2.130114e-01   4.835824e-02
3.860333999999999932e+00   2.864628e-01   4.859871e-02
3.865045999999999982e+00   2.420308e-01   4.870579e-02
3.869756999999999891e+00   2.491020e-01   4.889734e-02
3.874467999999999801e+00   3.067857e-01   4.912456e-02
3.879179000000000155e+00   3.194007e-01   4.921247e-02
3.883891000000000204e+00   2.532615e-01   4.937533e-02
3.888602000000000114e+00   2.588011e-01   4.961481e-02
3.893313000000000024e+00   2.493270e-01   4.980291e-02
3.898023999999999933e+00   2.834329e-01   5.000379e-02
3.902735999999999983e+00   2.305612e-01   5.008619e-02
3.907446999999999893e+00   3.078139e-01   5.022456e-02
3.912157999999999802e+00   3.152621e-01   5.040742e-02
3.916869999999999852e+00   3.049814e-01   5.058620e-02
3.921581000000000206e+00   2.719212e-01   5.055960e-02
3.926292000000000115e+00   2.638670e-01   5.065061e-02
3.931003000000000025e+00   2.162843e-01   5.072429e-02
3.935715000000000074e+00   3.076915e-01   5.095868e-02
3.940425999999999984e+00   3.306648e-01   5.096259e-02
3.945136999999999894e+00   3.163279e-01   5.111194e-02
3.949847999999999804e+00   2.703842e-01   5.118143e-02
3.954559999999999853e+00   2.658093e-01   5.125230e-02
3.959271000000000207e+00   1.660342e-01   5.106363e-02
3.963982000000000117e+00   2.298710e-01   5.116555e-02
3.968693000000000026e+00   1.682576e-01   5.129066e-02
3.973405000000000076e+00   2.481892e-01   5.156109e-02
3.978115999999999985e+00   3.122320e-01   5.183422e-02
3.982826999999999895e+00   2.820532e-01   5.196215e-02
3.987537999999999805e+00   2.417598e-01   5.202524e-02
3.992249999999999854e+00   3.035965e-01   5.223582e-02
3.996961000000000208e+00   2.563794e-01   5.252846e-02
4.001672000000000118e+00   3.052228e-01   5.263678e-02
4.006382999999999583e+00   2.605809e-01   5.283942e-02
4.011095000000000077e+00   2.529281e-01   5.289194e-02
4.015806000000000431e+00   1.966428e-01   5.305800e-02
4.020516999999999896e+00   2.387955e-01   5.334260e-02
4.025228000000000250e+00   2.643794e-01   5.353078e-02
4.029939999999999856e+00   3.473281e-01   5.383670e-02
4.034651000000000209e+00   3.689333e-01   5.402671e-02
4.039361999999999675e+00   2.883595e-01   5.407652e-02
4.044073000000000029e+00   2.504871e-01   5.420790e-02
4.048784999999999634e+00   2.935315e-01   5.437543e-02
4.053495999999999988e+00   2.773326e-01   5.453785e-02
4.058207000000000342e+00   2.036124e-01   5.475611e-02
4.062917999999999807e+00   3.125632e-01   5.500109e-02
4.067630000000000301e+00   3.671817e-01   5.522438e-02
4.072340999999999767e+00   3.075643e-01   5.541037e-02
4.077052000000000120e+00   2.845244e-01   5.559955e-02
4.081762999999999586e+00   2.228603e-01   5.574460e-02
4.086475000000000080e+00   2.804523e-01   5.594506e-02
4.091186000000000433e+00   2.407323e-01   5.603348e-02
4.095896999999999899e+00   2.922049e-01   5.632855e-02
4.100609000000000393e+00   2.863149e-01   5.661561e-02
4.105319999999999858e+00   2.011787e-01   5.663162e-02
4.110031000000000212e+00   2.378152e-01   5.685178e-02
4.114741999999999678e+00   2.183312e-01   5.702007e-02
4.119454000000000171e+00   2.218204e-01   5.731107e-02
4.124164999999999637e+00   2.093109e-01   5.764933e-02
4.128875999999999991e+00   2.817662e-01   5.789542e-02
4.133587000000000344e+00   2.756190e-01   5.809767e-02
4.138298999999999950e+00   2.761897e-01   5.816765e-02
4.143010000000000304e+00   2.311313e-01   5.832447e-02
4.147720999999999769e+00   1.914334e-01   5.849753e-02
4.152432000000000123e+00   2.458090e-01   5.889047e-02
4.157143999999999728e+00   3.107141e-01   5.905637e-02
4.161855000000000082e+00   2.798328e-01   5.919379e-02
4.166566000000000436e+00   2.571324e-01   5.953541e-02
4.171276999999999902e+00   2.378661e-01   5.978234e-02
4.175989000000000395e+00   2.758949e-01   6.018345e-02
4.180699999999999861e+00   2.886816e-01   6.030790e-02
4.185411000000000215e+00   2.678015e-01   6.036290e-02
4.190121999999999680e+00   2.908397e-01   6.068391e-02
4.194834000000000174e+00   2.390803e-01   6.077724e-02
4.199544999999999639e+00   2.034319e-01   6.114593e-02
4.204255999999999993e+00   2.388614e-01   6.135531e-02
4.208967000000000347e+00   2.310883e-01   6.158095e-02
4.213678999999999952e+00   1.877934e-01   6.174595e-02
4.218390000000000306e+00   1.285566e-01   6.193289e-02
4.223100999999999772e+00   2.495542e-01   6.229983e-02
4.227812000000000126e+00   2.471961e-01   6.236314e-02
4.232523999999999731e+00   1.211591e-01   6.262616e-02
4.237235000000000085e+00   1.876102e-01   6.304730e-02
4.241946000000000438e+00   2.804825e-01   6.346136e-02
4.246656999999999904e+00   2.846719e-01   6.375945e-02
4.251369000000000398e+00   3.074163e-01   6.397465e-02
4.256079999999999863e+00   2.212926e-01   6.424193e-02
4.260791000000000217e+00   2.618939e-01   6.440863e-02
4.265501999999999683e+00   2.604978e-01   6.494821e-02
4.270214000000000176e+00   3.329638e-01   6.508333e-02
4.274924999999999642e+00   2.825258e-01   6.535507e-02
4.279635999999999996e+00   2.260921e-01   6.562693e-02
4.284347999999999601e+00   3.410036e-01   6.606911e-02
4.289058999999999955e+00   2.810316e-01   6.603232e-02
4.293770000000000309e+00   2.274928e-01   6.633715e-02
4.298480999999999774e+00   2.553438e-01   6.677674e-02
4.303193000000000268e+00   2.366916e-01   6.693050e-02
4.307903999999999733e+00   2.297808e-01   6.722401e-02
4.312615000000000087e+00   2.810358e-01   6.763731e-02
4.317326000000000441e+00   1.827382e-01   6.777369e-02
4.322038000000000046e+00   1.982529e-01   6.810168e-02
4.326749000000000400e+00   2.025242e-01   6.830700e-02
4.331459999999999866e+00   2.427894e-01   6.853662e-02
4.336171000000000220e+00   2.584487e-01   6.888988e-02
4.340882999999999825e+00   2.396393e-01   6.943770e-02
4.345594000000000179e+00   2.353169e-01   6.952798e-02
4.350304999999999644e+00   1.352639e-01   6.977249e-02
4.355015999999999998e+00   3.989228e-02   6.999413e-02
4.359727999999999604e+00   1.827358e-01   7.060122e-02
4.364438999999999957e+00   2.192075e-01   7.103192e-02
4.369150000000000311e+00   1.461388e-01   7.116617e-02
4.373860999999999777e+00   1.524575e-01   7.163055e-02
4.378573000000000270e+00   2.187085e-01   7.226309e-02
4.383283999999999736e+00   2.728024e-01   7.247227e-02
4.387995000000000090e+00   2.256926e-01   7.270382e-02
4.392706000000000444e+00   3.209233e-01   7.302188e-02
4.397418000000000049e+00   2.831676e-01   7.351191e-02
4.402129000000000403e+00   3.109022e-01   7.350775e-02
4.406839999999999868e+00   2.358091e-01   7.336949e-02
4.411551000000000222e+00   2.112657e-01   7.349820e-02
4.416262999999999828e+00   2.559315e-01   7.366989e-02
4.420974000000000181e+00   2.159844e-01   7.365658e-02
4.425684999999999647e+00   1.919927e-01   7.348948e-02
4.430396000000000001e+00   3.235289e-01   7.395142e-02
4.435107999999999606e+00   2.498398e-01   7.407735e-02
4.439818999999999960e+00   1.399873e-01   7.399438e-02
4.444530000000000314e+00   1.641167e-01   7.425332e-02
4.449240999999999779e+00   2.411287e-01   7.473188e-02
4.453953000000000273e+00   2.305194e-01   7.523388e-02
4.458663999999999739e+00   2.595292e-01   7.542876e-02
4.463375000000000092e+00   2.500700e-01   7.590320e-02
4.468086999999999698e+00   1.927195e-01   7.648082e-02
4.472798000000000052e+00   1.650102e-01   7.684039e-02
4.477509000000000405e+00   1.608612e-01   7.711335e-02
4.482219999999999871e+00   2.532108e-01   7.784655e-02
4.486932000000000365e+00   2.340941e-01   7.797523e-02
4.491642999999999830e+00   1.984198e-01   7.842872e-02
4.496354000000000184e+00   2.414147e-01   7.874008e-02
4.501064999999999650e+00   2.561071e-01   7.909989e-02
4.505777000000000143e+00   2.227135e-01   7.984148e-02
4.510487999999999609e+00   2.395905e-01   8.048554e-02
4.515198999999999963e+00   2.571669e-01   8.097744e-02
4.519910000000000316e+00   2.206368e-01   8.118602e-02
4.524621999999999922e+00   1.678452e-01   8.159432e-02
4.529333000000000276e+00   8.908447e-02   8.221392e-02
4.534043999999999741e+00   1.019933e-01   8.257557e-02
4.538755000000000095e+00   1.053818e-01   8.302869e-02
4.543466999999999700e+00   1.994305e-01   8.388317e-02
4.548178000000000054e+00   2.043255e-01   8.433089e-02
4.552889000000000408e+00   1.259575e-01   8.452929e-02
4.557599999999999874e+00   1.845769e-01   8.538202e-02
4.562312000000000367e+00   1.521057e-01   8.560105e-02
4.567022999999999833e+00   2.402893e-01   8.654704e-02
4.571734000000000187e+00   2.746541e-01   8.713707e-02
4.576444999999999652e+00   1.624620e-01   8.720537e-02
4.581157000000000146e+00   1.941591e-01   8.811219e-02
4.585867999999999611e+00   2.027554e-01   8.849302e-02
4.590578999999999965e+00   2.224235e-01   8.916922e-02
4.595290000000000319e+00   1.741169e-01   9.006218e-02
4.600001999999999924e+00   1.670169e-01   9.055589e-02
4.604713000000000278e+00   2.530985e-01   9.134358e-02
4.609423999999999744e+00   2.867918e-01   9.205825e-02
4.614135000000000097e+00   1.515130e-01   9.257936e-02
4.618846999999999703e+00   1.041194e-01   9.324464e-02
4.623558000000000057e+00   1.064467e-01   9.402562e-02
4.628269000000000410e+00   1.607217e-01   9.493598e-02
4.632979999999999876e+00   2.786026e-01   9.598694e-02
4.637692000000000370e+00   1.371610e-01   9.612880e-02
4.642402999999999835e+00   1.753235e-01   9.687441e-02
4.647114000000000189e+00   2.331583e-01   9.785741e-02
4.651825999999999794e+00   1.506853e-01   9.871863e-02
4.656537000000000148e+00   1.078945e-01   9.935616e-02
4.661247999999999614e+00   2.401602e-01   1.007025e-01
4.665958999999999968e+00   1.317542e-01   1.010949e-01
4.670670999999999573e+00   1.911050e-01   1.024072e-01
4.675381999999999927e+00   2.151361e-01   1.034143e-01
4.680093000000000281e+00   2.216804e-02   1.039924e-01
4.684803999999999746e+00   1.150912e-01   1.046625e-01
4.689516000000000240e+00   1.430895e-01   1.057897e-01
4.694226999999999705e+00   9.685905e-02   1.066009e-01
4.698938000000000059e+00   1.308631e-01   1.079894e-01
4.703649000000000413e+00   1.481013e-01   1.091449e-01
4.708361000000000018e+00   1.508474e-01   1.100628e-01
4.713072000000000372e+00   1.896358e-01   1.114508e-01
4.717782999999999838e+00   3.511216e-01   1.129150e-01
4.722494000000000192e+00   2.156996e-01   1.136549e-01
4.727205999999999797e+00   5.953274e-02   1.151460e-01
4.731917000000000151e+00   1.665159e-01   1.164886e-01
4.736627999999999616e+00   2.374673e-01   1.176463e-01
4.741338999999999970e+00   4.927507e-02   1.191079e-01
4.746050999999999576e+00  -1.076884e-02   1.205262e-01
4.750761999999999929e+00   1.010426e-01   1.216709e-01
4.755473000000000283e+00   1.304166e-01   1.230586e-01
4.760183999999999749e+00   1.742119e-01   1.254821e-01
4.764896000000000242e+00   2.119043e-01   1.272071e-01
4.769606999999999708e+00   2.330954e-01   1.283826e-01
4.774318000000000062e+00   6.816437e-02   1.296778e-01
4.779029000000000416e+00   1.047234e-01   1.325036e-01
4.783741000000000021e+00   1.366271e-01   1.336792e-01
4.788452000000000375e+00   3.457067e-01   1.367671e-01
4.793162999999999840e+00   1.688101e-01   1.383923e-01
4.797874000000000194e+00   1.740191e-01   1.400975e-01
4.802585999999999800e+00   9.838498e-02   1.427894e-01
4.807297000000000153e+00   2.496582e-01   1.458690e-01
4.812007999999999619e+00   1.291644e-01   1.480078e-01
4.816718999999999973e+00   2.151683e-01   1.504474e-01
4.821430999999999578e+00   2.183977e-01   1.529574e-01
4.826141999999999932e+00   5.941317e-02   1.551926e-01
4.830853000000000286e+00   2.133825e-02   1.593549e-01
4.835564999999999891e+00  -3.152256e-02   1.627256e-01
4.840276000000000245e+00   1.956749e-01   1.674889e-01
4.844986999999999711e+00   1.798329e-01   1.709807e-01
4.849698000000000064e+00   1.196460e-01   1.749478e-01
4.854409999999999670e+00   4.071207e-01   1.804606e-01
4.859121000000000024e+00   3.804054e-01   1.847310e-01
4.863832000000000377e+00   1.004937e-01   1.906226e-01
4.868542999999999843e+00   2.458820e-01   1.957651e-01
4.873255000000000337e+00   1.634831e-01   2.025663e-01
4.877965999999999802e+00   4.231672e-01   2.090555e-01
4.882677000000000156e+00   2.577468e-03   2.144488e-01
4.887387999999999622e+00   1.280684e-01   2.245696e-01
4.892100000000000115e+00  -2.076076e-03   2.360482e-01
4.896810999999999581e+00   2.363936e-01   2.473948e-01
4.901521999999999935e+00   3.819439e-02   2.595858e-01
4.906233000000000288e+00   3.203584e-01   2.748717e-01
4.910944999999999894e+00   3.082053e-01   2.928647e-01
4.915656000000000247e+00   3.008818e-01   3.190203e-01
4.920366999999999713e+00   7.850648e-01   3.468119e-01
4.925078000000000067e+00   3.883193e-01   3.778236e-01
4.929789999999999672e+00   1.549721e-01   4.333993e-01
4.934501000000000026e+00   1.218645e-01   5.117870e-01
4.939212000000000380e+00  -2.263337e-01   6.703544e-01
4.943922999999999845e+00   2.186943e-01   1.218563e+00