# [2]
# Sample c= 2.59 mg/ml
# Intensity scaled by concentration
# Buffer subtracted data file:
# Protein DatFile = /data/visitor/mx1908/bm29/20161119/giulio/1d/mM30Acetate_097_ave.dat
# Buffer DatFile = /data/visitor/mx1908/bm29/20161119/giulio/ednaSub/mM30Acetate_097_ave_averbuffer.dat
# 
# AutoRg: Rg   =   0.8869 +/- 0.13 ( 14.5%)
# AutoRg: I(0) =   3.71 +/- 0.0186
# AutoRg: Points   146 to 259 ( 114 total)
# AutoRg: Quality: 67.7%
# 
# 
# Sample Information:
# Storage Temperature (degrees C): 20.0
# Measurement Temperature (degrees C): 19.98
# Concentration: 2.59
# Code: 
3.479420999999999903e-02  -3.026071e+00   3.984064e+00
3.950545999999999919e-02  -1.465494e+00   1.587542e+00
4.421672000000000102e-02  -1.944160e+00   1.036369e+00
4.892798000000000286e-02  -2.233243e-01   7.969893e-01
5.363923000000000302e-02  -6.779437e-01   6.377828e-01
5.835048999999999791e-02   3.128862e-01   5.222530e-01
6.306174999999999975e-02   6.097716e-01   4.344694e-01
6.777299999999999991e-02   1.297930e+00   3.693449e-01
7.248425999999999481e-02   1.486627e+00   3.205082e-01
7.719552000000000358e-02   1.686986e+00   2.827375e-01
8.190677000000000374e-02   1.920775e+00   2.507811e-01
8.661802999999999864e-02   1.744348e+00   2.255436e-01
9.132928999999999353e-02   2.193989e+00   2.062461e-01
9.604053999999999369e-02   2.213055e+00   1.912877e-01
1.007518000000000025e-01   2.297945e+00   1.770933e-01
1.054631000000000041e-01   2.200728e+00   1.650388e-01
1.101743000000000028e-01   2.339904e+00   1.552586e-01
1.148856000000000044e-01   2.450544e+00   1.464712e-01
1.195968000000000031e-01   2.349287e+00   1.389067e-01
1.243081000000000047e-01   2.506206e+00   1.319939e-01
1.290193000000000034e-01   2.709753e+00   1.267933e-01
1.337306000000000050e-01   2.708079e+00   1.220212e-01
1.384419000000000066e-01   2.491382e+00   1.172982e-01
1.431531000000000053e-01   2.713833e+00   1.132184e-01
1.478644000000000069e-01   2.763142e+00   1.094372e-01
1.525756000000000057e-01   2.715914e+00   1.064626e-01
1.572869000000000073e-01   2.558383e+00   1.033944e-01
1.619981000000000060e-01   2.866944e+00   1.006893e-01
1.667094000000000076e-01   2.865541e+00   9.806752e-02
1.714206000000000063e-01   2.853389e+00   9.585128e-02
1.761319000000000079e-01   2.952875e+00   9.392687e-02
1.808432000000000095e-01   2.902722e+00   9.178304e-02
1.855544000000000082e-01   2.842576e+00   8.981238e-02
1.902657000000000098e-01   2.767900e+00   8.820656e-02
1.949769000000000085e-01   3.003293e+00   8.679331e-02
1.996882000000000101e-01   2.858585e+00   8.497687e-02
2.043994000000000089e-01   2.850926e+00   8.367557e-02
2.091107000000000105e-01   2.890025e+00   8.255387e-02
2.138220000000000121e-01   2.906957e+00   8.125594e-02
2.185332000000000108e-01   3.044179e+00   8.011746e-02
2.232445000000000124e-01   2.873416e+00   7.870808e-02
2.279557000000000111e-01   2.850854e+00   7.757457e-02
2.326670000000000127e-01   2.998691e+00   7.668691e-02
2.373782000000000114e-01   3.035917e+00   7.573472e-02
2.420895000000000130e-01   2.910095e+00   7.469578e-02
2.468007000000000117e-01   2.887677e+00   7.384882e-02
2.515120000000000133e-01   2.892973e+00   7.287256e-02
2.562232999999999872e-01   2.996687e+00   7.224051e-02
2.609345000000000137e-01   2.975712e+00   7.132403e-02
2.656457999999999875e-01   2.892476e+00   7.053568e-02
2.703570000000000140e-01   2.922681e+00   6.976185e-02
2.750682999999999878e-01   3.014526e+00   6.919273e-02
2.797795000000000143e-01   3.015777e+00   6.849068e-02
2.844907999999999881e-01   3.063530e+00   6.786917e-02
2.892021000000000175e-01   3.076884e+00   6.734585e-02
2.939132999999999885e-01   2.966086e+00   6.663460e-02
2.986246000000000178e-01   2.927641e+00   6.594442e-02
3.033357999999999888e-01   3.063960e+00   6.538034e-02
3.080471000000000181e-01   2.996289e+00   6.479722e-02
3.127582999999999891e-01   3.055153e+00   6.429455e-02
3.174696000000000184e-01   3.088734e+00   6.364058e-02
3.221808999999999923e-01   3.062971e+00   6.312543e-02
3.268921000000000188e-01   3.083205e+00   6.257064e-02
3.316033999999999926e-01   3.108322e+00   6.227125e-02
3.363146000000000191e-01   3.134020e+00   6.289955e-02
3.410258999999999929e-01   3.076298e+00   6.336808e-02
3.457371000000000194e-01   3.132962e+00   6.365678e-02
3.504483999999999932e-01   3.054494e+00   6.441948e-02
3.551596000000000197e-01   3.099058e+00   6.573972e-02
3.598708999999999936e-01   3.161275e+00   6.680088e-02
3.645822000000000229e-01   3.190541e+00   6.742008e-02
3.692933999999999939e-01   3.128380e+00   6.782999e-02
3.740047000000000232e-01   3.100525e+00   6.829904e-02
3.787158999999999942e-01   3.063613e+00   6.864046e-02
3.834272000000000236e-01   3.172347e+00   6.906591e-02
3.881383999999999945e-01   3.241602e+00   6.956476e-02
3.928497000000000239e-01   3.185009e+00   7.127707e-02
3.975609999999999977e-01   3.172513e+00   7.335071e-02
4.022722000000000242e-01   3.105414e+00   7.481149e-02
4.069834999999999980e-01   3.255358e+00   7.641890e-02
4.116947000000000245e-01   3.297270e+00   7.756443e-02
4.164059999999999984e-01   3.198094e+00   7.865530e-02
4.211172000000000248e-01   3.274058e+00   7.984303e-02
4.258284999999999987e-01   3.277688e+00   8.107982e-02
4.305397000000000252e-01   3.268322e+00   8.213961e-02
4.352509999999999990e-01   3.268024e+00   8.330605e-02
4.399622999999999728e-01   3.169805e+00   8.430963e-02
4.446734999999999993e-01   3.138734e+00   8.590918e-02
4.493847999999999732e-01   3.231733e+00   8.725627e-02
4.540959999999999996e-01   3.220432e+00   8.799334e-02
4.588072999999999735e-01   3.299854e+00   8.494135e-02
4.635185000000000000e-01   3.308839e+00   8.305981e-02
4.682297999999999738e-01   3.222690e+00   8.169613e-02
4.729411000000000032e-01   3.334401e+00   8.099065e-02
4.776522999999999741e-01   3.219106e+00   8.018835e-02
4.823636000000000035e-01   3.233012e+00   7.954566e-02
4.870747999999999744e-01   3.305515e+00   7.904116e-02
4.917861000000000038e-01   3.304439e+00   7.872311e-02
4.964972999999999748e-01   3.292051e+00   7.816546e-02
5.012086000000000041e-01   3.323044e+00   7.762924e-02
5.059198999999999780e-01   3.350198e+00   7.741868e-02
5.106311000000000044e-01   3.219953e+00   7.669912e-02
5.153423999999999783e-01   3.167985e+00   7.635410e-02
5.200536000000000048e-01   3.119436e+00   7.568632e-02
5.247648999999999786e-01   3.142424e+00   7.514749e-02
5.294761000000000051e-01   3.303904e+00   7.487257e-02
5.341873999999999789e-01   3.320503e+00   7.424777e-02
5.388986000000000054e-01   3.182655e+00   7.357065e-02
5.436098999999999792e-01   3.284252e+00   7.329175e-02
5.483211999999999531e-01   3.197119e+00   7.278426e-02
5.530323999999999796e-01   3.243533e+00   7.225910e-02
5.577436999999999534e-01   3.185287e+00   7.182285e-02
5.624548999999999799e-01   3.295211e+00   7.156865e-02
5.671661999999999537e-01   3.333182e+00   7.116827e-02
5.718773999999999802e-01   3.214953e+00   7.074774e-02
5.765886999999999540e-01   3.218001e+00   7.076135e-02
5.813000000000000389e-01   3.221125e+00   7.049209e-02
5.860111999999999544e-01   3.238173e+00   7.049658e-02
5.907225000000000392e-01   3.290315e+00   7.049187e-02
5.954336999999999547e-01   3.302129e+00   7.012513e-02
6.001450000000000395e-01   3.265595e+00   6.983643e-02
6.048561999999999550e-01   3.316663e+00   6.994793e-02
6.095675000000000399e-01   3.292991e+00   6.962225e-02
6.142788000000000137e-01   3.178075e+00   6.929510e-02
6.189900000000000402e-01   3.241171e+00   6.923891e-02
6.237013000000000140e-01   3.214743e+00   6.906957e-02
6.284125000000000405e-01   3.163947e+00   6.884913e-02
6.331238000000000143e-01   3.200426e+00   6.872747e-02
6.378350000000000408e-01   3.341437e+00   6.866537e-02
6.425463000000000147e-01   3.260292e+00   6.841073e-02
6.472575000000000411e-01   3.277935e+00   6.823467e-02
6.519688000000000150e-01   3.285909e+00   6.800024e-02
6.566800999999999888e-01   3.203975e+00   6.784403e-02
6.613913000000000153e-01   3.154358e+00   6.774368e-02
6.661025999999999891e-01   3.198688e+00   6.768513e-02
6.708138000000000156e-01   3.170624e+00   6.740259e-02
6.755250999999999895e-01   3.275212e+00   6.739977e-02
6.802363000000000159e-01   3.127129e+00   6.719048e-02
6.849475999999999898e-01   3.291932e+00   6.730021e-02
6.896588999999999636e-01   3.257250e+00   6.701041e-02
6.943700999999999901e-01   3.155668e+00   6.659623e-02
6.990813999999999639e-01   3.320751e+00   6.665418e-02
7.037925999999999904e-01   3.128201e+00   6.639928e-02
7.085038999999999643e-01   3.185681e+00   6.620662e-02
7.132150999999999907e-01   3.166255e+00   6.598251e-02
7.179263999999999646e-01   3.185996e+00   6.592959e-02
7.226375999999999911e-01   3.203859e+00   6.587940e-02
7.273488999999999649e-01   3.185131e+00   6.583022e-02
7.320602000000000498e-01   3.224172e+00   6.560798e-02
7.367713999999999652e-01   3.275654e+00   6.546385e-02
7.414827000000000501e-01   3.175401e+00   6.525649e-02
7.461938999999999655e-01   3.246708e+00   6.516761e-02
7.509052000000000504e-01   3.141728e+00   6.487287e-02
7.556163999999999659e-01   3.178142e+00   6.479372e-02
7.603277000000000507e-01   3.203036e+00   6.464293e-02
7.650390000000000246e-01   3.185451e+00   6.463072e-02
7.697502000000000510e-01   3.158692e+00   6.447146e-02
7.744615000000000249e-01   3.183751e+00   6.431246e-02
7.791727000000000514e-01   3.141307e+00   6.413648e-02
7.838840000000000252e-01   3.080183e+00   6.405224e-02
7.885952000000000517e-01   3.081984e+00   6.372191e-02
7.933065000000000255e-01   3.151047e+00   6.382943e-02
7.980177999999999994e-01   3.133289e+00   6.366312e-02
8.027290000000000258e-01   3.096007e+00   6.346040e-02
8.074402999999999997e-01   3.129789e+00   6.343678e-02
8.121515000000000262e-01   3.111920e+00   6.317953e-02
8.168628000000000000e-01   3.136641e+00   6.306347e-02
8.215740000000000265e-01   3.073853e+00   6.287889e-02
8.262853000000000003e-01   3.139337e+00   6.285306e-02
8.309965000000000268e-01   3.075221e+00   6.262185e-02
8.357078000000000007e-01   3.112719e+00   6.255480e-02
8.404190999999999745e-01   3.042353e+00   6.228544e-02
8.451303000000000010e-01   3.039535e+00   6.226515e-02
8.498415999999999748e-01   3.051150e+00   6.208521e-02
8.545528000000000013e-01   3.174822e+00   6.214154e-02
8.592640999999999751e-01   3.065256e+00   6.193178e-02
8.639753000000000016e-01   3.007868e+00   6.183530e-02
8.686865999999999755e-01   3.090353e+00   6.167789e-02
8.733978999999999493e-01   3.091819e+00   6.162843e-02
8.781090999999999758e-01   3.057425e+00   6.142771e-02
8.828203999999999496e-01   3.016544e+00   6.119040e-02
8.875315999999999761e-01   2.967755e+00   6.093655e-02
8.922428999999999499e-01   3.006108e+00   6.107668e-02
8.969540999999999764e-01   2.931574e+00   6.078355e-02
9.016653999999999503e-01   2.970476e+00   6.071992e-02
9.063767000000000351e-01   3.034805e+00   6.069800e-02
9.110878999999999506e-01   3.027754e+00   6.053664e-02
9.157992000000000354e-01   2.980361e+00   6.034554e-02
9.205103999999999509e-01   3.036375e+00   6.027402e-02
9.252217000000000358e-01   2.966428e+00   6.009399e-02
9.299328999999999512e-01   2.940329e+00   5.995430e-02
9.346442000000000361e-01   2.942999e+00   5.984494e-02
9.393553999999999515e-01   2.900267e+00   5.967442e-02
9.440667000000000364e-01   2.878624e+00   5.958088e-02
9.487780000000000102e-01   2.859937e+00   5.951244e-02
9.534892000000000367e-01   2.885714e+00   5.941596e-02
9.582005000000000106e-01   2.921582e+00   5.924737e-02
9.629117000000000370e-01   2.976341e+00   5.933167e-02
9.676230000000000109e-01   2.911744e+00   5.904710e-02
9.723342000000000374e-01   2.815800e+00   5.880374e-02
9.770455000000000112e-01   2.942666e+00   5.885248e-02
9.817567999999999850e-01   2.907815e+00   5.870172e-02
9.864680000000000115e-01   2.892318e+00   5.854931e-02
9.911792999999999854e-01   2.980932e+00   5.863622e-02
9.958905000000000118e-01   2.898646e+00   5.838188e-02
1.000601999999999991e+00   2.865168e+00   5.826867e-02
1.005312999999999901e+00   2.812042e+00   5.803658e-02
1.010024000000000033e+00   2.833640e+00   5.795778e-02
1.014736000000000082e+00   2.827345e+00   5.785814e-02
1.019446999999999992e+00   2.841823e+00   5.776922e-02
1.024157999999999902e+00   2.862089e+00   5.772730e-02
1.028869000000000034e+00   2.918549e+00   5.766190e-02
1.033581000000000083e+00   2.795138e+00   5.741139e-02
1.038291999999999993e+00   2.778388e+00   5.734472e-02
1.043002999999999902e+00   2.844717e+00   5.733428e-02
1.047714000000000034e+00   2.850136e+00   5.726938e-02
1.052426000000000084e+00   2.829773e+00   5.710477e-02
1.057136999999999993e+00   2.818739e+00   5.700519e-02
1.061847999999999903e+00   2.851417e+00   5.696146e-02
1.066559000000000035e+00   2.672212e+00   5.659692e-02
1.071271000000000084e+00   2.675922e+00   5.654103e-02
1.075981999999999994e+00   2.741215e+00   5.656964e-02
1.080692999999999904e+00   2.700201e+00   5.640964e-02
1.085404000000000035e+00   2.809599e+00   5.639897e-02
1.090116000000000085e+00   2.820968e+00   5.632324e-02
1.094826999999999995e+00   2.678600e+00   5.615261e-02
1.099537999999999904e+00   2.599331e+00   5.595565e-02
1.104249000000000036e+00   2.658029e+00   5.579925e-02
1.108961000000000086e+00   2.667595e+00   5.568247e-02
1.113671999999999995e+00   2.666876e+00   5.564712e-02
1.118382999999999905e+00   2.652194e+00   5.553930e-02
1.123094000000000037e+00   2.707789e+00   5.545824e-02
1.127806000000000086e+00   2.680096e+00   5.534844e-02
1.132516999999999996e+00   2.583797e+00   5.517945e-02
1.137227999999999906e+00   2.677602e+00   5.529763e-02
1.141939000000000037e+00   2.671718e+00   5.511662e-02
1.146651000000000087e+00   2.655386e+00   5.507946e-02
1.151361999999999997e+00   2.623747e+00   5.490532e-02
1.156072999999999906e+00   2.602407e+00   5.475675e-02
1.160784000000000038e+00   2.572628e+00   5.472190e-02
1.165496000000000087e+00   2.527937e+00   5.454777e-02
1.170206999999999997e+00   2.598415e+00   5.459452e-02
1.174917999999999907e+00   2.612066e+00   5.437226e-02
1.179629999999999956e+00   2.511446e+00   5.416628e-02
1.184341000000000088e+00   2.500427e+00   5.408506e-02
1.189051999999999998e+00   2.528632e+00   5.406138e-02
1.193762999999999908e+00   2.555206e+00   5.418140e-02
1.198474999999999957e+00   2.548266e+00   5.521552e-02
1.203186000000000089e+00   2.530362e+00   5.657416e-02
1.207896999999999998e+00   2.524440e+00   5.765644e-02
1.212607999999999908e+00   2.471328e+00   5.841693e-02
1.217319999999999958e+00   2.467028e+00   5.903206e-02
1.222031000000000089e+00   2.503048e+00   5.953137e-02
1.226741999999999999e+00   2.525463e+00   6.009646e-02
1.231452999999999909e+00   2.447202e+00   6.059769e-02
1.236164999999999958e+00   2.458280e+00   6.106588e-02
1.240876000000000090e+00   2.451481e+00   6.158958e-02
1.245587000000000000e+00   2.538630e+00   6.197950e-02
1.250297999999999909e+00   2.447341e+00   6.201939e-02
1.255009999999999959e+00   2.325371e+00   6.199685e-02
1.259721000000000091e+00   2.452068e+00   6.220735e-02
1.264432000000000000e+00   2.464513e+00   6.011282e-02
1.269142999999999910e+00   2.367626e+00   5.844217e-02
1.273854999999999960e+00   2.423143e+00   5.755549e-02
1.278566000000000091e+00   2.395192e+00   5.665837e-02
1.283277000000000001e+00   2.334172e+00   5.597319e-02
1.287987999999999911e+00   2.258891e+00   5.538465e-02
1.292699999999999960e+00   2.342027e+00   5.493632e-02
1.297411000000000092e+00   2.317875e+00   5.457528e-02
1.302122000000000002e+00   2.293098e+00   5.422124e-02
1.306832999999999911e+00   2.332011e+00   5.386335e-02
1.311544999999999961e+00   2.259797e+00   5.359861e-02
1.316256000000000093e+00   2.246357e+00   5.351845e-02
1.320967000000000002e+00   2.272602e+00   5.341896e-02
1.325677999999999912e+00   2.292078e+00   5.322871e-02
1.330389999999999961e+00   2.289300e+00   5.317159e-02
1.335101000000000093e+00   2.360586e+00   5.305460e-02
1.339812000000000003e+00   2.281915e+00   5.284139e-02
1.344522999999999913e+00   2.196325e+00   5.273405e-02
1.349234999999999962e+00   2.229809e+00   5.259315e-02
1.353946000000000094e+00   2.297831e+00   5.263638e-02
1.358657000000000004e+00   2.250997e+00   5.246145e-02
1.363369000000000053e+00   2.211489e+00   5.226458e-02
1.368079999999999963e+00   2.157148e+00   5.208533e-02
1.372791000000000095e+00   2.125315e+00   5.192567e-02
1.377502000000000004e+00   2.252905e+00   5.207593e-02
1.382214000000000054e+00   2.176837e+00   5.186967e-02
1.386924999999999963e+00   2.173677e+00   5.171372e-02
1.391636000000000095e+00   2.089602e+00   5.160706e-02
1.396347000000000005e+00   2.075242e+00   5.147162e-02
1.401059000000000054e+00   2.165570e+00   5.150242e-02
1.405769999999999964e+00   2.171132e+00   5.128051e-02
1.410481000000000096e+00   2.117384e+00   5.128790e-02
1.415192000000000005e+00   2.065747e+00   5.108920e-02
1.419904000000000055e+00   2.031697e+00   5.095106e-02
1.424614999999999965e+00   2.106160e+00   5.093914e-02
1.429326000000000096e+00   2.145560e+00   5.090257e-02
1.434037000000000006e+00   2.079542e+00   5.081778e-02
1.438749000000000056e+00   2.050675e+00   5.065798e-02
1.443459999999999965e+00   2.089772e+00   5.056202e-02
1.448171000000000097e+00   2.091875e+00   5.053717e-02
1.452882000000000007e+00   2.096524e+00   5.045713e-02
1.457594000000000056e+00   2.161018e+00   5.031035e-02
1.462304999999999966e+00   2.050456e+00   5.018751e-02
1.467016000000000098e+00   2.100269e+00   5.019853e-02
1.471727000000000007e+00   2.025580e+00   5.003757e-02
1.476439000000000057e+00   2.085851e+00   5.006670e-02
1.481149999999999967e+00   2.028406e+00   4.980910e-02
1.485861000000000098e+00   1.937582e+00   4.966456e-02
1.490572000000000008e+00   2.014235e+00   4.973693e-02
1.495284000000000058e+00   1.961325e+00   4.965253e-02
1.499994999999999967e+00   1.921734e+00   4.944839e-02
1.504706000000000099e+00   1.950263e+00   4.939222e-02
1.509417000000000009e+00   1.990720e+00   4.936267e-02
1.514129000000000058e+00   2.044861e+00   4.956234e-02
1.518839999999999968e+00   1.985668e+00   5.097638e-02
1.523551000000000100e+00   1.878231e+00   5.191713e-02
1.528262999999999927e+00   1.931284e+00   5.278609e-02
1.532974000000000059e+00   1.876115e+00   5.338462e-02
1.537684999999999969e+00   1.949290e+00   5.387474e-02
1.542396000000000100e+00   1.907045e+00   5.378846e-02
1.547107999999999928e+00   1.946018e+00   5.249535e-02
1.551819000000000059e+00   1.964475e+00   5.187777e-02
1.556529999999999969e+00   1.945058e+00   5.122290e-02
1.561241000000000101e+00   1.865037e+00   5.064303e-02
1.565952999999999928e+00   1.929116e+00   5.022247e-02
1.570664000000000060e+00   1.845725e+00   4.966068e-02
1.575374999999999970e+00   1.882173e+00   4.918610e-02
1.580086000000000102e+00   1.837056e+00   4.870431e-02
1.584797999999999929e+00   1.755358e+00   4.832330e-02
1.589509000000000061e+00   1.759972e+00   4.825171e-02
1.594219999999999970e+00   1.828280e+00   4.831870e-02
1.598931000000000102e+00   1.834388e+00   4.831323e-02
1.603642999999999930e+00   1.786094e+00   4.835236e-02
1.608354000000000061e+00   1.867678e+00   4.848920e-02
1.613064999999999971e+00   1.781512e+00   4.830780e-02
1.617776000000000103e+00   1.758252e+00   4.823519e-02
1.622487999999999930e+00   1.741058e+00   4.812912e-02
1.627199000000000062e+00   1.813831e+00   4.810369e-02
1.631909999999999972e+00   1.782598e+00   4.795649e-02
1.636621000000000103e+00   1.833127e+00   4.798144e-02
1.641332999999999931e+00   1.737222e+00   4.780675e-02
1.646044000000000063e+00   1.742288e+00   4.770831e-02
1.650754999999999972e+00   1.784951e+00   4.763903e-02
1.655466000000000104e+00   1.748881e+00   4.755940e-02
1.660177999999999932e+00   1.743673e+00   4.752563e-02
1.664889000000000063e+00   1.642639e+00   4.734312e-02
1.669599999999999973e+00   1.626128e+00   4.729552e-02
1.674311000000000105e+00   1.721756e+00   4.724789e-02
1.679022999999999932e+00   1.697520e+00   4.710502e-02
1.683734000000000064e+00   1.710858e+00   4.709297e-02
1.688444999999999974e+00   1.694666e+00   4.694836e-02
1.693156000000000105e+00   1.687370e+00   4.693766e-02
1.697867999999999933e+00   1.654690e+00   4.685371e-02
1.702579000000000065e+00   1.634140e+00   4.677245e-02
1.707289999999999974e+00   1.607472e+00   4.663814e-02
1.712002000000000024e+00   1.652200e+00   4.664889e-02
1.716712999999999933e+00   1.611021e+00   4.651628e-02
1.721424000000000065e+00   1.662283e+00   4.640949e-02
1.726134999999999975e+00   1.589952e+00   4.638048e-02
1.730847000000000024e+00   1.644286e+00   4.637652e-02
1.735557999999999934e+00   1.669703e+00   4.636798e-02
1.740269000000000066e+00   1.624942e+00   4.627455e-02
1.744979999999999976e+00   1.620621e+00   4.622034e-02
1.749692000000000025e+00   1.637729e+00   4.613320e-02
1.754402999999999935e+00   1.577652e+00   4.596059e-02
1.759114000000000066e+00   1.603808e+00   4.596799e-02
1.763824999999999976e+00   1.572774e+00   4.588433e-02
1.768537000000000026e+00   1.606041e+00   4.578523e-02
1.773247999999999935e+00   1.555296e+00   4.568505e-02
1.777959000000000067e+00   1.559541e+00   4.567007e-02
1.782669999999999977e+00   1.489734e+00   4.553267e-02
1.787382000000000026e+00   1.466738e+00   4.543447e-02
1.792092999999999936e+00   1.486730e+00   4.533815e-02
1.796804000000000068e+00   1.552499e+00   4.536991e-02
1.801514999999999977e+00   1.507074e+00   4.525997e-02
1.806227000000000027e+00   1.520247e+00   4.523898e-02
1.810937999999999937e+00   1.517855e+00   4.519155e-02
1.815649000000000068e+00   1.524055e+00   4.516966e-02
1.820359999999999978e+00   1.512197e+00   4.506342e-02
1.825072000000000028e+00   1.500517e+00   4.493805e-02
1.829782999999999937e+00   1.466626e+00   4.491728e-02
1.834494000000000069e+00   1.480940e+00   4.481853e-02
1.839204999999999979e+00   1.539896e+00   4.491090e-02
1.843917000000000028e+00   1.518945e+00   4.481319e-02
1.848627999999999938e+00   1.510683e+00   4.469598e-02
1.853339000000000070e+00   1.495341e+00   4.459279e-02
1.858049999999999979e+00   1.375998e+00   4.443953e-02
1.862762000000000029e+00   1.360294e+00   4.440103e-02
1.867472999999999939e+00   1.395701e+00   4.434613e-02
1.872184000000000070e+00   1.388250e+00   4.422563e-02
1.876894999999999980e+00   1.442820e+00   4.426702e-02
1.881607000000000030e+00   1.400662e+00   4.421746e-02
1.886317999999999939e+00   1.449833e+00   4.420748e-02
1.891029000000000071e+00   1.443494e+00   4.417939e-02
1.895740999999999898e+00   1.424392e+00   4.401634e-02
1.900452000000000030e+00   1.352855e+00   4.394275e-02
1.905162999999999940e+00   1.359339e+00   4.393271e-02
1.909874000000000072e+00   1.300001e+00   4.377559e-02
1.914585999999999899e+00   1.331927e+00   4.372637e-02
1.919297000000000031e+00   1.326743e+00   4.371419e-02
1.924007999999999940e+00   1.356790e+00   4.364114e-02
1.928719000000000072e+00   1.450706e+00   4.367943e-02
1.933430999999999900e+00   1.351033e+00   4.352588e-02
1.938142000000000031e+00   1.363144e+00   4.338057e-02
1.942852999999999941e+00   1.343755e+00   4.333472e-02
1.947564000000000073e+00   1.313937e+00   4.318769e-02
1.952275999999999900e+00   1.409930e+00   4.311793e-02
1.956987000000000032e+00   1.326550e+00   4.299641e-02
1.961697999999999942e+00   1.296424e+00   4.288072e-02
1.966409000000000074e+00   1.332720e+00   4.286488e-02
1.971120999999999901e+00   1.323547e+00   4.280580e-02
1.975832000000000033e+00   1.253271e+00   4.277095e-02
1.980542999999999942e+00   1.328559e+00   4.282498e-02
1.985254000000000074e+00   1.271555e+00   4.275520e-02
1.989965999999999902e+00   1.310079e+00   4.284012e-02
1.994677000000000033e+00   1.305599e+00   4.285146e-02
1.999387999999999943e+00   1.340686e+00   4.292080e-02
2.004099000000000075e+00   1.312525e+00   4.385638e-02
2.008811000000000124e+00   1.254645e+00   4.478266e-02
2.013522000000000034e+00   1.311093e+00   4.542046e-02
2.018232999999999944e+00   1.230018e+00   4.587907e-02
2.022943999999999853e+00   1.276655e+00   4.629313e-02
2.027655999999999903e+00   1.321492e+00   4.682103e-02
2.032366999999999813e+00   1.184905e+00   4.693413e-02
2.037078000000000166e+00   1.219623e+00   4.705242e-02
2.041789000000000076e+00   1.243176e+00   4.726365e-02
2.046501000000000126e+00   1.178872e+00   4.730495e-02
2.051212000000000035e+00   1.242001e+00   4.743278e-02
2.055922999999999945e+00   1.209854e+00   4.749928e-02
2.060633999999999855e+00   1.199946e+00   4.765792e-02
2.065345999999999904e+00   1.134629e+00   4.754834e-02
2.070056999999999814e+00   1.126467e+00   4.610707e-02
2.074768000000000168e+00   1.168083e+00   4.526026e-02
2.079480000000000217e+00   1.190903e+00   4.467052e-02
2.084191000000000127e+00   1.164521e+00   4.414936e-02
2.088902000000000037e+00   1.167455e+00   4.374169e-02
2.093612999999999946e+00   1.238584e+00   4.348563e-02
2.098324999999999996e+00   1.174004e+00   4.326791e-02
2.103035999999999905e+00   1.171475e+00   4.308698e-02
2.107746999999999815e+00   1.194262e+00   4.301619e-02
2.112458000000000169e+00   1.144004e+00   4.289339e-02
2.117170000000000218e+00   1.151401e+00   4.284450e-02
2.121881000000000128e+00   1.183013e+00   4.271767e-02
2.126592000000000038e+00   1.157197e+00   4.263860e-02
2.131302999999999948e+00   1.180838e+00   4.261076e-02
2.136014999999999997e+00   1.162900e+00   4.248828e-02
2.140725999999999907e+00   1.125729e+00   4.238414e-02
2.145436999999999816e+00   1.114611e+00   4.231246e-02
2.150148000000000170e+00   1.098906e+00   4.223690e-02
2.154860000000000220e+00   1.059629e+00   4.214350e-02
2.159571000000000129e+00   1.039885e+00   4.204026e-02
2.164282000000000039e+00   1.102797e+00   4.207258e-02
2.168992999999999949e+00   1.077727e+00   4.193437e-02
2.173704999999999998e+00   1.091016e+00   4.184727e-02
2.178415999999999908e+00   1.106783e+00   4.177532e-02
2.183126999999999818e+00   1.047243e+00   4.172914e-02
2.187838000000000171e+00   1.065946e+00   4.167619e-02
2.192550000000000221e+00   1.072484e+00   4.161517e-02
2.197261000000000131e+00   1.060428e+00   4.151480e-02
2.201972000000000040e+00   9.962604e-01   4.142513e-02
2.206682999999999950e+00   1.029141e+00   4.141100e-02
2.211395000000000000e+00   1.023388e+00   4.130952e-02
2.216105999999999909e+00   1.031158e+00   4.130964e-02
2.220816999999999819e+00   1.044721e+00   4.127818e-02
2.225528000000000173e+00   1.008369e+00   4.114549e-02
2.230239999999999778e+00   1.041761e+00   4.112842e-02
2.234951000000000132e+00   9.985027e-01   4.102952e-02
2.239662000000000042e+00   1.065752e+00   4.101670e-02
2.244372999999999951e+00   1.040743e+00   4.092051e-02
2.249085000000000001e+00   1.055071e+00   4.092624e-02
2.253795999999999911e+00   1.030469e+00   4.082855e-02
2.258506999999999820e+00   1.083222e+00   4.081333e-02
2.263218999999999870e+00   1.048159e+00   4.076843e-02
2.267929999999999779e+00   9.751797e-01   4.065949e-02
2.272641000000000133e+00   1.010747e+00   4.060813e-02
2.277352000000000043e+00   9.898588e-01   4.057440e-02
2.282064000000000092e+00   8.912447e-01   4.043421e-02
2.286775000000000002e+00   9.229790e-01   4.042145e-02
2.291485999999999912e+00   8.671320e-01   4.032342e-02
2.296196999999999822e+00   9.558175e-01   4.031062e-02
2.300908999999999871e+00   9.284812e-01   4.025903e-02
2.305619999999999781e+00   9.383258e-01   4.018606e-02
2.310331000000000135e+00   9.053340e-01   4.009098e-02
2.315042000000000044e+00   9.132642e-01   4.006939e-02
2.319754000000000094e+00   9.460011e-01   4.006711e-02
2.324465000000000003e+00   9.187370e-01   3.995999e-02
2.329175999999999913e+00   9.204130e-01   3.996609e-02
2.333886999999999823e+00   9.196315e-01   3.991504e-02
2.338598999999999872e+00   9.004110e-01   3.980964e-02
2.343309999999999782e+00   9.002241e-01   3.978808e-02
2.348021000000000136e+00   8.850621e-01   3.978452e-02
2.352732000000000046e+00   9.216013e-01   3.974171e-02
2.357444000000000095e+00   8.931412e-01   3.967331e-02
2.362155000000000005e+00   8.939882e-01   3.959279e-02
2.366865999999999914e+00   9.304935e-01   3.961527e-02
2.371576999999999824e+00   9.070556e-01   3.949321e-02
2.376288999999999874e+00   9.126609e-01   3.945456e-02
2.380999999999999783e+00   8.775861e-01   3.941844e-02
2.385711000000000137e+00   8.813401e-01   3.941323e-02
2.390422000000000047e+00   8.678005e-01   3.933901e-02
2.395134000000000096e+00   8.716699e-01   3.933457e-02
2.399845000000000006e+00   8.385763e-01   3.920502e-02
2.404555999999999916e+00   8.642582e-01   3.926806e-02
2.409266999999999825e+00   8.885491e-01   3.921118e-02
2.413978999999999875e+00   8.469297e-01   3.912900e-02
2.418689999999999785e+00   8.027641e-01   3.904457e-02
2.423401000000000138e+00   8.543401e-01   3.904890e-02
2.428112000000000048e+00   9.284708e-01   3.899539e-02
2.432824000000000098e+00   8.982893e-01   3.896000e-02
2.437535000000000007e+00   8.420536e-01   3.894409e-02
2.442245999999999917e+00   8.469169e-01   3.886972e-02
2.446957999999999966e+00   8.876773e-01   3.882471e-02
2.451668999999999876e+00   8.531792e-01   3.876780e-02
2.456379999999999786e+00   8.721531e-01   3.869800e-02
2.461091000000000140e+00   8.043611e-01   3.861487e-02
2.465803000000000189e+00   8.241628e-01   3.865197e-02
2.470514000000000099e+00   8.238434e-01   3.857807e-02
2.475225000000000009e+00   7.938600e-01   3.859439e-02
2.479935999999999918e+00   8.333496e-01   3.854407e-02
2.484647999999999968e+00   8.202853e-01   3.851883e-02
2.489358999999999877e+00   7.988595e-01   3.844015e-02
2.494069999999999787e+00   7.939398e-01   3.837785e-02
2.498781000000000141e+00   8.193141e-01   3.833922e-02
2.503493000000000190e+00   8.447316e-01   3.832448e-02
2.508204000000000100e+00   8.169868e-01   3.829803e-02
2.512915000000000010e+00   8.161315e-01   3.820759e-02
2.517625999999999920e+00   7.802892e-01   3.810422e-02
2.522337999999999969e+00   7.805227e-01   3.800361e-02
2.527048999999999879e+00   8.344131e-01   3.808677e-02
2.531759999999999788e+00   8.306987e-01   3.799159e-02
2.536471000000000142e+00   7.801757e-01   3.789082e-02
2.541183000000000192e+00   7.823862e-01   3.783476e-02
2.545894000000000101e+00   7.129786e-01   3.774574e-02
2.550605000000000011e+00   7.390118e-01   3.772294e-02
2.555315999999999921e+00   7.653554e-01   3.772486e-02
2.560027999999999970e+00   7.653583e-01   3.761026e-02
2.564738999999999880e+00   7.658668e-01   3.761860e-02
2.569449999999999790e+00   7.526360e-01   3.763001e-02
2.574161000000000143e+00   7.374353e-01   3.766432e-02
2.578873000000000193e+00   7.480972e-01   3.771666e-02
2.583584000000000103e+00   7.411154e-01   3.760704e-02
2.588295000000000012e+00   7.426008e-01   3.761964e-02
2.593005999999999922e+00   7.155388e-01   3.755147e-02
2.597717999999999972e+00   7.183918e-01   3.751378e-02
2.602428999999999881e+00   6.723265e-01   3.742578e-02
2.607139999999999791e+00   7.189763e-01   3.743449e-02
2.611851000000000145e+00   6.503923e-01   3.735376e-02
2.616563000000000194e+00   7.043165e-01   3.738341e-02
2.621274000000000104e+00   7.406070e-01   3.735477e-02
2.625985000000000014e+00   7.214382e-01   3.724786e-02
2.630697000000000063e+00   7.484876e-01   3.724001e-02
2.635407999999999973e+00   7.689752e-01   3.721514e-02
2.640118999999999883e+00   7.089800e-01   3.716025e-02
2.644829999999999792e+00   6.961351e-01   3.718164e-02
2.649541999999999842e+00   7.055788e-01   3.715083e-02
2.654253000000000196e+00   6.713988e-01   3.703510e-02
2.658964000000000105e+00   6.904105e-01   3.701785e-02
2.663675000000000015e+00   7.112204e-01   3.702870e-02
2.668387000000000064e+00   6.586044e-01   3.696357e-02
2.673097999999999974e+00   6.551874e-01   3.688684e-02
2.677808999999999884e+00   6.568943e-01   3.685151e-02
2.682519999999999794e+00   6.727794e-01   3.685697e-02
2.687231999999999843e+00   6.832533e-01   3.678472e-02
2.691943000000000197e+00   6.571492e-01   3.675743e-02
2.696654000000000106e+00   6.402586e-01   3.674509e-02
2.701365000000000016e+00   7.047490e-01   3.675654e-02
2.706077000000000066e+00   6.398760e-01   3.666915e-02
2.710787999999999975e+00   6.232949e-01   3.657326e-02
2.715498999999999885e+00   6.471351e-01   3.657597e-02
2.720209999999999795e+00   6.980132e-01   3.659515e-02
2.724921999999999844e+00   7.059210e-01   3.658100e-02
2.729633000000000198e+00   6.796814e-01   3.657125e-02
2.734344000000000108e+00   6.626714e-01   3.646064e-02
2.739055000000000017e+00   6.080488e-01   3.644361e-02
2.743767000000000067e+00   6.390190e-01   3.641019e-02
2.748477999999999977e+00   6.459577e-01   3.635511e-02
2.753188999999999886e+00   6.553610e-01   3.633718e-02
2.757899999999999796e+00   5.932105e-01   3.620970e-02
2.762611999999999846e+00   6.449523e-01   3.624426e-02
2.767323000000000199e+00   5.937757e-01   3.615803e-02
2.772034000000000109e+00   6.223327e-01   3.615871e-02
2.776745000000000019e+00   6.334266e-01   3.612357e-02
2.781457000000000068e+00   6.307537e-01   3.610925e-02
2.786167999999999978e+00   6.277523e-01   3.608942e-02
2.790878999999999888e+00   5.953525e-01   3.605290e-02
2.795589999999999797e+00   6.170917e-01   3.600880e-02
2.800301999999999847e+00   5.794439e-01   3.602219e-02
2.805013000000000201e+00   6.612737e-01   3.622953e-02
2.809724000000000110e+00   6.092341e-01   3.710339e-02
2.814436000000000160e+00   6.159959e-01   3.762825e-02
2.819147000000000070e+00   6.462632e-01   3.806549e-02
2.823857999999999979e+00   6.065140e-01   3.842854e-02
2.828568999999999889e+00   5.920190e-01   3.861979e-02
2.833280999999999938e+00   6.189458e-01   3.879142e-02
2.837991999999999848e+00   6.015376e-01   3.891689e-02
2.842703000000000202e+00   5.497823e-01   3.896054e-02
2.847414000000000112e+00   5.507681e-01   3.908110e-02
2.852126000000000161e+00   5.764559e-01   3.919004e-02
2.856837000000000071e+00   5.714942e-01   3.925949e-02
2.861547999999999981e+00   5.717113e-01   3.930423e-02
2.866258999999999890e+00   5.694593e-01   3.939380e-02
2.870970999999999940e+00   5.705583e-01   3.910371e-02
2.875681999999999849e+00   6.036832e-01   3.814798e-02
2.880393000000000203e+00   5.419547e-01   3.754506e-02
2.885104000000000113e+00   5.358306e-01   3.711833e-02
2.889816000000000162e+00   6.080381e-01   3.686765e-02
2.894527000000000072e+00   6.359538e-01   3.674725e-02
2.899237999999999982e+00   5.753374e-01   3.661517e-02
2.903948999999999891e+00   5.995285e-01   3.651029e-02
2.908660999999999941e+00   5.501142e-01   3.633442e-02
2.913371999999999851e+00   5.239562e-01   3.628878e-02
2.918083000000000204e+00   5.411493e-01   3.631452e-02
2.922794000000000114e+00   5.183752e-01   3.615129e-02
2.927506000000000164e+00   5.181555e-01   3.612131e-02
2.932217000000000073e+00   5.104486e-01   3.604377e-02
2.936927999999999983e+00   6.083576e-01   3.603879e-02
2.941638999999999893e+00   5.687526e-01   3.593317e-02
2.946350999999999942e+00   5.163594e-01   3.582512e-02
2.951061999999999852e+00   5.076713e-01   3.581766e-02
2.955773000000000206e+00   4.915706e-01   3.576483e-02
2.960484000000000115e+00   4.938313e-01   3.572899e-02
2.965196000000000165e+00   5.738970e-01   3.574247e-02
2.969907000000000075e+00   5.414635e-01   3.563662e-02
2.974617999999999984e+00   5.169610e-01   3.560358e-02
2.979328999999999894e+00   5.237949e-01   3.557216e-02
2.984040999999999944e+00   5.110103e-01   3.549609e-02
2.988751999999999853e+00   4.965164e-01   3.542670e-02
2.993463000000000207e+00   5.019457e-01   3.541884e-02
2.998174999999999812e+00   5.415256e-01   3.543491e-02
3.002886000000000166e+00   5.311873e-01   3.538889e-02
3.007597000000000076e+00   5.524173e-01   3.533715e-02
3.012307999999999986e+00   5.503883e-01   3.534100e-02
3.017020000000000035e+00   5.590035e-01   3.525970e-02
3.021730999999999945e+00   5.620971e-01   3.518843e-02
3.026441999999999855e+00   5.100309e-01   3.517587e-02
3.031153000000000208e+00   4.689371e-01   3.511132e-02
3.035864999999999814e+00   4.914755e-01   3.506334e-02
3.040576000000000167e+00   5.128825e-01   3.504760e-02
3.045287000000000077e+00   4.919090e-01   3.495333e-02
3.049997999999999987e+00   4.893294e-01   3.494375e-02
3.054710000000000036e+00   5.199391e-01   3.496658e-02
3.059420999999999946e+00   5.025930e-01   3.489762e-02
3.064131999999999856e+00   5.100658e-01   3.486456e-02
3.068843000000000210e+00   5.258235e-01   3.487355e-02
3.073554999999999815e+00   4.779191e-01   3.481437e-02
3.078266000000000169e+00   4.986950e-01   3.477426e-02
3.082977000000000078e+00   4.993797e-01   3.470474e-02
3.087687999999999988e+00   4.946582e-01   3.467265e-02
3.092400000000000038e+00   4.946008e-01   3.466501e-02
3.097110999999999947e+00   4.998040e-01   3.462973e-02
3.101821999999999857e+00   4.827555e-01   3.456004e-02
3.106533000000000211e+00   4.658101e-01   3.455179e-02
3.111244999999999816e+00   4.602147e-01   3.453421e-02
3.115956000000000170e+00   4.407057e-01   3.445328e-02
3.120667000000000080e+00   4.616882e-01   3.445585e-02
3.125377999999999989e+00   4.090321e-01   3.440834e-02
3.130090000000000039e+00   4.347957e-01   3.437441e-02
3.134800999999999949e+00   4.249296e-01   3.435422e-02
3.139511999999999858e+00   4.511034e-01   3.436588e-02
3.144223000000000212e+00   4.640919e-01   3.430592e-02
3.148934999999999818e+00   5.105791e-01   3.429055e-02
3.153646000000000171e+00   4.629750e-01   3.425833e-02
3.158357000000000081e+00   4.622438e-01   3.424050e-02
3.163067999999999991e+00   4.046678e-01   3.412023e-02
3.167780000000000040e+00   4.605915e-01   3.417344e-02
3.172490999999999950e+00   4.361331e-01   3.410430e-02
3.177201999999999860e+00   4.345951e-01   3.409166e-02
3.181913999999999909e+00   3.909528e-01   3.400365e-02
3.186624999999999819e+00   4.274303e-01   3.397712e-02
3.191336000000000173e+00   4.622526e-01   3.394135e-02
3.196047000000000082e+00   3.966980e-01   3.386755e-02
3.200759000000000132e+00   4.144415e-01   3.383407e-02
3.205470000000000041e+00   4.189257e-01   3.382726e-02
3.210180999999999951e+00   4.688568e-01   3.379047e-02
3.214891999999999861e+00   4.190046e-01   3.375234e-02
3.219603999999999910e+00   4.058887e-01   3.375272e-02
3.224314999999999820e+00   4.231480e-01   3.369528e-02
3.229026000000000174e+00   4.444165e-01   3.368060e-02
3.233737000000000084e+00   4.080933e-01   3.361094e-02
3.238449000000000133e+00   4.334448e-01   3.359856e-02
3.243160000000000043e+00   4.091133e-01   3.356659e-02
3.247870999999999952e+00   4.203632e-01   3.356903e-02
3.252581999999999862e+00   4.158188e-01   3.356624e-02
3.257293999999999912e+00   4.696492e-01   3.359511e-02
3.262004999999999821e+00   3.849133e-01   3.354851e-02
3.266716000000000175e+00   3.902615e-01   3.352770e-02
3.271427000000000085e+00   4.173399e-01   3.354034e-02
3.276139000000000134e+00   4.366587e-01   3.349675e-02
3.280850000000000044e+00   4.025289e-01   3.341750e-02
3.285560999999999954e+00   4.263735e-01   3.339399e-02
3.290271999999999863e+00   4.028770e-01   3.335836e-02
3.294983999999999913e+00   4.034667e-01   3.340074e-02
3.299694999999999823e+00   3.957635e-01   3.334397e-02
3.304406000000000176e+00   3.815205e-01   3.334714e-02
3.309117000000000086e+00   4.247547e-01   3.326856e-02
3.313829000000000136e+00   4.114064e-01   3.327190e-02
3.318540000000000045e+00   4.164857e-01   3.320716e-02
3.323250999999999955e+00   4.302862e-01   3.320679e-02
3.327961999999999865e+00   4.547338e-01   3.321024e-02
3.332673999999999914e+00   4.174945e-01   3.313657e-02
3.337384999999999824e+00   4.127697e-01   3.312222e-02
3.342096000000000178e+00   3.772585e-01   3.311764e-02
3.346807000000000087e+00   4.292314e-01   3.313233e-02
3.351519000000000137e+00   3.979533e-01   3.309422e-02
3.356230000000000047e+00   3.947056e-01   3.301103e-02
3.360940999999999956e+00   4.166101e-01   3.295111e-02
3.365653000000000006e+00   4.393538e-01   3.297188e-02
3.370363999999999916e+00   3.828090e-01   3.293452e-02
3.375074999999999825e+00   3.830937e-01   3.292216e-02
3.379786000000000179e+00   4.023313e-01   3.292893e-02
3.384497999999999784e+00   3.698490e-01   3.287331e-02
3.389209000000000138e+00   3.417016e-01   3.305167e-02
3.393920000000000048e+00   4.326467e-01   3.386102e-02
3.398630999999999958e+00   4.516809e-01   3.438187e-02
3.403343000000000007e+00   4.381615e-01   3.474371e-02
3.408053999999999917e+00   4.184369e-01   3.495934e-02
3.412764999999999826e+00   3.572988e-01   3.502596e-02
3.417476000000000180e+00   4.054792e-01   3.502908e-02
3.422187999999999786e+00   3.971366e-01   3.507464e-02
3.426899000000000139e+00   3.261356e-01   3.512153e-02
3.431610000000000049e+00   3.353768e-01   3.524992e-02
3.436320999999999959e+00   3.920871e-01   3.535482e-02
3.441033000000000008e+00   3.640821e-01   3.534456e-02
3.445743999999999918e+00   4.371270e-01   3.546009e-02
3.450454999999999828e+00   4.229905e-01   3.549558e-02
3.455166000000000182e+00   3.784672e-01   3.555149e-02
3.459877999999999787e+00   3.925010e-01   3.562298e-02
3.464589000000000141e+00   3.714626e-01   3.566419e-02
3.469300000000000050e+00   3.399360e-01   3.568769e-02
3.474010999999999960e+00   3.380926e-01   3.577916e-02
3.478723000000000010e+00   3.440501e-01   3.580386e-02
3.483433999999999919e+00   3.901722e-01   3.584851e-02
3.488144999999999829e+00   3.816463e-01   3.588308e-02
3.492856000000000183e+00   3.595620e-01   3.591170e-02
3.497567999999999788e+00   3.738946e-01   3.596815e-02
3.502279000000000142e+00   3.677249e-01   3.605973e-02
3.506990000000000052e+00   3.886220e-01   3.608762e-02
3.511700999999999961e+00   3.181729e-01   3.610131e-02
3.516413000000000011e+00   3.268697e-01   3.616276e-02
3.521123999999999921e+00   3.854525e-01   3.628138e-02
3.525834999999999830e+00   3.419490e-01   3.623154e-02
3.530546000000000184e+00   3.159647e-01   3.623317e-02
3.535257999999999790e+00   2.585993e-01   3.626270e-02
3.539969000000000143e+00   3.073158e-01   3.636246e-02
3.544680000000000053e+00   3.984887e-01   3.645436e-02
3.549392000000000102e+00   3.829413e-01   3.648206e-02
3.554103000000000012e+00   4.145272e-01   3.653789e-02
3.558813999999999922e+00   3.565415e-01   3.650155e-02
3.563524999999999832e+00   3.297713e-01   3.649618e-02
3.568236999999999881e+00   3.489253e-01   3.657038e-02
3.572947999999999791e+00   3.652141e-01   3.662947e-02
3.577659000000000145e+00   3.532786e-01   3.663152e-02
3.582370000000000054e+00   3.390833e-01   3.659405e-02
3.587082000000000104e+00   3.546516e-01   3.666733e-02
3.591793000000000013e+00   3.685570e-01   3.665729e-02
3.596503999999999923e+00   3.125348e-01   3.662299e-02
3.601214999999999833e+00   3.428371e-01   3.666243e-02
3.605926999999999882e+00   3.000789e-01   3.665300e-02
3.610637999999999792e+00   2.664039e-01   3.728523e-02
3.615349000000000146e+00   2.671601e-01   3.847301e-02
3.620060000000000056e+00   3.362728e-01   3.915091e-02
3.624772000000000105e+00   3.052490e-01   3.960984e-02
3.629483000000000015e+00   2.875278e-01   3.990939e-02
3.634193999999999924e+00   2.861078e-01   4.014132e-02
3.638904999999999834e+00   2.712739e-01   4.040945e-02
3.643616999999999884e+00   2.902199e-01   4.067601e-02
3.648327999999999793e+00   2.778830e-01   4.088761e-02
3.653039000000000147e+00   3.237855e-01   4.108653e-02
3.657750000000000057e+00   3.349460e-01   4.125684e-02
3.662462000000000106e+00   3.104629e-01   4.145589e-02
3.667173000000000016e+00   3.408429e-01   4.169981e-02
3.671883999999999926e+00   3.406776e-01   4.189424e-02
3.676594999999999835e+00   3.372942e-01   4.204928e-02
3.681306999999999885e+00   2.884018e-01   4.217636e-02
3.686017999999999795e+00   3.216118e-01   4.245587e-02
3.690729000000000148e+00   3.624386e-01   4.266267e-02
3.695440000000000058e+00   3.151440e-01   4.276941e-02
3.700152000000000108e+00   3.536651e-01   4.303003e-02
3.704863000000000017e+00   3.732034e-01   4.322621e-02
3.709573999999999927e+00   3.004203e-01   4.335197e-02
3.714284999999999837e+00   2.874394e-01   4.349717e-02
3.718996999999999886e+00   3.323778e-01   4.372521e-02
3.723707999999999796e+00   3.281292e-01   4.386812e-02
3.728419000000000150e+00   3.260931e-01   4.400016e-02
3.733131000000000199e+00   3.406167e-01   4.424575e-02
3.737842000000000109e+00   3.593811e-01   4.435691e-02
3.742553000000000019e+00   3.470881e-01   4.450872e-02
3.747263999999999928e+00   3.366334e-01   4.476815e-02
3.751975999999999978e+00   3.002079e-01   4.490649e-02
3.756686999999999887e+00   3.045065e-01   4.501731e-02
3.761397999999999797e+00   2.579614e-01   4.514049e-02
3.766109000000000151e+00   3.125787e-01   4.539088e-02
3.770821000000000200e+00   3.192768e-01   4.559188e-02
3.775532000000000110e+00   3.260177e-01   4.565383e-02
3.780243000000000020e+00   2.968292e-01   4.581642e-02
3.784953999999999930e+00   3.397699e-01   4.600753e-02
3.789665999999999979e+00   3.186910e-01   4.611689e-02
3.794376999999999889e+00   3.379720e-01   4.637145e-02
3.799087999999999798e+00   4.032845e-01   4.656540e-02
3.803799000000000152e+00   2.897139e-01   4.663916e-02
3.808511000000000202e+00   3.074377e-01   4.687967e-02
3.813222000000000111e+00   3.019281e-01   4.698596e-02
3.817933000000000021e+00   2.806785e-01   4.714554e-02
3.822643999999999931e+00   2.571665e-01   4.724459e-02
3.827355999999999980e+00   2.718448e-01   4.751438e-02
3.832066999999999890e+00   3.017402e-01   4.772060e-02
3.836777999999999800e+00   3.333556e-01   4.789639e-02
3.841489000000000154e+00   2.509171e-01   4.792570e-02
3.846201000000000203e+00   1.683037e-01   4.803761e-02
3.850912000000000113e+00   2.352969e-01   4.831159e-02
3.855623000000000022e+00   3.252659e-01   4.860029e-02
3.860333999999999932e+00   3.501503e-01   4.883782e-02
3.865045999999999982e+00   3.672082e-01   4.890871e-02
3.869756999999999891e+00   3.015380e-01   4.888975e-02
3.874467999999999801e+00   2.822297e-01   4.904682e-02
3.879179000000000155e+00   3.600788e-01   4.935223e-02
3.883891000000000204e+00   2.327774e-01   4.940241e-02
3.888602000000000114e+00   2.912665e-01   4.963360e-02
3.893313000000000024e+00   2.885875e-01   4.988363e-02
3.898023999999999933e+00   3.197638e-01   5.001739e-02
3.902735999999999983e+00   2.948500e-01   5.019491e-02
3.907446999999999893e+00   2.835101e-01   5.019067e-02
3.912157999999999802e+00   3.157470e-01   5.047992e-02
3.916869999999999852e+00   2.965701e-01   5.062357e-02
3.921581000000000206e+00   2.956598e-01   5.060114e-02
3.926292000000000115e+00   3.334544e-01   5.075648e-02
3.931003000000000025e+00   3.712417e-01   5.098474e-02
3.935715000000000074e+00   3.126407e-01   5.105825e-02
3.940425999999999984e+00   2.959535e-01   5.099022e-02
3.945136999999999894e+00   2.099902e-01   5.104785e-02
3.949847999999999804e+00   2.008285e-01   5.113547e-02
3.954559999999999853e+00   2.945804e-01   5.131007e-02
3.959271000000000207e+00   2.292561e-01   5.132074e-02
3.963982000000000117e+00   2.999805e-01   5.139640e-02
3.968693000000000026e+00   2.085134e-01   5.135237e-02
3.973405000000000076e+00   2.506717e-01   5.149310e-02
3.978115999999999985e+00   2.968042e-01   5.180388e-02
3.982826999999999895e+00   2.949470e-01   5.196663e-02
3.987537999999999805e+00   2.793214e-01   5.211305e-02
3.992249999999999854e+00   2.667393e-01   5.224050e-02
3.996961000000000208e+00   2.098604e-01   5.237681e-02
4.001672000000000118e+00   2.379360e-01   5.252662e-02
4.006382999999999583e+00   3.245128e-01   5.286932e-02
4.011095000000000077e+00   2.868195e-01   5.291599e-02
4.015806000000000431e+00   2.091159e-01   5.300143e-02
4.020516999999999896e+00   2.203563e-01   5.334034e-02
4.025228000000000250e+00   1.800207e-01   5.347006e-02
4.029939999999999856e+00   2.500146e-01   5.369738e-02
4.034651000000000209e+00   2.900050e-01   5.388844e-02
4.039361999999999675e+00   3.362327e-01   5.419862e-02
4.044073000000000029e+00   2.691077e-01   5.426198e-02
4.048784999999999634e+00   2.837641e-01   5.442179e-02
4.053495999999999988e+00   2.408859e-01   5.453082e-02
4.058207000000000342e+00   2.227961e-01   5.481988e-02
4.062917999999999807e+00   2.900388e-01   5.507010e-02
4.067630000000000301e+00   3.040273e-01   5.513078e-02
4.072340999999999767e+00   2.642959e-01   5.531698e-02
4.077052000000000120e+00   2.609964e-01   5.561186e-02
4.081762999999999586e+00   2.635242e-01   5.584510e-02
4.086475000000000080e+00   3.569042e-01   5.617331e-02
4.091186000000000433e+00   2.889138e-01   5.625678e-02
4.095896999999999899e+00   1.838068e-01   5.626030e-02
4.100609000000000393e+00   2.294849e-01   5.652727e-02
4.105319999999999858e+00   2.273276e-01   5.667280e-02
4.110031000000000212e+00   2.185936e-01   5.690709e-02
4.114741999999999678e+00   2.296812e-01   5.712724e-02
4.119454000000000171e+00   1.986882e-01   5.725017e-02
4.124164999999999637e+00   1.992388e-01   5.753655e-02
4.128875999999999991e+00   1.504832e-01   5.767333e-02
4.133587000000000344e+00   1.577153e-01   5.784976e-02
4.138298999999999950e+00   2.745376e-01   5.818165e-02
4.143010000000000304e+00   2.582422e-01   5.840984e-02
4.147720999999999769e+00   2.658560e-01   5.862017e-02
4.152432000000000123e+00   2.472583e-01   5.887028e-02
4.157143999999999728e+00   1.729478e-01   5.897763e-02
4.161855000000000082e+00   2.593704e-01   5.926906e-02
4.166566000000000436e+00   2.622632e-01   5.954802e-02
4.171276999999999902e+00   2.062045e-01   5.974378e-02
4.175989000000000395e+00   2.376764e-01   6.003591e-02
4.180699999999999861e+00   2.272091e-01   6.032851e-02
4.185411000000000215e+00   2.848961e-01   6.053098e-02
4.190121999999999680e+00   2.894777e-01   6.069290e-02
4.194834000000000174e+00   2.058671e-01   6.083124e-02
4.199544999999999639e+00   2.182245e-01   6.116176e-02
4.204255999999999993e+00   2.643358e-01   6.140889e-02
4.208967000000000347e+00   2.438507e-01   6.164711e-02
4.213678999999999952e+00   1.945052e-01   6.188215e-02
4.218390000000000306e+00   1.769237e-01   6.228158e-02
4.223100999999999772e+00   1.806700e-01   6.234553e-02
4.227812000000000126e+00   2.965857e-01   6.259230e-02
4.232523999999999731e+00   3.471091e-01   6.299230e-02
4.237235000000000085e+00   3.115221e-01   6.327603e-02
4.241946000000000438e+00   2.670034e-01   6.338502e-02
4.246656999999999904e+00   2.146943e-01   6.358215e-02
4.251369000000000398e+00   2.252295e-01   6.381537e-02
4.256079999999999863e+00   2.385903e-01   6.421431e-02
4.260791000000000217e+00   3.327363e-01   6.447384e-02
4.265501999999999683e+00   2.304240e-01   6.483207e-02
4.270214000000000176e+00   3.355753e-01   6.504671e-02
4.274924999999999642e+00   2.101141e-01   6.521149e-02
4.279635999999999996e+00   1.538897e-01   6.551535e-02
4.284347999999999601e+00   2.313768e-01   6.582457e-02
4.289058999999999955e+00   2.837029e-01   6.608160e-02
4.293770000000000309e+00   1.408771e-01   6.629220e-02
4.298480999999999774e+00   1.219283e-01   6.661506e-02
4.303193000000000268e+00   2.547620e-01   6.694530e-02
4.307903999999999733e+00   2.566806e-01   6.726143e-02
4.312615000000000087e+00   1.433039e-01   6.738438e-02
4.317326000000000441e+00   1.738167e-01   6.787770e-02
4.322038000000000046e+00   2.225749e-01   6.819239e-02
4.326749000000000400e+00   2.020026e-01   6.834480e-02
4.331459999999999866e+00   2.151068e-01   6.872359e-02
4.336171000000000220e+00   3.123030e-01   6.915502e-02
4.340882999999999825e+00   2.170228e-01   6.941997e-02
4.345594000000000179e+00   2.260488e-01   6.959762e-02
4.350304999999999644e+00   2.142699e-01   6.996460e-02
4.355015999999999998e+00   2.813129e-01   7.050106e-02
4.359727999999999604e+00   2.337723e-01   7.088014e-02
4.364438999999999957e+00   3.015863e-01   7.130458e-02
4.369150000000000311e+00   2.279558e-01   7.136982e-02
4.373860999999999777e+00   2.151435e-01   7.175429e-02
4.378573000000000270e+00   1.988447e-01   7.221356e-02
4.383283999999999736e+00   2.145008e-01   7.247143e-02
4.387995000000000090e+00   2.205337e-01   7.278379e-02
4.392706000000000444e+00   3.467412e-01   7.320954e-02
4.397418000000000049e+00   3.039270e-01   7.351119e-02
4.402129000000000403e+00   2.643699e-01   7.357613e-02
4.406839999999999868e+00   1.895551e-01   7.355954e-02
4.411551000000000222e+00   1.900190e-01   7.359210e-02
4.416262999999999828e+00   2.181627e-01   7.370772e-02
4.420974000000000181e+00   2.130820e-01   7.368417e-02
4.425684999999999647e+00   2.428887e-01   7.376961e-02
4.430396000000000001e+00   1.393503e-01   7.359205e-02
4.435107999999999606e+00   9.508789e-02   7.369248e-02
4.439818999999999960e+00   1.603822e-01   7.404705e-02
4.444530000000000314e+00   1.977789e-01   7.432925e-02
4.449240999999999779e+00   2.605012e-01   7.482620e-02
4.453953000000000273e+00   2.702390e-01   7.545228e-02
4.458663999999999739e+00   3.584449e-01   7.581667e-02
4.463375000000000092e+00   2.441402e-01   7.596077e-02
4.468086999999999698e+00   2.279641e-01   7.637295e-02
4.472798000000000052e+00   2.421398e-01   7.679800e-02
4.477509000000000405e+00   1.732429e-01   7.697692e-02
4.482219999999999871e+00   7.091572e-02   7.724000e-02
4.486932000000000365e+00   1.836452e-01   7.774554e-02
4.491642999999999830e+00   2.412062e-01   7.851078e-02
4.496354000000000184e+00   2.780974e-01   7.913563e-02
4.501064999999999650e+00   3.088801e-01   7.932170e-02
4.505777000000000143e+00   1.995215e-01   7.983442e-02
4.510487999999999609e+00   1.763567e-01   8.016885e-02
4.515198999999999963e+00   2.189740e-01   8.085632e-02
4.519910000000000316e+00   2.123734e-01   8.105834e-02
4.524621999999999922e+00   1.935640e-01   8.154797e-02
4.529333000000000276e+00   1.022437e-01   8.217328e-02
4.534043999999999741e+00   2.487299e-01   8.298989e-02
4.538755000000000095e+00   2.399108e-01   8.357258e-02
4.543466999999999700e+00   2.146980e-01   8.391234e-02
4.548178000000000054e+00   1.456698e-01   8.418417e-02
4.552889000000000408e+00   1.543786e-01   8.466293e-02
4.557599999999999874e+00   1.165110e-01   8.521025e-02
4.562312000000000367e+00   1.942163e-01   8.573522e-02
4.567022999999999833e+00   1.879212e-01   8.653087e-02
4.571734000000000187e+00   2.641581e-01   8.717102e-02
4.576444999999999652e+00   3.153320e-01   8.787812e-02
4.581157000000000146e+00   2.020631e-01   8.844860e-02
4.585867999999999611e+00   2.239892e-01   8.866042e-02
4.590578999999999965e+00   2.924216e-01   8.945203e-02
4.595290000000000319e+00   1.193122e-01   8.980302e-02
4.600001999999999924e+00   2.994680e-02   9.036645e-02
4.604713000000000278e+00   1.910827e-01   9.109678e-02
4.609423999999999744e+00   1.987490e-01   9.189494e-02
4.614135000000000097e+00   1.628874e-01   9.280873e-02
4.618846999999999703e+00   2.766447e-01   9.347783e-02
4.623558000000000057e+00   2.152052e-01   9.444311e-02
4.628269000000000410e+00   1.967898e-01   9.518904e-02
4.632979999999999876e+00   1.222881e-01   9.553988e-02
4.637692000000000370e+00   8.767388e-02   9.610082e-02
4.642402999999999835e+00   2.027668e-01   9.717807e-02
4.647114000000000189e+00   1.532885e-01   9.773725e-02
4.651825999999999794e+00   2.607500e-01   9.881176e-02
4.656537000000000148e+00   2.950937e-01   9.946098e-02
4.661247999999999614e+00   1.338655e-01   1.005727e-01
4.665958999999999968e+00   2.460824e-01   1.015881e-01
4.670670999999999573e+00   2.427063e-01   1.023640e-01
4.675381999999999927e+00   1.214130e-01   1.033169e-01
4.680093000000000281e+00  -5.725301e-02   1.039194e-01
4.684803999999999746e+00   2.077727e-01   1.051951e-01
4.689516000000000240e+00   1.905320e-01   1.060040e-01
4.694226999999999705e+00   1.057370e-01   1.069238e-01
4.698938000000000059e+00   2.771917e-01   1.084729e-01
4.703649000000000413e+00   7.718114e-02   1.088911e-01
4.708361000000000018e+00   1.635582e-01   1.102462e-01
4.713072000000000372e+00   1.687754e-01   1.114014e-01
4.717782999999999838e+00   2.461486e-01   1.123393e-01
4.722494000000000192e+00   2.712489e-01   1.139397e-01
4.727205999999999797e+00   1.209935e-01   1.149335e-01
4.731917000000000151e+00   1.885522e-01   1.160808e-01
4.736627999999999616e+00   2.017414e-01   1.182803e-01
4.741338999999999970e+00   1.493740e-01   1.197617e-01
4.746050999999999576e+00   1.507990e-01   1.210327e-01
4.750761999999999929e+00   1.128022e-01   1.220428e-01
4.755473000000000283e+00   3.414495e-01   1.241010e-01
4.760183999999999749e+00   3.577830e-01   1.259387e-01
4.764896000000000242e+00   2.620848e-01   1.270836e-01
4.769606999999999708e+00   1.826107e-01   1.280570e-01
4.774318000000000062e+00   1.563270e-01   1.305424e-01
4.779029000000000416e+00   1.586565e-01   1.329291e-01
4.783741000000000021e+00   2.033042e-01   1.340677e-01
4.788452000000000375e+00   1.850893e-01   1.365253e-01
4.793162999999999840e+00   3.956359e-01   1.394891e-01
4.797874000000000194e+00   8.943424e-02   1.406019e-01
4.802585999999999800e+00   1.002272e-01   1.428737e-01
4.807297000000000153e+00   7.544141e-02   1.449711e-01
4.812007999999999619e+00   3.994350e-01   1.486060e-01
4.816718999999999973e+00   4.273620e-01   1.512434e-01
4.821430999999999578e+00   4.910947e-01   1.541598e-01
4.826141999999999932e+00   2.547512e-01   1.560702e-01
4.830853000000000286e+00   1.486910e-01   1.597984e-01
4.835564999999999891e+00   1.619689e-01   1.631352e-01
4.840276000000000245e+00   1.277810e-01   1.678295e-01
4.844986999999999711e+00   1.142742e-01   1.716358e-01
4.849698000000000064e+00   1.503235e-02   1.754904e-01
4.854409999999999670e+00   1.604407e-01   1.802453e-01
4.859121000000000024e+00   4.164987e-01   1.851264e-01
4.863832000000000377e+00   2.938585e-01   1.907974e-01
4.868542999999999843e+00   3.330643e-01   1.959205e-01
4.873255000000000337e+00   2.250009e-01   2.016038e-01
4.877965999999999802e+00   2.915192e-01   2.076841e-01
4.882677000000000156e+00   1.882856e-01   2.159404e-01
4.887387999999999622e+00  -1.283793e-02   2.250552e-01
4.892100000000000115e+00  -2.890792e-01   2.341381e-01
4.896810999999999581e+00   5.534641e-02   2.463815e-01
4.901521999999999935e+00   6.792798e-02   2.598901e-01
4.906233000000000288e+00   5.712141e-02   2.729105e-01
4.910944999999999894e+00  -9.779755e-02   2.901831e-01
4.915656000000000247e+00   8.989774e-02   3.149851e-01
4.920366999999999713e+00   1.927596e-01   3.419481e-01
4.925078000000000067e+00   7.209359e-01   3.788087e-01
4.929789999999999672e+00   1.469403e-01   4.328178e-01
4.934501000000000026e+00  -5.843868e-01   5.113163e-01
4.939212000000000380e+00  -1.631292e+00   6.548357e-01
4.943922999999999845e+00  -8.877190e-01   1.153507e+00