# [2]
# Sample c= 2.18 mg/ml
# Intensity scaled by concentration
# Buffer subtracted data file:
# Protein DatFile = /data/visitor/mx1908/bm29/20161119/giulio/1d/mM150_059_ave.dat
# Buffer DatFile = /data/visitor/mx1908/bm29/20161119/giulio/ednaSub/mM150_059_ave_averbuffer.dat
# 
# AutoRg: Rg   =   0.6611 +/- 0.30 ( 44.6%)
# AutoRg: I(0) =   1.41 +/- 0.0059
# AutoRg: Points   69 to 240 ( 172 total)
# AutoRg: Quality: 79.6%
# 
# 
# Sample Information:
# Storage Temperature (degrees C): 20.0
# Measurement Temperature (degrees C): 20.08
# Concentration: 2.18
# Code: 
3.479420999999999903e-02   2.368639e+00   3.434193e+00
3.950545999999999919e-02   3.086570e+00   1.359228e+00
4.421672000000000102e-02   3.525499e+00   8.866046e-01
4.892798000000000286e-02   2.394580e+00   6.773277e-01
5.363923000000000302e-02   1.890560e+00   5.414612e-01
5.835048999999999791e-02   1.600674e+00   4.430189e-01
6.306174999999999975e-02   1.807321e+00   3.671733e-01
6.777299999999999991e-02   1.271163e+00   3.114684e-01
7.248425999999999481e-02   1.532153e+00   2.693049e-01
7.719552000000000358e-02   1.991030e+00   2.370663e-01
8.190677000000000374e-02   2.114703e+00   2.101721e-01
8.661802999999999864e-02   1.829525e+00   1.886202e-01
9.132928999999999353e-02   1.569881e+00   1.714674e-01
9.604053999999999369e-02   1.796294e+00   1.578715e-01
1.007518000000000025e-01   1.496884e+00   1.453793e-01
1.054631000000000041e-01   1.532708e+00   1.350710e-01
1.101743000000000028e-01   1.454440e+00   1.261713e-01
1.148856000000000044e-01   1.414151e+00   1.185397e-01
1.195968000000000031e-01   1.489043e+00   1.122796e-01
1.243081000000000047e-01   1.250098e+00   1.061494e-01
1.290193000000000034e-01   1.352699e+00   1.012752e-01
1.337306000000000050e-01   1.488564e+00   9.705889e-02
1.384419000000000066e-01   1.484081e+00   9.315868e-02
1.431531000000000053e-01   1.308673e+00   8.939182e-02
1.478644000000000069e-01   1.333531e+00   8.640903e-02
1.525756000000000057e-01   1.451838e+00   8.374612e-02
1.572869000000000073e-01   1.311647e+00   8.119724e-02
1.619981000000000060e-01   1.336371e+00   7.869709e-02
1.667094000000000076e-01   1.372789e+00   7.664424e-02
1.714206000000000063e-01   1.418902e+00   7.489464e-02
1.761319000000000079e-01   1.433357e+00   7.301710e-02
1.808432000000000095e-01   1.346997e+00   7.110233e-02
1.855544000000000082e-01   1.335831e+00   6.961994e-02
1.902657000000000098e-01   1.322939e+00   6.824720e-02
1.949769000000000085e-01   1.292903e+00   6.705570e-02
1.996882000000000101e-01   1.341254e+00   6.576615e-02
2.043994000000000089e-01   1.347963e+00   6.463853e-02
2.091107000000000105e-01   1.363544e+00   6.350529e-02
2.138220000000000121e-01   1.348094e+00   6.243576e-02
2.185332000000000108e-01   1.352369e+00   6.153204e-02
2.232445000000000124e-01   1.354821e+00   6.058119e-02
2.279557000000000111e-01   1.390201e+00   5.970728e-02
2.326670000000000127e-01   1.414675e+00   5.893715e-02
2.373782000000000114e-01   1.317239e+00   5.795332e-02
2.420895000000000130e-01   1.433604e+00   5.729201e-02
2.468007000000000117e-01   1.357778e+00   5.660614e-02
2.515120000000000133e-01   1.335377e+00   5.590983e-02
2.562232999999999872e-01   1.331931e+00   5.525520e-02
2.609345000000000137e-01   1.333746e+00   5.460326e-02
2.656457999999999875e-01   1.399840e+00   5.402046e-02
2.703570000000000140e-01   1.400357e+00   5.351247e-02
2.750682999999999878e-01   1.402276e+00   5.299293e-02
2.797795000000000143e-01   1.304254e+00   5.226383e-02
2.844907999999999881e-01   1.334752e+00   5.179400e-02
2.892021000000000175e-01   1.364161e+00   5.131622e-02
2.939132999999999885e-01   1.320102e+00   5.083201e-02
2.986246000000000178e-01   1.266858e+00   5.024253e-02
3.033357999999999888e-01   1.373786e+00   4.990693e-02
3.080471000000000181e-01   1.306122e+00   4.946486e-02
3.127582999999999891e-01   1.363163e+00   4.908110e-02
3.174696000000000184e-01   1.356092e+00   4.857692e-02
3.221808999999999923e-01   1.290027e+00   4.816174e-02
3.268921000000000188e-01   1.312334e+00   4.773549e-02
3.316033999999999926e-01   1.358679e+00   4.748968e-02
3.363146000000000191e-01   1.300967e+00   4.780263e-02
3.410258999999999929e-01   1.335178e+00   4.826589e-02
3.457371000000000194e-01   1.307537e+00   4.841143e-02
3.504483999999999932e-01   1.319288e+00   4.905359e-02
3.551596000000000197e-01   1.349153e+00   5.010803e-02
3.598708999999999936e-01   1.359175e+00   5.074156e-02
3.645822000000000229e-01   1.378639e+00   5.131989e-02
3.692933999999999939e-01   1.410378e+00   5.170812e-02
3.740047000000000232e-01   1.428471e+00   5.211983e-02
3.787158999999999942e-01   1.417933e+00   5.243425e-02
3.834272000000000236e-01   1.375986e+00   5.258273e-02
3.881383999999999945e-01   1.337185e+00   5.285464e-02
3.928497000000000239e-01   1.339948e+00   5.411480e-02
3.975609999999999977e-01   1.427551e+00   5.581865e-02
4.022722000000000242e-01   1.444185e+00   5.698718e-02
4.069834999999999980e-01   1.429652e+00   5.812680e-02
4.116947000000000245e-01   1.429604e+00   5.899468e-02
4.164059999999999984e-01   1.335467e+00   5.976165e-02
4.211172000000000248e-01   1.399640e+00   6.059518e-02
4.258284999999999987e-01   1.366459e+00   6.152385e-02
4.305397000000000252e-01   1.287683e+00   6.239676e-02
4.352509999999999990e-01   1.393014e+00   6.341854e-02
4.399622999999999728e-01   1.401269e+00   6.422602e-02
4.446734999999999993e-01   1.361131e+00   6.531841e-02
4.493847999999999732e-01   1.347297e+00   6.628281e-02
4.540959999999999996e-01   1.400443e+00   6.689021e-02
4.588072999999999735e-01   1.398770e+00   6.464698e-02
4.635185000000000000e-01   1.386068e+00   6.308631e-02
4.682297999999999738e-01   1.304841e+00   6.217796e-02
4.729411000000000032e-01   1.313497e+00   6.140060e-02
4.776522999999999741e-01   1.295900e+00   6.069787e-02
4.823636000000000035e-01   1.344542e+00   6.030373e-02
4.870747999999999744e-01   1.342105e+00   5.992515e-02
4.917861000000000038e-01   1.404585e+00   5.968533e-02
4.964972999999999748e-01   1.306243e+00   5.926065e-02
5.012086000000000041e-01   1.334501e+00   5.893138e-02
5.059198999999999780e-01   1.415286e+00   5.871920e-02
5.106311000000000044e-01   1.370441e+00   5.836746e-02
5.153423999999999783e-01   1.351662e+00   5.799976e-02
5.200536000000000048e-01   1.368339e+00   5.757858e-02
5.247648999999999786e-01   1.279978e+00   5.719933e-02
5.294761000000000051e-01   1.330754e+00   5.679395e-02
5.341873999999999789e-01   1.318237e+00   5.640057e-02
5.388986000000000054e-01   1.291828e+00   5.603920e-02
5.436098999999999792e-01   1.365792e+00   5.572208e-02
5.483211999999999531e-01   1.370011e+00   5.539287e-02
5.530323999999999796e-01   1.369258e+00   5.496211e-02
5.577436999999999534e-01   1.312311e+00   5.470577e-02
5.624548999999999799e-01   1.346100e+00   5.442961e-02
5.671661999999999537e-01   1.306100e+00   5.413063e-02
5.718773999999999802e-01   1.377375e+00   5.404306e-02
5.765886999999999540e-01   1.346859e+00   5.389055e-02
5.813000000000000389e-01   1.362590e+00   5.367952e-02
5.860111999999999544e-01   1.308604e+00   5.352219e-02
5.907225000000000392e-01   1.291670e+00   5.335017e-02
5.954336999999999547e-01   1.345348e+00   5.321959e-02
6.001450000000000395e-01   1.377210e+00   5.310479e-02
6.048561999999999550e-01   1.368873e+00   5.305891e-02
6.095675000000000399e-01   1.287463e+00   5.296492e-02
6.142788000000000137e-01   1.319090e+00   5.286576e-02
6.189900000000000402e-01   1.291967e+00   5.255182e-02
6.237013000000000140e-01   1.367565e+00   5.251649e-02
6.284125000000000405e-01   1.323614e+00   5.236732e-02
6.331238000000000143e-01   1.298044e+00   5.224593e-02
6.378350000000000408e-01   1.322924e+00   5.216134e-02
6.425463000000000147e-01   1.299854e+00   5.206475e-02
6.472575000000000411e-01   1.320017e+00   5.189035e-02
6.519688000000000150e-01   1.370147e+00   5.178403e-02
6.566800999999999888e-01   1.355676e+00   5.168830e-02
6.613913000000000153e-01   1.264401e+00   5.151402e-02
6.661025999999999891e-01   1.234264e+00   5.138292e-02
6.708138000000000156e-01   1.290413e+00   5.132713e-02
6.755250999999999895e-01   1.341666e+00   5.123906e-02
6.802363000000000159e-01   1.330000e+00   5.107370e-02
6.849475999999999898e-01   1.300624e+00   5.096005e-02
6.896588999999999636e-01   1.348716e+00   5.089678e-02
6.943700999999999901e-01   1.298255e+00   5.076999e-02
6.990813999999999639e-01   1.293696e+00   5.061643e-02
7.037925999999999904e-01   1.280872e+00   5.046798e-02
7.085038999999999643e-01   1.270213e+00   5.039004e-02
7.132150999999999907e-01   1.293230e+00   5.032634e-02
7.179263999999999646e-01   1.204884e+00   5.013040e-02
7.226375999999999911e-01   1.267883e+00   5.012812e-02
7.273488999999999649e-01   1.340954e+00   5.004329e-02
7.320602000000000498e-01   1.274266e+00   4.992756e-02
7.367713999999999652e-01   1.282572e+00   4.976544e-02
7.414827000000000501e-01   1.356023e+00   4.975939e-02
7.461938999999999655e-01   1.351533e+00   4.961915e-02
7.509052000000000504e-01   1.318581e+00   4.947225e-02
7.556163999999999659e-01   1.330351e+00   4.942115e-02
7.603277000000000507e-01   1.298802e+00   4.932650e-02
7.650390000000000246e-01   1.338124e+00   4.923042e-02
7.697502000000000510e-01   1.256631e+00   4.908019e-02
7.744615000000000249e-01   1.310468e+00   4.899535e-02
7.791727000000000514e-01   1.323143e+00   4.887258e-02
7.838840000000000252e-01   1.287944e+00   4.875307e-02
7.885952000000000517e-01   1.245213e+00   4.868092e-02
7.933065000000000255e-01   1.322221e+00   4.865093e-02
7.980177999999999994e-01   1.336078e+00   4.854352e-02
8.027290000000000258e-01   1.298580e+00   4.836593e-02
8.074402999999999997e-01   1.280213e+00   4.832852e-02
8.121515000000000262e-01   1.235536e+00   4.817085e-02
8.168628000000000000e-01   1.239094e+00   4.804857e-02
8.215740000000000265e-01   1.337505e+00   4.805888e-02
8.262853000000000003e-01   1.320476e+00   4.801505e-02
8.309965000000000268e-01   1.268261e+00   4.785933e-02
8.357078000000000007e-01   1.258202e+00   4.770074e-02
8.404190999999999745e-01   1.211395e+00   4.761743e-02
8.451303000000000010e-01   1.265485e+00   4.754164e-02
8.498415999999999748e-01   1.249200e+00   4.737402e-02
8.545528000000000013e-01   1.275202e+00   4.738719e-02
8.592640999999999751e-01   1.286120e+00   4.737606e-02
8.639753000000000016e-01   1.278086e+00   4.725403e-02
8.686865999999999755e-01   1.269083e+00   4.705984e-02
8.733978999999999493e-01   1.240798e+00   4.694110e-02
8.781090999999999758e-01   1.290696e+00   4.694163e-02
8.828203999999999496e-01   1.294572e+00   4.677989e-02
8.875315999999999761e-01   1.256487e+00   4.670695e-02
8.922428999999999499e-01   1.320758e+00   4.674014e-02
8.969540999999999764e-01   1.238229e+00   4.652507e-02
9.016653999999999503e-01   1.320846e+00   4.650916e-02
9.063767000000000351e-01   1.237781e+00   4.636657e-02
9.110878999999999506e-01   1.274447e+00   4.628556e-02
9.157992000000000354e-01   1.309824e+00   4.628112e-02
9.205103999999999509e-01   1.198064e+00   4.608610e-02
9.252217000000000358e-01   1.197359e+00   4.596222e-02
9.299328999999999512e-01   1.218087e+00   4.585202e-02
9.346442000000000361e-01   1.237950e+00   4.586449e-02
9.393553999999999515e-01   1.244900e+00   4.574839e-02
9.440667000000000364e-01   1.225980e+00   4.566465e-02
9.487780000000000102e-01   1.288888e+00   4.561998e-02
9.534892000000000367e-01   1.263815e+00   4.556929e-02
9.582005000000000106e-01   1.341406e+00   4.551583e-02
9.629117000000000370e-01   1.283549e+00   4.538824e-02
9.676230000000000109e-01   1.244532e+00   4.528543e-02
9.723342000000000374e-01   1.283834e+00   4.521738e-02
9.770455000000000112e-01   1.230650e+00   4.519184e-02
9.817567999999999850e-01   1.260603e+00   4.511135e-02
9.864680000000000115e-01   1.230795e+00   4.498660e-02
9.911792999999999854e-01   1.250019e+00   4.487390e-02
9.958905000000000118e-01   1.256001e+00   4.483886e-02
1.000601999999999991e+00   1.206332e+00   4.478936e-02
1.005312999999999901e+00   1.200325e+00   4.465667e-02
1.010024000000000033e+00   1.176900e+00   4.449476e-02
1.014736000000000082e+00   1.186877e+00   4.445256e-02
1.019446999999999992e+00   1.149067e+00   4.435158e-02
1.024157999999999902e+00   1.201217e+00   4.437602e-02
1.028869000000000034e+00   1.224937e+00   4.426469e-02
1.033581000000000083e+00   1.204778e+00   4.416202e-02
1.038291999999999993e+00   1.201674e+00   4.406264e-02
1.043002999999999902e+00   1.147171e+00   4.398708e-02
1.047714000000000034e+00   1.155216e+00   4.390729e-02
1.052426000000000084e+00   1.212576e+00   4.389087e-02
1.057136999999999993e+00   1.223732e+00   4.386961e-02
1.061847999999999903e+00   1.225530e+00   4.371179e-02
1.066559000000000035e+00   1.181350e+00   4.362595e-02
1.071271000000000084e+00   1.223688e+00   4.360633e-02
1.075981999999999994e+00   1.259986e+00   4.356454e-02
1.080692999999999904e+00   1.247939e+00   4.350059e-02
1.085404000000000035e+00   1.117133e+00   4.329827e-02
1.090116000000000085e+00   1.131895e+00   4.324243e-02
1.094826999999999995e+00   1.156205e+00   4.315536e-02
1.099537999999999904e+00   1.185403e+00   4.316460e-02
1.104249000000000036e+00   1.162019e+00   4.305883e-02
1.108961000000000086e+00   1.207353e+00   4.305461e-02
1.113671999999999995e+00   1.157137e+00   4.293887e-02
1.118382999999999905e+00   1.123669e+00   4.282781e-02
1.123094000000000037e+00   1.143955e+00   4.279033e-02
1.127806000000000086e+00   1.141883e+00   4.271986e-02
1.132516999999999996e+00   1.184422e+00   4.270177e-02
1.137227999999999906e+00   1.172482e+00   4.260211e-02
1.141939000000000037e+00   1.151734e+00   4.252156e-02
1.146651000000000087e+00   1.142183e+00   4.242227e-02
1.151361999999999997e+00   1.148241e+00   4.232682e-02
1.156072999999999906e+00   1.143970e+00   4.225152e-02
1.160784000000000038e+00   1.116733e+00   4.223445e-02
1.165496000000000087e+00   1.109234e+00   4.213045e-02
1.170206999999999997e+00   1.089283e+00   4.208130e-02
1.174917999999999907e+00   1.056774e+00   4.203118e-02
1.179629999999999956e+00   1.076870e+00   4.199931e-02
1.184341000000000088e+00   1.182235e+00   4.192763e-02
1.189051999999999998e+00   1.138699e+00   4.185291e-02
1.193762999999999908e+00   1.075064e+00   4.184469e-02
1.198474999999999957e+00   1.129628e+00   4.282657e-02
1.203186000000000089e+00   1.093949e+00   4.394244e-02
1.207896999999999998e+00   1.119516e+00   4.469985e-02
1.212607999999999908e+00   1.141492e+00   4.524073e-02
1.217319999999999958e+00   1.036845e+00   4.561020e-02
1.222031000000000089e+00   1.042739e+00   4.607974e-02
1.226741999999999999e+00   1.049919e+00   4.656572e-02
1.231452999999999909e+00   1.112440e+00   4.704679e-02
1.236164999999999958e+00   1.083893e+00   4.738802e-02
1.240876000000000090e+00   1.058488e+00   4.772260e-02
1.245587000000000000e+00   1.098106e+00   4.800575e-02
1.250297999999999909e+00   1.113774e+00   4.814040e-02
1.255009999999999959e+00   1.100283e+00   4.818854e-02
1.259721000000000091e+00   1.028919e+00   4.816418e-02
1.264432000000000000e+00   1.056458e+00   4.660759e-02
1.269142999999999910e+00   1.074498e+00   4.540888e-02
1.273854999999999960e+00   1.028164e+00   4.457517e-02
1.278566000000000091e+00   1.075750e+00   4.404831e-02
1.283277000000000001e+00   1.069671e+00   4.353965e-02
1.287987999999999911e+00   1.044425e+00   4.312394e-02
1.292699999999999960e+00   1.080336e+00   4.276944e-02
1.297411000000000092e+00   1.085807e+00   4.241769e-02
1.302122000000000002e+00   1.029378e+00   4.210121e-02
1.306832999999999911e+00   1.034888e+00   4.188247e-02
1.311544999999999961e+00   1.061736e+00   4.181546e-02
1.316256000000000093e+00   1.051158e+00   4.168089e-02
1.320967000000000002e+00   1.053201e+00   4.152934e-02
1.325677999999999912e+00   1.087998e+00   4.145349e-02
1.330389999999999961e+00   1.068044e+00   4.139065e-02
1.335101000000000093e+00   1.091656e+00   4.127127e-02
1.339812000000000003e+00   1.018249e+00   4.115597e-02
1.344522999999999913e+00   9.903477e-01   4.104220e-02
1.349234999999999962e+00   1.008492e+00   4.092817e-02
1.353946000000000094e+00   9.794979e-01   4.087137e-02
1.358657000000000004e+00   9.442166e-01   4.077265e-02
1.363369000000000053e+00   9.744466e-01   4.067265e-02
1.368079999999999963e+00   1.011748e+00   4.067855e-02
1.372791000000000095e+00   9.877401e-01   4.058275e-02
1.377502000000000004e+00   1.025754e+00   4.050256e-02
1.382214000000000054e+00   1.039199e+00   4.048289e-02
1.386924999999999963e+00   9.690090e-01   4.031322e-02
1.391636000000000095e+00   1.015840e+00   4.028400e-02
1.396347000000000005e+00   1.030474e+00   4.019684e-02
1.401059000000000054e+00   1.001417e+00   4.009038e-02
1.405769999999999964e+00   9.497596e-01   3.997860e-02
1.410481000000000096e+00   1.031330e+00   4.004646e-02
1.415192000000000005e+00   9.915321e-01   3.993329e-02
1.419904000000000055e+00   9.328269e-01   3.977339e-02
1.424614999999999965e+00   9.578476e-01   3.978925e-02
1.429326000000000096e+00   9.329640e-01   3.966484e-02
1.434037000000000006e+00   9.615487e-01   3.962732e-02
1.438749000000000056e+00   1.001407e+00   3.957363e-02
1.443459999999999965e+00   9.694188e-01   3.954755e-02
1.448171000000000097e+00   9.361643e-01   3.943475e-02
1.452882000000000007e+00   9.170889e-01   3.933508e-02
1.457594000000000056e+00   9.652754e-01   3.930785e-02
1.462304999999999966e+00   8.942078e-01   3.915554e-02
1.467016000000000098e+00   9.923080e-01   3.922324e-02
1.471727000000000007e+00   9.265218e-01   3.912474e-02
1.476439000000000057e+00   9.015805e-01   3.907791e-02
1.481149999999999967e+00   9.176834e-01   3.899965e-02
1.485861000000000098e+00   8.972942e-01   3.891624e-02
1.490572000000000008e+00   9.178275e-01   3.882849e-02
1.495284000000000058e+00   8.934938e-01   3.879729e-02
1.499994999999999967e+00   9.403940e-01   3.874366e-02
1.504706000000000099e+00   8.735904e-01   3.868705e-02
1.509417000000000009e+00   9.044416e-01   3.866897e-02
1.514129000000000058e+00   9.331859e-01   3.876904e-02
1.518839999999999968e+00   8.867975e-01   3.986220e-02
1.523551000000000100e+00   9.289226e-01   4.066945e-02
1.528262999999999927e+00   8.650412e-01   4.126350e-02
1.532974000000000059e+00   8.528722e-01   4.172512e-02
1.537684999999999969e+00   8.705504e-01   4.217480e-02
1.542396000000000100e+00   9.051948e-01   4.225457e-02
1.547107999999999928e+00   8.889396e-01   4.118239e-02
1.551819000000000059e+00   9.128718e-01   4.059194e-02
1.556529999999999969e+00   9.586897e-01   4.017250e-02
1.561241000000000101e+00   9.436374e-01   3.982057e-02
1.565952999999999928e+00   8.587650e-01   3.937551e-02
1.570664000000000060e+00   8.044730e-01   3.891059e-02
1.575374999999999970e+00   8.152543e-01   3.853156e-02
1.580086000000000102e+00   8.382314e-01   3.819072e-02
1.584797999999999929e+00   8.970116e-01   3.801509e-02
1.589509000000000061e+00   8.635952e-01   3.787470e-02
1.594219999999999970e+00   8.714296e-01   3.786731e-02
1.598931000000000102e+00   8.690234e-01   3.791585e-02
1.603642999999999930e+00   8.829869e-01   3.798999e-02
1.608354000000000061e+00   8.250737e-01   3.798298e-02
1.613064999999999971e+00   8.139933e-01   3.794336e-02
1.617776000000000103e+00   8.348416e-01   3.787300e-02
1.622487999999999930e+00   8.282337e-01   3.778374e-02
1.627199000000000062e+00   8.549054e-01   3.776824e-02
1.631909999999999972e+00   8.540591e-01   3.769012e-02
1.636621000000000103e+00   8.237095e-01   3.765605e-02
1.641332999999999931e+00   7.645193e-01   3.757408e-02
1.646044000000000063e+00   8.318553e-01   3.750933e-02
1.650754999999999972e+00   8.594979e-01   3.751277e-02
1.655466000000000104e+00   8.155312e-01   3.741868e-02
1.660177999999999932e+00   8.275676e-01   3.734968e-02
1.664889000000000063e+00   8.141095e-01   3.729520e-02
1.669599999999999973e+00   7.945215e-01   3.720086e-02
1.674311000000000105e+00   7.528048e-01   3.706893e-02
1.679022999999999932e+00   7.996847e-01   3.709561e-02
1.683734000000000064e+00   7.768021e-01   3.703486e-02
1.688444999999999974e+00   7.694121e-01   3.701555e-02
1.693156000000000105e+00   7.609352e-01   3.694126e-02
1.697867999999999933e+00   8.308196e-01   3.693383e-02
1.702579000000000065e+00   7.918547e-01   3.684077e-02
1.707289999999999974e+00   7.966933e-01   3.679518e-02
1.712002000000000024e+00   7.524270e-01   3.668495e-02
1.716712999999999933e+00   7.567108e-01   3.664041e-02
1.721424000000000065e+00   7.761050e-01   3.658251e-02
1.726134999999999975e+00   8.116836e-01   3.657932e-02
1.730847000000000024e+00   8.304949e-01   3.654728e-02
1.735557999999999934e+00   8.463053e-01   3.649409e-02
1.740269000000000066e+00   7.489104e-01   3.641745e-02
1.744979999999999976e+00   7.460140e-01   3.634676e-02
1.749692000000000025e+00   7.649378e-01   3.630326e-02
1.754402999999999935e+00   7.879627e-01   3.626959e-02
1.759114000000000066e+00   7.762705e-01   3.622605e-02
1.763824999999999976e+00   7.782597e-01   3.618947e-02
1.768537000000000026e+00   7.856376e-01   3.611792e-02
1.773247999999999935e+00   7.965846e-01   3.607109e-02
1.777959000000000067e+00   7.217347e-01   3.597989e-02
1.782669999999999977e+00   7.173138e-01   3.594350e-02
1.787382000000000026e+00   7.678185e-01   3.588995e-02
1.792092999999999936e+00   7.587432e-01   3.586599e-02
1.796804000000000068e+00   7.617709e-01   3.581786e-02
1.801514999999999977e+00   7.114185e-01   3.577681e-02
1.806227000000000027e+00   7.322768e-01   3.571066e-02
1.810937999999999937e+00   7.580041e-01   3.568771e-02
1.815649000000000068e+00   7.369238e-01   3.564308e-02
1.820359999999999978e+00   7.311715e-01   3.558808e-02
1.825072000000000028e+00   7.491497e-01   3.557328e-02
1.829782999999999937e+00   7.234768e-01   3.548349e-02
1.834494000000000069e+00   7.163866e-01   3.546588e-02
1.839204999999999979e+00   7.364040e-01   3.545656e-02
1.843917000000000028e+00   7.198563e-01   3.536449e-02
1.848627999999999938e+00   6.621105e-01   3.525678e-02
1.853339000000000070e+00   6.913688e-01   3.522945e-02
1.858049999999999979e+00   7.232949e-01   3.520930e-02
1.862762000000000029e+00   6.731930e-01   3.514712e-02
1.867472999999999939e+00   6.657409e-01   3.511708e-02
1.872184000000000070e+00   6.759407e-01   3.506198e-02
1.876894999999999980e+00   7.103052e-01   3.504179e-02
1.881607000000000030e+00   7.072079e-01   3.500656e-02
1.886317999999999939e+00   6.846386e-01   3.492164e-02
1.891029000000000071e+00   6.590516e-01   3.489112e-02
1.895740999999999898e+00   7.096702e-01   3.486528e-02
1.900452000000000030e+00   6.476200e-01   3.478173e-02
1.905162999999999940e+00   6.503322e-01   3.474914e-02
1.909874000000000072e+00   6.592639e-01   3.468475e-02
1.914585999999999899e+00   7.220506e-01   3.470776e-02
1.919297000000000031e+00   6.896720e-01   3.464607e-02
1.924007999999999940e+00   6.690860e-01   3.462319e-02
1.928719000000000072e+00   6.872553e-01   3.458360e-02
1.933430999999999900e+00   6.636053e-01   3.449805e-02
1.938142000000000031e+00   6.823161e-01   3.440717e-02
1.942852999999999941e+00   6.786099e-01   3.429646e-02
1.947564000000000073e+00   6.740060e-01   3.423220e-02
1.952275999999999900e+00   7.306507e-01   3.413630e-02
1.956987000000000032e+00   6.666862e-01   3.406996e-02
1.961697999999999942e+00   6.782204e-01   3.404253e-02
1.966409000000000074e+00   6.698030e-01   3.402088e-02
1.971120999999999901e+00   6.823142e-01   3.400096e-02
1.975832000000000033e+00   6.601156e-01   3.397851e-02
1.980542999999999942e+00   6.268378e-01   3.394311e-02
1.985254000000000074e+00   6.257091e-01   3.395383e-02
1.989965999999999902e+00   6.415757e-01   3.395630e-02
1.994677000000000033e+00   6.643719e-01   3.400724e-02
1.999387999999999943e+00   5.926772e-01   3.403709e-02
2.004099000000000075e+00   6.466729e-01   3.482365e-02
2.008811000000000124e+00   6.661630e-01   3.556235e-02
2.013522000000000034e+00   6.659270e-01   3.606781e-02
2.018232999999999944e+00   6.181437e-01   3.642465e-02
2.022943999999999853e+00   6.126323e-01   3.676224e-02
2.027655999999999903e+00   6.349871e-01   3.709188e-02
2.032366999999999813e+00   6.120840e-01   3.729586e-02
2.037078000000000166e+00   6.324412e-01   3.742392e-02
2.041789000000000076e+00   6.579930e-01   3.756087e-02
2.046501000000000126e+00   6.010472e-01   3.759875e-02
2.051212000000000035e+00   5.828467e-01   3.771053e-02
2.055922999999999945e+00   5.776418e-01   3.775248e-02
2.060633999999999855e+00   5.828235e-01   3.790110e-02
2.065345999999999904e+00   6.251527e-01   3.783490e-02
2.070056999999999814e+00   5.926567e-01   3.670665e-02
2.074768000000000168e+00   6.075985e-01   3.596143e-02
2.079480000000000217e+00   6.213684e-01   3.549458e-02
2.084191000000000127e+00   6.203503e-01   3.510209e-02
2.088902000000000037e+00   6.019632e-01   3.477701e-02
2.093612999999999946e+00   5.966646e-01   3.452478e-02
2.098324999999999996e+00   5.772793e-01   3.439622e-02
2.103035999999999905e+00   6.260721e-01   3.431967e-02
2.107746999999999815e+00   5.403958e-01   3.416806e-02
2.112458000000000169e+00   5.988852e-01   3.414123e-02
2.117170000000000218e+00   5.736015e-01   3.401780e-02
2.121881000000000128e+00   6.087287e-01   3.401244e-02
2.126592000000000038e+00   5.125885e-01   3.388288e-02
2.131302999999999948e+00   5.861424e-01   3.388423e-02
2.136014999999999997e+00   5.847287e-01   3.378188e-02
2.140725999999999907e+00   5.299281e-01   3.371347e-02
2.145436999999999816e+00   5.254714e-01   3.365181e-02
2.150148000000000170e+00   5.249623e-01   3.357459e-02
2.154860000000000220e+00   5.631375e-01   3.357059e-02
2.159571000000000129e+00   5.692070e-01   3.348567e-02
2.164282000000000039e+00   5.545155e-01   3.346546e-02
2.168992999999999949e+00   5.434565e-01   3.339421e-02
2.173704999999999998e+00   4.533935e-01   3.328479e-02
2.178415999999999908e+00   5.412925e-01   3.329578e-02
2.183126999999999818e+00   5.499874e-01   3.325569e-02
2.187838000000000171e+00   5.262611e-01   3.315322e-02
2.192550000000000221e+00   6.058890e-01   3.316391e-02
2.197261000000000131e+00   6.011380e-01   3.311375e-02
2.201972000000000040e+00   5.287448e-01   3.303518e-02
2.206682999999999950e+00   5.143033e-01   3.299387e-02
2.211395000000000000e+00   5.194239e-01   3.296414e-02
2.216105999999999909e+00   5.150946e-01   3.291770e-02
2.220816999999999819e+00   5.221634e-01   3.286736e-02
2.225528000000000173e+00   5.431527e-01   3.280025e-02
2.230239999999999778e+00   5.283120e-01   3.273968e-02
2.234951000000000132e+00   5.612910e-01   3.275242e-02
2.239662000000000042e+00   5.600884e-01   3.270739e-02
2.244372999999999951e+00   4.991374e-01   3.263221e-02
2.249085000000000001e+00   4.930890e-01   3.258816e-02
2.253795999999999911e+00   5.001431e-01   3.255685e-02
2.258506999999999820e+00   5.523513e-01   3.256854e-02
2.263218999999999870e+00   5.651659e-01   3.247788e-02
2.267929999999999779e+00   5.107981e-01   3.245874e-02
2.272641000000000133e+00   4.980314e-01   3.240069e-02
2.277352000000000043e+00   5.059286e-01   3.232814e-02
2.282064000000000092e+00   5.124118e-01   3.229597e-02
2.286775000000000002e+00   4.883710e-01   3.229391e-02
2.291485999999999912e+00   5.168756e-01   3.225277e-02
2.296196999999999822e+00   4.350098e-01   3.216358e-02
2.300908999999999871e+00   4.286912e-01   3.210854e-02
2.305619999999999781e+00   4.613170e-01   3.208007e-02
2.310331000000000135e+00   5.194488e-01   3.204812e-02
2.315042000000000044e+00   4.791860e-01   3.200686e-02
2.319754000000000094e+00   5.089525e-01   3.199896e-02
2.324465000000000003e+00   5.030191e-01   3.197267e-02
2.329175999999999913e+00   5.476315e-01   3.196304e-02
2.333886999999999823e+00   4.859080e-01   3.191198e-02
2.338598999999999872e+00   4.329752e-01   3.185309e-02
2.343309999999999782e+00   4.412344e-01   3.180126e-02
2.348021000000000136e+00   4.673800e-01   3.176865e-02
2.352732000000000046e+00   5.035435e-01   3.173805e-02
2.357444000000000095e+00   4.714057e-01   3.170272e-02
2.362155000000000005e+00   4.181273e-01   3.165748e-02
2.366865999999999914e+00   4.363759e-01   3.163432e-02
2.371576999999999824e+00   4.695308e-01   3.160122e-02
2.376288999999999874e+00   4.668712e-01   3.156077e-02
2.380999999999999783e+00   4.317445e-01   3.151904e-02
2.385711000000000137e+00   4.164697e-01   3.148036e-02
2.390422000000000047e+00   4.522742e-01   3.150089e-02
2.395134000000000096e+00   4.371261e-01   3.141562e-02
2.399845000000000006e+00   4.832200e-01   3.141395e-02
2.404555999999999916e+00   5.104241e-01   3.138183e-02
2.409266999999999825e+00   4.616645e-01   3.130834e-02
2.413978999999999875e+00   4.421690e-01   3.129430e-02
2.418689999999999785e+00   4.482780e-01   3.123462e-02
2.423401000000000138e+00   4.320651e-01   3.121899e-02
2.428112000000000048e+00   4.424799e-01   3.118584e-02
2.432824000000000098e+00   4.947682e-01   3.115671e-02
2.437535000000000007e+00   5.046134e-01   3.117534e-02
2.442245999999999917e+00   4.737266e-01   3.110278e-02
2.446957999999999966e+00   4.003722e-01   3.102261e-02
2.451668999999999876e+00   4.448669e-01   3.103167e-02
2.456379999999999786e+00   4.538910e-01   3.101849e-02
2.461091000000000140e+00   4.425316e-01   3.096558e-02
2.465803000000000189e+00   4.579469e-01   3.093729e-02
2.470514000000000099e+00   4.465398e-01   3.093783e-02
2.475225000000000009e+00   4.209705e-01   3.085304e-02
2.479935999999999918e+00   4.422843e-01   3.085364e-02
2.484647999999999968e+00   4.406781e-01   3.081425e-02
2.489358999999999877e+00   4.657183e-01   3.080417e-02
2.494069999999999787e+00   4.130739e-01   3.071501e-02
2.498781000000000141e+00   4.065966e-01   3.071394e-02
2.503493000000000190e+00   4.481343e-01   3.069571e-02
2.508204000000000100e+00   4.544493e-01   3.063469e-02
2.512915000000000010e+00   4.406565e-01   3.060429e-02
2.517625999999999920e+00   4.113678e-01   3.052681e-02
2.522337999999999969e+00   4.118601e-01   3.045897e-02
2.527048999999999879e+00   4.229491e-01   3.040941e-02
2.531759999999999788e+00   4.023287e-01   3.035172e-02
2.536471000000000142e+00   4.586546e-01   3.035254e-02
2.541183000000000192e+00   4.462621e-01   3.033421e-02
2.545894000000000101e+00   4.197731e-01   3.027909e-02
2.550605000000000011e+00   3.871749e-01   3.022555e-02
2.555315999999999921e+00   3.707903e-01   3.019563e-02
2.560027999999999970e+00   3.740732e-01   3.018697e-02
2.564738999999999880e+00   3.551171e-01   3.015773e-02
2.569449999999999790e+00   4.083217e-01   3.015123e-02
2.574161000000000143e+00   4.078457e-01   3.019665e-02
2.578873000000000193e+00   3.567302e-01   3.016711e-02
2.583584000000000103e+00   3.968528e-01   3.016136e-02
2.588295000000000012e+00   4.152766e-01   3.015135e-02
2.593005999999999922e+00   4.397309e-01   3.012928e-02
2.597717999999999972e+00   3.967306e-01   3.007507e-02
2.602428999999999881e+00   3.973900e-01   3.007025e-02
2.607139999999999791e+00   3.670813e-01   2.999911e-02
2.611851000000000145e+00   3.546817e-01   2.997544e-02
2.616563000000000194e+00   3.578753e-01   2.993313e-02
2.621274000000000104e+00   3.958469e-01   2.994566e-02
2.625985000000000014e+00   3.630144e-01   2.991331e-02
2.630697000000000063e+00   3.652248e-01   2.983778e-02
2.635407999999999973e+00   3.823491e-01   2.984042e-02
2.640118999999999883e+00   4.337685e-01   2.984010e-02
2.644829999999999792e+00   4.174699e-01   2.982315e-02
2.649541999999999842e+00   3.503828e-01   2.975021e-02
2.654253000000000196e+00   3.822476e-01   2.972912e-02
2.658964000000000105e+00   4.024331e-01   2.972197e-02
2.663675000000000015e+00   3.881064e-01   2.970113e-02
2.668387000000000064e+00   3.427035e-01   2.965591e-02
2.673097999999999974e+00   3.470116e-01   2.962090e-02
2.677808999999999884e+00   3.705381e-01   2.958286e-02
2.682519999999999794e+00   3.495822e-01   2.953589e-02
2.687231999999999843e+00   3.403350e-01   2.951230e-02
2.691943000000000197e+00   3.314127e-01   2.946716e-02
2.696654000000000106e+00   3.747997e-01   2.950099e-02
2.701365000000000016e+00   3.475910e-01   2.944825e-02
2.706077000000000066e+00   3.671543e-01   2.942568e-02
2.710787999999999975e+00   3.606541e-01   2.942066e-02
2.715498999999999885e+00   3.510431e-01   2.939253e-02
2.720209999999999795e+00   3.656084e-01   2.936228e-02
2.724921999999999844e+00   3.896323e-01   2.932843e-02
2.729633000000000198e+00   3.704502e-01   2.930229e-02
2.734344000000000108e+00   3.550786e-01   2.928320e-02
2.739055000000000017e+00   3.475124e-01   2.921726e-02
2.743767000000000067e+00   3.983937e-01   2.923832e-02
2.748477999999999977e+00   3.414720e-01   2.916381e-02
2.753188999999999886e+00   3.344527e-01   2.917297e-02
2.757899999999999796e+00   3.303180e-01   2.913734e-02
2.762611999999999846e+00   3.584706e-01   2.909810e-02
2.767323000000000199e+00   3.570446e-01   2.908407e-02
2.772034000000000109e+00   3.455880e-01   2.909641e-02
2.776745000000000019e+00   3.172154e-01   2.902830e-02
2.781457000000000068e+00   3.512225e-01   2.901375e-02
2.786167999999999978e+00   3.602681e-01   2.898731e-02
2.790878999999999888e+00   3.644433e-01   2.897202e-02
2.795589999999999797e+00   3.171139e-01   2.891354e-02
2.800301999999999847e+00   3.581105e-01   2.892460e-02
2.805013000000000201e+00   3.314061e-01   2.904334e-02
2.809724000000000110e+00   3.282377e-01   2.976465e-02
2.814436000000000160e+00   3.495597e-01   3.026040e-02
2.819147000000000070e+00   2.946856e-01   3.064598e-02
2.823857999999999979e+00   3.234402e-01   3.088647e-02
2.828568999999999889e+00   3.502747e-01   3.103520e-02
2.833280999999999938e+00   3.523964e-01   3.116598e-02
2.837991999999999848e+00   3.378164e-01   3.124658e-02
2.842703000000000202e+00   3.374814e-01   3.132942e-02
2.847414000000000112e+00   3.340893e-01   3.141116e-02
2.852126000000000161e+00   3.306544e-01   3.150259e-02
2.856837000000000071e+00   3.180150e-01   3.153431e-02
2.861547999999999981e+00   3.341152e-01   3.159928e-02
2.866258999999999890e+00   3.474338e-01   3.170960e-02
2.870970999999999940e+00   3.501217e-01   3.149055e-02
2.875681999999999849e+00   3.166546e-01   3.062792e-02
2.880393000000000203e+00   3.194192e-01   3.015564e-02
2.885104000000000113e+00   3.186785e-01   2.984168e-02
2.889816000000000162e+00   3.422026e-01   2.962637e-02
2.894527000000000072e+00   3.237665e-01   2.946825e-02
2.899237999999999982e+00   2.989212e-01   2.935679e-02
2.903948999999999891e+00   2.867247e-01   2.930504e-02
2.908660999999999941e+00   3.025450e-01   2.925716e-02
2.913371999999999851e+00   3.251851e-01   2.920946e-02
2.918083000000000204e+00   4.032393e-01   2.917473e-02
2.922794000000000114e+00   4.058269e-01   2.913252e-02
2.927506000000000164e+00   3.354805e-01   2.904655e-02
2.932217000000000073e+00   3.050573e-01   2.899056e-02
2.936927999999999983e+00   3.520089e-01   2.897318e-02
2.941638999999999893e+00   3.133134e-01   2.890836e-02
2.946350999999999942e+00   3.186067e-01   2.886359e-02
2.951061999999999852e+00   3.319391e-01   2.884112e-02
2.955773000000000206e+00   2.926499e-01   2.878794e-02
2.960484000000000115e+00   2.987064e-01   2.875262e-02
2.965196000000000165e+00   2.822997e-01   2.870592e-02
2.969907000000000075e+00   3.554156e-01   2.871021e-02
2.974617999999999984e+00   3.191678e-01   2.863655e-02
2.979328999999999894e+00   3.322374e-01   2.859758e-02
2.984040999999999944e+00   3.158628e-01   2.857505e-02
2.988751999999999853e+00   3.378890e-01   2.857034e-02
2.993463000000000207e+00   3.280452e-01   2.852907e-02
2.998174999999999812e+00   3.285510e-01   2.849297e-02
3.002886000000000166e+00   2.957586e-01   2.844672e-02
3.007597000000000076e+00   3.161859e-01   2.841558e-02
3.012307999999999986e+00   3.239600e-01   2.839835e-02
3.017020000000000035e+00   3.038455e-01   2.834636e-02
3.021730999999999945e+00   3.234613e-01   2.832086e-02
3.026441999999999855e+00   3.161995e-01   2.827874e-02
3.031153000000000208e+00   3.145121e-01   2.826893e-02
3.035864999999999814e+00   3.020879e-01   2.824681e-02
3.040576000000000167e+00   2.754915e-01   2.819645e-02
3.045287000000000077e+00   2.800257e-01   2.815647e-02
3.049997999999999987e+00   2.499103e-01   2.812380e-02
3.054710000000000036e+00   2.968352e-01   2.810360e-02
3.059420999999999946e+00   3.249281e-01   2.809668e-02
3.064131999999999856e+00   3.333731e-01   2.807484e-02
3.068843000000000210e+00   3.121606e-01   2.804523e-02
3.073554999999999815e+00   2.994667e-01   2.803246e-02
3.078266000000000169e+00   2.644611e-01   2.798409e-02
3.082977000000000078e+00   2.865228e-01   2.794080e-02
3.087687999999999988e+00   3.036428e-01   2.791791e-02
3.092400000000000038e+00   2.882012e-01   2.791165e-02
3.097110999999999947e+00   2.753653e-01   2.785797e-02
3.101821999999999857e+00   2.770899e-01   2.784112e-02
3.106533000000000211e+00   2.680314e-01   2.782611e-02
3.111244999999999816e+00   3.053720e-01   2.779583e-02
3.115956000000000170e+00   2.899263e-01   2.777032e-02
3.120667000000000080e+00   2.670101e-01   2.775051e-02
3.125377999999999989e+00   2.748610e-01   2.770841e-02
3.130090000000000039e+00   2.739167e-01   2.769998e-02
3.134800999999999949e+00   2.619261e-01   2.768109e-02
3.139511999999999858e+00   2.336584e-01   2.763043e-02
3.144223000000000212e+00   2.480185e-01   2.761459e-02
3.148934999999999818e+00   2.585333e-01   2.758925e-02
3.153646000000000171e+00   2.969308e-01   2.755901e-02
3.158357000000000081e+00   3.183562e-01   2.758021e-02
3.163067999999999991e+00   2.760158e-01   2.753710e-02
3.167780000000000040e+00   2.721602e-01   2.751623e-02
3.172490999999999950e+00   2.785369e-01   2.748695e-02
3.177201999999999860e+00   2.678555e-01   2.747559e-02
3.181913999999999909e+00   2.466883e-01   2.744642e-02
3.186624999999999819e+00   2.835051e-01   2.741532e-02
3.191336000000000173e+00   2.806396e-01   2.736545e-02
3.196047000000000082e+00   2.744421e-01   2.731574e-02
3.200759000000000132e+00   2.506688e-01   2.724811e-02
3.205470000000000041e+00   2.364260e-01   2.721024e-02
3.210180999999999951e+00   2.350710e-01   2.718479e-02
3.214891999999999861e+00   2.893862e-01   2.719761e-02
3.219603999999999910e+00   2.602134e-01   2.717884e-02
3.224314999999999820e+00   2.623149e-01   2.715350e-02
3.229026000000000174e+00   2.695807e-01   2.712405e-02
3.233737000000000084e+00   2.523900e-01   2.708570e-02
3.238449000000000133e+00   2.538793e-01   2.706859e-02
3.243160000000000043e+00   2.394726e-01   2.706290e-02
3.247870999999999952e+00   2.648288e-01   2.706001e-02
3.252581999999999862e+00   2.934018e-01   2.708992e-02
3.257293999999999912e+00   2.619037e-01   2.704199e-02
3.262004999999999821e+00   2.197934e-01   2.701680e-02
3.266716000000000175e+00   2.739258e-01   2.702401e-02
3.271427000000000085e+00   2.565231e-01   2.701107e-02
3.276139000000000134e+00   2.719255e-01   2.698408e-02
3.280850000000000044e+00   2.569698e-01   2.696664e-02
3.285560999999999954e+00   2.612016e-01   2.691697e-02
3.290271999999999863e+00   2.390038e-01   2.690006e-02
3.294983999999999913e+00   2.108969e-01   2.686434e-02
3.299694999999999823e+00   2.082859e-01   2.684734e-02
3.304406000000000176e+00   2.562084e-01   2.685954e-02
3.309117000000000086e+00   2.515993e-01   2.683174e-02
3.313829000000000136e+00   2.741496e-01   2.681097e-02
3.318540000000000045e+00   2.591597e-01   2.678299e-02
3.323250999999999955e+00   2.405887e-01   2.677930e-02
3.327961999999999865e+00   2.476970e-01   2.676987e-02
3.332673999999999914e+00   2.588684e-01   2.673870e-02
3.337384999999999824e+00   2.388096e-01   2.671721e-02
3.342096000000000178e+00   2.149142e-01   2.667483e-02
3.346807000000000087e+00   2.049271e-01   2.665107e-02
3.351519000000000137e+00   2.756094e-01   2.667249e-02
3.356230000000000047e+00   2.533596e-01   2.663099e-02
3.360940999999999956e+00   2.698918e-01   2.661512e-02
3.365653000000000006e+00   2.790508e-01   2.660730e-02
3.370363999999999916e+00   2.553937e-01   2.658317e-02
3.375074999999999825e+00   2.626412e-01   2.653989e-02
3.379786000000000179e+00   2.498633e-01   2.651419e-02
3.384497999999999784e+00   1.995570e-01   2.650209e-02
3.389209000000000138e+00   2.357608e-01   2.666284e-02
3.393920000000000048e+00   2.595512e-01   2.728570e-02
3.398630999999999958e+00   2.437923e-01   2.765820e-02
3.403343000000000007e+00   2.764254e-01   2.795742e-02
3.408053999999999917e+00   2.712301e-01   2.816913e-02
3.412764999999999826e+00   2.484990e-01   2.823986e-02
3.417476000000000180e+00   2.385534e-01   2.822602e-02
3.422187999999999786e+00   2.271597e-01   2.825876e-02
3.426899000000000139e+00   2.071980e-01   2.830153e-02
3.431610000000000049e+00   2.301260e-01   2.836067e-02
3.436320999999999959e+00   2.468753e-01   2.846085e-02
3.441033000000000008e+00   2.178775e-01   2.849227e-02
3.445743999999999918e+00   2.377850e-01   2.854774e-02
3.450454999999999828e+00   2.787137e-01   2.862709e-02
3.455166000000000182e+00   2.242910e-01   2.863406e-02
3.459877999999999787e+00   2.346080e-01   2.870136e-02
3.464589000000000141e+00   2.330203e-01   2.875939e-02
3.469300000000000050e+00   2.231620e-01   2.877747e-02
3.474010999999999960e+00   2.659836e-01   2.881852e-02
3.478723000000000010e+00   2.341019e-01   2.889451e-02
3.483433999999999919e+00   1.922071e-01   2.889814e-02
3.488144999999999829e+00   2.013080e-01   2.894045e-02
3.492856000000000183e+00   2.198456e-01   2.899394e-02
3.497567999999999788e+00   2.432489e-01   2.906559e-02
3.502279000000000142e+00   2.291876e-01   2.906331e-02
3.506990000000000052e+00   2.296573e-01   2.905221e-02
3.511700999999999961e+00   1.993458e-01   2.911820e-02
3.516413000000000011e+00   1.889021e-01   2.914280e-02
3.521123999999999921e+00   2.458436e-01   2.920086e-02
3.525834999999999830e+00   1.807932e-01   2.920298e-02
3.530546000000000184e+00   2.098135e-01   2.921541e-02
3.535257999999999790e+00   1.822357e-01   2.925086e-02
3.539969000000000143e+00   2.222359e-01   2.929949e-02
3.544680000000000053e+00   2.123992e-01   2.933503e-02
3.549392000000000102e+00   2.200191e-01   2.934581e-02
3.554103000000000012e+00   2.234351e-01   2.936434e-02
3.558813999999999922e+00   2.077906e-01   2.939514e-02
3.563524999999999832e+00   2.121892e-01   2.944403e-02
3.568236999999999881e+00   2.321193e-01   2.947938e-02
3.572947999999999791e+00   2.187769e-01   2.949787e-02
3.577659000000000145e+00   2.562162e-01   2.951906e-02
3.582370000000000054e+00   2.512691e-01   2.953455e-02
3.587082000000000104e+00   2.521085e-01   2.959518e-02
3.591793000000000013e+00   2.144361e-01   2.958021e-02
3.596503999999999923e+00   1.992715e-01   2.957325e-02
3.601214999999999833e+00   2.395277e-01   2.958123e-02
3.605926999999999882e+00   2.605194e-01   2.962091e-02
3.610637999999999792e+00   2.756411e-01   3.017807e-02
3.615349000000000146e+00   1.946904e-01   3.104940e-02
3.620060000000000056e+00   2.251326e-01   3.155070e-02
3.624772000000000105e+00   1.643451e-01   3.192195e-02
3.629483000000000015e+00   2.340439e-01   3.219946e-02
3.634193999999999924e+00   2.176114e-01   3.240428e-02
3.638904999999999834e+00   2.088850e-01   3.261413e-02
3.643616999999999884e+00   1.825691e-01   3.277733e-02
3.648327999999999793e+00   2.050245e-01   3.295619e-02
3.653039000000000147e+00   1.625409e-01   3.308148e-02
3.657750000000000057e+00   1.780374e-01   3.328734e-02
3.662462000000000106e+00   2.290976e-01   3.349154e-02
3.667173000000000016e+00   2.061396e-01   3.361164e-02
3.671883999999999926e+00   2.108167e-01   3.378018e-02
3.676594999999999835e+00   2.400540e-01   3.395455e-02
3.681306999999999885e+00   1.739705e-01   3.405016e-02
3.686017999999999795e+00   2.440876e-01   3.424550e-02
3.690729000000000148e+00   2.469205e-01   3.440289e-02
3.695440000000000058e+00   1.916717e-01   3.451661e-02
3.700152000000000108e+00   1.752136e-01   3.464658e-02
3.704863000000000017e+00   2.147635e-01   3.478950e-02
3.709573999999999927e+00   2.336016e-01   3.496884e-02
3.714284999999999837e+00   2.505159e-01   3.511404e-02
3.718996999999999886e+00   2.132111e-01   3.521457e-02
3.723707999999999796e+00   2.056813e-01   3.535505e-02
3.728419000000000150e+00   1.822027e-01   3.546383e-02
3.733131000000000199e+00   1.433455e-01   3.561068e-02
3.737842000000000109e+00   2.522055e-01   3.579848e-02
3.742553000000000019e+00   2.702145e-01   3.597452e-02
3.747263999999999928e+00   1.887183e-01   3.601838e-02
3.751975999999999978e+00   1.546711e-01   3.615346e-02
3.756686999999999887e+00   1.976023e-01   3.632369e-02
3.761397999999999797e+00   1.936799e-01   3.641890e-02
3.766109000000000151e+00   1.664469e-01   3.656076e-02
3.770821000000000200e+00   2.297321e-01   3.673434e-02
3.775532000000000110e+00   2.138006e-01   3.684448e-02
3.780243000000000020e+00   1.898329e-01   3.695301e-02
3.784953999999999930e+00   1.685599e-01   3.709935e-02
3.789665999999999979e+00   1.381992e-01   3.718862e-02
3.794376999999999889e+00   1.607422e-01   3.732202e-02
3.799087999999999798e+00   1.990912e-01   3.746864e-02
3.803799000000000152e+00   1.872246e-01   3.759049e-02
3.808511000000000202e+00   1.908977e-01   3.776674e-02
3.813222000000000111e+00   2.289313e-01   3.793396e-02
3.817933000000000021e+00   2.007464e-01   3.807715e-02
3.822643999999999931e+00   2.336389e-01   3.819854e-02
3.827355999999999980e+00   1.837761e-01   3.824753e-02
3.832066999999999890e+00   2.301139e-01   3.845120e-02
3.836777999999999800e+00   2.149495e-01   3.858585e-02
3.841489000000000154e+00   2.205373e-01   3.870689e-02
3.846201000000000203e+00   2.102465e-01   3.885819e-02
3.850912000000000113e+00   2.604042e-01   3.902674e-02
3.855623000000000022e+00   2.314576e-01   3.910226e-02
3.860333999999999932e+00   2.301670e-01   3.928745e-02
3.865045999999999982e+00   2.055734e-01   3.939397e-02
3.869756999999999891e+00   2.357145e-01   3.954074e-02
3.874467999999999801e+00   2.441241e-01   3.969097e-02
3.879179000000000155e+00   2.066502e-01   3.973741e-02
3.883891000000000204e+00   2.293356e-01   3.993963e-02
3.888602000000000114e+00   1.880178e-01   4.003119e-02
3.893313000000000024e+00   1.486347e-01   4.011790e-02
3.898023999999999933e+00   1.979255e-01   4.035403e-02
3.902735999999999983e+00   2.145451e-01   4.049774e-02
3.907446999999999893e+00   1.810589e-01   4.057945e-02
3.912157999999999802e+00   1.471163e-01   4.069715e-02
3.916869999999999852e+00   1.548999e-01   4.076225e-02
3.921581000000000206e+00   1.536667e-01   4.077648e-02
3.926292000000000115e+00   1.662185e-01   4.089905e-02
3.931003000000000025e+00   1.848617e-01   4.106324e-02
3.935715000000000074e+00   1.770006e-01   4.112530e-02
3.940425999999999984e+00   1.862090e-01   4.113885e-02
3.945136999999999894e+00   1.685954e-01   4.119246e-02
3.949847999999999804e+00   2.174532e-01   4.131562e-02
3.954559999999999853e+00   2.124730e-01   4.136420e-02
3.959271000000000207e+00   1.841838e-01   4.137133e-02
3.963982000000000117e+00   1.957940e-01   4.141864e-02
3.968693000000000026e+00   1.833536e-01   4.144784e-02
3.973405000000000076e+00   2.068936e-01   4.158803e-02
3.978115999999999985e+00   2.468542e-01   4.177358e-02
3.982826999999999895e+00   2.110190e-01   4.190323e-02
3.987537999999999805e+00   2.297526e-01   4.207197e-02
3.992249999999999854e+00   1.540939e-01   4.213629e-02
3.996961000000000208e+00   1.882326e-01   4.233193e-02
4.001672000000000118e+00   2.100547e-01   4.247979e-02
4.006382999999999583e+00   2.199896e-01   4.263953e-02
4.011095000000000077e+00   1.557527e-01   4.270880e-02
4.015806000000000431e+00   1.772501e-01   4.286323e-02
4.020516999999999896e+00   1.752582e-01   4.306472e-02
4.025228000000000250e+00   1.886155e-01   4.318756e-02
4.029939999999999856e+00   1.701196e-01   4.328096e-02
4.034651000000000209e+00   1.720985e-01   4.345291e-02
4.039361999999999675e+00   1.743349e-01   4.363815e-02
4.044073000000000029e+00   1.221644e-01   4.368139e-02
4.048784999999999634e+00   1.669415e-01   4.385740e-02
4.053495999999999988e+00   1.696974e-01   4.403361e-02
4.058207000000000342e+00   1.441398e-01   4.416402e-02
4.062917999999999807e+00   1.702809e-01   4.432268e-02
4.067630000000000301e+00   1.533180e-01   4.451260e-02
4.072340999999999767e+00   1.824262e-01   4.467303e-02
4.077052000000000120e+00   2.477557e-01   4.484349e-02
4.081762999999999586e+00   2.204675e-01   4.504274e-02
4.086475000000000080e+00   1.708504e-01   4.513966e-02
4.091186000000000433e+00   1.237590e-01   4.520824e-02
4.095896999999999899e+00   1.002462e-01   4.537884e-02
4.100609000000000393e+00   1.669022e-01   4.562673e-02
4.105319999999999858e+00   1.229088e-01   4.574923e-02
4.110031000000000212e+00   1.042268e-01   4.588028e-02
4.114741999999999678e+00   1.210480e-01   4.608967e-02
4.119454000000000171e+00   1.391911e-01   4.623921e-02
4.124164999999999637e+00   1.545142e-01   4.642138e-02
4.128875999999999991e+00   1.896680e-01   4.660653e-02
4.133587000000000344e+00   1.295044e-01   4.678312e-02
4.138298999999999950e+00   7.778639e-02   4.694184e-02
4.143010000000000304e+00   1.467209e-01   4.708847e-02
4.147720999999999769e+00   1.966683e-01   4.732595e-02
4.152432000000000123e+00   1.805652e-01   4.747687e-02
4.157143999999999728e+00   2.131483e-01   4.774966e-02
4.161855000000000082e+00   2.295417e-01   4.788807e-02
4.166566000000000436e+00   1.769715e-01   4.802859e-02
4.171276999999999902e+00   1.498790e-01   4.818856e-02
4.175989000000000395e+00   1.631901e-01   4.843485e-02
4.180699999999999861e+00   2.224129e-01   4.865052e-02
4.185411000000000215e+00   1.723702e-01   4.869092e-02
4.190121999999999680e+00   1.690174e-01   4.893653e-02
4.194834000000000174e+00   2.324405e-01   4.915735e-02
4.199544999999999639e+00   2.286314e-01   4.937386e-02
4.204255999999999993e+00   1.766475e-01   4.952232e-02
4.208967000000000347e+00   1.298838e-01   4.962280e-02
4.213678999999999952e+00   1.560826e-01   4.982191e-02
4.218390000000000306e+00   2.059804e-01   5.014006e-02
4.223100999999999772e+00   1.444966e-01   5.026709e-02
4.227812000000000126e+00   1.818477e-01   5.052478e-02
4.232523999999999731e+00   1.620206e-01   5.069859e-02
4.237235000000000085e+00   1.401587e-01   5.079346e-02
4.241946000000000438e+00   9.406990e-02   5.101261e-02
4.246656999999999904e+00   1.466733e-01   5.128687e-02
4.251369000000000398e+00   2.426773e-01   5.167921e-02
4.256079999999999863e+00   2.148925e-01   5.186231e-02
4.260791000000000217e+00   2.032070e-01   5.192091e-02
4.265501999999999683e+00   1.699760e-01   5.212980e-02
4.270214000000000176e+00   1.525164e-01   5.240694e-02
4.274924999999999642e+00   1.244516e-01   5.261184e-02
4.279635999999999996e+00   1.922153e-01   5.282558e-02
4.284347999999999601e+00   1.333410e-01   5.304570e-02
4.289058999999999955e+00   2.553744e-01   5.338655e-02
4.293770000000000309e+00   1.989798e-01   5.347717e-02
4.298480999999999774e+00   1.851369e-01   5.362133e-02
4.303193000000000268e+00   2.162639e-01   5.402901e-02
4.307903999999999733e+00   1.813064e-01   5.417587e-02
4.312615000000000087e+00   1.930187e-01   5.449596e-02
4.317326000000000441e+00   1.015749e-01   5.457177e-02
4.322038000000000046e+00   1.242016e-01   5.491308e-02
4.326749000000000400e+00   1.529344e-01   5.522759e-02
4.331459999999999866e+00   1.283768e-01   5.547363e-02
4.336171000000000220e+00   1.006037e-01   5.571057e-02
4.340882999999999825e+00   1.694177e-01   5.598004e-02
4.345594000000000179e+00   1.467072e-01   5.611457e-02
4.350304999999999644e+00   1.251850e-01   5.646784e-02
4.355015999999999998e+00   1.164021e-01   5.670631e-02
4.359727999999999604e+00   1.003476e-01   5.692710e-02
4.364438999999999957e+00   1.121996e-01   5.726670e-02
4.369150000000000311e+00   9.701409e-02   5.745810e-02
4.373860999999999777e+00   1.436981e-01   5.782730e-02
4.378573000000000270e+00   1.345778e-01   5.810527e-02
4.383283999999999736e+00   7.558356e-02   5.830280e-02
4.387995000000000090e+00   1.519176e-01   5.874143e-02
4.392706000000000444e+00   1.019867e-01   5.893994e-02
4.397418000000000049e+00   5.158379e-02   5.916307e-02
4.402129000000000403e+00   1.027261e-01   5.923516e-02
4.406839999999999868e+00   1.119669e-01   5.929117e-02
4.411551000000000222e+00   2.355721e-01   5.935149e-02
4.416262999999999828e+00   2.144536e-01   5.938118e-02
4.420974000000000181e+00   1.554588e-01   5.942103e-02
4.425684999999999647e+00   1.399995e-01   5.942977e-02
4.430396000000000001e+00   1.398879e-01   5.937362e-02
4.435107999999999606e+00   1.044126e-01   5.940896e-02
4.439818999999999960e+00   2.412916e-01   5.975886e-02
4.444530000000000314e+00   2.653791e-01   5.999886e-02
4.449240999999999779e+00   1.930570e-01   6.023796e-02
4.453953000000000273e+00   2.108996e-01   6.069205e-02
4.458663999999999739e+00   1.230651e-01   6.097169e-02
4.463375000000000092e+00   1.762750e-01   6.122224e-02
4.468086999999999698e+00   1.230869e-01   6.149922e-02
4.472798000000000052e+00   1.514874e-01   6.190469e-02
4.477509000000000405e+00   8.527966e-02   6.216809e-02
4.482219999999999871e+00   1.645743e-01   6.255061e-02
4.486932000000000365e+00   2.453633e-01   6.299772e-02
4.491642999999999830e+00   1.614918e-01   6.323120e-02
4.496354000000000184e+00   7.294687e-02   6.362863e-02
4.501064999999999650e+00   1.427980e-01   6.404253e-02
4.505777000000000143e+00   1.467672e-01   6.429599e-02
4.510487999999999609e+00   1.565683e-01   6.469814e-02
4.515198999999999963e+00   2.078944e-01   6.520122e-02
4.519910000000000316e+00   1.760995e-01   6.557651e-02
4.524621999999999922e+00   2.458293e-01   6.597704e-02
4.529333000000000276e+00   1.860679e-01   6.641119e-02
4.534043999999999741e+00   1.437995e-01   6.665541e-02
4.538755000000000095e+00   1.124210e-01   6.684952e-02
4.543466999999999700e+00   6.693336e-02   6.740913e-02
4.548178000000000054e+00   1.269346e-01   6.805451e-02
4.552889000000000408e+00   1.960700e-01   6.849785e-02
4.557599999999999874e+00   1.563006e-01   6.891199e-02
4.562312000000000367e+00   1.379294e-01   6.915804e-02
4.567022999999999833e+00   1.225992e-01   6.966560e-02
4.571734000000000187e+00   1.440646e-01   7.016625e-02
4.576444999999999652e+00   1.127435e-01   7.052294e-02
4.581157000000000146e+00   1.379741e-01   7.099710e-02
4.585867999999999611e+00   1.713483e-01   7.156724e-02
4.590578999999999965e+00   1.406345e-01   7.208974e-02
4.595290000000000319e+00   1.507418e-01   7.258312e-02
4.600001999999999924e+00   2.038876e-01   7.301064e-02
4.604713000000000278e+00   2.019184e-01   7.368959e-02
4.609423999999999744e+00   2.274178e-01   7.436865e-02
4.614135000000000097e+00   1.035256e-01   7.466587e-02
4.618846999999999703e+00   6.171509e-02   7.520160e-02
4.623558000000000057e+00   1.471238e-01   7.589349e-02
4.628269000000000410e+00   1.075055e-01   7.647745e-02
4.632979999999999876e+00   3.977345e-03   7.666398e-02
4.637692000000000370e+00   1.213613e-01   7.747906e-02
4.642402999999999835e+00   6.209829e-02   7.808719e-02
4.647114000000000189e+00   1.110327e-01   7.872185e-02
4.651825999999999794e+00   2.240876e-01   7.973016e-02
4.656537000000000148e+00   2.097978e-01   8.045359e-02
4.661247999999999614e+00  -9.321356e-04   8.085290e-02
4.665958999999999968e+00   3.259997e-02   8.150523e-02
4.670670999999999573e+00   7.068950e-02   8.222949e-02
4.675381999999999927e+00   1.529128e-01   8.310415e-02
4.680093000000000281e+00   1.888965e-01   8.398656e-02
4.684803999999999746e+00   4.280352e-02   8.453215e-02
4.689516000000000240e+00   1.519251e-01   8.539450e-02
4.694226999999999705e+00   2.013685e-01   8.646856e-02
4.698938000000000059e+00   1.946677e-01   8.723721e-02
4.703649000000000413e+00   1.253814e-01   8.793668e-02
4.708361000000000018e+00   1.584232e-01   8.893208e-02
4.713072000000000372e+00   2.010802e-01   8.990545e-02
4.717782999999999838e+00   1.300117e-01   9.055499e-02
4.722494000000000192e+00   1.658437e-01   9.198388e-02
4.727205999999999797e+00   1.933363e-01   9.287497e-02
4.731917000000000151e+00   1.286412e-01   9.368111e-02
4.736627999999999616e+00   1.269284e-01   9.486216e-02
4.741338999999999970e+00   2.515981e-02   9.574167e-02
4.746050999999999576e+00   1.769828e-01   9.740694e-02
4.750761999999999929e+00   9.743843e-02   9.798388e-02
4.755473000000000283e+00   8.934554e-02   9.936932e-02
4.760183999999999749e+00   4.398527e-02   1.006379e-01
4.764896000000000242e+00   1.754525e-01   1.024179e-01
4.769606999999999708e+00   1.406272e-01   1.036009e-01
4.774318000000000062e+00   1.325704e-01   1.050534e-01
4.779029000000000416e+00   2.650646e-01   1.067280e-01
4.783741000000000021e+00   3.079188e-01   1.083687e-01
4.788452000000000375e+00   2.782223e-01   1.101062e-01
4.793162999999999840e+00   2.394786e-01   1.118506e-01
4.797874000000000194e+00   1.694853e-01   1.133559e-01
4.802585999999999800e+00  -4.968068e-03   1.142802e-01
4.807297000000000153e+00   6.309888e-03   1.167158e-01
4.812007999999999619e+00   3.220364e-02   1.192770e-01
4.816718999999999973e+00   3.787630e-02   1.208851e-01
4.821430999999999578e+00   8.718305e-02   1.231921e-01
4.826141999999999932e+00   1.497944e-01   1.262381e-01
4.830853000000000286e+00   9.546646e-02   1.292176e-01
4.835564999999999891e+00   3.886455e-02   1.311521e-01
4.840276000000000245e+00   8.013496e-02   1.341412e-01
4.844986999999999711e+00   2.461445e-01   1.376392e-01
4.849698000000000064e+00   3.594427e-01   1.412764e-01
4.854409999999999670e+00   1.906499e-01   1.445343e-01
4.859121000000000024e+00   8.971381e-02   1.481828e-01
4.863832000000000377e+00  -4.074760e-02   1.522855e-01
4.868542999999999843e+00  -1.378871e-02   1.569070e-01
4.873255000000000337e+00   4.804694e-02   1.631159e-01
4.877965999999999802e+00   2.724187e-02   1.676613e-01
4.882677000000000156e+00  -1.267339e-02   1.743909e-01
4.887387999999999622e+00   4.392199e-02   1.818904e-01
4.892100000000000115e+00  -4.740008e-02   1.895898e-01
4.896810999999999581e+00   2.749375e-01   1.996404e-01
4.901521999999999935e+00   3.489068e-01   2.103096e-01
4.906233000000000288e+00   2.648117e-01   2.209629e-01
4.910944999999999894e+00   5.501242e-01   2.364233e-01
4.915656000000000247e+00   1.851093e-01   2.530310e-01
4.920366999999999713e+00  -1.075220e-01   2.744454e-01
4.925078000000000067e+00  -2.160281e-01   3.048047e-01
4.929789999999999672e+00  -2.911472e-01   3.438493e-01
4.934501000000000026e+00   9.155334e-02   4.150698e-01
4.939212000000000380e+00  -2.067615e-01   5.478993e-01
4.943922999999999845e+00   8.571268e-01   1.005771e+00