# [1]
# Sample c= 2.18 mg/ml
# Intensity scaled by concentration
# Buffer subtracted data file:
# Protein DatFile = /data/visitor/mx1908/bm29/20161119/giulio/1d/mM150_057_ave.dat
# Buffer DatFile = /data/visitor/mx1908/bm29/20161119/giulio/ednaSub/mM150_057_ave_averbuffer.dat
# 
# AutoRg: Rg   =   0.5978 +/- 0.22 ( 36.0%)
# AutoRg: I(0) =   1.38 +/- 0.0047
# AutoRg: Points   36 to 222 ( 187 total)
# AutoRg: Quality: 84.7%
# 
# 
# Sample Information:
# Storage Temperature (degrees C): 20.0
# Measurement Temperature (degrees C): 20.08
# Concentration: 2.18
# Code: 
3.479420999999999903e-02  -1.890418e-01   3.391413e+00
3.950545999999999919e-02   2.454146e+00   1.345372e+00
4.421672000000000102e-02   1.858980e+00   8.776908e-01
4.892798000000000286e-02   1.361864e+00   6.707662e-01
5.363923000000000302e-02   1.353711e+00   5.363052e-01
5.835048999999999791e-02   1.086208e+00   4.391863e-01
6.306174999999999975e-02   1.845735e+00   3.642494e-01
6.777299999999999991e-02   1.769352e+00   3.092343e-01
7.248425999999999481e-02   1.572674e+00   2.673668e-01
7.719552000000000358e-02   1.355163e+00   2.347394e-01
8.190677000000000374e-02   1.471801e+00   2.079936e-01
8.661802999999999864e-02   1.211454e+00   1.864234e-01
9.132928999999999353e-02   1.135710e+00   1.697588e-01
9.604053999999999369e-02   1.558578e+00   1.565458e-01
1.007518000000000025e-01   1.553684e+00   1.445872e-01
1.054631000000000041e-01   1.370039e+00   1.341490e-01
1.101743000000000028e-01   1.306923e+00   1.253047e-01
1.148856000000000044e-01   1.376691e+00   1.177986e-01
1.195968000000000031e-01   1.454344e+00   1.116208e-01
1.243081000000000047e-01   1.539719e+00   1.059660e-01
1.290193000000000034e-01   1.618715e+00   1.011477e-01
1.337306000000000050e-01   1.547754e+00   9.659143e-02
1.384419000000000066e-01   1.303241e+00   9.257645e-02
1.431531000000000053e-01   1.475201e+00   8.929979e-02
1.478644000000000069e-01   1.427584e+00   8.622851e-02
1.525756000000000057e-01   1.358367e+00   8.350530e-02
1.572869000000000073e-01   1.319947e+00   8.091294e-02
1.619981000000000060e-01   1.404998e+00   7.866289e-02
1.667094000000000076e-01   1.336285e+00   7.629744e-02
1.714206000000000063e-01   1.273246e+00   7.443611e-02
1.761319000000000079e-01   1.351910e+00   7.273288e-02
1.808432000000000095e-01   1.318471e+00   7.088236e-02
1.855544000000000082e-01   1.335792e+00   6.939608e-02
1.902657000000000098e-01   1.397335e+00   6.812705e-02
1.949769000000000085e-01   1.257772e+00   6.679919e-02
1.996882000000000101e-01   1.367587e+00   6.563932e-02
2.043994000000000089e-01   1.432547e+00   6.447217e-02
2.091107000000000105e-01   1.334026e+00   6.333315e-02
2.138220000000000121e-01   1.390667e+00   6.232612e-02
2.185332000000000108e-01   1.306132e+00   6.131331e-02
2.232445000000000124e-01   1.287776e+00   6.028901e-02
2.279557000000000111e-01   1.397180e+00   5.952802e-02
2.326670000000000127e-01   1.334071e+00   5.866578e-02
2.373782000000000114e-01   1.408999e+00   5.797621e-02
2.420895000000000130e-01   1.403937e+00   5.720148e-02
2.468007000000000117e-01   1.318607e+00   5.644253e-02
2.515120000000000133e-01   1.357572e+00   5.580607e-02
2.562232999999999872e-01   1.314110e+00   5.511390e-02
2.609345000000000137e-01   1.438118e+00   5.451686e-02
2.656457999999999875e-01   1.411924e+00   5.391853e-02
2.703570000000000140e-01   1.339183e+00   5.331022e-02
2.750682999999999878e-01   1.351221e+00   5.273580e-02
2.797795000000000143e-01   1.348434e+00   5.218220e-02
2.844907999999999881e-01   1.349284e+00   5.167791e-02
2.892021000000000175e-01   1.344030e+00   5.113226e-02
2.939132999999999885e-01   1.341588e+00   5.076162e-02
2.986246000000000178e-01   1.396793e+00   5.030012e-02
3.033357999999999888e-01   1.361706e+00   4.975780e-02
3.080471000000000181e-01   1.256097e+00   4.925925e-02
3.127582999999999891e-01   1.319357e+00   4.886342e-02
3.174696000000000184e-01   1.277852e+00   4.840007e-02
3.221808999999999923e-01   1.356217e+00   4.807305e-02
3.268921000000000188e-01   1.377127e+00   4.772028e-02
3.316033999999999926e-01   1.294885e+00   4.732501e-02
3.363146000000000191e-01   1.385394e+00   4.774064e-02
3.410258999999999929e-01   1.344200e+00   4.810133e-02
3.457371000000000194e-01   1.380235e+00   4.842624e-02
3.504483999999999932e-01   1.289870e+00   4.898607e-02
3.551596000000000197e-01   1.328402e+00   5.001171e-02
3.598708999999999936e-01   1.423222e+00   5.067059e-02
3.645822000000000229e-01   1.304056e+00   5.115977e-02
3.692933999999999939e-01   1.385571e+00   5.157714e-02
3.740047000000000232e-01   1.345864e+00   5.188890e-02
3.787158999999999942e-01   1.366256e+00   5.222809e-02
3.834272000000000236e-01   1.392046e+00   5.250279e-02
3.881383999999999945e-01   1.295576e+00   5.270479e-02
3.928497000000000239e-01   1.352520e+00   5.403455e-02
3.975609999999999977e-01   1.329689e+00   5.561194e-02
4.022722000000000242e-01   1.361815e+00   5.685168e-02
4.069834999999999980e-01   1.364357e+00   5.796948e-02
4.116947000000000245e-01   1.302585e+00   5.875934e-02
4.164059999999999984e-01   1.351262e+00   5.970505e-02
4.211172000000000248e-01   1.357091e+00   6.053305e-02
4.258284999999999987e-01   1.430760e+00   6.146859e-02
4.305397000000000252e-01   1.349518e+00   6.228080e-02
4.352509999999999990e-01   1.472329e+00   6.328456e-02
4.399622999999999728e-01   1.411859e+00   6.407290e-02
4.446734999999999993e-01   1.357383e+00   6.518820e-02
4.493847999999999732e-01   1.289022e+00   6.608753e-02
4.540959999999999996e-01   1.343871e+00   6.675010e-02
4.588072999999999735e-01   1.298477e+00   6.448828e-02
4.635185000000000000e-01   1.345992e+00   6.291578e-02
4.682297999999999738e-01   1.356781e+00   6.196154e-02
4.729411000000000032e-01   1.436530e+00   6.128831e-02
4.776522999999999741e-01   1.286755e+00   6.049259e-02
4.823636000000000035e-01   1.245143e+00   6.011611e-02
4.870747999999999744e-01   1.347224e+00   5.977091e-02
4.917861000000000038e-01   1.295516e+00   5.942826e-02
4.964972999999999748e-01   1.373250e+00   5.916287e-02
5.012086000000000041e-01   1.339676e+00   5.875226e-02
5.059198999999999780e-01   1.330699e+00   5.852674e-02
5.106311000000000044e-01   1.381301e+00   5.833936e-02
5.153423999999999783e-01   1.337213e+00   5.791863e-02
5.200536000000000048e-01   1.398342e+00   5.748415e-02
5.247648999999999786e-01   1.289667e+00   5.707999e-02
5.294761000000000051e-01   1.432809e+00   5.680734e-02
5.341873999999999789e-01   1.317291e+00   5.628206e-02
5.388986000000000054e-01   1.330510e+00   5.595913e-02
5.436098999999999792e-01   1.328561e+00   5.554821e-02
5.483211999999999531e-01   1.343412e+00   5.519759e-02
5.530323999999999796e-01   1.329936e+00   5.478613e-02
5.577436999999999534e-01   1.284470e+00   5.456765e-02
5.624548999999999799e-01   1.286676e+00   5.425311e-02
5.671661999999999537e-01   1.349533e+00   5.404541e-02
5.718773999999999802e-01   1.340981e+00   5.382583e-02
5.765886999999999540e-01   1.224057e+00   5.361250e-02
5.813000000000000389e-01   1.350744e+00   5.359798e-02
5.860111999999999544e-01   1.294776e+00   5.344758e-02
5.907225000000000392e-01   1.280498e+00   5.323585e-02
5.954336999999999547e-01   1.254220e+00   5.302242e-02
6.001450000000000395e-01   1.311940e+00   5.298099e-02
6.048561999999999550e-01   1.332576e+00   5.288623e-02
6.095675000000000399e-01   1.307478e+00   5.285431e-02
6.142788000000000137e-01   1.330535e+00   5.274543e-02
6.189900000000000402e-01   1.309129e+00   5.249593e-02
6.237013000000000140e-01   1.366723e+00   5.235880e-02
6.284125000000000405e-01   1.328000e+00   5.229853e-02
6.331238000000000143e-01   1.358816e+00   5.220376e-02
6.378350000000000408e-01   1.333270e+00   5.209815e-02
6.425463000000000147e-01   1.314114e+00   5.199206e-02
6.472575000000000411e-01   1.325462e+00   5.186159e-02
6.519688000000000150e-01   1.413387e+00   5.176713e-02
6.566800999999999888e-01   1.393801e+00   5.158648e-02
6.613913000000000153e-01   1.264963e+00   5.137782e-02
6.661025999999999891e-01   1.258236e+00   5.129135e-02
6.708138000000000156e-01   1.344013e+00   5.126186e-02
6.755250999999999895e-01   1.316783e+00   5.114848e-02
6.802363000000000159e-01   1.275383e+00   5.100574e-02
6.849475999999999898e-01   1.204233e+00   5.082951e-02
6.896588999999999636e-01   1.352724e+00   5.081678e-02
6.943700999999999901e-01   1.265839e+00   5.066690e-02
6.990813999999999639e-01   1.317923e+00   5.055529e-02
7.037925999999999904e-01   1.351241e+00   5.050950e-02
7.085038999999999643e-01   1.320951e+00   5.033236e-02
7.132150999999999907e-01   1.335779e+00   5.022938e-02
7.179263999999999646e-01   1.278059e+00   5.011917e-02
7.226375999999999911e-01   1.314717e+00   5.006773e-02
7.273488999999999649e-01   1.263215e+00   4.989389e-02
7.320602000000000498e-01   1.247373e+00   4.978604e-02
7.367713999999999652e-01   1.312130e+00   4.972845e-02
7.414827000000000501e-01   1.283048e+00   4.954411e-02
7.461938999999999655e-01   1.360675e+00   4.950724e-02
7.509052000000000504e-01   1.253249e+00   4.929525e-02
7.556163999999999659e-01   1.320080e+00   4.926241e-02
7.603277000000000507e-01   1.237570e+00   4.913394e-02
7.650390000000000246e-01   1.240895e+00   4.904306e-02
7.697502000000000510e-01   1.311632e+00   4.900317e-02
7.744615000000000249e-01   1.301705e+00   4.893295e-02
7.791727000000000514e-01   1.295765e+00   4.876815e-02
7.838840000000000252e-01   1.289126e+00   4.869961e-02
7.885952000000000517e-01   1.246129e+00   4.859141e-02
7.933065000000000255e-01   1.252213e+00   4.852926e-02
7.980177999999999994e-01   1.258924e+00   4.842413e-02
8.027290000000000258e-01   1.280993e+00   4.826787e-02
8.074402999999999997e-01   1.255668e+00   4.824078e-02
8.121515000000000262e-01   1.265918e+00   4.811488e-02
8.168628000000000000e-01   1.257888e+00   4.801110e-02
8.215740000000000265e-01   1.223152e+00   4.787374e-02
8.262853000000000003e-01   1.279112e+00   4.782460e-02
8.309965000000000268e-01   1.256896e+00   4.776084e-02
8.357078000000000007e-01   1.257564e+00   4.765045e-02
8.404190999999999745e-01   1.292945e+00   4.759713e-02
8.451303000000000010e-01   1.291993e+00   4.746932e-02
8.498415999999999748e-01   1.300942e+00   4.737756e-02
8.545528000000000013e-01   1.226584e+00   4.724102e-02
8.592640999999999751e-01   1.235639e+00   4.716174e-02
8.639753000000000016e-01   1.261456e+00   4.713640e-02
8.686865999999999755e-01   1.282172e+00   4.697985e-02
8.733978999999999493e-01   1.259745e+00   4.686548e-02
8.781090999999999758e-01   1.259054e+00   4.678056e-02
8.828203999999999496e-01   1.310437e+00   4.675459e-02
8.875315999999999761e-01   1.302308e+00   4.669129e-02
8.922428999999999499e-01   1.250822e+00   4.652116e-02
8.969540999999999764e-01   1.177460e+00   4.640582e-02
9.016653999999999503e-01   1.248801e+00   4.633713e-02
9.063767000000000351e-01   1.282572e+00   4.632925e-02
9.110878999999999506e-01   1.328322e+00   4.625400e-02
9.157992000000000354e-01   1.224342e+00   4.609554e-02
9.205103999999999509e-01   1.238127e+00   4.604758e-02
9.252217000000000358e-01   1.222810e+00   4.592701e-02
9.299328999999999512e-01   1.268560e+00   4.584261e-02
9.346442000000000361e-01   1.227127e+00   4.571900e-02
9.393553999999999515e-01   1.255972e+00   4.565299e-02
9.440667000000000364e-01   1.239701e+00   4.560137e-02
9.487780000000000102e-01   1.165463e+00   4.546340e-02
9.534892000000000367e-01   1.168661e+00   4.539358e-02
9.582005000000000106e-01   1.208554e+00   4.529906e-02
9.629117000000000370e-01   1.238010e+00   4.525171e-02
9.676230000000000109e-01   1.205415e+00   4.519872e-02
9.723342000000000374e-01   1.220055e+00   4.507061e-02
9.770455000000000112e-01   1.247795e+00   4.511064e-02
9.817567999999999850e-01   1.250883e+00   4.498320e-02
9.864680000000000115e-01   1.218703e+00   4.486259e-02
9.911792999999999854e-01   1.233474e+00   4.479647e-02
9.958905000000000118e-01   1.243281e+00   4.473034e-02
1.000601999999999991e+00   1.205988e+00   4.465457e-02
1.005312999999999901e+00   1.234276e+00   4.457069e-02
1.010024000000000033e+00   1.229779e+00   4.448937e-02
1.014736000000000082e+00   1.188352e+00   4.435954e-02
1.019446999999999992e+00   1.190320e+00   4.435552e-02
1.024157999999999902e+00   1.113867e+00   4.420300e-02
1.028869000000000034e+00   1.206302e+00   4.414406e-02
1.033581000000000083e+00   1.188669e+00   4.410760e-02
1.038291999999999993e+00   1.188634e+00   4.398238e-02
1.043002999999999902e+00   1.203360e+00   4.391716e-02
1.047714000000000034e+00   1.190551e+00   4.386001e-02
1.052426000000000084e+00   1.185336e+00   4.379248e-02
1.057136999999999993e+00   1.291256e+00   4.385960e-02
1.061847999999999903e+00   1.254357e+00   4.367926e-02
1.066559000000000035e+00   1.201592e+00   4.353262e-02
1.071271000000000084e+00   1.175218e+00   4.350727e-02
1.075981999999999994e+00   1.206208e+00   4.342216e-02
1.080692999999999904e+00   1.094032e+00   4.330458e-02
1.085404000000000035e+00   1.114918e+00   4.319852e-02
1.090116000000000085e+00   1.131292e+00   4.315477e-02
1.094826999999999995e+00   1.197038e+00   4.316590e-02
1.099537999999999904e+00   1.138537e+00   4.309201e-02
1.104249000000000036e+00   1.113738e+00   4.292714e-02
1.108961000000000086e+00   1.119789e+00   4.286352e-02
1.113671999999999995e+00   1.146765e+00   4.284777e-02
1.118382999999999905e+00   1.137576e+00   4.280177e-02
1.123094000000000037e+00   1.101230e+00   4.267051e-02
1.127806000000000086e+00   1.117631e+00   4.263744e-02
1.132516999999999996e+00   1.081336e+00   4.251594e-02
1.137227999999999906e+00   1.030184e+00   4.239757e-02
1.141939000000000037e+00   1.047000e+00   4.234203e-02
1.146651000000000087e+00   1.137229e+00   4.234345e-02
1.151361999999999997e+00   1.188703e+00   4.228247e-02
1.156072999999999906e+00   1.190632e+00   4.222983e-02
1.160784000000000038e+00   1.134688e+00   4.216862e-02
1.165496000000000087e+00   1.159546e+00   4.212915e-02
1.170206999999999997e+00   1.123092e+00   4.204636e-02
1.174917999999999907e+00   1.095483e+00   4.196829e-02
1.179629999999999956e+00   1.122091e+00   4.193019e-02
1.184341000000000088e+00   1.169329e+00   4.181538e-02
1.189051999999999998e+00   1.147669e+00   4.176315e-02
1.193762999999999908e+00   1.164904e+00   4.184371e-02
1.198474999999999957e+00   1.099185e+00   4.267069e-02
1.203186000000000089e+00   1.063617e+00   4.379721e-02
1.207896999999999998e+00   1.090583e+00   4.452845e-02
1.212607999999999908e+00   1.106410e+00   4.519063e-02
1.217319999999999958e+00   1.098081e+00   4.563028e-02
1.222031000000000089e+00   1.051389e+00   4.598849e-02
1.226741999999999999e+00   1.122330e+00   4.652616e-02
1.231452999999999909e+00   1.106059e+00   4.693201e-02
1.236164999999999958e+00   1.095309e+00   4.733483e-02
1.240876000000000090e+00   1.100890e+00   4.763342e-02
1.245587000000000000e+00   1.046919e+00   4.777729e-02
1.250297999999999909e+00   9.953971e-01   4.789115e-02
1.255009999999999959e+00   1.056556e+00   4.802438e-02
1.259721000000000091e+00   1.080015e+00   4.809658e-02
1.264432000000000000e+00   1.100993e+00   4.655390e-02
1.269142999999999910e+00   1.077111e+00   4.529842e-02
1.273854999999999960e+00   1.029303e+00   4.450183e-02
1.278566000000000091e+00   1.054897e+00   4.392067e-02
1.283277000000000001e+00   1.033770e+00   4.343440e-02
1.287987999999999911e+00   1.022001e+00   4.304477e-02
1.292699999999999960e+00   1.104084e+00   4.268069e-02
1.297411000000000092e+00   1.056285e+00   4.228608e-02
1.302122000000000002e+00   1.058951e+00   4.206981e-02
1.306832999999999911e+00   1.101723e+00   4.185004e-02
1.311544999999999961e+00   1.054457e+00   4.169039e-02
1.316256000000000093e+00   1.024414e+00   4.156671e-02
1.320967000000000002e+00   1.022114e+00   4.143243e-02
1.325677999999999912e+00   1.069788e+00   4.130067e-02
1.330389999999999961e+00   1.019161e+00   4.122526e-02
1.335101000000000093e+00   1.018247e+00   4.112832e-02
1.339812000000000003e+00   1.028608e+00   4.107400e-02
1.344522999999999913e+00   1.014746e+00   4.101766e-02
1.349234999999999962e+00   9.778552e-01   4.088101e-02
1.353946000000000094e+00   1.012254e+00   4.082991e-02
1.358657000000000004e+00   1.015515e+00   4.078656e-02
1.363369000000000053e+00   1.093334e+00   4.068496e-02
1.368079999999999963e+00   9.995462e-01   4.054371e-02
1.372791000000000095e+00   9.622390e-01   4.040665e-02
1.377502000000000004e+00   9.732590e-01   4.038607e-02
1.382214000000000054e+00   1.020185e+00   4.039720e-02
1.386924999999999963e+00   9.562445e-01   4.021058e-02
1.391636000000000095e+00   9.821334e-01   4.020754e-02
1.396347000000000005e+00   1.006741e+00   4.011228e-02
1.401059000000000054e+00   1.012110e+00   4.002514e-02
1.405769999999999964e+00   1.033290e+00   3.999825e-02
1.410481000000000096e+00   9.910734e-01   3.991602e-02
1.415192000000000005e+00   9.910125e-01   3.982046e-02
1.419904000000000055e+00   9.918373e-01   3.974566e-02
1.424614999999999965e+00   9.727934e-01   3.970384e-02
1.429326000000000096e+00   9.397920e-01   3.961021e-02
1.434037000000000006e+00   9.996676e-01   3.959115e-02
1.438749000000000056e+00   1.048752e+00   3.952793e-02
1.443459999999999965e+00   9.843948e-01   3.942697e-02
1.448171000000000097e+00   9.194722e-01   3.935172e-02
1.452882000000000007e+00   8.720173e-01   3.923392e-02
1.457594000000000056e+00   8.892687e-01   3.916349e-02
1.462304999999999966e+00   9.033375e-01   3.911044e-02
1.467016000000000098e+00   9.399630e-01   3.911905e-02
1.471727000000000007e+00   9.622008e-01   3.907609e-02
1.476439000000000057e+00   9.109910e-01   3.897133e-02
1.481149999999999967e+00   9.121532e-01   3.891852e-02
1.485861000000000098e+00   9.553900e-01   3.887583e-02
1.490572000000000008e+00   9.537921e-01   3.876653e-02
1.495284000000000058e+00   8.748441e-01   3.869471e-02
1.499994999999999967e+00   9.228630e-01   3.871485e-02
1.504706000000000099e+00   8.827679e-01   3.861805e-02
1.509417000000000009e+00   9.670817e-01   3.862676e-02
1.514129000000000058e+00   9.400703e-01   3.868711e-02
1.518839999999999968e+00   8.904943e-01   3.982905e-02
1.523551000000000100e+00   8.947208e-01   4.059555e-02
1.528262999999999927e+00   8.933383e-01   4.117019e-02
1.532974000000000059e+00   8.981425e-01   4.170414e-02
1.537684999999999969e+00   9.256791e-01   4.212263e-02
1.542396000000000100e+00   8.597847e-01   4.208579e-02
1.547107999999999928e+00   8.942658e-01   4.107014e-02
1.551819000000000059e+00   9.213654e-01   4.053321e-02
1.556529999999999969e+00   9.002760e-01   4.009162e-02
1.561241000000000101e+00   8.619727e-01   3.964175e-02
1.565952999999999928e+00   8.604642e-01   3.928583e-02
1.570664000000000060e+00   8.982926e-01   3.890367e-02
1.575374999999999970e+00   9.016872e-01   3.853674e-02
1.580086000000000102e+00   8.764194e-01   3.813354e-02
1.584797999999999929e+00   8.992885e-01   3.794933e-02
1.589509000000000061e+00   9.190238e-01   3.785711e-02
1.594219999999999970e+00   8.644353e-01   3.781712e-02
1.598931000000000102e+00   8.652288e-01   3.786501e-02
1.603642999999999930e+00   8.621658e-01   3.790410e-02
1.608354000000000061e+00   8.557498e-01   3.794849e-02
1.613064999999999971e+00   7.960265e-01   3.784949e-02
1.617776000000000103e+00   8.486717e-01   3.780626e-02
1.622487999999999930e+00   8.573117e-01   3.779458e-02
1.627199000000000062e+00   8.675484e-01   3.771620e-02
1.631909999999999972e+00   8.511280e-01   3.763560e-02
1.636621000000000103e+00   8.195644e-01   3.754561e-02
1.641332999999999931e+00   7.967438e-01   3.750047e-02
1.646044000000000063e+00   8.030676e-01   3.742592e-02
1.650754999999999972e+00   8.023319e-01   3.739792e-02
1.655466000000000104e+00   7.797070e-01   3.730833e-02
1.660177999999999932e+00   7.714526e-01   3.722076e-02
1.664889000000000063e+00   7.950625e-01   3.715692e-02
1.669599999999999973e+00   8.002445e-01   3.715165e-02
1.674311000000000105e+00   7.880235e-01   3.707262e-02
1.679022999999999932e+00   8.030813e-01   3.704997e-02
1.683734000000000064e+00   7.720778e-01   3.697126e-02
1.688444999999999974e+00   7.671529e-01   3.692464e-02
1.693156000000000105e+00   8.009144e-01   3.690667e-02
1.697867999999999933e+00   8.252799e-01   3.685385e-02
1.702579000000000065e+00   7.898347e-01   3.674080e-02
1.707289999999999974e+00   7.402274e-01   3.667020e-02
1.712002000000000024e+00   7.571686e-01   3.664850e-02
1.716712999999999933e+00   8.190251e-01   3.661928e-02
1.721424000000000065e+00   8.392005e-01   3.660624e-02
1.726134999999999975e+00   7.870904e-01   3.649862e-02
1.730847000000000024e+00   7.582296e-01   3.641058e-02
1.735557999999999934e+00   7.467219e-01   3.634689e-02
1.740269000000000066e+00   7.185384e-01   3.630355e-02
1.744979999999999976e+00   7.728173e-01   3.626948e-02
1.749692000000000025e+00   8.172181e-01   3.627478e-02
1.754402999999999935e+00   7.551829e-01   3.614844e-02
1.759114000000000066e+00   7.521518e-01   3.615158e-02
1.763824999999999976e+00   7.982989e-01   3.610158e-02
1.768537000000000026e+00   7.385208e-01   3.598147e-02
1.773247999999999935e+00   7.777843e-01   3.599553e-02
1.777959000000000067e+00   7.391748e-01   3.594465e-02
1.782669999999999977e+00   7.244315e-01   3.589318e-02
1.787382000000000026e+00   7.592333e-01   3.582640e-02
1.792092999999999936e+00   7.241695e-01   3.577514e-02
1.796804000000000068e+00   7.700357e-01   3.576661e-02
1.801514999999999977e+00   7.784646e-01   3.576185e-02
1.806227000000000027e+00   7.419331e-01   3.566583e-02
1.810937999999999937e+00   7.689341e-01   3.562422e-02
1.815649000000000068e+00   7.520850e-01   3.555895e-02
1.820359999999999978e+00   6.859788e-01   3.550494e-02
1.825072000000000028e+00   7.133522e-01   3.548097e-02
1.829782999999999937e+00   7.527913e-01   3.540511e-02
1.834494000000000069e+00   7.095363e-01   3.535952e-02
1.839204999999999979e+00   6.959752e-01   3.537496e-02
1.843917000000000028e+00   6.534673e-01   3.528189e-02
1.848627999999999938e+00   7.221015e-01   3.525625e-02
1.853339000000000070e+00   7.498260e-01   3.520726e-02
1.858049999999999979e+00   6.685791e-01   3.510879e-02
1.862762000000000029e+00   6.920245e-01   3.509581e-02
1.867472999999999939e+00   6.917979e-01   3.509840e-02
1.872184000000000070e+00   7.109937e-01   3.506008e-02
1.876894999999999980e+00   6.515000e-01   3.493515e-02
1.881607000000000030e+00   6.566400e-01   3.491898e-02
1.886317999999999939e+00   6.831310e-01   3.487845e-02
1.891029000000000071e+00   6.879113e-01   3.482937e-02
1.895740999999999898e+00   6.938707e-01   3.476697e-02
1.900452000000000030e+00   6.209094e-01   3.468078e-02
1.905162999999999940e+00   6.600015e-01   3.471166e-02
1.909874000000000072e+00   7.167998e-01   3.467036e-02
1.914585999999999899e+00   6.387067e-01   3.456401e-02
1.919297000000000031e+00   6.267587e-01   3.450283e-02
1.924007999999999940e+00   6.552774e-01   3.450624e-02
1.928719000000000072e+00   6.343136e-01   3.449329e-02
1.933430999999999900e+00   6.253653e-01   3.442335e-02
1.938142000000000031e+00   6.226744e-01   3.428955e-02
1.942852999999999941e+00   6.554019e-01   3.423100e-02
1.947564000000000073e+00   6.428122e-01   3.415376e-02
1.952275999999999900e+00   6.454435e-01   3.402955e-02
1.956987000000000032e+00   6.269999e-01   3.396528e-02
1.961697999999999942e+00   6.507968e-01   3.396520e-02
1.966409000000000074e+00   6.623464e-01   3.391850e-02
1.971120999999999901e+00   6.652699e-01   3.391795e-02
1.975832000000000033e+00   6.099891e-01   3.386500e-02
1.980542999999999942e+00   5.908622e-01   3.386760e-02
1.985254000000000074e+00   6.204222e-01   3.390074e-02
1.989965999999999902e+00   6.335468e-01   3.393507e-02
1.994677000000000033e+00   5.939761e-01   3.387720e-02
1.999387999999999943e+00   5.959221e-01   3.394853e-02
2.004099000000000075e+00   6.251026e-01   3.473777e-02
2.008811000000000124e+00   6.074287e-01   3.545000e-02
2.013522000000000034e+00   6.527921e-01   3.601128e-02
2.018232999999999944e+00   6.321500e-01   3.637254e-02
2.022943999999999853e+00   6.075529e-01   3.672697e-02
2.027655999999999903e+00   6.427136e-01   3.705099e-02
2.032366999999999813e+00   6.013944e-01   3.723052e-02
2.037078000000000166e+00   5.926563e-01   3.733912e-02
2.041789000000000076e+00   5.681080e-01   3.739807e-02
2.046501000000000126e+00   5.972901e-01   3.756822e-02
2.051212000000000035e+00   5.784820e-01   3.765560e-02
2.055922999999999945e+00   5.341366e-01   3.767146e-02
2.060633999999999855e+00   6.157499e-01   3.783463e-02
2.065345999999999904e+00   5.893120e-01   3.773353e-02
2.070056999999999814e+00   5.979540e-01   3.663429e-02
2.074768000000000168e+00   6.283932e-01   3.590937e-02
2.079480000000000217e+00   5.764649e-01   3.538160e-02
2.084191000000000127e+00   5.761627e-01   3.499532e-02
2.088902000000000037e+00   5.675177e-01   3.470652e-02
2.093612999999999946e+00   5.670684e-01   3.443960e-02
2.098324999999999996e+00   5.794647e-01   3.432183e-02
2.103035999999999905e+00   5.847128e-01   3.421281e-02
2.107746999999999815e+00   6.005725e-01   3.414915e-02
2.112458000000000169e+00   6.263601e-01   3.411640e-02
2.117170000000000218e+00   5.866602e-01   3.398603e-02
2.121881000000000128e+00   5.042889e-01   3.390927e-02
2.126592000000000038e+00   5.162136e-01   3.384889e-02
2.131302999999999948e+00   5.530159e-01   3.377250e-02
2.136014999999999997e+00   5.869084e-01   3.373068e-02
2.140725999999999907e+00   5.455901e-01   3.364631e-02
2.145436999999999816e+00   5.190326e-01   3.355160e-02
2.150148000000000170e+00   5.728270e-01   3.353343e-02
2.154860000000000220e+00   5.306743e-01   3.347823e-02
2.159571000000000129e+00   5.508100e-01   3.341533e-02
2.164282000000000039e+00   5.746202e-01   3.339551e-02
2.168992999999999949e+00   5.171434e-01   3.329421e-02
2.173704999999999998e+00   5.027502e-01   3.325326e-02
2.178415999999999908e+00   5.165150e-01   3.318192e-02
2.183126999999999818e+00   4.767834e-01   3.310873e-02
2.187838000000000171e+00   5.144352e-01   3.311049e-02
2.192550000000000221e+00   5.550415e-01   3.307439e-02
2.197261000000000131e+00   5.104405e-01   3.298134e-02
2.201972000000000040e+00   4.653601e-01   3.292143e-02
2.206682999999999950e+00   5.195636e-01   3.289353e-02
2.211395000000000000e+00   5.084495e-01   3.288648e-02
2.216105999999999909e+00   4.755475e-01   3.280975e-02
2.220816999999999819e+00   4.897052e-01   3.278565e-02
2.225528000000000173e+00   5.176098e-01   3.274504e-02
2.230239999999999778e+00   5.134677e-01   3.267149e-02
2.234951000000000132e+00   5.070905e-01   3.263658e-02
2.239662000000000042e+00   5.239606e-01   3.259970e-02
2.244372999999999951e+00   5.226755e-01   3.255297e-02
2.249085000000000001e+00   5.073985e-01   3.253059e-02
2.253795999999999911e+00   5.349482e-01   3.251196e-02
2.258506999999999820e+00   5.124133e-01   3.244363e-02
2.263218999999999870e+00   4.884173e-01   3.239296e-02
2.267929999999999779e+00   4.867888e-01   3.236950e-02
2.272641000000000133e+00   5.071832e-01   3.233265e-02
2.277352000000000043e+00   4.589681e-01   3.224856e-02
2.282064000000000092e+00   4.698369e-01   3.222632e-02
2.286775000000000002e+00   4.833685e-01   3.220582e-02
2.291485999999999912e+00   4.872312e-01   3.217116e-02
2.296196999999999822e+00   4.909156e-01   3.214191e-02
2.300908999999999871e+00   4.846090e-01   3.209729e-02
2.305619999999999781e+00   4.636932e-01   3.203222e-02
2.310331000000000135e+00   5.038975e-01   3.199458e-02
2.315042000000000044e+00   4.955074e-01   3.197688e-02
2.319754000000000094e+00   4.496571e-01   3.191477e-02
2.324465000000000003e+00   4.743574e-01   3.190913e-02
2.329175999999999913e+00   4.787875e-01   3.186768e-02
2.333886999999999823e+00   4.351878e-01   3.181792e-02
2.338598999999999872e+00   4.469505e-01   3.178986e-02
2.343309999999999782e+00   4.546298e-01   3.174157e-02
2.348021000000000136e+00   4.518952e-01   3.170160e-02
2.352732000000000046e+00   4.889604e-01   3.166390e-02
2.357444000000000095e+00   4.545996e-01   3.162292e-02
2.362155000000000005e+00   4.385320e-01   3.157705e-02
2.366865999999999914e+00   4.931825e-01   3.161199e-02
2.371576999999999824e+00   4.669100e-01   3.152267e-02
2.376288999999999874e+00   4.936306e-01   3.151717e-02
2.380999999999999783e+00   4.912139e-01   3.148336e-02
2.385711000000000137e+00   4.554835e-01   3.146092e-02
2.390422000000000047e+00   4.368055e-01   3.142261e-02
2.395134000000000096e+00   4.587966e-01   3.138412e-02
2.399845000000000006e+00   4.748386e-01   3.132323e-02
2.404555999999999916e+00   4.356514e-01   3.129180e-02
2.409266999999999825e+00   4.379940e-01   3.124828e-02
2.413978999999999875e+00   4.725454e-01   3.124475e-02
2.418689999999999785e+00   4.778404e-01   3.123107e-02
2.423401000000000138e+00   4.690903e-01   3.118227e-02
2.428112000000000048e+00   4.978614e-01   3.113542e-02
2.432824000000000098e+00   4.737345e-01   3.107243e-02
2.437535000000000007e+00   4.457881e-01   3.105869e-02
2.442245999999999917e+00   4.704437e-01   3.105942e-02
2.446957999999999966e+00   4.506317e-01   3.102315e-02
2.451668999999999876e+00   4.238304e-01   3.094919e-02
2.456379999999999786e+00   4.520151e-01   3.095414e-02
2.461091000000000140e+00   4.609450e-01   3.092805e-02
2.465803000000000189e+00   4.596790e-01   3.088285e-02
2.470514000000000099e+00   4.035270e-01   3.084049e-02
2.475225000000000009e+00   4.084397e-01   3.080096e-02
2.479935999999999918e+00   4.290601e-01   3.076237e-02
2.484647999999999968e+00   4.534511e-01   3.074536e-02
2.489358999999999877e+00   3.989191e-01   3.067266e-02
2.494069999999999787e+00   4.028018e-01   3.064861e-02
2.498781000000000141e+00   3.822992e-01   3.059957e-02
2.503493000000000190e+00   3.796829e-01   3.060030e-02
2.508204000000000100e+00   4.306031e-01   3.056961e-02
2.512915000000000010e+00   4.215378e-01   3.052277e-02
2.517625999999999920e+00   4.132502e-01   3.046263e-02
2.522337999999999969e+00   4.124389e-01   3.040039e-02
2.527048999999999879e+00   4.094771e-01   3.034150e-02
2.531759999999999788e+00   3.989238e-01   3.030032e-02
2.536471000000000142e+00   4.517943e-01   3.029774e-02
2.541183000000000192e+00   4.351750e-01   3.024845e-02
2.545894000000000101e+00   3.852497e-01   3.020040e-02
2.550605000000000011e+00   3.850573e-01   3.015624e-02
2.555315999999999921e+00   4.193635e-01   3.013997e-02
2.560027999999999970e+00   3.405316e-01   3.006923e-02
2.564738999999999880e+00   3.947883e-01   3.010334e-02
2.569449999999999790e+00   4.144046e-01   3.011717e-02
2.574161000000000143e+00   3.636910e-01   3.009073e-02
2.578873000000000193e+00   3.732866e-01   3.011317e-02
2.583584000000000103e+00   3.854851e-01   3.009479e-02
2.588295000000000012e+00   3.761541e-01   3.006530e-02
2.593005999999999922e+00   3.674140e-01   3.002401e-02
2.597717999999999972e+00   3.587973e-01   3.000156e-02
2.602428999999999881e+00   3.748735e-01   2.999889e-02
2.607139999999999791e+00   3.920596e-01   2.996467e-02
2.611851000000000145e+00   3.731491e-01   2.992298e-02
2.616563000000000194e+00   3.961767e-01   2.990242e-02
2.621274000000000104e+00   3.735730e-01   2.987223e-02
2.625985000000000014e+00   3.880403e-01   2.986986e-02
2.630697000000000063e+00   4.071002e-01   2.981442e-02
2.635407999999999973e+00   3.713556e-01   2.979720e-02
2.640118999999999883e+00   3.806019e-01   2.979268e-02
2.644829999999999792e+00   3.717423e-01   2.973777e-02
2.649541999999999842e+00   3.374236e-01   2.967545e-02
2.654253000000000196e+00   3.738910e-01   2.966602e-02
2.658964000000000105e+00   3.907274e-01   2.964716e-02
2.663675000000000015e+00   3.606971e-01   2.961654e-02
2.668387000000000064e+00   3.201567e-01   2.956640e-02
2.673097999999999974e+00   3.619843e-01   2.957025e-02
2.677808999999999884e+00   3.741135e-01   2.952539e-02
2.682519999999999794e+00   3.532704e-01   2.949358e-02
2.687231999999999843e+00   3.462129e-01   2.946238e-02
2.691943000000000197e+00   3.512033e-01   2.944764e-02
2.696654000000000106e+00   3.651551e-01   2.943346e-02
2.701365000000000016e+00   3.628324e-01   2.940675e-02
2.706077000000000066e+00   3.664684e-01   2.935738e-02
2.710787999999999975e+00   3.702909e-01   2.935891e-02
2.715498999999999885e+00   3.258525e-01   2.931774e-02
2.720209999999999795e+00   3.398877e-01   2.927664e-02
2.724921999999999844e+00   3.401020e-01   2.924569e-02
2.729633000000000198e+00   3.717823e-01   2.922333e-02
2.734344000000000108e+00   3.606218e-01   2.920419e-02
2.739055000000000017e+00   3.659407e-01   2.920230e-02
2.743767000000000067e+00   3.634899e-01   2.917792e-02
2.748477999999999977e+00   3.587967e-01   2.915430e-02
2.753188999999999886e+00   4.038693e-01   2.913428e-02
2.757899999999999796e+00   3.202221e-01   2.908407e-02
2.762611999999999846e+00   3.246902e-01   2.903010e-02
2.767323000000000199e+00   3.456299e-01   2.900999e-02
2.772034000000000109e+00   3.245689e-01   2.901306e-02
2.776745000000000019e+00   3.119429e-01   2.895613e-02
2.781457000000000068e+00   3.387457e-01   2.893626e-02
2.786167999999999978e+00   2.979667e-01   2.888940e-02
2.790878999999999888e+00   2.836778e-01   2.888483e-02
2.795589999999999797e+00   3.236555e-01   2.887277e-02
2.800301999999999847e+00   3.253651e-01   2.887468e-02
2.805013000000000201e+00   3.333634e-01   2.899472e-02
2.809724000000000110e+00   2.877903e-01   2.968584e-02
2.814436000000000160e+00   3.578595e-01   3.019870e-02
2.819147000000000070e+00   3.102505e-01   3.058431e-02
2.823857999999999979e+00   3.373144e-01   3.083924e-02
2.828568999999999889e+00   3.626024e-01   3.099782e-02
2.833280999999999938e+00   3.799946e-01   3.111520e-02
2.837991999999999848e+00   3.673417e-01   3.119761e-02
2.842703000000000202e+00   3.328946e-01   3.129481e-02
2.847414000000000112e+00   3.568177e-01   3.135901e-02
2.852126000000000161e+00   3.200159e-01   3.142615e-02
2.856837000000000071e+00   3.269448e-01   3.146506e-02
2.861547999999999981e+00   3.095441e-01   3.154692e-02
2.866258999999999890e+00   3.075089e-01   3.161948e-02
2.870970999999999940e+00   2.963818e-01   3.135074e-02
2.875681999999999849e+00   3.039447e-01   3.055475e-02
2.880393000000000203e+00   3.025520e-01   3.008947e-02
2.885104000000000113e+00   3.027756e-01   2.977876e-02
2.889816000000000162e+00   3.019083e-01   2.955232e-02
2.894527000000000072e+00   3.146961e-01   2.944180e-02
2.899237999999999982e+00   3.192960e-01   2.934011e-02
2.903948999999999891e+00   2.950589e-01   2.925898e-02
2.908660999999999941e+00   2.850301e-01   2.918210e-02
2.913371999999999851e+00   3.148196e-01   2.914022e-02
2.918083000000000204e+00   3.613723e-01   2.908577e-02
2.922794000000000114e+00   3.309148e-01   2.901832e-02
2.927506000000000164e+00   3.114894e-01   2.899384e-02
2.932217000000000073e+00   3.100353e-01   2.896568e-02
2.936927999999999983e+00   3.386719e-01   2.890743e-02
2.941638999999999893e+00   3.068601e-01   2.885500e-02
2.946350999999999942e+00   3.212495e-01   2.882922e-02
2.951061999999999852e+00   2.901885e-01   2.876299e-02
2.955773000000000206e+00   3.089182e-01   2.874025e-02
2.960484000000000115e+00   3.254101e-01   2.870652e-02
2.965196000000000165e+00   2.713134e-01   2.865520e-02
2.969907000000000075e+00   3.100803e-01   2.863127e-02
2.974617999999999984e+00   2.926334e-01   2.857547e-02
2.979328999999999894e+00   3.222517e-01   2.852672e-02
2.984040999999999944e+00   3.015845e-01   2.850444e-02
2.988751999999999853e+00   2.826762e-01   2.847591e-02
2.993463000000000207e+00   2.975765e-01   2.844051e-02
2.998174999999999812e+00   2.794426e-01   2.841093e-02
3.002886000000000166e+00   2.799142e-01   2.840113e-02
3.007597000000000076e+00   3.257228e-01   2.834778e-02
3.012307999999999986e+00   3.046087e-01   2.830057e-02
3.017020000000000035e+00   3.023315e-01   2.826840e-02
3.021730999999999945e+00   3.111265e-01   2.823895e-02
3.026441999999999855e+00   3.458588e-01   2.824670e-02
3.031153000000000208e+00   3.002475e-01   2.819677e-02
3.035864999999999814e+00   2.884366e-01   2.817140e-02
3.040576000000000167e+00   2.654501e-01   2.812294e-02
3.045287000000000077e+00   2.637806e-01   2.812177e-02
3.049997999999999987e+00   2.438490e-01   2.807842e-02
3.054710000000000036e+00   3.168663e-01   2.807624e-02
3.059420999999999946e+00   2.823012e-01   2.801981e-02
3.064131999999999856e+00   2.727438e-01   2.797568e-02
3.068843000000000210e+00   2.738024e-01   2.797214e-02
3.073554999999999815e+00   2.626933e-01   2.796510e-02
3.078266000000000169e+00   2.965050e-01   2.794720e-02
3.082977000000000078e+00   2.709338e-01   2.787772e-02
3.087687999999999988e+00   2.975173e-01   2.787212e-02
3.092400000000000038e+00   2.932634e-01   2.784370e-02
3.097110999999999947e+00   2.872726e-01   2.781664e-02
3.101821999999999857e+00   2.605782e-01   2.779221e-02
3.106533000000000211e+00   2.752568e-01   2.778270e-02
3.111244999999999816e+00   3.137729e-01   2.776412e-02
3.115956000000000170e+00   3.083285e-01   2.774739e-02
3.120667000000000080e+00   2.391999e-01   2.768104e-02
3.125377999999999989e+00   2.564732e-01   2.766753e-02
3.130090000000000039e+00   2.835456e-01   2.765376e-02
3.134800999999999949e+00   2.936213e-01   2.763735e-02
3.139511999999999858e+00   2.638877e-01   2.758069e-02
3.144223000000000212e+00   3.051839e-01   2.760112e-02
3.148934999999999818e+00   3.039711e-01   2.756942e-02
3.153646000000000171e+00   3.358299e-01   2.753654e-02
3.158357000000000081e+00   2.880805e-01   2.751370e-02
3.163067999999999991e+00   2.815225e-01   2.746989e-02
3.167780000000000040e+00   2.575203e-01   2.743399e-02
3.172490999999999950e+00   2.553133e-01   2.741072e-02
3.177201999999999860e+00   2.310814e-01   2.738416e-02
3.181913999999999909e+00   2.242797e-01   2.739615e-02
3.186624999999999819e+00   2.740771e-01   2.734004e-02
3.191336000000000173e+00   2.675801e-01   2.731449e-02
3.196047000000000082e+00   2.582677e-01   2.727801e-02
3.200759000000000132e+00   2.460040e-01   2.719337e-02
3.205470000000000041e+00   2.440050e-01   2.717254e-02
3.210180999999999951e+00   2.656470e-01   2.715702e-02
3.214891999999999861e+00   2.620288e-01   2.712743e-02
3.219603999999999910e+00   2.452057e-01   2.711005e-02
3.224314999999999820e+00   2.553544e-01   2.708981e-02
3.229026000000000174e+00   2.158431e-01   2.705257e-02
3.233737000000000084e+00   2.381735e-01   2.701687e-02
3.238449000000000133e+00   2.780120e-01   2.701436e-02
3.243160000000000043e+00   2.568525e-01   2.701704e-02
3.247870999999999952e+00   2.483457e-01   2.700231e-02
3.252581999999999862e+00   2.654817e-01   2.701604e-02
3.257293999999999912e+00   2.611678e-01   2.697715e-02
3.262004999999999821e+00   2.305987e-01   2.695990e-02
3.266716000000000175e+00   2.309338e-01   2.693979e-02
3.271427000000000085e+00   2.620018e-01   2.696779e-02
3.276139000000000134e+00   2.425859e-01   2.691314e-02
3.280850000000000044e+00   2.428956e-01   2.691343e-02
3.285560999999999954e+00   2.802607e-01   2.692248e-02
3.290271999999999863e+00   2.657706e-01   2.685370e-02
3.294983999999999913e+00   2.541838e-01   2.684330e-02
3.299694999999999823e+00   2.633185e-01   2.684080e-02
3.304406000000000176e+00   2.462203e-01   2.679696e-02
3.309117000000000086e+00   2.309591e-01   2.678707e-02
3.313829000000000136e+00   2.719181e-01   2.676140e-02
3.318540000000000045e+00   2.625262e-01   2.673070e-02
3.323250999999999955e+00   2.115581e-01   2.669615e-02
3.327961999999999865e+00   2.154251e-01   2.666717e-02
3.332673999999999914e+00   2.450872e-01   2.668172e-02
3.337384999999999824e+00   2.555336e-01   2.669004e-02
3.342096000000000178e+00   2.122500e-01   2.661408e-02
3.346807000000000087e+00   2.608592e-01   2.661512e-02
3.351519000000000137e+00   2.344851e-01   2.656415e-02
3.356230000000000047e+00   2.819085e-01   2.658141e-02
3.360940999999999956e+00   2.570993e-01   2.656351e-02
3.365653000000000006e+00   2.545251e-01   2.654355e-02
3.370363999999999916e+00   2.378399e-01   2.653221e-02
3.375074999999999825e+00   2.643934e-01   2.649857e-02
3.379786000000000179e+00   3.039767e-01   2.649800e-02
3.384497999999999784e+00   2.521579e-01   2.646755e-02
3.389209000000000138e+00   2.144028e-01   2.659480e-02
3.393920000000000048e+00   2.637980e-01   2.723580e-02
3.398630999999999958e+00   2.561539e-01   2.763401e-02
3.403343000000000007e+00   2.425025e-01   2.787816e-02
3.408053999999999917e+00   2.457890e-01   2.810050e-02
3.412764999999999826e+00   2.593454e-01   2.818131e-02
3.417476000000000180e+00   2.757174e-01   2.818413e-02
3.422187999999999786e+00   2.224605e-01   2.818757e-02
3.426899000000000139e+00   2.245554e-01   2.827302e-02
3.431610000000000049e+00   2.676146e-01   2.833092e-02
3.436320999999999959e+00   2.223495e-01   2.837659e-02
3.441033000000000008e+00   2.028999e-01   2.843141e-02
3.445743999999999918e+00   2.312300e-01   2.848809e-02
3.450454999999999828e+00   2.347947e-01   2.856537e-02
3.455166000000000182e+00   2.334995e-01   2.860397e-02
3.459877999999999787e+00   2.015749e-01   2.862914e-02
3.464589000000000141e+00   2.203537e-01   2.868874e-02
3.469300000000000050e+00   2.269663e-01   2.872395e-02
3.474010999999999960e+00   2.231045e-01   2.875231e-02
3.478723000000000010e+00   2.192091e-01   2.882509e-02
3.483433999999999919e+00   2.762265e-01   2.889724e-02
3.488144999999999829e+00   2.231857e-01   2.889650e-02
3.492856000000000183e+00   2.348473e-01   2.893852e-02
3.497567999999999788e+00   2.351792e-01   2.900977e-02
3.502279000000000142e+00   2.555536e-01   2.902972e-02
3.506990000000000052e+00   2.734033e-01   2.903631e-02
3.511700999999999961e+00   2.696189e-01   2.909923e-02
3.516413000000000011e+00   1.852434e-01   2.908082e-02
3.521123999999999921e+00   2.103100e-01   2.914264e-02
3.525834999999999830e+00   2.003014e-01   2.915465e-02
3.530546000000000184e+00   2.012080e-01   2.917071e-02
3.535257999999999790e+00   1.861790e-01   2.920860e-02
3.539969000000000143e+00   1.955359e-01   2.922890e-02
3.544680000000000053e+00   2.033230e-01   2.925441e-02
3.549392000000000102e+00   1.936487e-01   2.928021e-02
3.554103000000000012e+00   1.894520e-01   2.928422e-02
3.558813999999999922e+00   2.213552e-01   2.934056e-02
3.563524999999999832e+00   2.429437e-01   2.941454e-02
3.568236999999999881e+00   2.241664e-01   2.941966e-02
3.572947999999999791e+00   2.151830e-01   2.944562e-02
3.577659000000000145e+00   2.547448e-01   2.947386e-02
3.582370000000000054e+00   2.321465e-01   2.947855e-02
3.587082000000000104e+00   1.928152e-01   2.948196e-02
3.591793000000000013e+00   2.584013e-01   2.955594e-02
3.596503999999999923e+00   2.085075e-01   2.951297e-02
3.601214999999999833e+00   2.476906e-01   2.952560e-02
3.605926999999999882e+00   2.305425e-01   2.953556e-02
3.610637999999999792e+00   2.321516e-01   3.008211e-02
3.615349000000000146e+00   2.067306e-01   3.099248e-02
3.620060000000000056e+00   2.489577e-01   3.150038e-02
3.624772000000000105e+00   2.191669e-01   3.191255e-02
3.629483000000000015e+00   2.217863e-01   3.212078e-02
3.634193999999999924e+00   2.318418e-01   3.237105e-02
3.638904999999999834e+00   2.537240e-01   3.261296e-02
3.643616999999999884e+00   2.295368e-01   3.277083e-02
3.648327999999999793e+00   2.035014e-01   3.290555e-02
3.653039000000000147e+00   2.367818e-01   3.310553e-02
3.657750000000000057e+00   2.258760e-01   3.325087e-02
3.662462000000000106e+00   2.041995e-01   3.338618e-02
3.667173000000000016e+00   1.866960e-01   3.354829e-02
3.671883999999999926e+00   1.723263e-01   3.370359e-02
3.676594999999999835e+00   1.962718e-01   3.387535e-02
3.681306999999999885e+00   2.208163e-01   3.401949e-02
3.686017999999999795e+00   1.762651e-01   3.411926e-02
3.690729000000000148e+00   2.181669e-01   3.430864e-02
3.695440000000000058e+00   2.377602e-01   3.450071e-02
3.700152000000000108e+00   1.728457e-01   3.459873e-02
3.704863000000000017e+00   1.520035e-01   3.467100e-02
3.709573999999999927e+00   1.825375e-01   3.489016e-02
3.714284999999999837e+00   2.252940e-01   3.504677e-02
3.718996999999999886e+00   2.283461e-01   3.520212e-02
3.723707999999999796e+00   2.496346e-01   3.529878e-02
3.728419000000000150e+00   2.311816e-01   3.543733e-02
3.733131000000000199e+00   2.003528e-01   3.559925e-02
3.737842000000000109e+00   2.141371e-01   3.570971e-02
3.742553000000000019e+00   2.453473e-01   3.586824e-02
3.747263999999999928e+00   2.287598e-01   3.597296e-02
3.751975999999999978e+00   1.540575e-01   3.609757e-02
3.756686999999999887e+00   2.027209e-01   3.627788e-02
3.761397999999999797e+00   1.768199e-01   3.637742e-02
3.766109000000000151e+00   1.845336e-01   3.650642e-02
3.770821000000000200e+00   1.895607e-01   3.657310e-02
3.775532000000000110e+00   1.631124e-01   3.674984e-02
3.780243000000000020e+00   1.952164e-01   3.694042e-02
3.784953999999999930e+00   1.594171e-01   3.703360e-02
3.789665999999999979e+00   1.706675e-01   3.715603e-02
3.794376999999999889e+00   2.274810e-01   3.731852e-02
3.799087999999999798e+00   1.739201e-01   3.742558e-02
3.803799000000000152e+00   1.944543e-01   3.761740e-02
3.808511000000000202e+00   1.811112e-01   3.770616e-02
3.813222000000000111e+00   1.886912e-01   3.785390e-02
3.817933000000000021e+00   1.734693e-01   3.795616e-02
3.822643999999999931e+00   2.567851e-01   3.813034e-02
3.827355999999999980e+00   2.381704e-01   3.825729e-02
3.832066999999999890e+00   1.790452e-01   3.829900e-02
3.836777999999999800e+00   2.132281e-01   3.848457e-02
3.841489000000000154e+00   2.514284e-01   3.862972e-02
3.846201000000000203e+00   1.849760e-01   3.873548e-02
3.850912000000000113e+00   2.077136e-01   3.891880e-02
3.855623000000000022e+00   1.945063e-01   3.901230e-02
3.860333999999999932e+00   1.876227e-01   3.918879e-02
3.865045999999999982e+00   2.358475e-01   3.936824e-02
3.869756999999999891e+00   2.006089e-01   3.944484e-02
3.874467999999999801e+00   1.631124e-01   3.951959e-02
3.879179000000000155e+00   1.953569e-01   3.970145e-02
3.883891000000000204e+00   2.083904e-01   3.979662e-02
3.888602000000000114e+00   1.512232e-01   3.992525e-02
3.893313000000000024e+00   2.090330e-01   4.008687e-02
3.898023999999999933e+00   2.164152e-01   4.025012e-02
3.902735999999999983e+00   2.099873e-01   4.037033e-02
3.907446999999999893e+00   2.036915e-01   4.051807e-02
3.912157999999999802e+00   1.310284e-01   4.056038e-02
3.916869999999999852e+00   1.949918e-01   4.067428e-02
3.921581000000000206e+00   2.065044e-01   4.075189e-02
3.926292000000000115e+00   1.722509e-01   4.084316e-02
3.931003000000000025e+00   1.440667e-01   4.089876e-02
3.935715000000000074e+00   1.693808e-01   4.098615e-02
3.940425999999999984e+00   1.658906e-01   4.104131e-02
3.945136999999999894e+00   1.777390e-01   4.113283e-02
3.949847999999999804e+00   2.439868e-01   4.126335e-02
3.954559999999999853e+00   2.361855e-01   4.135910e-02
3.959271000000000207e+00   2.128359e-01   4.131520e-02
3.963982000000000117e+00   2.488888e-01   4.136593e-02
3.968693000000000026e+00   1.942785e-01   4.134488e-02
3.973405000000000076e+00   1.657033e-01   4.144113e-02
3.978115999999999985e+00   2.018676e-01   4.167542e-02
3.982826999999999895e+00   1.658380e-01   4.175338e-02
3.987537999999999805e+00   1.769687e-01   4.191198e-02
3.992249999999999854e+00   1.293154e-01   4.204721e-02
3.996961000000000208e+00   1.288953e-01   4.216423e-02
4.001672000000000118e+00   1.044461e-01   4.226178e-02
4.006382999999999583e+00   1.366737e-01   4.244895e-02
4.011095000000000077e+00   1.848685e-01   4.264253e-02
4.015806000000000431e+00   2.204775e-01   4.280711e-02
4.020516999999999896e+00   1.533880e-01   4.294708e-02
4.025228000000000250e+00   1.987034e-01   4.307593e-02
4.029939999999999856e+00   1.541625e-01   4.315805e-02
4.034651000000000209e+00   1.768758e-01   4.335600e-02
4.039361999999999675e+00   1.594287e-01   4.352377e-02
4.044073000000000029e+00   2.061371e-01   4.366032e-02
4.048784999999999634e+00   1.428982e-01   4.378471e-02
4.053495999999999988e+00   1.219151e-01   4.392366e-02
4.058207000000000342e+00   1.774753e-01   4.410929e-02
4.062917999999999807e+00   1.912873e-01   4.429937e-02
4.067630000000000301e+00   1.775804e-01   4.442555e-02
4.072340999999999767e+00   1.634291e-01   4.450283e-02
4.077052000000000120e+00   1.720437e-01   4.469072e-02
4.081762999999999586e+00   1.811991e-01   4.491332e-02
4.086475000000000080e+00   1.697873e-01   4.505364e-02
4.091186000000000433e+00   1.750334e-01   4.520282e-02
4.095896999999999899e+00   1.566338e-01   4.539421e-02
4.100609000000000393e+00   1.436911e-01   4.555510e-02
4.105319999999999858e+00   1.820327e-01   4.571784e-02
4.110031000000000212e+00   1.538903e-01   4.585371e-02
4.114741999999999678e+00   1.729383e-01   4.606631e-02
4.119454000000000171e+00   1.422480e-01   4.610806e-02
4.124164999999999637e+00   1.675641e-01   4.636249e-02
4.128875999999999991e+00   1.779505e-01   4.653778e-02
4.133587000000000344e+00   1.188463e-01   4.669828e-02
4.138298999999999950e+00   1.353690e-01   4.688327e-02
4.143010000000000304e+00   1.563955e-01   4.698224e-02
4.147720999999999769e+00   1.696531e-01   4.719509e-02
4.152432000000000123e+00   1.172353e-01   4.735538e-02
4.157143999999999728e+00   1.426034e-01   4.756384e-02
4.161855000000000082e+00   1.528578e-01   4.770011e-02
4.166566000000000436e+00   1.386979e-01   4.788493e-02
4.171276999999999902e+00   1.683628e-01   4.812002e-02
4.175989000000000395e+00   1.611259e-01   4.831754e-02
4.180699999999999861e+00   1.887797e-01   4.850263e-02
4.185411000000000215e+00   2.183342e-01   4.871701e-02
4.190121999999999680e+00   1.481435e-01   4.876365e-02
4.194834000000000174e+00   1.177661e-01   4.888178e-02
4.199544999999999639e+00   1.405462e-01   4.918692e-02
4.204255999999999993e+00   1.568168e-01   4.938527e-02
4.208967000000000347e+00   1.544272e-01   4.957785e-02
4.213678999999999952e+00   2.075020e-01   4.977310e-02
4.218390000000000306e+00   1.853592e-01   4.999386e-02
4.223100999999999772e+00   1.343424e-01   5.013289e-02
4.227812000000000126e+00   2.250462e-01   5.043602e-02
4.232523999999999731e+00   1.733736e-01   5.060015e-02
4.237235000000000085e+00   2.014019e-01   5.079451e-02
4.241946000000000438e+00   1.678181e-01   5.109327e-02
4.246656999999999904e+00   2.193575e-01   5.131984e-02
4.251369000000000398e+00   1.761764e-01   5.139801e-02
4.256079999999999863e+00   1.062841e-01   5.155378e-02
4.260791000000000217e+00   4.477704e-02   5.166126e-02
4.265501999999999683e+00   9.834661e-02   5.192813e-02
4.270214000000000176e+00   1.363526e-01   5.228891e-02
4.274924999999999642e+00   5.052238e-02   5.235750e-02
4.279635999999999996e+00   1.336626e-01   5.266698e-02
4.284347999999999601e+00   1.582594e-01   5.298087e-02
4.289058999999999955e+00   1.660816e-01   5.317009e-02
4.293770000000000309e+00   1.316942e-01   5.322724e-02
4.298480999999999774e+00   2.163853e-01   5.359871e-02
4.303193000000000268e+00   1.724435e-01   5.385004e-02
4.307903999999999733e+00   1.408441e-01   5.410823e-02
4.312615000000000087e+00   1.523514e-01   5.438813e-02
4.317326000000000441e+00   1.368004e-01   5.455075e-02
4.322038000000000046e+00   1.123215e-01   5.489899e-02
4.326749000000000400e+00   1.067793e-01   5.505398e-02
4.331459999999999866e+00   1.388786e-01   5.532542e-02
4.336171000000000220e+00   1.098637e-01   5.552486e-02
4.340882999999999825e+00   1.535776e-01   5.570908e-02
4.345594000000000179e+00   2.105385e-01   5.610148e-02
4.350304999999999644e+00   2.197727e-01   5.642340e-02
4.355015999999999998e+00   1.601945e-01   5.667516e-02
4.359727999999999604e+00   1.551767e-01   5.699694e-02
4.364438999999999957e+00   1.189625e-01   5.726038e-02
4.369150000000000311e+00   1.687770e-01   5.748770e-02
4.373860999999999777e+00   1.297508e-01   5.764042e-02
4.378573000000000270e+00   1.757240e-01   5.808585e-02
4.383283999999999736e+00   1.693623e-01   5.829006e-02
4.387995000000000090e+00   7.160308e-02   5.835062e-02
4.392706000000000444e+00   6.666267e-02   5.875923e-02
4.397418000000000049e+00   1.984677e-01   5.916091e-02
4.402129000000000403e+00   2.174104e-01   5.921669e-02
4.406839999999999868e+00   1.147862e-01   5.906746e-02
4.411551000000000222e+00   1.722944e-01   5.914896e-02
4.416262999999999828e+00   1.258664e-01   5.922680e-02
4.420974000000000181e+00   1.221325e-01   5.929252e-02
4.425684999999999647e+00   1.022702e-01   5.924804e-02
4.430396000000000001e+00   2.295941e-01   5.950234e-02
4.435107999999999606e+00   1.988191e-01   5.943418e-02
4.439818999999999960e+00   1.571867e-01   5.952993e-02
4.444530000000000314e+00   1.381681e-01   5.974758e-02
4.449240999999999779e+00   1.180765e-01   5.993775e-02
4.453953000000000273e+00   1.828493e-01   6.036318e-02
4.458663999999999739e+00   1.361818e-01   6.082634e-02
4.463375000000000092e+00   1.756964e-01   6.117344e-02
4.468086999999999698e+00   1.072191e-01   6.138033e-02
4.472798000000000052e+00   9.487655e-02   6.169239e-02
4.477509000000000405e+00   9.056376e-02   6.203296e-02
4.482219999999999871e+00   1.650664e-01   6.245922e-02
4.486932000000000365e+00   2.430797e-01   6.280184e-02
4.491642999999999830e+00   1.779705e-01   6.308871e-02
4.496354000000000184e+00   6.854801e-02   6.342881e-02
4.501064999999999650e+00   1.167704e-01   6.383534e-02
4.505777000000000143e+00   1.768605e-01   6.427047e-02
4.510487999999999609e+00   1.736661e-01   6.452982e-02
4.515198999999999963e+00   2.170498e-01   6.490910e-02
4.519910000000000316e+00   9.074358e-02   6.526575e-02
4.524621999999999922e+00   1.535830e-01   6.567002e-02
4.529333000000000276e+00   2.059707e-02   6.588238e-02
4.534043999999999741e+00   5.528973e-02   6.637149e-02
4.538755000000000095e+00   2.071976e-01   6.692421e-02
4.543466999999999700e+00   1.503412e-01   6.735413e-02
4.548178000000000054e+00   1.167036e-01   6.774208e-02
4.552889000000000408e+00   8.104024e-02   6.816273e-02
4.557599999999999874e+00   1.079384e-01   6.867365e-02
4.562312000000000367e+00   2.169776e-01   6.920970e-02
4.567022999999999833e+00   9.056850e-02   6.936733e-02
4.571734000000000187e+00   1.038176e-01   6.986371e-02
4.576444999999999652e+00   7.166840e-02   7.034722e-02
4.581157000000000146e+00   1.267700e-01   7.081558e-02
4.585867999999999611e+00   1.659432e-01   7.145300e-02
4.590578999999999965e+00   1.757907e-01   7.199868e-02
4.595290000000000319e+00   9.909929e-02   7.235878e-02
4.600001999999999924e+00   1.006094e-01   7.273504e-02
4.604713000000000278e+00   2.128434e-01   7.350792e-02
4.609423999999999744e+00   7.714628e-02   7.381757e-02
4.614135000000000097e+00   1.027830e-01   7.437626e-02
4.618846999999999703e+00   3.022993e-01   7.546383e-02
4.623558000000000057e+00   1.173782e-01   7.582224e-02
4.628269000000000410e+00   9.404179e-02   7.631796e-02
4.632979999999999876e+00   1.850286e-01   7.699494e-02
4.637692000000000370e+00   1.428717e-01   7.750451e-02
4.642402999999999835e+00   1.632885e-01   7.821936e-02
4.647114000000000189e+00   1.277936e-01   7.866920e-02
4.651825999999999794e+00   1.421711e-01   7.937273e-02
4.656537000000000148e+00   1.141885e-01   8.013395e-02
4.661247999999999614e+00   6.525984e-02   8.075887e-02
4.665958999999999968e+00   1.408433e-01   8.148625e-02
4.670670999999999573e+00   1.541363e-01   8.225739e-02
4.675381999999999927e+00   1.316185e-01   8.281862e-02
4.680093000000000281e+00   8.522847e-02   8.367448e-02
4.684803999999999746e+00   7.709521e-02   8.462057e-02
4.689516000000000240e+00   8.296019e-02   8.506024e-02
4.694226999999999705e+00   1.389574e-01   8.600467e-02
4.698938000000000059e+00   1.581403e-01   8.709558e-02
4.703649000000000413e+00   2.016245e-01   8.821079e-02
4.708361000000000018e+00   2.365580e-01   8.889201e-02
4.713072000000000372e+00   2.211289e-01   8.978192e-02
4.717782999999999838e+00   2.300470e-01   9.066475e-02
4.722494000000000192e+00   1.486610e-01   9.152791e-02
4.727205999999999797e+00   8.337148e-02   9.251312e-02
4.731917000000000151e+00   7.558761e-02   9.357426e-02
4.736627999999999616e+00   4.909378e-03   9.442377e-02
4.741338999999999970e+00   2.624832e-02   9.539701e-02
4.746050999999999576e+00   1.795354e-01   9.713752e-02
4.750761999999999929e+00   2.154205e-01   9.845721e-02
4.755473000000000283e+00   2.170488e-01   9.965331e-02
4.760183999999999749e+00   1.308706e-01   1.007319e-01
4.764896000000000242e+00   9.768208e-02   1.020944e-01
4.769606999999999708e+00   1.993571e-01   1.036900e-01
4.774318000000000062e+00   9.439134e-02   1.047087e-01
4.779029000000000416e+00   1.609807e-01   1.063701e-01
4.783741000000000021e+00   2.032636e-01   1.079686e-01
4.788452000000000375e+00   2.529022e-01   1.098098e-01
4.793162999999999840e+00   2.207472e-01   1.113695e-01
4.797874000000000194e+00   2.202912e-01   1.131196e-01
4.802585999999999800e+00   1.552285e-01   1.145650e-01
4.807297000000000153e+00   5.802584e-02   1.167244e-01
4.812007999999999619e+00   9.415915e-02   1.192196e-01
4.816718999999999973e+00   6.884409e-02   1.206100e-01
4.821430999999999578e+00   2.222280e-01   1.236265e-01
4.826141999999999932e+00   1.792704e-01   1.261631e-01
4.830853000000000286e+00   9.233359e-03   1.283390e-01
4.835564999999999891e+00   1.731251e-01   1.309553e-01
4.840276000000000245e+00   2.445441e-02   1.337041e-01
4.844986999999999711e+00  -1.114348e-03   1.369503e-01
4.849698000000000064e+00   9.655757e-02   1.406694e-01
4.854409999999999670e+00   2.796562e-01   1.451797e-01
4.859121000000000024e+00   2.749741e-01   1.483493e-01
4.863832000000000377e+00   1.443772e-01   1.526083e-01
4.868542999999999843e+00   2.447267e-01   1.580311e-01
4.873255000000000337e+00  -1.462554e-02   1.623336e-01
4.877965999999999802e+00   1.877966e-01   1.678894e-01
4.882677000000000156e+00   1.401274e-02   1.734103e-01
4.887387999999999622e+00  -6.646473e-02   1.799412e-01
4.892100000000000115e+00  -3.742819e-02   1.890361e-01
4.896810999999999581e+00   8.696075e-03   1.981250e-01
4.901521999999999935e+00   7.082712e-02   2.082968e-01
4.906233000000000288e+00   1.309727e-01   2.183438e-01
4.910944999999999894e+00   3.535171e-01   2.339842e-01
4.915656000000000247e+00   1.840997e-01   2.529974e-01
4.920366999999999713e+00   1.247464e-01   2.751529e-01
4.925078000000000067e+00  -3.273227e-01   3.044019e-01
4.929789999999999672e+00  -7.771379e-02   3.457304e-01
4.934501000000000026e+00   1.067865e-01   4.146183e-01
4.939212000000000380e+00  -3.773220e-01   5.402980e-01
4.943922999999999845e+00  -1.198128e-01   9.577412e-01