# [9]
# Sample c= 7.08 mg/ml
# Intensity scaled by concentration
# Buffer subtracted data file:
# Protein DatFile = /data/visitor/mx1908/bm29/20161119/giulio/1d/mM25_019_ave.dat
# Buffer DatFile = /data/visitor/mx1908/bm29/20161119/giulio/ednaSub/mM25_019_ave_averbuffer.dat
# 
# AutoRg: Rg   =   0.8692 +/- 0.16 ( 18.5%)
# AutoRg: I(0) =   1.84 +/- 0.0127
# AutoRg: Points   236 to 297 ( 62 total)
# AutoRg: Quality: 58.8%
# 
# 
# Sample Information:
# Storage Temperature (degrees C): 20.0
# Measurement Temperature (degrees C): 19.98
# Concentration: 7.08
# Code: 
3.479420999999999903e-02   4.397105e-01   1.060038e+00
3.950545999999999919e-02   3.450918e-02   4.164862e-01
4.421672000000000102e-02   4.499795e-01   2.703180e-01
4.892798000000000286e-02   7.516593e-01   2.065943e-01
5.363923000000000302e-02   7.374153e-01   1.651116e-01
5.835048999999999791e-02   4.892617e-01   1.350292e-01
6.306174999999999975e-02   7.298958e-01   1.118222e-01
6.777299999999999991e-02   7.175745e-01   9.513023e-02
7.248425999999999481e-02   6.512394e-01   8.215965e-02
7.719552000000000358e-02   6.235032e-01   7.214278e-02
8.190677000000000374e-02   6.711529e-01   6.382508e-02
8.661802999999999864e-02   6.874096e-01   5.715920e-02
9.132928999999999353e-02   7.317739e-01   5.207646e-02
9.604053999999999369e-02   6.791520e-01   4.780344e-02
1.007518000000000025e-01   7.096384e-01   4.409412e-02
1.054631000000000041e-01   7.363304e-01   4.093896e-02
1.101743000000000028e-01   7.533082e-01   3.826520e-02
1.148856000000000044e-01   7.143475e-01   3.586315e-02
1.195968000000000031e-01   6.676886e-01   3.381537e-02
1.243081000000000047e-01   7.263175e-01   3.208249e-02
1.290193000000000034e-01   7.112862e-01   3.059948e-02
1.337306000000000050e-01   7.230433e-01   2.925463e-02
1.384419000000000066e-01   7.195688e-01   2.811755e-02
1.431531000000000053e-01   7.014929e-01   2.696789e-02
1.478644000000000069e-01   7.365361e-01   2.604642e-02
1.525756000000000057e-01   7.516312e-01   2.526129e-02
1.572869000000000073e-01   7.228510e-01   2.451597e-02
1.619981000000000060e-01   6.995122e-01   2.370313e-02
1.667094000000000076e-01   7.375941e-01   2.310936e-02
1.714206000000000063e-01   7.729277e-01   2.254764e-02
1.761319000000000079e-01   7.509034e-01   2.200389e-02
1.808432000000000095e-01   7.309754e-01   2.144937e-02
1.855544000000000082e-01   7.281860e-01   2.100973e-02
1.902657000000000098e-01   7.335679e-01   2.059435e-02
1.949769000000000085e-01   7.411224e-01   2.022078e-02
1.996882000000000101e-01   7.385041e-01   1.984301e-02
2.043994000000000089e-01   7.711154e-01   1.949841e-02
2.091107000000000105e-01   7.816761e-01   1.919536e-02
2.138220000000000121e-01   7.596197e-01   1.889114e-02
2.185332000000000108e-01   7.612727e-01   1.858870e-02
2.232445000000000124e-01   7.791638e-01   1.831527e-02
2.279557000000000111e-01   7.811308e-01   1.805147e-02
2.326670000000000127e-01   7.807287e-01   1.780391e-02
2.373782000000000114e-01   7.686429e-01   1.755958e-02
2.420895000000000130e-01   7.850314e-01   1.736932e-02
2.468007000000000117e-01   7.530974e-01   1.712920e-02
2.515120000000000133e-01   7.653697e-01   1.692301e-02
2.562232999999999872e-01   7.530349e-01   1.670721e-02
2.609345000000000137e-01   7.784838e-01   1.651714e-02
2.656457999999999875e-01   7.964118e-01   1.635710e-02
2.703570000000000140e-01   8.130273e-01   1.621522e-02
2.750682999999999878e-01   7.850185e-01   1.604275e-02
2.797795000000000143e-01   7.757319e-01   1.584168e-02
2.844907999999999881e-01   8.222523e-01   1.571433e-02
2.892021000000000175e-01   8.043844e-01   1.556285e-02
2.939132999999999885e-01   8.198957e-01   1.544240e-02
2.986246000000000178e-01   8.169354e-01   1.528206e-02
3.033357999999999888e-01   8.430039e-01   1.516524e-02
3.080471000000000181e-01   8.319844e-01   1.501955e-02
3.127582999999999891e-01   8.360403e-01   1.491144e-02
3.174696000000000184e-01   8.318244e-01   1.476466e-02
3.221808999999999923e-01   8.269363e-01   1.462422e-02
3.268921000000000188e-01   8.315115e-01   1.453479e-02
3.316033999999999926e-01   8.474582e-01   1.447401e-02
3.363146000000000191e-01   8.546406e-01   1.457353e-02
3.410258999999999929e-01   8.728399e-01   1.471419e-02
3.457371000000000194e-01   8.675752e-01   1.477804e-02
3.504483999999999932e-01   8.449919e-01   1.494130e-02
3.551596000000000197e-01   8.620336e-01   1.528876e-02
3.598708999999999936e-01   8.805884e-01   1.550783e-02
3.645822000000000229e-01   8.669251e-01   1.564306e-02
3.692933999999999939e-01   8.918197e-01   1.577537e-02
3.740047000000000232e-01   8.825079e-01   1.586468e-02
3.787158999999999942e-01   9.057876e-01   1.596926e-02
3.834272000000000236e-01   9.065725e-01   1.606127e-02
3.881383999999999945e-01   8.962272e-01   1.614485e-02
3.928497000000000239e-01   9.154192e-01   1.653361e-02
3.975609999999999977e-01   9.326433e-01   1.706928e-02
4.022722000000000242e-01   9.130519e-01   1.742356e-02
4.069834999999999980e-01   9.221099e-01   1.776982e-02
4.116947000000000245e-01   9.150596e-01   1.803565e-02
4.164059999999999984e-01   9.344226e-01   1.829820e-02
4.211172000000000248e-01   9.356960e-01   1.858929e-02
4.258284999999999987e-01   9.206345e-01   1.882709e-02
4.305397000000000252e-01   9.355083e-01   1.911166e-02
4.352509999999999990e-01   9.546614e-01   1.940042e-02
4.399622999999999728e-01   9.522533e-01   1.969119e-02
4.446734999999999993e-01   9.593560e-01   2.007057e-02
4.493847999999999732e-01   9.679640e-01   2.033801e-02
4.540959999999999996e-01   9.552691e-01   2.050626e-02
4.588072999999999735e-01   1.007226e+00   1.987838e-02
4.635185000000000000e-01   9.991143e-01   1.939120e-02
4.682297999999999738e-01   1.015170e+00   1.911507e-02
4.729411000000000032e-01   1.006632e+00   1.890567e-02
4.776522999999999741e-01   9.979349e-01   1.872411e-02
4.823636000000000035e-01   9.811936e-01   1.857326e-02
4.870747999999999744e-01   1.009496e+00   1.849170e-02
4.917861000000000038e-01   1.033967e+00   1.839421e-02
4.964972999999999748e-01   1.038526e+00   1.825485e-02
5.012086000000000041e-01   1.029677e+00   1.817013e-02
5.059198999999999780e-01   1.033703e+00   1.809357e-02
5.106311000000000044e-01   1.039872e+00   1.802059e-02
5.153423999999999783e-01   1.033215e+00   1.791113e-02
5.200536000000000048e-01   1.027106e+00   1.777666e-02
5.247648999999999786e-01   1.054187e+00   1.767644e-02
5.294761000000000051e-01   1.045381e+00   1.755102e-02
5.341873999999999789e-01   1.047456e+00   1.744644e-02
5.388986000000000054e-01   1.074105e+00   1.732582e-02
5.436098999999999792e-01   1.078618e+00   1.723281e-02
5.483211999999999531e-01   1.062214e+00   1.711867e-02
5.530323999999999796e-01   1.068644e+00   1.701113e-02
5.577436999999999534e-01   1.097236e+00   1.694536e-02
5.624548999999999799e-01   1.103032e+00   1.686506e-02
5.671661999999999537e-01   1.099037e+00   1.678506e-02
5.718773999999999802e-01   1.122762e+00   1.673281e-02
5.765886999999999540e-01   1.129922e+00   1.673185e-02
5.813000000000000389e-01   1.093843e+00   1.665642e-02
5.860111999999999544e-01   1.112129e+00   1.662145e-02
5.907225000000000392e-01   1.141720e+00   1.661790e-02
5.954336999999999547e-01   1.153877e+00   1.659799e-02
6.001450000000000395e-01   1.132922e+00   1.654431e-02
6.048561999999999550e-01   1.155507e+00   1.652494e-02
6.095675000000000399e-01   1.134523e+00   1.647581e-02
6.142788000000000137e-01   1.173574e+00   1.646476e-02
6.189900000000000402e-01   1.155915e+00   1.639969e-02
6.237013000000000140e-01   1.155310e+00   1.638886e-02
6.284125000000000405e-01   1.193006e+00   1.638564e-02
6.331238000000000143e-01   1.167144e+00   1.632840e-02
6.378350000000000408e-01   1.175509e+00   1.627052e-02
6.425463000000000147e-01   1.164859e+00   1.621839e-02
6.472575000000000411e-01   1.178520e+00   1.620905e-02
6.519688000000000150e-01   1.176897e+00   1.616609e-02
6.566800999999999888e-01   1.189047e+00   1.615963e-02
6.613913000000000153e-01   1.196419e+00   1.612090e-02
6.661025999999999891e-01   1.220953e+00   1.610600e-02
6.708138000000000156e-01   1.211254e+00   1.606017e-02
6.755250999999999895e-01   1.232538e+00   1.605683e-02
6.802363000000000159e-01   1.236158e+00   1.602902e-02
6.849475999999999898e-01   1.215115e+00   1.596019e-02
6.896588999999999636e-01   1.218498e+00   1.593220e-02
6.943700999999999901e-01   1.230217e+00   1.591156e-02
6.990813999999999639e-01   1.241836e+00   1.588340e-02
7.037925999999999904e-01   1.243438e+00   1.586605e-02
7.085038999999999643e-01   1.243390e+00   1.583542e-02
7.132150999999999907e-01   1.250432e+00   1.579380e-02
7.179263999999999646e-01   1.257258e+00   1.577963e-02
7.226375999999999911e-01   1.271327e+00   1.574605e-02
7.273488999999999649e-01   1.261927e+00   1.570027e-02
7.320602000000000498e-01   1.267276e+00   1.568605e-02
7.367713999999999652e-01   1.264483e+00   1.566247e-02
7.414827000000000501e-01   1.279290e+00   1.564922e-02
7.461938999999999655e-01   1.277109e+00   1.563303e-02
7.509052000000000504e-01   1.303666e+00   1.560360e-02
7.556163999999999659e-01   1.280798e+00   1.554124e-02
7.603277000000000507e-01   1.295120e+00   1.554707e-02
7.650390000000000246e-01   1.295857e+00   1.550963e-02
7.697502000000000510e-01   1.272125e+00   1.545489e-02
7.744615000000000249e-01   1.277635e+00   1.544325e-02
7.791727000000000514e-01   1.312239e+00   1.542614e-02
7.838840000000000252e-01   1.309146e+00   1.538246e-02
7.885952000000000517e-01   1.299058e+00   1.534305e-02
7.933065000000000255e-01   1.310469e+00   1.534870e-02
7.980177999999999994e-01   1.311067e+00   1.531820e-02
8.027290000000000258e-01   1.306471e+00   1.527595e-02
8.074402999999999997e-01   1.303881e+00   1.525779e-02
8.121515000000000262e-01   1.319739e+00   1.523396e-02
8.168628000000000000e-01   1.321770e+00   1.520117e-02
8.215740000000000265e-01   1.323930e+00   1.519249e-02
8.262853000000000003e-01   1.328927e+00   1.516343e-02
8.309965000000000268e-01   1.326152e+00   1.511778e-02
8.357078000000000007e-01   1.316697e+00   1.508420e-02
8.404190999999999745e-01   1.325671e+00   1.506084e-02
8.451303000000000010e-01   1.346993e+00   1.504592e-02
8.498415999999999748e-01   1.329602e+00   1.500634e-02
8.545528000000000013e-01   1.337766e+00   1.497588e-02
8.592640999999999751e-01   1.330849e+00   1.494779e-02
8.639753000000000016e-01   1.342151e+00   1.493810e-02
8.686865999999999755e-01   1.327864e+00   1.487881e-02
8.733978999999999493e-01   1.344452e+00   1.488161e-02
8.781090999999999758e-01   1.348745e+00   1.487602e-02
8.828203999999999496e-01   1.355056e+00   1.483739e-02
8.875315999999999761e-01   1.339938e+00   1.480382e-02
8.922428999999999499e-01   1.360899e+00   1.478830e-02
8.969540999999999764e-01   1.355009e+00   1.475210e-02
9.016653999999999503e-01   1.364821e+00   1.473694e-02
9.063767000000000351e-01   1.361252e+00   1.470004e-02
9.110878999999999506e-01   1.360608e+00   1.466425e-02
9.157992000000000354e-01   1.339582e+00   1.465314e-02
9.205103999999999509e-01   1.352694e+00   1.463819e-02
9.252217000000000358e-01   1.356258e+00   1.459873e-02
9.299328999999999512e-01   1.368489e+00   1.457807e-02
9.346442000000000361e-01   1.367282e+00   1.454783e-02
9.393553999999999515e-01   1.381162e+00   1.454262e-02
9.440667000000000364e-01   1.375492e+00   1.451454e-02
9.487780000000000102e-01   1.372444e+00   1.447015e-02
9.534892000000000367e-01   1.366694e+00   1.444493e-02
9.582005000000000106e-01   1.350074e+00   1.440757e-02
9.629117000000000370e-01   1.379627e+00   1.440405e-02
9.676230000000000109e-01   1.357874e+00   1.434806e-02
9.723342000000000374e-01   1.385906e+00   1.435539e-02
9.770455000000000112e-01   1.395477e+00   1.433961e-02
9.817567999999999850e-01   1.363574e+00   1.429364e-02
9.864680000000000115e-01   1.368171e+00   1.427198e-02
9.911792999999999854e-01   1.358780e+00   1.423687e-02
9.958905000000000118e-01   1.347238e+00   1.419954e-02
1.000601999999999991e+00   1.366500e+00   1.419644e-02
1.005312999999999901e+00   1.370358e+00   1.417214e-02
1.010024000000000033e+00   1.348977e+00   1.412993e-02
1.014736000000000082e+00   1.356542e+00   1.411106e-02
1.019446999999999992e+00   1.368431e+00   1.411043e-02
1.024157999999999902e+00   1.352527e+00   1.405956e-02
1.028869000000000034e+00   1.346736e+00   1.401557e-02
1.033581000000000083e+00   1.348782e+00   1.402330e-02
1.038291999999999993e+00   1.352389e+00   1.398775e-02
1.043002999999999902e+00   1.356979e+00   1.397419e-02
1.047714000000000034e+00   1.372077e+00   1.394553e-02
1.052426000000000084e+00   1.359732e+00   1.391671e-02
1.057136999999999993e+00   1.358148e+00   1.389871e-02
1.061847999999999903e+00   1.334477e+00   1.385846e-02
1.066559000000000035e+00   1.335182e+00   1.383271e-02
1.071271000000000084e+00   1.350362e+00   1.382306e-02
1.075981999999999994e+00   1.342591e+00   1.379331e-02
1.080692999999999904e+00   1.321713e+00   1.376990e-02
1.085404000000000035e+00   1.325269e+00   1.373979e-02
1.090116000000000085e+00   1.334504e+00   1.372139e-02
1.094826999999999995e+00   1.341829e+00   1.371390e-02
1.099537999999999904e+00   1.336570e+00   1.368277e-02
1.104249000000000036e+00   1.338439e+00   1.365725e-02
1.108961000000000086e+00   1.325142e+00   1.362158e-02
1.113671999999999995e+00   1.342686e+00   1.361661e-02
1.118382999999999905e+00   1.347387e+00   1.358989e-02
1.123094000000000037e+00   1.328444e+00   1.354861e-02
1.127806000000000086e+00   1.330602e+00   1.352557e-02
1.132516999999999996e+00   1.320311e+00   1.351133e-02
1.137227999999999906e+00   1.293484e+00   1.346281e-02
1.141939000000000037e+00   1.320294e+00   1.344654e-02
1.146651000000000087e+00   1.311551e+00   1.342510e-02
1.151361999999999997e+00   1.300419e+00   1.341167e-02
1.156072999999999906e+00   1.310136e+00   1.339011e-02
1.160784000000000038e+00   1.323764e+00   1.338311e-02
1.165496000000000087e+00   1.299403e+00   1.333949e-02
1.170206999999999997e+00   1.304840e+00   1.331761e-02
1.174917999999999907e+00   1.303682e+00   1.330736e-02
1.179629999999999956e+00   1.312945e+00   1.330092e-02
1.184341000000000088e+00   1.291117e+00   1.324226e-02
1.189051999999999998e+00   1.289332e+00   1.322361e-02
1.193762999999999908e+00   1.285177e+00   1.324031e-02
1.198474999999999957e+00   1.286848e+00   1.351897e-02
1.203186000000000089e+00   1.268288e+00   1.384204e-02
1.207896999999999998e+00   1.258688e+00   1.407735e-02
1.212607999999999908e+00   1.252285e+00   1.425890e-02
1.217319999999999958e+00   1.254858e+00   1.444124e-02
1.222031000000000089e+00   1.258782e+00   1.457813e-02
1.226741999999999999e+00   1.262906e+00   1.469715e-02
1.231452999999999909e+00   1.237739e+00   1.481638e-02
1.236164999999999958e+00   1.257806e+00   1.496171e-02
1.240876000000000090e+00   1.266659e+00   1.508343e-02
1.245587000000000000e+00   1.248912e+00   1.513081e-02
1.250297999999999909e+00   1.250328e+00   1.516610e-02
1.255009999999999959e+00   1.251649e+00   1.519765e-02
1.259721000000000091e+00   1.229058e+00   1.518900e-02
1.264432000000000000e+00   1.237007e+00   1.468169e-02
1.269142999999999910e+00   1.233020e+00   1.429264e-02
1.273854999999999960e+00   1.226307e+00   1.405332e-02
1.278566000000000091e+00   1.228540e+00   1.386572e-02
1.283277000000000001e+00   1.213612e+00   1.369827e-02
1.287987999999999911e+00   1.202825e+00   1.356179e-02
1.292699999999999960e+00   1.195432e+00   1.344424e-02
1.297411000000000092e+00   1.196146e+00   1.333861e-02
1.302122000000000002e+00   1.209447e+00   1.325114e-02
1.306832999999999911e+00   1.193699e+00   1.315860e-02
1.311544999999999961e+00   1.198647e+00   1.311704e-02
1.316256000000000093e+00   1.198046e+00   1.308719e-02
1.320967000000000002e+00   1.184483e+00   1.305991e-02
1.325677999999999912e+00   1.187337e+00   1.301429e-02
1.330389999999999961e+00   1.173604e+00   1.296783e-02
1.335101000000000093e+00   1.170001e+00   1.293498e-02
1.339812000000000003e+00   1.171240e+00   1.291368e-02
1.344522999999999913e+00   1.162210e+00   1.288935e-02
1.349234999999999962e+00   1.155534e+00   1.284818e-02
1.353946000000000094e+00   1.155735e+00   1.282206e-02
1.358657000000000004e+00   1.169396e+00   1.280781e-02
1.363369000000000053e+00   1.149928e+00   1.276719e-02
1.368079999999999963e+00   1.138307e+00   1.272415e-02
1.372791000000000095e+00   1.129642e+00   1.269203e-02
1.377502000000000004e+00   1.147808e+00   1.268262e-02
1.382214000000000054e+00   1.135019e+00   1.265786e-02
1.386924999999999963e+00   1.142158e+00   1.263638e-02
1.391636000000000095e+00   1.121444e+00   1.260446e-02
1.396347000000000005e+00   1.116294e+00   1.257724e-02
1.401059000000000054e+00   1.115573e+00   1.254258e-02
1.405769999999999964e+00   1.108234e+00   1.251411e-02
1.410481000000000096e+00   1.111618e+00   1.250713e-02
1.415192000000000005e+00   1.124243e+00   1.248548e-02
1.419904000000000055e+00   1.107003e+00   1.245903e-02
1.424614999999999965e+00   1.109725e+00   1.244150e-02
1.429326000000000096e+00   1.094530e+00   1.240197e-02
1.434037000000000006e+00   1.072105e+00   1.236572e-02
1.438749000000000056e+00   1.064830e+00   1.233639e-02
1.443459999999999965e+00   1.082648e+00   1.233138e-02
1.448171000000000097e+00   1.073819e+00   1.230732e-02
1.452882000000000007e+00   1.071318e+00   1.229243e-02
1.457594000000000056e+00   1.046735e+00   1.224209e-02
1.462304999999999966e+00   1.068406e+00   1.223182e-02
1.467016000000000098e+00   1.043848e+00   1.219727e-02
1.471727000000000007e+00   1.052135e+00   1.218920e-02
1.476439000000000057e+00   1.036737e+00   1.216726e-02
1.481149999999999967e+00   1.043720e+00   1.214512e-02
1.485861000000000098e+00   1.037373e+00   1.211388e-02
1.490572000000000008e+00   1.039155e+00   1.210226e-02
1.495284000000000058e+00   1.045949e+00   1.208555e-02
1.499994999999999967e+00   1.034705e+00   1.205572e-02
1.504706000000000099e+00   1.033889e+00   1.203555e-02
1.509417000000000009e+00   1.039519e+00   1.202956e-02
1.514129000000000058e+00   1.029527e+00   1.205077e-02
1.518839999999999968e+00   1.028076e+00   1.240777e-02
1.523551000000000100e+00   1.004291e+00   1.263518e-02
1.528262999999999927e+00   9.983184e-01   1.281597e-02
1.532974000000000059e+00   1.019744e+00   1.298867e-02
1.537684999999999969e+00   1.010718e+00   1.310546e-02
1.542396000000000100e+00   9.891141e-01   1.309207e-02
1.547107999999999928e+00   1.008177e+00   1.277955e-02
1.551819000000000059e+00   9.963162e-01   1.258804e-02
1.556529999999999969e+00   9.924427e-01   1.244911e-02
1.561241000000000101e+00   9.761534e-01   1.232333e-02
1.565952999999999928e+00   9.676992e-01   1.219277e-02
1.570664000000000060e+00   9.538767e-01   1.206041e-02
1.575374999999999970e+00   9.666482e-01   1.194623e-02
1.580086000000000102e+00   9.678689e-01   1.184446e-02
1.584797999999999929e+00   9.603259e-01   1.177140e-02
1.589509000000000061e+00   9.611951e-01   1.173821e-02
1.594219999999999970e+00   9.560356e-01   1.173183e-02
1.598931000000000102e+00   9.570689e-01   1.175732e-02
1.603642999999999930e+00   9.459021e-01   1.175158e-02
1.608354000000000061e+00   9.338263e-01   1.174997e-02
1.613064999999999971e+00   9.224605e-01   1.172775e-02
1.617776000000000103e+00   9.310582e-01   1.172049e-02
1.622487999999999930e+00   9.390059e-01   1.169902e-02
1.627199000000000062e+00   9.292873e-01   1.168299e-02
1.631909999999999972e+00   9.146605e-01   1.164382e-02
1.636621000000000103e+00   9.047932e-01   1.161191e-02
1.641332999999999931e+00   9.112151e-01   1.159272e-02
1.646044000000000063e+00   9.056023e-01   1.157010e-02
1.650754999999999972e+00   8.950869e-01   1.155283e-02
1.655466000000000104e+00   9.049484e-01   1.154052e-02
1.660177999999999932e+00   8.946841e-01   1.151164e-02
1.664889000000000063e+00   9.125870e-01   1.152242e-02
1.669599999999999973e+00   9.034524e-01   1.149145e-02
1.674311000000000105e+00   8.767038e-01   1.144664e-02
1.679022999999999932e+00   8.836739e-01   1.143460e-02
1.683734000000000064e+00   8.808931e-01   1.141360e-02
1.688444999999999974e+00   8.772501e-01   1.140643e-02
1.693156000000000105e+00   8.696726e-01   1.136878e-02
1.697867999999999933e+00   8.727309e-01   1.136129e-02
1.702579000000000065e+00   8.605392e-01   1.133232e-02
1.707289999999999974e+00   8.604924e-01   1.131864e-02
1.712002000000000024e+00   8.668169e-01   1.129750e-02
1.716712999999999933e+00   8.548700e-01   1.128346e-02
1.721424000000000065e+00   8.429372e-01   1.126466e-02
1.726134999999999975e+00   8.431472e-01   1.124531e-02
1.730847000000000024e+00   8.365391e-01   1.121511e-02
1.735557999999999934e+00   8.404891e-01   1.120612e-02
1.740269000000000066e+00   8.354394e-01   1.119387e-02
1.744979999999999976e+00   8.370708e-01   1.118222e-02
1.749692000000000025e+00   8.317381e-01   1.114682e-02
1.754402999999999935e+00   8.200996e-01   1.112865e-02
1.759114000000000066e+00   8.202481e-01   1.111656e-02
1.763824999999999976e+00   8.181399e-01   1.109668e-02
1.768537000000000026e+00   7.952464e-01   1.106739e-02
1.773247999999999935e+00   7.912194e-01   1.105236e-02
1.777959000000000067e+00   7.863218e-01   1.103277e-02
1.782669999999999977e+00   8.012335e-01   1.101919e-02
1.787382000000000026e+00   7.924488e-01   1.100777e-02
1.792092999999999936e+00   7.936050e-01   1.099681e-02
1.796804000000000068e+00   7.917003e-01   1.098471e-02
1.801514999999999977e+00   7.837159e-01   1.095593e-02
1.806227000000000027e+00   7.793722e-01   1.094165e-02
1.810937999999999937e+00   7.783947e-01   1.092297e-02
1.815649000000000068e+00   7.710988e-01   1.090179e-02
1.820359999999999978e+00   7.714794e-01   1.089508e-02
1.825072000000000028e+00   7.821101e-01   1.089007e-02
1.829782999999999937e+00   7.644489e-01   1.085050e-02
1.834494000000000069e+00   7.431132e-01   1.082680e-02
1.839204999999999979e+00   7.690698e-01   1.084034e-02
1.843917000000000028e+00   7.738090e-01   1.081952e-02
1.848627999999999938e+00   7.516531e-01   1.078961e-02
1.853339000000000070e+00   7.565891e-01   1.076867e-02
1.858049999999999979e+00   7.323875e-01   1.074013e-02
1.862762000000000029e+00   7.315316e-01   1.073306e-02
1.867472999999999939e+00   7.361767e-01   1.073043e-02
1.872184000000000070e+00   7.342179e-01   1.070933e-02
1.876894999999999980e+00   7.221339e-01   1.067803e-02
1.881607000000000030e+00   7.366570e-01   1.067778e-02
1.886317999999999939e+00   7.216982e-01   1.066348e-02
1.891029000000000071e+00   7.169499e-01   1.064044e-02
1.895740999999999898e+00   7.233427e-01   1.063139e-02
1.900452000000000030e+00   7.205717e-01   1.062095e-02
1.905162999999999940e+00   6.999198e-01   1.059280e-02
1.909874000000000072e+00   7.199597e-01   1.058677e-02
1.914585999999999899e+00   7.176649e-01   1.057227e-02
1.919297000000000031e+00   7.025982e-01   1.055533e-02
1.924007999999999940e+00   7.031159e-01   1.054022e-02
1.928719000000000072e+00   6.980480e-01   1.052084e-02
1.933430999999999900e+00   6.989520e-01   1.049884e-02
1.938142000000000031e+00   7.027902e-01   1.048039e-02
1.942852999999999941e+00   6.775800e-01   1.042865e-02
1.947564000000000073e+00   6.836377e-01   1.041037e-02
1.952275999999999900e+00   6.840573e-01   1.038553e-02
1.956987000000000032e+00   6.897355e-01   1.038386e-02
1.961697999999999942e+00   6.839694e-01   1.035988e-02
1.966409000000000074e+00   6.716646e-01   1.033617e-02
1.971120999999999901e+00   6.661940e-01   1.032198e-02
1.975832000000000033e+00   6.693254e-01   1.032008e-02
1.980542999999999942e+00   6.690465e-01   1.031837e-02
1.985254000000000074e+00   6.680705e-01   1.032197e-02
1.989965999999999902e+00   6.621225e-01   1.031333e-02
1.994677000000000033e+00   6.578222e-01   1.032276e-02
1.999387999999999943e+00   6.550037e-01   1.033413e-02
2.004099000000000075e+00   6.364564e-01   1.055915e-02
2.008811000000000124e+00   6.369673e-01   1.077385e-02
2.013522000000000034e+00   6.452650e-01   1.093777e-02
2.018232999999999944e+00   6.442372e-01   1.106147e-02
2.022943999999999853e+00   6.318624e-01   1.116667e-02
2.027655999999999903e+00   6.344995e-01   1.126338e-02
2.032366999999999813e+00   6.354109e-01   1.131686e-02
2.037078000000000166e+00   6.448072e-01   1.134458e-02
2.041789000000000076e+00   6.266551e-01   1.136928e-02
2.046501000000000126e+00   6.193385e-01   1.139530e-02
2.051212000000000035e+00   6.314907e-01   1.143959e-02
2.055922999999999945e+00   6.240537e-01   1.146626e-02
2.060633999999999855e+00   6.073858e-01   1.148083e-02
2.065345999999999904e+00   6.153913e-01   1.145795e-02
2.070056999999999814e+00   6.253957e-01   1.110971e-02
2.074768000000000168e+00   6.220454e-01   1.089401e-02
2.079480000000000217e+00   6.145437e-01   1.074841e-02
2.084191000000000127e+00   6.167946e-01   1.063369e-02
2.088902000000000037e+00   6.074694e-01   1.053020e-02
2.093612999999999946e+00   6.043853e-01   1.045019e-02
2.098324999999999996e+00   5.891321e-01   1.039640e-02
2.103035999999999905e+00   5.961754e-01   1.037080e-02
2.107746999999999815e+00   5.968008e-01   1.034726e-02
2.112458000000000169e+00   5.773438e-01   1.031177e-02
2.117170000000000218e+00   5.841313e-01   1.029837e-02
2.121881000000000128e+00   5.864114e-01   1.027165e-02
2.126592000000000038e+00   5.905004e-01   1.026035e-02
2.131302999999999948e+00   5.822548e-01   1.023508e-02
2.136014999999999997e+00   5.726590e-01   1.020541e-02
2.140725999999999907e+00   5.832370e-01   1.019586e-02
2.145436999999999816e+00   5.755773e-01   1.017632e-02
2.150148000000000170e+00   5.719904e-01   1.014616e-02
2.154860000000000220e+00   5.690052e-01   1.013143e-02
2.159571000000000129e+00   5.696232e-01   1.011619e-02
2.164282000000000039e+00   5.492215e-01   1.007981e-02
2.168992999999999949e+00   5.446930e-01   1.005665e-02
2.173704999999999998e+00   5.465088e-01   1.004825e-02
2.178415999999999908e+00   5.562056e-01   1.004192e-02
2.183126999999999818e+00   5.595888e-01   1.003036e-02
2.187838000000000171e+00   5.448505e-01   1.000955e-02
2.192550000000000221e+00   5.535173e-01   9.991802e-03
2.197261000000000131e+00   5.367268e-01   9.961542e-03
2.201972000000000040e+00   5.353788e-01   9.946137e-03
2.206682999999999950e+00   5.307510e-01   9.941709e-03
2.211395000000000000e+00   5.461901e-01   9.944216e-03
2.216105999999999909e+00   5.372990e-01   9.916192e-03
2.220816999999999819e+00   5.344317e-01   9.904170e-03
2.225528000000000173e+00   5.226906e-01   9.886253e-03
2.230239999999999778e+00   5.298552e-01   9.877897e-03
2.234951000000000132e+00   5.260804e-01   9.862494e-03
2.239662000000000042e+00   5.275967e-01   9.839610e-03
2.244372999999999951e+00   5.273928e-01   9.831776e-03
2.249085000000000001e+00   5.100070e-01   9.808692e-03
2.253795999999999911e+00   5.224724e-01   9.802390e-03
2.258506999999999820e+00   5.129992e-01   9.784668e-03
2.263218999999999870e+00   5.080311e-01   9.763142e-03
2.267929999999999779e+00   5.126225e-01   9.761725e-03
2.272641000000000133e+00   5.164027e-01   9.756890e-03
2.277352000000000043e+00   5.141460e-01   9.727295e-03
2.282064000000000092e+00   5.045965e-01   9.718955e-03
2.286775000000000002e+00   5.090375e-01   9.709773e-03
2.291485999999999912e+00   5.150857e-01   9.699447e-03
2.296196999999999822e+00   4.902782e-01   9.672054e-03
2.300908999999999871e+00   5.020581e-01   9.665651e-03
2.305619999999999781e+00   5.079958e-01   9.667267e-03
2.310331000000000135e+00   4.981615e-01   9.647937e-03
2.315042000000000044e+00   4.882577e-01   9.623368e-03
2.319754000000000094e+00   4.793758e-01   9.601222e-03
2.324465000000000003e+00   4.850027e-01   9.604791e-03
2.329175999999999913e+00   4.798010e-01   9.587036e-03
2.333886999999999823e+00   4.930918e-01   9.573667e-03
2.338598999999999872e+00   4.941614e-01   9.565797e-03
2.343309999999999782e+00   4.758924e-01   9.544590e-03
2.348021000000000136e+00   4.818131e-01   9.545072e-03
2.352732000000000046e+00   4.775133e-01   9.532707e-03
2.357444000000000095e+00   4.841179e-01   9.525098e-03
2.362155000000000005e+00   4.675138e-01   9.500210e-03
2.366865999999999914e+00   4.766972e-01   9.498984e-03
2.371576999999999824e+00   4.642737e-01   9.476456e-03
2.376288999999999874e+00   4.673528e-01   9.464220e-03
2.380999999999999783e+00   4.606241e-01   9.453973e-03
2.385711000000000137e+00   4.706046e-01   9.451544e-03
2.390422000000000047e+00   4.832506e-01   9.445659e-03
2.395134000000000096e+00   4.637446e-01   9.429476e-03
2.399845000000000006e+00   4.590743e-01   9.415822e-03
2.404555999999999916e+00   4.626399e-01   9.404104e-03
2.409266999999999825e+00   4.689620e-01   9.403600e-03
2.413978999999999875e+00   4.592935e-01   9.384902e-03
2.418689999999999785e+00   4.600434e-01   9.374385e-03
2.423401000000000138e+00   4.461833e-01   9.355748e-03
2.428112000000000048e+00   4.471144e-01   9.344018e-03
2.432824000000000098e+00   4.588694e-01   9.346442e-03
2.437535000000000007e+00   4.575754e-01   9.340963e-03
2.442245999999999917e+00   4.565368e-01   9.327178e-03
2.446957999999999966e+00   4.305509e-01   9.300177e-03
2.451668999999999876e+00   4.331468e-01   9.291138e-03
2.456379999999999786e+00   4.247519e-01   9.278013e-03
2.461091000000000140e+00   4.225106e-01   9.264457e-03
2.465803000000000189e+00   4.313528e-01   9.260932e-03
2.470514000000000099e+00   4.414762e-01   9.252257e-03
2.475225000000000009e+00   4.258004e-01   9.234608e-03
2.479935999999999918e+00   4.278540e-01   9.235893e-03
2.484647999999999968e+00   4.203502e-01   9.220277e-03
2.489358999999999877e+00   4.250533e-01   9.208885e-03
2.494069999999999787e+00   4.325218e-01   9.201714e-03
2.498781000000000141e+00   4.212911e-01   9.191982e-03
2.503493000000000190e+00   4.160355e-01   9.178426e-03
2.508204000000000100e+00   4.325449e-01   9.173043e-03
2.512915000000000010e+00   4.268582e-01   9.159521e-03
2.517625999999999920e+00   4.181554e-01   9.133312e-03
2.522337999999999969e+00   4.161214e-01   9.110940e-03
2.527048999999999879e+00   4.025350e-01   9.084505e-03
2.531759999999999788e+00   4.134348e-01   9.074647e-03
2.536471000000000142e+00   4.162053e-01   9.077708e-03
2.541183000000000192e+00   4.156657e-01   9.059450e-03
2.545894000000000101e+00   4.095419e-01   9.053459e-03
2.550605000000000011e+00   4.005513e-01   9.037562e-03
2.555315999999999921e+00   4.004983e-01   9.028746e-03
2.560027999999999970e+00   4.054309e-01   9.015973e-03
2.564738999999999880e+00   4.056691e-01   9.018060e-03
2.569449999999999790e+00   3.973013e-01   9.016540e-03
2.574161000000000143e+00   3.979528e-01   9.019778e-03
2.578873000000000193e+00   3.868963e-01   9.010569e-03
2.583584000000000103e+00   3.876543e-01   9.007128e-03
2.588295000000000012e+00   4.014703e-01   9.007392e-03
2.593005999999999922e+00   3.955929e-01   8.985584e-03
2.597717999999999972e+00   3.952388e-01   8.982684e-03
2.602428999999999881e+00   3.805188e-01   8.969935e-03
2.607139999999999791e+00   3.953447e-01   8.969139e-03
2.611851000000000145e+00   3.915442e-01   8.952753e-03
2.616563000000000194e+00   3.987028e-01   8.952902e-03
2.621274000000000104e+00   3.852057e-01   8.931288e-03
2.625985000000000014e+00   3.772292e-01   8.912849e-03
2.630697000000000063e+00   3.819664e-01   8.909483e-03
2.635407999999999973e+00   3.820409e-01   8.902613e-03
2.640118999999999883e+00   3.770381e-01   8.891421e-03
2.644829999999999792e+00   3.781846e-01   8.894798e-03
2.649541999999999842e+00   3.712277e-01   8.878250e-03
2.654253000000000196e+00   3.817806e-01   8.875346e-03
2.658964000000000105e+00   3.830687e-01   8.860891e-03
2.663675000000000015e+00   3.652565e-01   8.844091e-03
2.668387000000000064e+00   3.772294e-01   8.847653e-03
2.673097999999999974e+00   3.695636e-01   8.835230e-03
2.677808999999999884e+00   3.694098e-01   8.831970e-03
2.682519999999999794e+00   3.634736e-01   8.817359e-03
2.687231999999999843e+00   3.698209e-01   8.812615e-03
2.691943000000000197e+00   3.735528e-01   8.797651e-03
2.696654000000000106e+00   3.645143e-01   8.791001e-03
2.701365000000000016e+00   3.674287e-01   8.786243e-03
2.706077000000000066e+00   3.659582e-01   8.771526e-03
2.710787999999999975e+00   3.660314e-01   8.766316e-03
2.715498999999999885e+00   3.647196e-01   8.756197e-03
2.720209999999999795e+00   3.633643e-01   8.752445e-03
2.724921999999999844e+00   3.592595e-01   8.740603e-03
2.729633000000000198e+00   3.504044e-01   8.723607e-03
2.734344000000000108e+00   3.504514e-01   8.715609e-03
2.739055000000000017e+00   3.415766e-01   8.704996e-03
2.743767000000000067e+00   3.499769e-01   8.698864e-03
2.748477999999999977e+00   3.494670e-01   8.689980e-03
2.753188999999999886e+00   3.586066e-01   8.686922e-03
2.757899999999999796e+00   3.505434e-01   8.679376e-03
2.762611999999999846e+00   3.510364e-01   8.665371e-03
2.767323000000000199e+00   3.363488e-01   8.650127e-03
2.772034000000000109e+00   3.413180e-01   8.648860e-03
2.776745000000000019e+00   3.344161e-01   8.643928e-03
2.781457000000000068e+00   3.392466e-01   8.634150e-03
2.786167999999999978e+00   3.330148e-01   8.623811e-03
2.790878999999999888e+00   3.369237e-01   8.610224e-03
2.795589999999999797e+00   3.537113e-01   8.614932e-03
2.800301999999999847e+00   3.292632e-01   8.610805e-03
2.805013000000000201e+00   3.389569e-01   8.646392e-03
2.809724000000000110e+00   3.306810e-01   8.862629e-03
2.814436000000000160e+00   3.279977e-01   8.994125e-03
2.819147000000000070e+00   3.226553e-01   9.104553e-03
2.823857999999999979e+00   3.481236e-01   9.199417e-03
2.828568999999999889e+00   3.357042e-01   9.233452e-03
2.833280999999999938e+00   3.313643e-01   9.268065e-03
2.837991999999999848e+00   3.223534e-01   9.298369e-03
2.842703000000000202e+00   3.249762e-01   9.317707e-03
2.847414000000000112e+00   3.360385e-01   9.344300e-03
2.852126000000000161e+00   3.257985e-01   9.369612e-03
2.856837000000000071e+00   3.256623e-01   9.393874e-03
2.861547999999999981e+00   3.087019e-01   9.395139e-03
2.866258999999999890e+00   3.237773e-01   9.412275e-03
2.870970999999999940e+00   3.341944e-01   9.349481e-03
2.875681999999999849e+00   3.310921e-01   9.111969e-03
2.880393000000000203e+00   3.284985e-01   8.968361e-03
2.885104000000000113e+00   3.223383e-01   8.870761e-03
2.889816000000000162e+00   3.118678e-01   8.799804e-03
2.894527000000000072e+00   3.098161e-01   8.754719e-03
2.899237999999999982e+00   3.168129e-01   8.731942e-03
2.903948999999999891e+00   3.161424e-01   8.720446e-03
2.908660999999999941e+00   3.139137e-01   8.694269e-03
2.913371999999999851e+00   3.197809e-01   8.691225e-03
2.918083000000000204e+00   3.169607e-01   8.663478e-03
2.922794000000000114e+00   3.085570e-01   8.644867e-03
2.927506000000000164e+00   3.051885e-01   8.628055e-03
2.932217000000000073e+00   3.025589e-01   8.610621e-03
2.936927999999999983e+00   3.102548e-01   8.605618e-03
2.941638999999999893e+00   3.007849e-01   8.585528e-03
2.946350999999999942e+00   3.057490e-01   8.581193e-03
2.951061999999999852e+00   2.997792e-01   8.566789e-03
2.955773000000000206e+00   2.899722e-01   8.538922e-03
2.960484000000000115e+00   3.060002e-01   8.538441e-03
2.965196000000000165e+00   3.123342e-01   8.537759e-03
2.969907000000000075e+00   2.930392e-01   8.510729e-03
2.974617999999999984e+00   2.959514e-01   8.503301e-03
2.979328999999999894e+00   2.931662e-01   8.487240e-03
2.984040999999999944e+00   2.867180e-01   8.476321e-03
2.988751999999999853e+00   3.065057e-01   8.480137e-03
2.993463000000000207e+00   3.074400e-01   8.479622e-03
2.998174999999999812e+00   2.995200e-01   8.462454e-03
3.002886000000000166e+00   3.040758e-01   8.450016e-03
3.007597000000000076e+00   2.968262e-01   8.438120e-03
3.012307999999999986e+00   2.944852e-01   8.426953e-03
3.017020000000000035e+00   2.958293e-01   8.415174e-03
3.021730999999999945e+00   2.936492e-01   8.404113e-03
3.026441999999999855e+00   2.888042e-01   8.392448e-03
3.031153000000000208e+00   2.888163e-01   8.392705e-03
3.035864999999999814e+00   2.917434e-01   8.379209e-03
3.040576000000000167e+00   2.925505e-01   8.377060e-03
3.045287000000000077e+00   2.860361e-01   8.357166e-03
3.049997999999999987e+00   2.904994e-01   8.352720e-03
3.054710000000000036e+00   2.796797e-01   8.337388e-03
3.059420999999999946e+00   2.873438e-01   8.325240e-03
3.064131999999999856e+00   2.930572e-01   8.324461e-03
3.068843000000000210e+00   2.792286e-01   8.312404e-03
3.073554999999999815e+00   2.767113e-01   8.304935e-03
3.078266000000000169e+00   2.762569e-01   8.293897e-03
3.082977000000000078e+00   2.814775e-01   8.289771e-03
3.087687999999999988e+00   2.723082e-01   8.278831e-03
3.092400000000000038e+00   2.750757e-01   8.271408e-03
3.097110999999999947e+00   2.782183e-01   8.264420e-03
3.101821999999999857e+00   2.758723e-01   8.255828e-03
3.106533000000000211e+00   2.628760e-01   8.238966e-03
3.111244999999999816e+00   2.617579e-01   8.231612e-03
3.115956000000000170e+00   2.697093e-01   8.232352e-03
3.120667000000000080e+00   2.741726e-01   8.228636e-03
3.125377999999999989e+00   2.770169e-01   8.221870e-03
3.130090000000000039e+00   2.674018e-01   8.212017e-03
3.134800999999999949e+00   2.733168e-01   8.198828e-03
3.139511999999999858e+00   2.691748e-01   8.191572e-03
3.144223000000000212e+00   2.784933e-01   8.193449e-03
3.148934999999999818e+00   2.706540e-01   8.181353e-03
3.153646000000000171e+00   2.764065e-01   8.169601e-03
3.158357000000000081e+00   2.719516e-01   8.167273e-03
3.163067999999999991e+00   2.652610e-01   8.159853e-03
3.167780000000000040e+00   2.758124e-01   8.153409e-03
3.172490999999999950e+00   2.630018e-01   8.138843e-03
3.177201999999999860e+00   2.620738e-01   8.139999e-03
3.181913999999999909e+00   2.611675e-01   8.130063e-03
3.186624999999999819e+00   2.694881e-01   8.122530e-03
3.191336000000000173e+00   2.608306e-01   8.098990e-03
3.196047000000000082e+00   2.576506e-01   8.085188e-03
3.200759000000000132e+00   2.658358e-01   8.078429e-03
3.205470000000000041e+00   2.716722e-01   8.078212e-03
3.210180999999999951e+00   2.655601e-01   8.067267e-03
3.214891999999999861e+00   2.629547e-01   8.059294e-03
3.219603999999999910e+00   2.462361e-01   8.039687e-03
3.224314999999999820e+00   2.504605e-01   8.037319e-03
3.229026000000000174e+00   2.476336e-01   8.025962e-03
3.233737000000000084e+00   2.536905e-01   8.019758e-03
3.238449000000000133e+00   2.613881e-01   8.016900e-03
3.243160000000000043e+00   2.675079e-01   8.023542e-03
3.247870999999999952e+00   2.535938e-01   8.010164e-03
3.252581999999999862e+00   2.489323e-01   8.009179e-03
3.257293999999999912e+00   2.493413e-01   8.010380e-03
3.262004999999999821e+00   2.431924e-01   8.003264e-03
3.266716000000000175e+00   2.405766e-01   7.996859e-03
3.271427000000000085e+00   2.442772e-01   7.992520e-03
3.276139000000000134e+00   2.641619e-01   7.991383e-03
3.280850000000000044e+00   2.608429e-01   7.987900e-03
3.285560999999999954e+00   2.519521e-01   7.978413e-03
3.290271999999999863e+00   2.386717e-01   7.960818e-03
3.294983999999999913e+00   2.493019e-01   7.965644e-03
3.299694999999999823e+00   2.558743e-01   7.959622e-03
3.304406000000000176e+00   2.362489e-01   7.946579e-03
3.309117000000000086e+00   2.299412e-01   7.938359e-03
3.313829000000000136e+00   2.230565e-01   7.933192e-03
3.318540000000000045e+00   2.421799e-01   7.927928e-03
3.323250999999999955e+00   2.413604e-01   7.920391e-03
3.327961999999999865e+00   2.449344e-01   7.920998e-03
3.332673999999999914e+00   2.365294e-01   7.908764e-03
3.337384999999999824e+00   2.383206e-01   7.895053e-03
3.342096000000000178e+00   2.383456e-01   7.893291e-03
3.346807000000000087e+00   2.344494e-01   7.886325e-03
3.351519000000000137e+00   2.334113e-01   7.888728e-03
3.356230000000000047e+00   2.321338e-01   7.879078e-03
3.360940999999999956e+00   2.382185e-01   7.871438e-03
3.365653000000000006e+00   2.480466e-01   7.872584e-03
3.370363999999999916e+00   2.347649e-01   7.857125e-03
3.375074999999999825e+00   2.377337e-01   7.857404e-03
3.379786000000000179e+00   2.385459e-01   7.850669e-03
3.384497999999999784e+00   2.302518e-01   7.839377e-03
3.389209000000000138e+00   2.363673e-01   7.888134e-03
3.393920000000000048e+00   2.313161e-01   8.070853e-03
3.398630999999999958e+00   2.303026e-01   8.183558e-03
3.403343000000000007e+00   2.280154e-01   8.263862e-03
3.408053999999999917e+00   2.212014e-01   8.324446e-03
3.412764999999999826e+00   2.216036e-01   8.341856e-03
3.417476000000000180e+00   2.188994e-01   8.338648e-03
3.422187999999999786e+00   2.157301e-01   8.340784e-03
3.426899000000000139e+00   2.230769e-01   8.367669e-03
3.431610000000000049e+00   2.237881e-01   8.389729e-03
3.436320999999999959e+00   2.247371e-01   8.417675e-03
3.441033000000000008e+00   2.264022e-01   8.428677e-03
3.445743999999999918e+00   2.225325e-01   8.439748e-03
3.450454999999999828e+00   2.376499e-01   8.461126e-03
3.455166000000000182e+00   2.267507e-01   8.467777e-03
3.459877999999999787e+00   2.076906e-01   8.471365e-03
3.464589000000000141e+00   2.296675e-01   8.498198e-03
3.469300000000000050e+00   2.223293e-01   8.505237e-03
3.474010999999999960e+00   2.296116e-01   8.525477e-03
3.478723000000000010e+00   2.205439e-01   8.538459e-03
3.483433999999999919e+00   2.239232e-01   8.552719e-03
3.488144999999999829e+00   2.233850e-01   8.560283e-03
3.492856000000000183e+00   2.240722e-01   8.560156e-03
3.497567999999999788e+00   2.115872e-01   8.568558e-03
3.502279000000000142e+00   2.114701e-01   8.580391e-03
3.506990000000000052e+00   2.210091e-01   8.592206e-03
3.511700999999999961e+00   2.285329e-01   8.612372e-03
3.516413000000000011e+00   2.246114e-01   8.618909e-03
3.521123999999999921e+00   2.330971e-01   8.631084e-03
3.525834999999999830e+00   2.182626e-01   8.635349e-03
3.530546000000000184e+00   2.116893e-01   8.643136e-03
3.535257999999999790e+00   2.110593e-01   8.648429e-03
3.539969000000000143e+00   2.182838e-01   8.657261e-03
3.544680000000000053e+00   2.109263e-01   8.669394e-03
3.549392000000000102e+00   2.071174e-01   8.676135e-03
3.554103000000000012e+00   1.940433e-01   8.676091e-03
3.558813999999999922e+00   2.094679e-01   8.700394e-03
3.563524999999999832e+00   2.230852e-01   8.709550e-03
3.568236999999999881e+00   2.056556e-01   8.701236e-03
3.572947999999999791e+00   2.087352e-01   8.709788e-03
3.577659000000000145e+00   2.152509e-01   8.717785e-03
3.582370000000000054e+00   2.055724e-01   8.722323e-03
3.587082000000000104e+00   2.113666e-01   8.731464e-03
3.591793000000000013e+00   2.120338e-01   8.742793e-03
3.596503999999999923e+00   2.103284e-01   8.736089e-03
3.601214999999999833e+00   2.143298e-01   8.737263e-03
3.605926999999999882e+00   2.166118e-01   8.743899e-03
3.610637999999999792e+00   2.157626e-01   8.907564e-03
3.615349000000000146e+00   2.111849e-01   9.163079e-03
3.620060000000000056e+00   2.166723e-01   9.320947e-03
3.624772000000000105e+00   2.152097e-01   9.440709e-03
3.629483000000000015e+00   2.090571e-01   9.507565e-03
3.634193999999999924e+00   2.027876e-01   9.568169e-03
3.638904999999999834e+00   2.111595e-01   9.627110e-03
3.643616999999999884e+00   2.096715e-01   9.682896e-03
3.648327999999999793e+00   1.958505e-01   9.719223e-03
3.653039000000000147e+00   2.094569e-01   9.789424e-03
3.657750000000000057e+00   2.141764e-01   9.840977e-03
3.662462000000000106e+00   2.061601e-01   9.881658e-03
3.667173000000000016e+00   1.980850e-01   9.930762e-03
3.671883999999999926e+00   1.893695e-01   9.966673e-03
3.676594999999999835e+00   2.064587e-01   1.001891e-02
3.681306999999999885e+00   2.045101e-01   1.005867e-02
3.686017999999999795e+00   2.067576e-01   1.010779e-02
3.690729000000000148e+00   1.982441e-01   1.014767e-02
3.695440000000000058e+00   1.901426e-01   1.017948e-02
3.700152000000000108e+00   1.826274e-01   1.021607e-02
3.704863000000000017e+00   1.971832e-01   1.027631e-02
3.709573999999999927e+00   1.989783e-01   1.031325e-02
3.714284999999999837e+00   2.130732e-01   1.035554e-02
3.718996999999999886e+00   1.918499e-01   1.040015e-02
3.723707999999999796e+00   1.895904e-01   1.043148e-02
3.728419000000000150e+00   1.828054e-01   1.047419e-02
3.733131000000000199e+00   1.973099e-01   1.052536e-02
3.737842000000000109e+00   2.182880e-01   1.057425e-02
3.742553000000000019e+00   2.031404e-01   1.060417e-02
3.747263999999999928e+00   1.806285e-01   1.062748e-02
3.751975999999999978e+00   1.870863e-01   1.067309e-02
3.756686999999999887e+00   1.965131e-01   1.071147e-02
3.761397999999999797e+00   2.021963e-01   1.075711e-02
3.766109000000000151e+00   1.958257e-01   1.080215e-02
3.770821000000000200e+00   1.868564e-01   1.083074e-02
3.775532000000000110e+00   2.016383e-01   1.087922e-02
3.780243000000000020e+00   1.846448e-01   1.090075e-02
3.784953999999999930e+00   1.881097e-01   1.094145e-02
3.789665999999999979e+00   2.023236e-01   1.098976e-02
3.794376999999999889e+00   1.935791e-01   1.102065e-02
3.799087999999999798e+00   1.841724e-01   1.106846e-02
3.803799000000000152e+00   1.985149e-01   1.111571e-02
3.808511000000000202e+00   1.778058e-01   1.113107e-02
3.813222000000000111e+00   1.885870e-01   1.117864e-02
3.817933000000000021e+00   1.939435e-01   1.122406e-02
3.822643999999999931e+00   1.831133e-01   1.125378e-02
3.827355999999999980e+00   2.018926e-01   1.130137e-02
3.832066999999999890e+00   1.865254e-01   1.133320e-02
3.836777999999999800e+00   1.756494e-01   1.136970e-02
3.841489000000000154e+00   1.817248e-01   1.141139e-02
3.846201000000000203e+00   1.731853e-01   1.143650e-02
3.850912000000000113e+00   1.859133e-01   1.149194e-02
3.855623000000000022e+00   1.915850e-01   1.154265e-02
3.860333999999999932e+00   1.935803e-01   1.157869e-02
3.865045999999999982e+00   1.807643e-01   1.160774e-02
3.869756999999999891e+00   1.917021e-01   1.165487e-02
3.874467999999999801e+00   1.709991e-01   1.169498e-02
3.879179000000000155e+00   1.772457e-01   1.172991e-02
3.883891000000000204e+00   1.814721e-01   1.176166e-02
3.888602000000000114e+00   1.808753e-01   1.181167e-02
3.893313000000000024e+00   1.812910e-01   1.184073e-02
3.898023999999999933e+00   1.838482e-01   1.189202e-02
3.902735999999999983e+00   1.728470e-01   1.191262e-02
3.907446999999999893e+00   1.872020e-01   1.198843e-02
3.912157999999999802e+00   1.722512e-01   1.200426e-02
3.916869999999999852e+00   1.585081e-01   1.201302e-02
3.921581000000000206e+00   1.780776e-01   1.202882e-02
3.926292000000000115e+00   1.755919e-01   1.204959e-02
3.931003000000000025e+00   1.698154e-01   1.209087e-02
3.935715000000000074e+00   1.650302e-01   1.212510e-02
3.940425999999999984e+00   1.776303e-01   1.213528e-02
3.945136999999999894e+00   1.805470e-01   1.216060e-02
3.949847999999999804e+00   1.586060e-01   1.216344e-02
3.954559999999999853e+00   1.892969e-01   1.219750e-02
3.959271000000000207e+00   1.793860e-01   1.220432e-02
3.963982000000000117e+00   1.682761e-01   1.220990e-02
3.968693000000000026e+00   1.610972e-01   1.221369e-02
3.973405000000000076e+00   1.751117e-01   1.225897e-02
3.978115999999999985e+00   1.756764e-01   1.231123e-02
3.982826999999999895e+00   1.804895e-01   1.235321e-02
3.987537999999999805e+00   1.627764e-01   1.238789e-02
3.992249999999999854e+00   1.718216e-01   1.244010e-02
3.996961000000000208e+00   1.638684e-01   1.247573e-02
4.001672000000000118e+00   1.760838e-01   1.249904e-02
4.006382999999999583e+00   1.777677e-01   1.254595e-02
4.011095000000000077e+00   1.755961e-01   1.259506e-02
4.015806000000000431e+00   1.748677e-01   1.263416e-02
4.020516999999999896e+00   1.666249e-01   1.268409e-02
4.025228000000000250e+00   1.615160e-01   1.271383e-02
4.029939999999999856e+00   1.753157e-01   1.275883e-02
4.034651000000000209e+00   1.820465e-01   1.279738e-02
4.039361999999999675e+00   1.664440e-01   1.284520e-02
4.044073000000000029e+00   1.869981e-01   1.291518e-02
4.048784999999999634e+00   1.734022e-01   1.294191e-02
4.053495999999999988e+00   1.704000e-01   1.298153e-02
4.058207000000000342e+00   1.784607e-01   1.303593e-02
4.062917999999999807e+00   1.669190e-01   1.306704e-02
4.067630000000000301e+00   1.571983e-01   1.312052e-02
4.072340999999999767e+00   1.529862e-01   1.316919e-02
4.077052000000000120e+00   1.653046e-01   1.322131e-02
4.081762999999999586e+00   1.569914e-01   1.326930e-02
4.086475000000000080e+00   1.666819e-01   1.330599e-02
4.091186000000000433e+00   1.500032e-01   1.333079e-02
4.095896999999999899e+00   1.654775e-01   1.341748e-02
4.100609000000000393e+00   1.763786e-01   1.346181e-02
4.105319999999999858e+00   1.634452e-01   1.350413e-02
4.110031000000000212e+00   1.470911e-01   1.353377e-02
4.114741999999999678e+00   1.585132e-01   1.360433e-02
4.119454000000000171e+00   1.785195e-01   1.365675e-02
4.124164999999999637e+00   1.726130e-01   1.367907e-02
4.128875999999999991e+00   1.518691e-01   1.372679e-02
4.133587000000000344e+00   1.511254e-01   1.378009e-02
4.138298999999999950e+00   1.547892e-01   1.384727e-02
4.143010000000000304e+00   1.522082e-01   1.388626e-02
4.147720999999999769e+00   1.643499e-01   1.394894e-02
4.152432000000000123e+00   1.598621e-01   1.398720e-02
4.157143999999999728e+00   1.539735e-01   1.404571e-02
4.161855000000000082e+00   1.744579e-01   1.412374e-02
4.166566000000000436e+00   1.758553e-01   1.416037e-02
4.171276999999999902e+00   1.655224e-01   1.421249e-02
4.175989000000000395e+00   1.633963e-01   1.426231e-02
4.180699999999999861e+00   1.473895e-01   1.434608e-02
4.185411000000000215e+00   1.506291e-01   1.437416e-02
4.190121999999999680e+00   1.641675e-01   1.444422e-02
4.194834000000000174e+00   1.659018e-01   1.449895e-02
4.199544999999999639e+00   1.545293e-01   1.453367e-02
4.204255999999999993e+00   1.549109e-01   1.459109e-02
4.208967000000000347e+00   1.592352e-01   1.464469e-02
4.213678999999999952e+00   1.431770e-01   1.467654e-02
4.218390000000000306e+00   1.349571e-01   1.472637e-02
4.223100999999999772e+00   1.489532e-01   1.481566e-02
4.227812000000000126e+00   1.341896e-01   1.484465e-02
4.232523999999999731e+00   1.192247e-01   1.489740e-02
4.237235000000000085e+00   1.462167e-01   1.498847e-02
4.241946000000000438e+00   1.443294e-01   1.504769e-02
4.246656999999999904e+00   1.435126e-01   1.510990e-02
4.251369000000000398e+00   1.596752e-01   1.519582e-02
4.256079999999999863e+00   1.635481e-01   1.529256e-02
4.260791000000000217e+00   1.578995e-01   1.532278e-02
4.265501999999999683e+00   1.500955e-01   1.538056e-02
4.270214000000000176e+00   1.551592e-01   1.543171e-02
4.274924999999999642e+00   1.647345e-01   1.549507e-02
4.279635999999999996e+00   1.597234e-01   1.557377e-02
4.284347999999999601e+00   1.553716e-01   1.565114e-02
4.289058999999999955e+00   1.482614e-01   1.568848e-02
4.293770000000000309e+00   1.511102e-01   1.576986e-02
4.298480999999999774e+00   1.678638e-01   1.582865e-02
4.303193000000000268e+00   1.711969e-01   1.591079e-02
4.307903999999999733e+00   1.778323e-01   1.600505e-02
4.312615000000000087e+00   1.673616e-01   1.608616e-02
4.317326000000000441e+00   1.662929e-01   1.614947e-02
4.322038000000000046e+00   1.412603e-01   1.619944e-02
4.326749000000000400e+00   1.430650e-01   1.626430e-02
4.331459999999999866e+00   1.480523e-01   1.632105e-02
4.336171000000000220e+00   1.606586e-01   1.642171e-02
4.340882999999999825e+00   1.561272e-01   1.651333e-02
4.345594000000000179e+00   1.599028e-01   1.658700e-02
4.350304999999999644e+00   1.482454e-01   1.663393e-02
4.355015999999999998e+00   1.480717e-01   1.670935e-02
4.359727999999999604e+00   1.383066e-01   1.676557e-02
4.364438999999999957e+00   1.666583e-01   1.691607e-02
4.369150000000000311e+00   1.362920e-01   1.695703e-02
4.373860999999999777e+00   1.245099e-01   1.701698e-02
4.378573000000000270e+00   1.590527e-01   1.715946e-02
4.383283999999999736e+00   1.556561e-01   1.720773e-02
4.387995000000000090e+00   1.334190e-01   1.727109e-02
4.392706000000000444e+00   1.451841e-01   1.735336e-02
4.397418000000000049e+00   1.440871e-01   1.740222e-02
4.402129000000000403e+00   1.393982e-01   1.744300e-02
4.406839999999999868e+00   1.458697e-01   1.745931e-02
4.411551000000000222e+00   1.376800e-01   1.747449e-02
4.416262999999999828e+00   1.237660e-01   1.751524e-02
4.420974000000000181e+00   1.501096e-01   1.751200e-02
4.425684999999999647e+00   1.557547e-01   1.752336e-02
4.430396000000000001e+00   1.608954e-01   1.753648e-02
4.435107999999999606e+00   1.478611e-01   1.753604e-02
4.439818999999999960e+00   1.390274e-01   1.754992e-02
4.444530000000000314e+00   1.335287e-01   1.763261e-02
4.449240999999999779e+00   1.386707e-01   1.772900e-02
4.453953000000000273e+00   1.670696e-01   1.784843e-02
4.458663999999999739e+00   1.606811e-01   1.794336e-02
4.463375000000000092e+00   1.319202e-01   1.799853e-02
4.468086999999999698e+00   1.531548e-01   1.813276e-02
4.472798000000000052e+00   1.473240e-01   1.819284e-02
4.477509000000000405e+00   1.285247e-01   1.830792e-02
4.482219999999999871e+00   1.385831e-01   1.842223e-02
4.486932000000000365e+00   1.493578e-01   1.852153e-02
4.491642999999999830e+00   1.231079e-01   1.863111e-02
4.496354000000000184e+00   1.411938e-01   1.874003e-02
4.501064999999999650e+00   1.454974e-01   1.882028e-02
4.505777000000000143e+00   1.659431e-01   1.896313e-02
4.510487999999999609e+00   1.308115e-01   1.904576e-02
4.515198999999999963e+00   1.160036e-01   1.914003e-02
4.519910000000000316e+00   1.170569e-01   1.926038e-02
4.524621999999999922e+00   1.177430e-01   1.933991e-02
4.529333000000000276e+00   1.234066e-01   1.948123e-02
4.534043999999999741e+00   1.288278e-01   1.961481e-02
4.538755000000000095e+00   1.371434e-01   1.979137e-02
4.543466999999999700e+00   1.358356e-01   1.990454e-02
4.548178000000000054e+00   1.156528e-01   1.999428e-02
4.552889000000000408e+00   1.343817e-01   2.010858e-02
4.557599999999999874e+00   1.417774e-01   2.025790e-02
4.562312000000000367e+00   1.299323e-01   2.037364e-02
4.567022999999999833e+00   1.577362e-01   2.053070e-02
4.571734000000000187e+00   1.550988e-01   2.068912e-02
4.576444999999999652e+00   1.191301e-01   2.082176e-02
4.581157000000000146e+00   1.113035e-01   2.091539e-02
4.585867999999999611e+00   1.375365e-01   2.110269e-02
4.590578999999999965e+00   1.646668e-01   2.126294e-02
4.595290000000000319e+00   1.587796e-01   2.140160e-02
4.600001999999999924e+00   1.161247e-01   2.147927e-02
4.604713000000000278e+00   1.320903e-01   2.165361e-02
4.609423999999999744e+00   1.376949e-01   2.183459e-02
4.614135000000000097e+00   1.643329e-01   2.204374e-02
4.618846999999999703e+00   1.552185e-01   2.217570e-02
4.623558000000000057e+00   1.257293e-01   2.232159e-02
4.628269000000000410e+00   1.275281e-01   2.251922e-02
4.632979999999999876e+00   1.120989e-01   2.267470e-02
4.637692000000000370e+00   1.172400e-01   2.286584e-02
4.642402999999999835e+00   1.034995e-01   2.301406e-02
4.647114000000000189e+00   1.046490e-01   2.318655e-02
4.651825999999999794e+00   1.305226e-01   2.345043e-02
4.656537000000000148e+00   1.813774e-01   2.372514e-02
4.661247999999999614e+00   1.624986e-01   2.391926e-02
4.665958999999999968e+00   1.307621e-01   2.404691e-02
4.670670999999999573e+00   9.013499e-02   2.414565e-02
4.675381999999999927e+00   1.651216e-01   2.451261e-02
4.680093000000000281e+00   1.461795e-01   2.470602e-02
4.684803999999999746e+00   1.002610e-01   2.490832e-02
4.689516000000000240e+00   1.086930e-01   2.516970e-02
4.694226999999999705e+00   1.171317e-01   2.539663e-02
4.698938000000000059e+00   1.154291e-01   2.560482e-02
4.703649000000000413e+00   1.168246e-01   2.589067e-02
4.708361000000000018e+00   9.608538e-02   2.612316e-02
4.713072000000000372e+00   1.297636e-01   2.649920e-02
4.717782999999999838e+00   9.985304e-02   2.665429e-02
4.722494000000000192e+00   7.519845e-02   2.687320e-02
4.727205999999999797e+00   1.644849e-01   2.735522e-02
4.731917000000000151e+00   1.524004e-01   2.763753e-02
4.736627999999999616e+00   1.355241e-01   2.797303e-02
4.741338999999999970e+00   1.421700e-01   2.830693e-02
4.746050999999999576e+00   1.170750e-01   2.857339e-02
4.750761999999999929e+00   1.235239e-01   2.895038e-02
4.755473000000000283e+00   9.463291e-02   2.927971e-02
4.760183999999999749e+00   1.214087e-01   2.965084e-02
4.764896000000000242e+00   1.305348e-01   3.007145e-02
4.769606999999999708e+00   1.162807e-01   3.043405e-02
4.774318000000000062e+00   1.222580e-01   3.097050e-02
4.779029000000000416e+00   9.803114e-02   3.132107e-02
4.783741000000000021e+00   1.165031e-01   3.186634e-02
4.788452000000000375e+00   1.186434e-01   3.231180e-02
4.793162999999999840e+00   1.044858e-01   3.281071e-02
4.797874000000000194e+00   8.732157e-02   3.320946e-02
4.802585999999999800e+00   1.269857e-01   3.394782e-02
4.807297000000000153e+00   1.501672e-01   3.457508e-02
4.812007999999999619e+00   1.384672e-01   3.516763e-02
4.816718999999999973e+00   1.550112e-01   3.580664e-02
4.821430999999999578e+00   1.875571e-01   3.649236e-02
4.826141999999999932e+00   1.254083e-01   3.724122e-02
4.830853000000000286e+00   1.902693e-01   3.814178e-02
4.835564999999999891e+00   9.923206e-02   3.870147e-02
4.840276000000000245e+00   1.479248e-01   3.969536e-02
4.844986999999999711e+00   1.367984e-01   4.050631e-02
4.849698000000000064e+00   1.362456e-01   4.141755e-02
4.854409999999999670e+00   1.204198e-01   4.255623e-02
4.859121000000000024e+00   9.388432e-02   4.360373e-02
4.863832000000000377e+00   8.469693e-02   4.490188e-02
4.868542999999999843e+00   6.462581e-02   4.642309e-02
4.873255000000000337e+00   1.124157e-01   4.801547e-02
4.877965999999999802e+00   8.289446e-02   4.940382e-02
4.882677000000000156e+00   7.528114e-02   5.120082e-02
4.887387999999999622e+00   1.622150e-01   5.351811e-02
4.892100000000000115e+00   1.971642e-01   5.610164e-02
4.896810999999999581e+00   1.497583e-01   5.826603e-02
4.901521999999999935e+00   8.116610e-02   6.129255e-02
4.906233000000000288e+00   9.922821e-02   6.498640e-02
4.910944999999999894e+00   1.481696e-01   6.946791e-02
4.915656000000000247e+00   1.803695e-01   7.508639e-02
4.920366999999999713e+00   1.274314e-01   8.092185e-02
4.925078000000000067e+00   1.544879e-01   9.014956e-02
4.929789999999999672e+00   1.839373e-01   1.030156e-01
4.934501000000000026e+00   1.842639e-01   1.231825e-01
4.939212000000000380e+00   2.752633e-01   1.634346e-01
4.943922999999999845e+00   6.262145e-01   2.928616e-01