# [4]
# Sample c= 6.99 mg/ml
# Intensity scaled by concentration
# Buffer subtracted data file:
# Protein DatFile = /data/visitor/mx1908/bm29/20161119/giulio/1d/mM25_008_ave.dat
# Buffer DatFile = /data/visitor/mx1908/bm29/20161119/giulio/ednaSub/mM25_008_ave_averbuffer.dat
# 
# AutoRg: Rg   =   0.8632 +/- 0.12 ( 13.7%)
# AutoRg: I(0) =   1.75 +/- 0.0163
# AutoRg: Points   228 to 295 ( 68 total)
# AutoRg: Quality: 59.0%
# 
# 
# Sample Information:
# Storage Temperature (degrees C): 20.0
# Measurement Temperature (degrees C): 19.98
# Concentration: 6.99
# Code: 
3.479420999999999903e-02   3.718205e-01   1.098880e+00
3.950545999999999919e-02  -5.074642e-01   4.298244e-01
4.421672000000000102e-02   3.372568e-01   2.788789e-01
4.892798000000000286e-02   6.902740e-01   2.127839e-01
5.363923000000000302e-02   6.271069e-01   1.699149e-01
5.835048999999999791e-02   6.330976e-01   1.390105e-01
6.306174999999999975e-02   5.016660e-01   1.148806e-01
6.777299999999999991e-02   7.167997e-01   9.769698e-02
7.248425999999999481e-02   6.929839e-01   8.441399e-02
7.719552000000000358e-02   6.742668e-01   7.424300e-02
8.190677000000000374e-02   6.162872e-01   6.544986e-02
8.661802999999999864e-02   6.516677e-01   5.862947e-02
9.132928999999999353e-02   6.400464e-01   5.327617e-02
9.604053999999999369e-02   7.141826e-01   4.902671e-02
1.007518000000000025e-01   7.614688e-01   4.520857e-02
1.054631000000000041e-01   7.013482e-01   4.186640e-02
1.101743000000000028e-01   7.234859e-01   3.909025e-02
1.148856000000000044e-01   6.765229e-01   3.662242e-02
1.195968000000000031e-01   7.161702e-01   3.459845e-02
1.243081000000000047e-01   6.946064e-01   3.273230e-02
1.290193000000000034e-01   7.260504e-01   3.125678e-02
1.337306000000000050e-01   7.255634e-01   2.986283e-02
1.384419000000000066e-01   6.918249e-01   2.860440e-02
1.431531000000000053e-01   7.090216e-01   2.744873e-02
1.478644000000000069e-01   7.295156e-01   2.650080e-02
1.525756000000000057e-01   6.787984e-01   2.563418e-02
1.572869000000000073e-01   7.248147e-01   2.493131e-02
1.619981000000000060e-01   7.333146e-01   2.414951e-02
1.667094000000000076e-01   7.025683e-01   2.346352e-02
1.714206000000000063e-01   7.142322e-01   2.286339e-02
1.761319000000000079e-01   7.020429e-01   2.232297e-02
1.808432000000000095e-01   7.226132e-01   2.177527e-02
1.855544000000000082e-01   7.301042e-01   2.134032e-02
1.902657000000000098e-01   7.564634e-01   2.093479e-02
1.949769000000000085e-01   7.531735e-01   2.054248e-02
1.996882000000000101e-01   7.405466e-01   2.013086e-02
2.043994000000000089e-01   7.498010e-01   1.979273e-02
2.091107000000000105e-01   7.461169e-01   1.944747e-02
2.138220000000000121e-01   7.213739e-01   1.913967e-02
2.185332000000000108e-01   7.571272e-01   1.887024e-02
2.232445000000000124e-01   7.721590e-01   1.857473e-02
2.279557000000000111e-01   7.805478e-01   1.829105e-02
2.326670000000000127e-01   7.621824e-01   1.802836e-02
2.373782000000000114e-01   7.747204e-01   1.780281e-02
2.420895000000000130e-01   7.784838e-01   1.756662e-02
2.468007000000000117e-01   7.877495e-01   1.736692e-02
2.515120000000000133e-01   7.738490e-01   1.714141e-02
2.562232999999999872e-01   7.763607e-01   1.692637e-02
2.609345000000000137e-01   7.908929e-01   1.675806e-02
2.656457999999999875e-01   7.740177e-01   1.656187e-02
2.703570000000000140e-01   7.793729e-01   1.639532e-02
2.750682999999999878e-01   7.623974e-01   1.621320e-02
2.797795000000000143e-01   7.725903e-01   1.603582e-02
2.844907999999999881e-01   8.079691e-01   1.592107e-02
2.892021000000000175e-01   8.169275e-01   1.577611e-02
2.939132999999999885e-01   8.002634e-01   1.559096e-02
2.986246000000000178e-01   8.144153e-01   1.545125e-02
3.033357999999999888e-01   8.151755e-01   1.533042e-02
3.080471000000000181e-01   8.285232e-01   1.521021e-02
3.127582999999999891e-01   8.327155e-01   1.510099e-02
3.174696000000000184e-01   8.335123e-01   1.496395e-02
3.221808999999999923e-01   8.284870e-01   1.480989e-02
3.268921000000000188e-01   8.277692e-01   1.468971e-02
3.316033999999999926e-01   8.245298e-01   1.460082e-02
3.363146000000000191e-01   8.531783e-01   1.474090e-02
3.410258999999999929e-01   8.465895e-01   1.485702e-02
3.457371000000000194e-01   8.633005e-01   1.492078e-02
3.504483999999999932e-01   8.451403e-01   1.512102e-02
3.551596000000000197e-01   8.329005e-01   1.543133e-02
3.598708999999999936e-01   8.419620e-01   1.561155e-02
3.645822000000000229e-01   8.660234e-01   1.579306e-02
3.692933999999999939e-01   8.615215e-01   1.593913e-02
3.740047000000000232e-01   8.861141e-01   1.605353e-02
3.787158999999999942e-01   8.853968e-01   1.614752e-02
3.834272000000000236e-01   8.858131e-01   1.623567e-02
3.881383999999999945e-01   8.736918e-01   1.631434e-02
3.928497000000000239e-01   8.847212e-01   1.671320e-02
3.975609999999999977e-01   8.851819e-01   1.722369e-02
4.022722000000000242e-01   8.977609e-01   1.760163e-02
4.069834999999999980e-01   9.025637e-01   1.795820e-02
4.116947000000000245e-01   9.008791e-01   1.822489e-02
4.164059999999999984e-01   9.240207e-01   1.849761e-02
4.211172000000000248e-01   9.052708e-01   1.877340e-02
4.258284999999999987e-01   9.029601e-01   1.906719e-02
4.305397000000000252e-01   9.572322e-01   1.939292e-02
4.352509999999999990e-01   9.768053e-01   1.966383e-02
4.399622999999999728e-01   9.598367e-01   1.994283e-02
4.446734999999999993e-01   9.271383e-01   2.027221e-02
4.493847999999999732e-01   9.466760e-01   2.058190e-02
4.540959999999999996e-01   9.197051e-01   2.073089e-02
4.588072999999999735e-01   9.408969e-01   2.001145e-02
4.635185000000000000e-01   9.710288e-01   1.955970e-02
4.682297999999999738e-01   1.008282e+00   1.931372e-02
4.729411000000000032e-01   9.883394e-01   1.907046e-02
4.776522999999999741e-01   9.718405e-01   1.884841e-02
4.823636000000000035e-01   9.690999e-01   1.872942e-02
4.870747999999999744e-01   9.649827e-01   1.862313e-02
4.917861000000000038e-01   9.868337e-01   1.854895e-02
4.964972999999999748e-01   1.008867e+00   1.844486e-02
5.012086000000000041e-01   1.022192e+00   1.835920e-02
5.059198999999999780e-01   1.016365e+00   1.826910e-02
5.106311000000000044e-01   1.012444e+00   1.818709e-02
5.153423999999999783e-01   1.016102e+00   1.807716e-02
5.200536000000000048e-01   1.041788e+00   1.800081e-02
5.247648999999999786e-01   1.030234e+00   1.787037e-02
5.294761000000000051e-01   9.966412e-01   1.771768e-02
5.341873999999999789e-01   1.016757e+00   1.757902e-02
5.388986000000000054e-01   1.049904e+00   1.750510e-02
5.436098999999999792e-01   1.045575e+00   1.739447e-02
5.483211999999999531e-01   1.049562e+00   1.727901e-02
5.530323999999999796e-01   1.058350e+00   1.714881e-02
5.577436999999999534e-01   1.058006e+00   1.706576e-02
5.624548999999999799e-01   1.076761e+00   1.699544e-02
5.671661999999999537e-01   1.088359e+00   1.696001e-02
5.718773999999999802e-01   1.101225e+00   1.692371e-02
5.765886999999999540e-01   1.089659e+00   1.685111e-02
5.813000000000000389e-01   1.099261e+00   1.680975e-02
5.860111999999999544e-01   1.098208e+00   1.679679e-02
5.907225000000000392e-01   1.088604e+00   1.674709e-02
5.954336999999999547e-01   1.099993e+00   1.671346e-02
6.001450000000000395e-01   1.085203e+00   1.667545e-02
6.048561999999999550e-01   1.099221e+00   1.665077e-02
6.095675000000000399e-01   1.115505e+00   1.664915e-02
6.142788000000000137e-01   1.100463e+00   1.658537e-02
6.189900000000000402e-01   1.126621e+00   1.654965e-02
6.237013000000000140e-01   1.125110e+00   1.652707e-02
6.284125000000000405e-01   1.119978e+00   1.647324e-02
6.331238000000000143e-01   1.149936e+00   1.645122e-02
6.378350000000000408e-01   1.169796e+00   1.646059e-02
6.425463000000000147e-01   1.162042e+00   1.641699e-02
6.472575000000000411e-01   1.146486e+00   1.636584e-02
6.519688000000000150e-01   1.149872e+00   1.630944e-02
6.566800999999999888e-01   1.151488e+00   1.627811e-02
6.613913000000000153e-01   1.160918e+00   1.625565e-02
6.661025999999999891e-01   1.170849e+00   1.622452e-02
6.708138000000000156e-01   1.171422e+00   1.618276e-02
6.755250999999999895e-01   1.174324e+00   1.616916e-02
6.802363000000000159e-01   1.179418e+00   1.614170e-02
6.849475999999999898e-01   1.185807e+00   1.610000e-02
6.896588999999999636e-01   1.194724e+00   1.607341e-02
6.943700999999999901e-01   1.163921e+00   1.599831e-02
6.990813999999999639e-01   1.182823e+00   1.598457e-02
7.037925999999999904e-01   1.205744e+00   1.601185e-02
7.085038999999999643e-01   1.212244e+00   1.596399e-02
7.132150999999999907e-01   1.210560e+00   1.592865e-02
7.179263999999999646e-01   1.217541e+00   1.590812e-02
7.226375999999999911e-01   1.198740e+00   1.585088e-02
7.273488999999999649e-01   1.210552e+00   1.584303e-02
7.320602000000000498e-01   1.226008e+00   1.581786e-02
7.367713999999999652e-01   1.215585e+00   1.576328e-02
7.414827000000000501e-01   1.226082e+00   1.576055e-02
7.461938999999999655e-01   1.243467e+00   1.572987e-02
7.509052000000000504e-01   1.219983e+00   1.566817e-02
7.556163999999999659e-01   1.223670e+00   1.565820e-02
7.603277000000000507e-01   1.250090e+00   1.564741e-02
7.650390000000000246e-01   1.236976e+00   1.561107e-02
7.697502000000000510e-01   1.232546e+00   1.556788e-02
7.744615000000000249e-01   1.246822e+00   1.556794e-02
7.791727000000000514e-01   1.258793e+00   1.553416e-02
7.838840000000000252e-01   1.264952e+00   1.552585e-02
7.885952000000000517e-01   1.262440e+00   1.549830e-02
7.933065000000000255e-01   1.238432e+00   1.544553e-02
7.980177999999999994e-01   1.261538e+00   1.543881e-02
8.027290000000000258e-01   1.260519e+00   1.539074e-02
8.074402999999999997e-01   1.267691e+00   1.536526e-02
8.121515000000000262e-01   1.292578e+00   1.534653e-02
8.168628000000000000e-01   1.284227e+00   1.530459e-02
8.215740000000000265e-01   1.298862e+00   1.530530e-02
8.262853000000000003e-01   1.281049e+00   1.527455e-02
8.309965000000000268e-01   1.284406e+00   1.523785e-02
8.357078000000000007e-01   1.286516e+00   1.520707e-02
8.404190999999999745e-01   1.293868e+00   1.519773e-02
8.451303000000000010e-01   1.280614e+00   1.514028e-02
8.498415999999999748e-01   1.292858e+00   1.511850e-02
8.545528000000000013e-01   1.301086e+00   1.511582e-02
8.592640999999999751e-01   1.308880e+00   1.508502e-02
8.639753000000000016e-01   1.291295e+00   1.503883e-02
8.686865999999999755e-01   1.315302e+00   1.502760e-02
8.733978999999999493e-01   1.302382e+00   1.499172e-02
8.781090999999999758e-01   1.302560e+00   1.496666e-02
8.828203999999999496e-01   1.303381e+00   1.494274e-02
8.875315999999999761e-01   1.319036e+00   1.490379e-02
8.922428999999999499e-01   1.315383e+00   1.487656e-02
8.969540999999999764e-01   1.306695e+00   1.485350e-02
9.016653999999999503e-01   1.314346e+00   1.483772e-02
9.063767000000000351e-01   1.316393e+00   1.480880e-02
9.110878999999999506e-01   1.335345e+00   1.478551e-02
9.157992000000000354e-01   1.317138e+00   1.475711e-02
9.205103999999999509e-01   1.293849e+00   1.471128e-02
9.252217000000000358e-01   1.319610e+00   1.470816e-02
9.299328999999999512e-01   1.310407e+00   1.468325e-02
9.346442000000000361e-01   1.314158e+00   1.465242e-02
9.393553999999999515e-01   1.298800e+00   1.462152e-02
9.440667000000000364e-01   1.290634e+00   1.457493e-02
9.487780000000000102e-01   1.314268e+00   1.457121e-02
9.534892000000000367e-01   1.306015e+00   1.452833e-02
9.582005000000000106e-01   1.327458e+00   1.452595e-02
9.629117000000000370e-01   1.320183e+00   1.450599e-02
9.676230000000000109e-01   1.307889e+00   1.445444e-02
9.723342000000000374e-01   1.278984e+00   1.441126e-02
9.770455000000000112e-01   1.305642e+00   1.441751e-02
9.817567999999999850e-01   1.324182e+00   1.440544e-02
9.864680000000000115e-01   1.318158e+00   1.435582e-02
9.911792999999999854e-01   1.310266e+00   1.432811e-02
9.958905000000000118e-01   1.306670e+00   1.430805e-02
1.000601999999999991e+00   1.318876e+00   1.430220e-02
1.005312999999999901e+00   1.320615e+00   1.426730e-02
1.010024000000000033e+00   1.315500e+00   1.422709e-02
1.014736000000000082e+00   1.310297e+00   1.420520e-02
1.019446999999999992e+00   1.303754e+00   1.419013e-02
1.024157999999999902e+00   1.323915e+00   1.416519e-02
1.028869000000000034e+00   1.314393e+00   1.414407e-02
1.033581000000000083e+00   1.304916e+00   1.412443e-02
1.038291999999999993e+00   1.320637e+00   1.410516e-02
1.043002999999999902e+00   1.334627e+00   1.408758e-02
1.047714000000000034e+00   1.304546e+00   1.403949e-02
1.052426000000000084e+00   1.290092e+00   1.399928e-02
1.057136999999999993e+00   1.284388e+00   1.398124e-02
1.061847999999999903e+00   1.284528e+00   1.396441e-02
1.066559000000000035e+00   1.275455e+00   1.391515e-02
1.071271000000000084e+00   1.297005e+00   1.392305e-02
1.075981999999999994e+00   1.299474e+00   1.389503e-02
1.080692999999999904e+00   1.282201e+00   1.387439e-02
1.085404000000000035e+00   1.315254e+00   1.384100e-02
1.090116000000000085e+00   1.294559e+00   1.380163e-02
1.094826999999999995e+00   1.278797e+00   1.377260e-02
1.099537999999999904e+00   1.266971e+00   1.374397e-02
1.104249000000000036e+00   1.301921e+00   1.376179e-02
1.108961000000000086e+00   1.300234e+00   1.372777e-02
1.113671999999999995e+00   1.287628e+00   1.370948e-02
1.118382999999999905e+00   1.266687e+00   1.365569e-02
1.123094000000000037e+00   1.269315e+00   1.364263e-02
1.127806000000000086e+00   1.282757e+00   1.364185e-02
1.132516999999999996e+00   1.286446e+00   1.361002e-02
1.137227999999999906e+00   1.263469e+00   1.357604e-02
1.141939000000000037e+00   1.246895e+00   1.352898e-02
1.146651000000000087e+00   1.225149e+00   1.349921e-02
1.151361999999999997e+00   1.229050e+00   1.347245e-02
1.156072999999999906e+00   1.245455e+00   1.347069e-02
1.160784000000000038e+00   1.254975e+00   1.346638e-02
1.165496000000000087e+00   1.257850e+00   1.343954e-02
1.170206999999999997e+00   1.247909e+00   1.340122e-02
1.174917999999999907e+00   1.263178e+00   1.339951e-02
1.179629999999999956e+00   1.246991e+00   1.336159e-02
1.184341000000000088e+00   1.225512e+00   1.332006e-02
1.189051999999999998e+00   1.238718e+00   1.332241e-02
1.193762999999999908e+00   1.230922e+00   1.331613e-02
1.198474999999999957e+00   1.218812e+00   1.360054e-02
1.203186000000000089e+00   1.240381e+00   1.396250e-02
1.207896999999999998e+00   1.235989e+00   1.419221e-02
1.212607999999999908e+00   1.248513e+00   1.441324e-02
1.217319999999999958e+00   1.241148e+00   1.455934e-02
1.222031000000000089e+00   1.202092e+00   1.464681e-02
1.226741999999999999e+00   1.220071e+00   1.481233e-02
1.231452999999999909e+00   1.198539e+00   1.494078e-02
1.236164999999999958e+00   1.204178e+00   1.505803e-02
1.240876000000000090e+00   1.198624e+00   1.515694e-02
1.245587000000000000e+00   1.205039e+00   1.522893e-02
1.250297999999999909e+00   1.212447e+00   1.527374e-02
1.255009999999999959e+00   1.185818e+00   1.528706e-02
1.259721000000000091e+00   1.178919e+00   1.529986e-02
1.264432000000000000e+00   1.204063e+00   1.478769e-02
1.269142999999999910e+00   1.181516e+00   1.439993e-02
1.273854999999999960e+00   1.186596e+00   1.416409e-02
1.278566000000000091e+00   1.175779e+00   1.394873e-02
1.283277000000000001e+00   1.158611e+00   1.377511e-02
1.287987999999999911e+00   1.152976e+00   1.365967e-02
1.292699999999999960e+00   1.165673e+00   1.355405e-02
1.297411000000000092e+00   1.168404e+00   1.344533e-02
1.302122000000000002e+00   1.167236e+00   1.334497e-02
1.306832999999999911e+00   1.144814e+00   1.325292e-02
1.311544999999999961e+00   1.144131e+00   1.321638e-02
1.316256000000000093e+00   1.133538e+00   1.316962e-02
1.320967000000000002e+00   1.152474e+00   1.313717e-02
1.325677999999999912e+00   1.125625e+00   1.310131e-02
1.330389999999999961e+00   1.117053e+00   1.305635e-02
1.335101000000000093e+00   1.136828e+00   1.304568e-02
1.339812000000000003e+00   1.125047e+00   1.300335e-02
1.344522999999999913e+00   1.119225e+00   1.297112e-02
1.349234999999999962e+00   1.112492e+00   1.293982e-02
1.353946000000000094e+00   1.104395e+00   1.290546e-02
1.358657000000000004e+00   1.091877e+00   1.287964e-02
1.363369000000000053e+00   1.090894e+00   1.284987e-02
1.368079999999999963e+00   1.122557e+00   1.284961e-02
1.372791000000000095e+00   1.100082e+00   1.281140e-02
1.377502000000000004e+00   1.079824e+00   1.276977e-02
1.382214000000000054e+00   1.093266e+00   1.274303e-02
1.386924999999999963e+00   1.094109e+00   1.271569e-02
1.391636000000000095e+00   1.086689e+00   1.269295e-02
1.396347000000000005e+00   1.081690e+00   1.267322e-02
1.401059000000000054e+00   1.054395e+00   1.262469e-02
1.405769999999999964e+00   1.055415e+00   1.259083e-02
1.410481000000000096e+00   1.071453e+00   1.259571e-02
1.415192000000000005e+00   1.069516e+00   1.256858e-02
1.419904000000000055e+00   1.055249e+00   1.253706e-02
1.424614999999999965e+00   1.043010e+00   1.251175e-02
1.429326000000000096e+00   1.026778e+00   1.248021e-02
1.434037000000000006e+00   1.037134e+00   1.247362e-02
1.438749000000000056e+00   1.047929e+00   1.243404e-02
1.443459999999999965e+00   1.037209e+00   1.241502e-02
1.448171000000000097e+00   1.055665e+00   1.241104e-02
1.452882000000000007e+00   1.026961e+00   1.236993e-02
1.457594000000000056e+00   1.010733e+00   1.233651e-02
1.462304999999999966e+00   1.048274e+00   1.234156e-02
1.467016000000000098e+00   1.014941e+00   1.229951e-02
1.471727000000000007e+00   1.000591e+00   1.227447e-02
1.476439000000000057e+00   1.006206e+00   1.225384e-02
1.481149999999999967e+00   9.967873e-01   1.222677e-02
1.485861000000000098e+00   9.806257e-01   1.220424e-02
1.490572000000000008e+00   9.934259e-01   1.219347e-02
1.495284000000000058e+00   1.007449e+00   1.218295e-02
1.499994999999999967e+00   1.005953e+00   1.215622e-02
1.504706000000000099e+00   9.877096e-01   1.213100e-02
1.509417000000000009e+00   9.953012e-01   1.212868e-02
1.514129000000000058e+00   9.782609e-01   1.215448e-02
1.518839999999999968e+00   9.736743e-01   1.248864e-02
1.523551000000000100e+00   9.756151e-01   1.274108e-02
1.528262999999999927e+00   9.633967e-01   1.292569e-02
1.532974000000000059e+00   9.737426e-01   1.306833e-02
1.537684999999999969e+00   9.845329e-01   1.320907e-02
1.542396000000000100e+00   9.555016e-01   1.320012e-02
1.547107999999999928e+00   9.397539e-01   1.284424e-02
1.551819000000000059e+00   9.314992e-01   1.266273e-02
1.556529999999999969e+00   9.340607e-01   1.253996e-02
1.561241000000000101e+00   9.365190e-01   1.240790e-02
1.565952999999999928e+00   9.371412e-01   1.230777e-02
1.570664000000000060e+00   9.451109e-01   1.217662e-02
1.575374999999999970e+00   9.365239e-01   1.205214e-02
1.580086000000000102e+00   9.297860e-01   1.194151e-02
1.584797999999999929e+00   9.232751e-01   1.187386e-02
1.589509000000000061e+00   9.223030e-01   1.184511e-02
1.594219999999999970e+00   9.147911e-01   1.183025e-02
1.598931000000000102e+00   9.058131e-01   1.183488e-02
1.603642999999999930e+00   9.069492e-01   1.185227e-02
1.608354000000000061e+00   8.939728e-01   1.184567e-02
1.613064999999999971e+00   8.851198e-01   1.182383e-02
1.617776000000000103e+00   8.822960e-01   1.179668e-02
1.622487999999999930e+00   8.847973e-01   1.177589e-02
1.627199000000000062e+00   8.711995e-01   1.175428e-02
1.631909999999999972e+00   8.707516e-01   1.173653e-02
1.636621000000000103e+00   8.931697e-01   1.173244e-02
1.641332999999999931e+00   8.699652e-01   1.169153e-02
1.646044000000000063e+00   8.631930e-01   1.166428e-02
1.650754999999999972e+00   8.762956e-01   1.165136e-02
1.655466000000000104e+00   8.694765e-01   1.164222e-02
1.660177999999999932e+00   8.633677e-01   1.160895e-02
1.664889000000000063e+00   8.552177e-01   1.157954e-02
1.669599999999999973e+00   8.565418e-01   1.157415e-02
1.674311000000000105e+00   8.486048e-01   1.154712e-02
1.679022999999999932e+00   8.518070e-01   1.153029e-02
1.683734000000000064e+00   8.475516e-01   1.151050e-02
1.688444999999999974e+00   8.339139e-01   1.149077e-02
1.693156000000000105e+00   8.331693e-01   1.147560e-02
1.697867999999999933e+00   8.224028e-01   1.145605e-02
1.702579000000000065e+00   8.223884e-01   1.143348e-02
1.707289999999999974e+00   8.134811e-01   1.140792e-02
1.712002000000000024e+00   8.053688e-01   1.138630e-02
1.716712999999999933e+00   7.990064e-01   1.135987e-02
1.721424000000000065e+00   8.045817e-01   1.134690e-02
1.726134999999999975e+00   8.102651e-01   1.133734e-02
1.730847000000000024e+00   8.087072e-01   1.131442e-02
1.735557999999999934e+00   8.042958e-01   1.129468e-02
1.740269000000000066e+00   8.095470e-01   1.129231e-02
1.744979999999999976e+00   8.036467e-01   1.126442e-02
1.749692000000000025e+00   8.065259e-01   1.125882e-02
1.754402999999999935e+00   7.899696e-01   1.122132e-02
1.759114000000000066e+00   7.949941e-01   1.121611e-02
1.763824999999999976e+00   7.938248e-01   1.119899e-02
1.768537000000000026e+00   7.822436e-01   1.117116e-02
1.773247999999999935e+00   7.715449e-01   1.115705e-02
1.777959000000000067e+00   7.831644e-01   1.114997e-02
1.782669999999999977e+00   7.830974e-01   1.114201e-02
1.787382000000000026e+00   7.555037e-01   1.109749e-02
1.792092999999999936e+00   7.694264e-01   1.108084e-02
1.796804000000000068e+00   7.609827e-01   1.106093e-02
1.801514999999999977e+00   7.617002e-01   1.105676e-02
1.806227000000000027e+00   7.719458e-01   1.105171e-02
1.810937999999999937e+00   7.381858e-01   1.101012e-02
1.815649000000000068e+00   7.486869e-01   1.099471e-02
1.820359999999999978e+00   7.527607e-01   1.098933e-02
1.825072000000000028e+00   7.320101e-01   1.097227e-02
1.829782999999999937e+00   7.303076e-01   1.094691e-02
1.834494000000000069e+00   7.357511e-01   1.093410e-02
1.839204999999999979e+00   7.424363e-01   1.092886e-02
1.843917000000000028e+00   7.173255e-01   1.088935e-02
1.848627999999999938e+00   7.231945e-01   1.088004e-02
1.853339000000000070e+00   7.265310e-01   1.086375e-02
1.858049999999999979e+00   7.276305e-01   1.085301e-02
1.862762000000000029e+00   7.292292e-01   1.084621e-02
1.867472999999999939e+00   7.240193e-01   1.082608e-02
1.872184000000000070e+00   7.145977e-01   1.081496e-02
1.876894999999999980e+00   7.010235e-01   1.078378e-02
1.881607000000000030e+00   6.992466e-01   1.076531e-02
1.886317999999999939e+00   6.931760e-01   1.075547e-02
1.891029000000000071e+00   6.847249e-01   1.073505e-02
1.895740999999999898e+00   6.755019e-01   1.071488e-02
1.900452000000000030e+00   6.978887e-01   1.071104e-02
1.905162999999999940e+00   6.827451e-01   1.069201e-02
1.909874000000000072e+00   6.813411e-01   1.067851e-02
1.914585999999999899e+00   6.656436e-01   1.065463e-02
1.919297000000000031e+00   6.774336e-01   1.064441e-02
1.924007999999999940e+00   6.774677e-01   1.062836e-02
1.928719000000000072e+00   6.772789e-01   1.062004e-02
1.933430999999999900e+00   6.635385e-01   1.058436e-02
1.938142000000000031e+00   6.588943e-01   1.056132e-02
1.942852999999999941e+00   6.590498e-01   1.053853e-02
1.947564000000000073e+00   6.651626e-01   1.050024e-02
1.952275999999999900e+00   6.663488e-01   1.048394e-02
1.956987000000000032e+00   6.575505e-01   1.046474e-02
1.961697999999999942e+00   6.461103e-01   1.044381e-02
1.966409000000000074e+00   6.603824e-01   1.043645e-02
1.971120999999999901e+00   6.508727e-01   1.042336e-02
1.975832000000000033e+00   6.425871e-01   1.042075e-02
1.980542999999999942e+00   6.421540e-01   1.041770e-02
1.985254000000000074e+00   6.341284e-01   1.040485e-02
1.989965999999999902e+00   6.342347e-01   1.041853e-02
1.994677000000000033e+00   6.380689e-01   1.042535e-02
1.999387999999999943e+00   6.303195e-01   1.043306e-02
2.004099000000000075e+00   6.152724e-01   1.065315e-02
2.008811000000000124e+00   6.167650e-01   1.089540e-02
2.013522000000000034e+00   6.385801e-01   1.106103e-02
2.018232999999999944e+00   6.344952e-01   1.117540e-02
2.022943999999999853e+00   6.058690e-01   1.126291e-02
2.027655999999999903e+00   6.090631e-01   1.136614e-02
2.032366999999999813e+00   6.001721e-01   1.140851e-02
2.037078000000000166e+00   6.026985e-01   1.144897e-02
2.041789000000000076e+00   6.037519e-01   1.147818e-02
2.046501000000000126e+00   6.156002e-01   1.151635e-02
2.051212000000000035e+00   6.125085e-01   1.154490e-02
2.055922999999999945e+00   6.024371e-01   1.156323e-02
2.060633999999999855e+00   5.984987e-01   1.159833e-02
2.065345999999999904e+00   5.857231e-01   1.156990e-02
2.070056999999999814e+00   6.019326e-01   1.123120e-02
2.074768000000000168e+00   5.869609e-01   1.099007e-02
2.079480000000000217e+00   5.797268e-01   1.083572e-02
2.084191000000000127e+00   5.831597e-01   1.071811e-02
2.088902000000000037e+00   5.712531e-01   1.061981e-02
2.093612999999999946e+00   5.847264e-01   1.055905e-02
2.098324999999999996e+00   5.796155e-01   1.051074e-02
2.103035999999999905e+00   5.808317e-01   1.047974e-02
2.107746999999999815e+00   5.709465e-01   1.044433e-02
2.112458000000000169e+00   5.649518e-01   1.041822e-02
2.117170000000000218e+00   5.675824e-01   1.039974e-02
2.121881000000000128e+00   5.669352e-01   1.037318e-02
2.126592000000000038e+00   5.570547e-01   1.034443e-02
2.131302999999999948e+00   5.614085e-01   1.033423e-02
2.136014999999999997e+00   5.423899e-01   1.030508e-02
2.140725999999999907e+00   5.476161e-01   1.028868e-02
2.145436999999999816e+00   5.470721e-01   1.025772e-02
2.150148000000000170e+00   5.583882e-01   1.025110e-02
2.154860000000000220e+00   5.301753e-01   1.021756e-02
2.159571000000000129e+00   5.371785e-01   1.020438e-02
2.164282000000000039e+00   5.410930e-01   1.018702e-02
2.168992999999999949e+00   5.395573e-01   1.016720e-02
2.173704999999999998e+00   5.479899e-01   1.016551e-02
2.178415999999999908e+00   5.435104e-01   1.014445e-02
2.183126999999999818e+00   5.385123e-01   1.012914e-02
2.187838000000000171e+00   5.356180e-01   1.011005e-02
2.192550000000000221e+00   5.380127e-01   1.009434e-02
2.197261000000000131e+00   5.422428e-01   1.008213e-02
2.201972000000000040e+00   5.129383e-01   1.004745e-02
2.206682999999999950e+00   5.251986e-01   1.005055e-02
2.211395000000000000e+00   5.180269e-01   1.003365e-02
2.216105999999999909e+00   5.125188e-01   1.001615e-02
2.220816999999999819e+00   5.104462e-01   9.995294e-03
2.225528000000000173e+00   5.172158e-01   9.985349e-03
2.230239999999999778e+00   5.108040e-01   9.967243e-03
2.234951000000000132e+00   5.040550e-01   9.955672e-03
2.239662000000000042e+00   4.876281e-01   9.922356e-03
2.244372999999999951e+00   5.039644e-01   9.924135e-03
2.249085000000000001e+00   4.987486e-01   9.910224e-03
2.253795999999999911e+00   4.994187e-01   9.896293e-03
2.258506999999999820e+00   4.965526e-01   9.871785e-03
2.263218999999999870e+00   4.953152e-01   9.862495e-03
2.267929999999999779e+00   4.837369e-01   9.847335e-03
2.272641000000000133e+00   4.933069e-01   9.847496e-03
2.277352000000000043e+00   4.878345e-01   9.829763e-03
2.282064000000000092e+00   4.826849e-01   9.810126e-03
2.286775000000000002e+00   4.874928e-01   9.805742e-03
2.291485999999999912e+00   4.780083e-01   9.785519e-03
2.296196999999999822e+00   4.681281e-01   9.769568e-03
2.300908999999999871e+00   4.879117e-01   9.762192e-03
2.305619999999999781e+00   4.806599e-01   9.746619e-03
2.310331000000000135e+00   4.730333e-01   9.734081e-03
2.315042000000000044e+00   4.740458e-01   9.734765e-03
2.319754000000000094e+00   4.720078e-01   9.711214e-03
2.324465000000000003e+00   4.737209e-01   9.702466e-03
2.329175999999999913e+00   4.784332e-01   9.685415e-03
2.333886999999999823e+00   4.683847e-01   9.672137e-03
2.338598999999999872e+00   4.616310e-01   9.661438e-03
2.343309999999999782e+00   4.436856e-01   9.646075e-03
2.348021000000000136e+00   4.498216e-01   9.630479e-03
2.352732000000000046e+00   4.503780e-01   9.617829e-03
2.357444000000000095e+00   4.640810e-01   9.617909e-03
2.362155000000000005e+00   4.669843e-01   9.613013e-03
2.366865999999999914e+00   4.623734e-01   9.600386e-03
2.371576999999999824e+00   4.563033e-01   9.576355e-03
2.376288999999999874e+00   4.632700e-01   9.579175e-03
2.380999999999999783e+00   4.497328e-01   9.557226e-03
2.385711000000000137e+00   4.562181e-01   9.561567e-03
2.390422000000000047e+00   4.654463e-01   9.551174e-03
2.395134000000000096e+00   4.362097e-01   9.522455e-03
2.399845000000000006e+00   4.265977e-01   9.506013e-03
2.404555999999999916e+00   4.346573e-01   9.491190e-03
2.409266999999999825e+00   4.386584e-01   9.486894e-03
2.413978999999999875e+00   4.263826e-01   9.469859e-03
2.418689999999999785e+00   4.281601e-01   9.456347e-03
2.423401000000000138e+00   4.271595e-01   9.456940e-03
2.428112000000000048e+00   4.301859e-01   9.445941e-03
2.432824000000000098e+00   4.166303e-01   9.423191e-03
2.437535000000000007e+00   4.222544e-01   9.423664e-03
2.442245999999999917e+00   4.255269e-01   9.408461e-03
2.446957999999999966e+00   4.256038e-01   9.400301e-03
2.451668999999999876e+00   4.227509e-01   9.387423e-03
2.456379999999999786e+00   4.117286e-01   9.373212e-03
2.461091000000000140e+00   4.255375e-01   9.371607e-03
2.465803000000000189e+00   4.192201e-01   9.362137e-03
2.470514000000000099e+00   4.228447e-01   9.351123e-03
2.475225000000000009e+00   4.080504e-01   9.326425e-03
2.479935999999999918e+00   4.150181e-01   9.322901e-03
2.484647999999999968e+00   4.016867e-01   9.310594e-03
2.489358999999999877e+00   4.087967e-01   9.299711e-03
2.494069999999999787e+00   4.038191e-01   9.287131e-03
2.498781000000000141e+00   4.103655e-01   9.283630e-03
2.503493000000000190e+00   4.094938e-01   9.276482e-03
2.508204000000000100e+00   3.935941e-01   9.266912e-03
2.512915000000000010e+00   3.954436e-01   9.244442e-03
2.517625999999999920e+00   3.958661e-01   9.217977e-03
2.522337999999999969e+00   3.962702e-01   9.204705e-03
2.527048999999999879e+00   3.965477e-01   9.191591e-03
2.531759999999999788e+00   3.931077e-01   9.178057e-03
2.536471000000000142e+00   3.994698e-01   9.157449e-03
2.541183000000000192e+00   4.028065e-01   9.161774e-03
2.545894000000000101e+00   3.865197e-01   9.142299e-03
2.550605000000000011e+00   3.906974e-01   9.136888e-03
2.555315999999999921e+00   3.917274e-01   9.127666e-03
2.560027999999999970e+00   3.948648e-01   9.115309e-03
2.564738999999999880e+00   3.809268e-01   9.113786e-03
2.569449999999999790e+00   3.730564e-01   9.101866e-03
2.574161000000000143e+00   3.793560e-01   9.105205e-03
2.578873000000000193e+00   3.809523e-01   9.110051e-03
2.583584000000000103e+00   3.719420e-01   9.095876e-03
2.588295000000000012e+00   3.962497e-01   9.105270e-03
2.593005999999999922e+00   3.934182e-01   9.088203e-03
2.597717999999999972e+00   3.890763e-01   9.084181e-03
2.602428999999999881e+00   3.865076e-01   9.073938e-03
2.607139999999999791e+00   3.901279e-01   9.059517e-03
2.611851000000000145e+00   3.623268e-01   9.043115e-03
2.616563000000000194e+00   3.545791e-01   9.031284e-03
2.621274000000000104e+00   3.591839e-01   9.027512e-03
2.625985000000000014e+00   3.810462e-01   9.029145e-03
2.630697000000000063e+00   3.717438e-01   9.014449e-03
2.635407999999999973e+00   3.621949e-01   8.999546e-03
2.640118999999999883e+00   3.669246e-01   8.994130e-03
2.644829999999999792e+00   3.649168e-01   8.986660e-03
2.649541999999999842e+00   3.709477e-01   8.978334e-03
2.654253000000000196e+00   3.754646e-01   8.973336e-03
2.658964000000000105e+00   3.703675e-01   8.957391e-03
2.663675000000000015e+00   3.667229e-01   8.949105e-03
2.668387000000000064e+00   3.564756e-01   8.929906e-03
2.673097999999999974e+00   3.563628e-01   8.922299e-03
2.677808999999999884e+00   3.583058e-01   8.923067e-03
2.682519999999999794e+00   3.495197e-01   8.911639e-03
2.687231999999999843e+00   3.569955e-01   8.905191e-03
2.691943000000000197e+00   3.579046e-01   8.897890e-03
2.696654000000000106e+00   3.559899e-01   8.889369e-03
2.701365000000000016e+00   3.538173e-01   8.883310e-03
2.706077000000000066e+00   3.478469e-01   8.855243e-03
2.710787999999999975e+00   3.448647e-01   8.849353e-03
2.715498999999999885e+00   3.449814e-01   8.843655e-03
2.720209999999999795e+00   3.428075e-01   8.842612e-03
2.724921999999999844e+00   3.426227e-01   8.826183e-03
2.729633000000000198e+00   3.381173e-01   8.825613e-03
2.734344000000000108e+00   3.510214e-01   8.820683e-03
2.739055000000000017e+00   3.577985e-01   8.818649e-03
2.743767000000000067e+00   3.647778e-01   8.815149e-03
2.748477999999999977e+00   3.432480e-01   8.788470e-03
2.753188999999999886e+00   3.367373e-01   8.778859e-03
2.757899999999999796e+00   3.402165e-01   8.774534e-03
2.762611999999999846e+00   3.344092e-01   8.765336e-03
2.767323000000000199e+00   3.352729e-01   8.752748e-03
2.772034000000000109e+00   3.357597e-01   8.743993e-03
2.776745000000000019e+00   3.400324e-01   8.746528e-03
2.781457000000000068e+00   3.353035e-01   8.737809e-03
2.786167999999999978e+00   3.228872e-01   8.715609e-03
2.790878999999999888e+00   3.216428e-01   8.712064e-03
2.795589999999999797e+00   3.277807e-01   8.704663e-03
2.800301999999999847e+00   3.316494e-01   8.701241e-03
2.805013000000000201e+00   3.237320e-01   8.729581e-03
2.809724000000000110e+00   3.187366e-01   8.950840e-03
2.814436000000000160e+00   3.182075e-01   9.094249e-03
2.819147000000000070e+00   3.163233e-01   9.205266e-03
2.823857999999999979e+00   3.073034e-01   9.278067e-03
2.828568999999999889e+00   3.247221e-01   9.340849e-03
2.833280999999999938e+00   3.260709e-01   9.373600e-03
2.837991999999999848e+00   3.276296e-01   9.398855e-03
2.842703000000000202e+00   3.295371e-01   9.427086e-03
2.847414000000000112e+00   3.184528e-01   9.453935e-03
2.852126000000000161e+00   3.067406e-01   9.460422e-03
2.856837000000000071e+00   3.129486e-01   9.486715e-03
2.861547999999999981e+00   3.160172e-01   9.515135e-03
2.866258999999999890e+00   2.993466e-01   9.515317e-03
2.870970999999999940e+00   3.094695e-01   9.450500e-03
2.875681999999999849e+00   2.950940e-01   9.203080e-03
2.880393000000000203e+00   3.034457e-01   9.062482e-03
2.885104000000000113e+00   3.070259e-01   8.967567e-03
2.889816000000000162e+00   3.054963e-01   8.901005e-03
2.894527000000000072e+00   3.044183e-01   8.858453e-03
2.899237999999999982e+00   3.150676e-01   8.838266e-03
2.903948999999999891e+00   3.092159e-01   8.812522e-03
2.908660999999999941e+00   2.990201e-01   8.790264e-03
2.913371999999999851e+00   2.996506e-01   8.774135e-03
2.918083000000000204e+00   3.143167e-01   8.762930e-03
2.922794000000000114e+00   3.038508e-01   8.731891e-03
2.927506000000000164e+00   3.007891e-01   8.729557e-03
2.932217000000000073e+00   3.003286e-01   8.717064e-03
2.936927999999999983e+00   2.934453e-01   8.695091e-03
2.941638999999999893e+00   2.872590e-01   8.677352e-03
2.946350999999999942e+00   2.949657e-01   8.673017e-03
2.951061999999999852e+00   3.010874e-01   8.662546e-03
2.955773000000000206e+00   3.008916e-01   8.650908e-03
2.960484000000000115e+00   3.024514e-01   8.642504e-03
2.965196000000000165e+00   2.896895e-01   8.621512e-03
2.969907000000000075e+00   2.912877e-01   8.611095e-03
2.974617999999999984e+00   2.936304e-01   8.603602e-03
2.979328999999999894e+00   2.990991e-01   8.593677e-03
2.984040999999999944e+00   3.011162e-01   8.582792e-03
2.988751999999999853e+00   2.905572e-01   8.573678e-03
2.993463000000000207e+00   2.925119e-01   8.561083e-03
2.998174999999999812e+00   2.747827e-01   8.544045e-03
3.002886000000000166e+00   2.814343e-01   8.540965e-03
3.007597000000000076e+00   2.718642e-01   8.521239e-03
3.012307999999999986e+00   2.853402e-01   8.519850e-03
3.017020000000000035e+00   2.851425e-01   8.509288e-03
3.021730999999999945e+00   2.809822e-01   8.493974e-03
3.026441999999999855e+00   2.717919e-01   8.483621e-03
3.031153000000000208e+00   2.833697e-01   8.483234e-03
3.035864999999999814e+00   2.891988e-01   8.473848e-03
3.040576000000000167e+00   2.822415e-01   8.461399e-03
3.045287000000000077e+00   2.815777e-01   8.452447e-03
3.049997999999999987e+00   2.763864e-01   8.447526e-03
3.054710000000000036e+00   2.725884e-01   8.428701e-03
3.059420999999999946e+00   2.632387e-01   8.418765e-03
3.064131999999999856e+00   2.705356e-01   8.417365e-03
3.068843000000000210e+00   2.800590e-01   8.417632e-03
3.073554999999999815e+00   2.788784e-01   8.409782e-03
3.078266000000000169e+00   2.697614e-01   8.389662e-03
3.082977000000000078e+00   2.664220e-01   8.376525e-03
3.087687999999999988e+00   2.678572e-01   8.372980e-03
3.092400000000000038e+00   2.511689e-01   8.360024e-03
3.097110999999999947e+00   2.699701e-01   8.361700e-03
3.101821999999999857e+00   2.583625e-01   8.349027e-03
3.106533000000000211e+00   2.741283e-01   8.344068e-03
3.111244999999999816e+00   2.589966e-01   8.327754e-03
3.115956000000000170e+00   2.580466e-01   8.325188e-03
3.120667000000000080e+00   2.632944e-01   8.317391e-03
3.125377999999999989e+00   2.642085e-01   8.308852e-03
3.130090000000000039e+00   2.584784e-01   8.299440e-03
3.134800999999999949e+00   2.543393e-01   8.282954e-03
3.139511999999999858e+00   2.551622e-01   8.275430e-03
3.144223000000000212e+00   2.541090e-01   8.274199e-03
3.148934999999999818e+00   2.685736e-01   8.278461e-03
3.153646000000000171e+00   2.509463e-01   8.259537e-03
3.158357000000000081e+00   2.553094e-01   8.249969e-03
3.163067999999999991e+00   2.592663e-01   8.249404e-03
3.167780000000000040e+00   2.596783e-01   8.238958e-03
3.172490999999999950e+00   2.616505e-01   8.233011e-03
3.177201999999999860e+00   2.456189e-01   8.226114e-03
3.181913999999999909e+00   2.539516e-01   8.227082e-03
3.186624999999999819e+00   2.601187e-01   8.214065e-03
3.191336000000000173e+00   2.580879e-01   8.198857e-03
3.196047000000000082e+00   2.462327e-01   8.177741e-03
3.200759000000000132e+00   2.540210e-01   8.164218e-03
3.205470000000000041e+00   2.479382e-01   8.155974e-03
3.210180999999999951e+00   2.435062e-01   8.150406e-03
3.214891999999999861e+00   2.525550e-01   8.141773e-03
3.219603999999999910e+00   2.456929e-01   8.137230e-03
3.224314999999999820e+00   2.468480e-01   8.134080e-03
3.229026000000000174e+00   2.496435e-01   8.124843e-03
3.233737000000000084e+00   2.377110e-01   8.103487e-03
3.238449000000000133e+00   2.521735e-01   8.112523e-03
3.243160000000000043e+00   2.400757e-01   8.106419e-03
3.247870999999999952e+00   2.456633e-01   8.108108e-03
3.252581999999999862e+00   2.437942e-01   8.104841e-03
3.257293999999999912e+00   2.462883e-01   8.108965e-03
3.262004999999999821e+00   2.490132e-01   8.102646e-03
3.266716000000000175e+00   2.485695e-01   8.093613e-03
3.271427000000000085e+00   2.436289e-01   8.084414e-03
3.276139000000000134e+00   2.445018e-01   8.078887e-03
3.280850000000000044e+00   2.436068e-01   8.068784e-03
3.285560999999999954e+00   2.436114e-01   8.066506e-03
3.290271999999999863e+00   2.393491e-01   8.048971e-03
3.294983999999999913e+00   2.433617e-01   8.055136e-03
3.299694999999999823e+00   2.365878e-01   8.046128e-03
3.304406000000000176e+00   2.321980e-01   8.038328e-03
3.309117000000000086e+00   2.448333e-01   8.035204e-03
3.313829000000000136e+00   2.381730e-01   8.026421e-03
3.318540000000000045e+00   2.411677e-01   8.020262e-03
3.323250999999999955e+00   2.367184e-01   8.013431e-03
3.327961999999999865e+00   2.320308e-01   8.001026e-03
3.332673999999999914e+00   2.324284e-01   7.994421e-03
3.337384999999999824e+00   2.313700e-01   7.985960e-03
3.342096000000000178e+00   2.313952e-01   7.985539e-03
3.346807000000000087e+00   2.267121e-01   7.972732e-03
3.351519000000000137e+00   2.246524e-01   7.970063e-03
3.356230000000000047e+00   2.276561e-01   7.969606e-03
3.360940999999999956e+00   2.302154e-01   7.960306e-03
3.365653000000000006e+00   2.309797e-01   7.953619e-03
3.370363999999999916e+00   2.252708e-01   7.947611e-03
3.375074999999999825e+00   2.371265e-01   7.948078e-03
3.379786000000000179e+00   2.293469e-01   7.945331e-03
3.384497999999999784e+00   2.278683e-01   7.932514e-03
3.389209000000000138e+00   2.305160e-01   7.986395e-03
3.393920000000000048e+00   2.304836e-01   8.171075e-03
3.398630999999999958e+00   2.207281e-01   8.276587e-03
3.403343000000000007e+00   2.273431e-01   8.362388e-03
3.408053999999999917e+00   2.276444e-01   8.422549e-03
3.412764999999999826e+00   2.302036e-01   8.447865e-03
3.417476000000000180e+00   2.192760e-01   8.438302e-03
3.422187999999999786e+00   2.232150e-01   8.445599e-03
3.426899000000000139e+00   2.250463e-01   8.472433e-03
3.431610000000000049e+00   2.268660e-01   8.489880e-03
3.436320999999999959e+00   2.329039e-01   8.518606e-03
3.441033000000000008e+00   2.188500e-01   8.519688e-03
3.445743999999999918e+00   2.208431e-01   8.531681e-03
3.450454999999999828e+00   2.242397e-01   8.555405e-03
3.455166000000000182e+00   2.249738e-01   8.576354e-03
3.459877999999999787e+00   2.105960e-01   8.585958e-03
3.464589000000000141e+00   2.154942e-01   8.596143e-03
3.469300000000000050e+00   2.207152e-01   8.603042e-03
3.474010999999999960e+00   2.172515e-01   8.621044e-03
3.478723000000000010e+00   2.369016e-01   8.643407e-03
3.483433999999999919e+00   2.179319e-01   8.650058e-03
3.488144999999999829e+00   2.067746e-01   8.649981e-03
3.492856000000000183e+00   2.206939e-01   8.667885e-03
3.497567999999999788e+00   2.140402e-01   8.675439e-03
3.502279000000000142e+00   2.132700e-01   8.688140e-03
3.506990000000000052e+00   2.116658e-01   8.699190e-03
3.511700999999999961e+00   2.159854e-01   8.703244e-03
3.516413000000000011e+00   2.141787e-01   8.709402e-03
3.521123999999999921e+00   2.197573e-01   8.732161e-03
3.525834999999999830e+00   2.221480e-01   8.736919e-03
3.530546000000000184e+00   2.211625e-01   8.744283e-03
3.535257999999999790e+00   2.120281e-01   8.753685e-03
3.539969000000000143e+00   2.122102e-01   8.763104e-03
3.544680000000000053e+00   2.216006e-01   8.765580e-03
3.549392000000000102e+00   2.113870e-01   8.772209e-03
3.554103000000000012e+00   2.040090e-01   8.780323e-03
3.558813999999999922e+00   1.941641e-01   8.784659e-03
3.563524999999999832e+00   2.083540e-01   8.809156e-03
3.568236999999999881e+00   2.110913e-01   8.811052e-03
3.572947999999999791e+00   1.994584e-01   8.813726e-03
3.577659000000000145e+00   1.892396e-01   8.815054e-03
3.582370000000000054e+00   2.077200e-01   8.821904e-03
3.587082000000000104e+00   2.099172e-01   8.828437e-03
3.591793000000000013e+00   2.157734e-01   8.843602e-03
3.596503999999999923e+00   2.002076e-01   8.838525e-03
3.601214999999999833e+00   2.007914e-01   8.827348e-03
3.605926999999999882e+00   2.063305e-01   8.840315e-03
3.610637999999999792e+00   2.089562e-01   9.012483e-03
3.615349000000000146e+00   1.944947e-01   9.269627e-03
3.620060000000000056e+00   1.909315e-01   9.420815e-03
3.624772000000000105e+00   1.924913e-01   9.534472e-03
3.629483000000000015e+00   2.119807e-01   9.626390e-03
3.634193999999999924e+00   1.889685e-01   9.669358e-03
3.638904999999999834e+00   1.894382e-01   9.733255e-03
3.643616999999999884e+00   1.907685e-01   9.793369e-03
3.648327999999999793e+00   1.926290e-01   9.840617e-03
3.653039000000000147e+00   2.001329e-01   9.893949e-03
3.657750000000000057e+00   1.980578e-01   9.946192e-03
3.662462000000000106e+00   1.858858e-01   9.981401e-03
3.667173000000000016e+00   1.838488e-01   1.003311e-02
3.671883999999999926e+00   1.914291e-01   1.008904e-02
3.676594999999999835e+00   1.876116e-01   1.013635e-02
3.681306999999999885e+00   1.837080e-01   1.016879e-02
3.686017999999999795e+00   1.961080e-01   1.022673e-02
3.690729000000000148e+00   1.948758e-01   1.026158e-02
3.695440000000000058e+00   2.000666e-01   1.031323e-02
3.700152000000000108e+00   1.837366e-01   1.034625e-02
3.704863000000000017e+00   1.897039e-01   1.038944e-02
3.709573999999999927e+00   1.745089e-01   1.042089e-02
3.714284999999999837e+00   1.694525e-01   1.046575e-02
3.718996999999999886e+00   1.815799e-01   1.050688e-02
3.723707999999999796e+00   1.933869e-01   1.055638e-02
3.728419000000000150e+00   1.782427e-01   1.058829e-02
3.733131000000000199e+00   2.075299e-01   1.065663e-02
3.737842000000000109e+00   1.874186e-01   1.067695e-02
3.742553000000000019e+00   1.851095e-01   1.071832e-02
3.747263999999999928e+00   1.929847e-01   1.077117e-02
3.751975999999999978e+00   1.869972e-01   1.081559e-02
3.756686999999999887e+00   1.707327e-01   1.082981e-02
3.761397999999999797e+00   1.822967e-01   1.087575e-02
3.766109000000000151e+00   1.805838e-01   1.092325e-02
3.770821000000000200e+00   1.913935e-01   1.096472e-02
3.775532000000000110e+00   1.997665e-01   1.101084e-02
3.780243000000000020e+00   1.784326e-01   1.103729e-02
3.784953999999999930e+00   1.958588e-01   1.109080e-02
3.789665999999999979e+00   1.873295e-01   1.111779e-02
3.794376999999999889e+00   1.890572e-01   1.115645e-02
3.799087999999999798e+00   1.917743e-01   1.120892e-02
3.803799000000000152e+00   1.874987e-01   1.123943e-02
3.808511000000000202e+00   1.862717e-01   1.126807e-02
3.813222000000000111e+00   1.857166e-01   1.131871e-02
3.817933000000000021e+00   1.813097e-01   1.134586e-02
3.822643999999999931e+00   1.817138e-01   1.138659e-02
3.827355999999999980e+00   1.715037e-01   1.142477e-02
3.832066999999999890e+00   1.616444e-01   1.147374e-02
3.836777999999999800e+00   1.896751e-01   1.152375e-02
3.841489000000000154e+00   1.934413e-01   1.155896e-02
3.846201000000000203e+00   1.766356e-01   1.158073e-02
3.850912000000000113e+00   1.844866e-01   1.162966e-02
3.855623000000000022e+00   1.762268e-01   1.166079e-02
3.860333999999999932e+00   1.775891e-01   1.171362e-02
3.865045999999999982e+00   1.778427e-01   1.176195e-02
3.869756999999999891e+00   1.780875e-01   1.179289e-02
3.874467999999999801e+00   1.803552e-01   1.183553e-02
3.879179000000000155e+00   1.822089e-01   1.187712e-02
3.883891000000000204e+00   1.794185e-01   1.192323e-02
3.888602000000000114e+00   1.651426e-01   1.195614e-02
3.893313000000000024e+00   1.711885e-01   1.199174e-02
3.898023999999999933e+00   1.879796e-01   1.205090e-02
3.902735999999999983e+00   1.762917e-01   1.208011e-02
3.907446999999999893e+00   1.795563e-01   1.212988e-02
3.912157999999999802e+00   1.777112e-01   1.215142e-02
3.916869999999999852e+00   1.712508e-01   1.216769e-02
3.921581000000000206e+00   1.825754e-01   1.218067e-02
3.926292000000000115e+00   1.870764e-01   1.221350e-02
3.931003000000000025e+00   1.929256e-01   1.226131e-02
3.935715000000000074e+00   1.740686e-01   1.228833e-02
3.940425999999999984e+00   1.679890e-01   1.229783e-02
3.945136999999999894e+00   1.873197e-01   1.230301e-02
3.949847999999999804e+00   1.773344e-01   1.231748e-02
3.954559999999999853e+00   1.560863e-01   1.233234e-02
3.959271000000000207e+00   1.548570e-01   1.235009e-02
3.963982000000000117e+00   1.611247e-01   1.235393e-02
3.968693000000000026e+00   1.882180e-01   1.239212e-02
3.973405000000000076e+00   1.675286e-01   1.241191e-02
3.978115999999999985e+00   1.671099e-01   1.244189e-02
3.982826999999999895e+00   1.769291e-01   1.248716e-02
3.987537999999999805e+00   1.697456e-01   1.253507e-02
3.992249999999999854e+00   1.595869e-01   1.257329e-02
3.996961000000000208e+00   1.477065e-01   1.258751e-02
4.001672000000000118e+00   1.704762e-01   1.264776e-02
4.006382999999999583e+00   1.882921e-01   1.270824e-02
4.011095000000000077e+00   1.645051e-01   1.276062e-02
4.015806000000000431e+00   1.554945e-01   1.277859e-02
4.020516999999999896e+00   1.619854e-01   1.282805e-02
4.025228000000000250e+00   1.828716e-01   1.289493e-02
4.029939999999999856e+00   1.750570e-01   1.292604e-02
4.034651000000000209e+00   1.735027e-01   1.296622e-02
4.039361999999999675e+00   1.674763e-01   1.300029e-02
4.044073000000000029e+00   1.561743e-01   1.303775e-02
4.048784999999999634e+00   1.659849e-01   1.309778e-02
4.053495999999999988e+00   1.568139e-01   1.312576e-02
4.058207000000000342e+00   1.468892e-01   1.316863e-02
4.062917999999999807e+00   1.685416e-01   1.322310e-02
4.067630000000000301e+00   1.759924e-01   1.327456e-02
4.072340999999999767e+00   1.656735e-01   1.333257e-02
4.077052000000000120e+00   1.495803e-01   1.335583e-02
4.081762999999999586e+00   1.474349e-01   1.341769e-02
4.086475000000000080e+00   1.632950e-01   1.347254e-02
4.091186000000000433e+00   1.593587e-01   1.350798e-02
4.095896999999999899e+00   1.474907e-01   1.354010e-02
4.100609000000000393e+00   1.509827e-01   1.360902e-02
4.105319999999999858e+00   1.540179e-01   1.365007e-02
4.110031000000000212e+00   1.570652e-01   1.370614e-02
4.114741999999999678e+00   1.522030e-01   1.374566e-02
4.119454000000000171e+00   1.520191e-01   1.379342e-02
4.124164999999999637e+00   1.440455e-01   1.384519e-02
4.128875999999999991e+00   1.857356e-01   1.392033e-02
4.133587000000000344e+00   1.816158e-01   1.396072e-02
4.138298999999999950e+00   1.777809e-01   1.401899e-02
4.143010000000000304e+00   1.556478e-01   1.404765e-02
4.147720999999999769e+00   1.705036e-01   1.411512e-02
4.152432000000000123e+00   1.740161e-01   1.416788e-02
4.157143999999999728e+00   1.565956e-01   1.420419e-02
4.161855000000000082e+00   1.813432e-01   1.429188e-02
4.166566000000000436e+00   1.804413e-01   1.435005e-02
4.171276999999999902e+00   1.586559e-01   1.438631e-02
4.175989000000000395e+00   1.580650e-01   1.445003e-02
4.180699999999999861e+00   1.415954e-01   1.448896e-02
4.185411000000000215e+00   1.476650e-01   1.453366e-02
4.190121999999999680e+00   1.538242e-01   1.462624e-02
4.194834000000000174e+00   1.567107e-01   1.465249e-02
4.199544999999999639e+00   1.642180e-01   1.473191e-02
4.204255999999999993e+00   1.709628e-01   1.477933e-02
4.208967000000000347e+00   1.510394e-01   1.480460e-02
4.213678999999999952e+00   1.529409e-01   1.486851e-02
4.218390000000000306e+00   1.490283e-01   1.492169e-02
4.223100999999999772e+00   1.514024e-01   1.497301e-02
4.227812000000000126e+00   1.594264e-01   1.505561e-02
4.232523999999999731e+00   1.585563e-01   1.509810e-02
4.237235000000000085e+00   1.585909e-01   1.517434e-02
4.241946000000000438e+00   1.592827e-01   1.524564e-02
4.246656999999999904e+00   1.545047e-01   1.529928e-02
4.251369000000000398e+00   1.560737e-01   1.538831e-02
4.256079999999999863e+00   1.551146e-01   1.544845e-02
4.260791000000000217e+00   1.458040e-01   1.548278e-02
4.265501999999999683e+00   1.507850e-01   1.556459e-02
4.270214000000000176e+00   1.815742e-01   1.567390e-02
4.274924999999999642e+00   1.721840e-01   1.569924e-02
4.279635999999999996e+00   1.639098e-01   1.575549e-02
4.284347999999999601e+00   1.459564e-01   1.580329e-02
4.289058999999999955e+00   1.410798e-01   1.586269e-02
4.293770000000000309e+00   1.447394e-01   1.594297e-02
4.298480999999999774e+00   1.453114e-01   1.603327e-02
4.303193000000000268e+00   1.301061e-01   1.606773e-02
4.307903999999999733e+00   1.530736e-01   1.618522e-02
4.312615000000000087e+00   1.648065e-01   1.624567e-02
4.317326000000000441e+00   1.369295e-01   1.630951e-02
4.322038000000000046e+00   1.472199e-01   1.640557e-02
4.326749000000000400e+00   1.539500e-01   1.649016e-02
4.331459999999999866e+00   1.076249e-01   1.648321e-02
4.336171000000000220e+00   1.279565e-01   1.658036e-02
4.340882999999999825e+00   1.634857e-01   1.669803e-02
4.345594000000000179e+00   1.509528e-01   1.676186e-02
4.350304999999999644e+00   1.413999e-01   1.682666e-02
4.355015999999999998e+00   1.348681e-01   1.690845e-02
4.359727999999999604e+00   1.399396e-01   1.701672e-02
4.364438999999999957e+00   1.349040e-01   1.709651e-02
4.369150000000000311e+00   1.433798e-01   1.716414e-02
4.373860999999999777e+00   1.614201e-01   1.725943e-02
4.378573000000000270e+00   1.708483e-01   1.734877e-02
4.383283999999999736e+00   1.712366e-01   1.743042e-02
4.387995000000000090e+00   1.485753e-01   1.750629e-02
4.392706000000000444e+00   1.242425e-01   1.758264e-02
4.397418000000000049e+00   1.195448e-01   1.764105e-02
4.402129000000000403e+00   1.264300e-01   1.764177e-02
4.406839999999999868e+00   1.303975e-01   1.767376e-02
4.411551000000000222e+00   1.421185e-01   1.771412e-02
4.416262999999999828e+00   1.823756e-01   1.775682e-02
4.420974000000000181e+00   1.531061e-01   1.771521e-02
4.425684999999999647e+00   1.125622e-01   1.769660e-02
4.430396000000000001e+00   1.237362e-01   1.772163e-02
4.435107999999999606e+00   1.313438e-01   1.773783e-02
4.439818999999999960e+00   1.270912e-01   1.779567e-02
4.444530000000000314e+00   1.393036e-01   1.788010e-02
4.449240999999999779e+00   1.359735e-01   1.795161e-02
4.453953000000000273e+00   1.184774e-01   1.802539e-02
4.458663999999999739e+00   1.292816e-01   1.816884e-02
4.463375000000000092e+00   1.365146e-01   1.824616e-02
4.468086999999999698e+00   1.096058e-01   1.832246e-02
4.472798000000000052e+00   1.341599e-01   1.842788e-02
4.477509000000000405e+00   1.363271e-01   1.852114e-02
4.482219999999999871e+00   1.516327e-01   1.862830e-02
4.486932000000000365e+00   1.232472e-01   1.870431e-02
4.491642999999999830e+00   1.673261e-01   1.888734e-02
4.496354000000000184e+00   1.169388e-01   1.895986e-02
4.501064999999999650e+00   1.335807e-01   1.910558e-02
4.505777000000000143e+00   1.121280e-01   1.916025e-02
4.510487999999999609e+00   1.122401e-01   1.925521e-02
4.515198999999999963e+00   1.657796e-01   1.943742e-02
4.519910000000000316e+00   1.459579e-01   1.950600e-02
4.524621999999999922e+00   1.364352e-01   1.959571e-02
4.529333000000000276e+00   1.475213e-01   1.975692e-02
4.534043999999999741e+00   1.141505e-01   1.981433e-02
4.538755000000000095e+00   1.372634e-01   2.000136e-02
4.543466999999999700e+00   1.392464e-01   2.012983e-02
4.548178000000000054e+00   1.381470e-01   2.022466e-02
4.552889000000000408e+00   1.648671e-01   2.041661e-02
4.557599999999999874e+00   1.498609e-01   2.054198e-02
4.562312000000000367e+00   1.269317e-01   2.064471e-02
4.567022999999999833e+00   1.345433e-01   2.073583e-02
4.571734000000000187e+00   1.310018e-01   2.092025e-02
4.576444999999999652e+00   1.345334e-01   2.107766e-02
4.581157000000000146e+00   1.407009e-01   2.124200e-02
4.585867999999999611e+00   1.599663e-01   2.141340e-02
4.590578999999999965e+00   1.284776e-01   2.150597e-02
4.595290000000000319e+00   1.181667e-01   2.158871e-02
4.600001999999999924e+00   1.492595e-01   2.178115e-02
4.604713000000000278e+00   1.451701e-01   2.194383e-02
4.609423999999999744e+00   1.154623e-01   2.207248e-02
4.614135000000000097e+00   1.199262e-01   2.226934e-02
4.618846999999999703e+00   1.497762e-01   2.249501e-02
4.623558000000000057e+00   1.249151e-01   2.260830e-02
4.628269000000000410e+00   1.231292e-01   2.277289e-02
4.632979999999999876e+00   1.561415e-01   2.301758e-02
4.637692000000000370e+00   1.352323e-01   2.312540e-02
4.642402999999999835e+00   1.410323e-01   2.332699e-02
4.647114000000000189e+00   1.691177e-01   2.359724e-02
4.651825999999999794e+00   1.437344e-01   2.371648e-02
4.656537000000000148e+00   1.398296e-01   2.401565e-02
4.661247999999999614e+00   1.181211e-01   2.410498e-02
4.665958999999999968e+00   1.094646e-01   2.429040e-02
4.670670999999999573e+00   1.083482e-01   2.453452e-02
4.675381999999999927e+00   1.269405e-01   2.476040e-02
4.680093000000000281e+00   1.081024e-01   2.495344e-02
4.684803999999999746e+00   1.228967e-01   2.521079e-02
4.689516000000000240e+00   1.366459e-01   2.541032e-02
4.694226999999999705e+00   1.205528e-01   2.566094e-02
4.698938000000000059e+00   9.854067e-02   2.596201e-02
4.703649000000000413e+00   1.550034e-01   2.633638e-02
4.708361000000000018e+00   1.782911e-01   2.662653e-02
4.713072000000000372e+00   1.699138e-01   2.685527e-02
4.717782999999999838e+00   1.419249e-01   2.707350e-02
4.722494000000000192e+00   1.221102e-01   2.738184e-02
4.727205999999999797e+00   1.466733e-01   2.768455e-02
4.731917000000000151e+00   1.186790e-01   2.797339e-02
4.736627999999999616e+00   1.605722e-01   2.831714e-02
4.741338999999999970e+00   1.294197e-01   2.857531e-02
4.746050999999999576e+00   1.322140e-01   2.894461e-02
4.750761999999999929e+00   1.360693e-01   2.927806e-02
4.755473000000000283e+00   1.525903e-01   2.968853e-02
4.760183999999999749e+00   1.768555e-01   3.017434e-02
4.764896000000000242e+00   1.453932e-01   3.049125e-02
4.769606999999999708e+00   1.565858e-01   3.093472e-02
4.774318000000000062e+00   1.008221e-01   3.127495e-02
4.779029000000000416e+00   1.295351e-01   3.181759e-02
4.783741000000000021e+00   9.510719e-02   3.210852e-02
4.788452000000000375e+00   1.036849e-01   3.266318e-02
4.793162999999999840e+00   8.999810e-02   3.310939e-02
4.797874000000000194e+00   1.230510e-01   3.374053e-02
4.802585999999999800e+00   1.033601e-01   3.438133e-02
4.807297000000000153e+00   1.361747e-01   3.497585e-02
4.812007999999999619e+00   1.355822e-01   3.553362e-02
4.816718999999999973e+00   1.065719e-01   3.615843e-02
4.821430999999999578e+00   8.981077e-02   3.679175e-02
4.826141999999999932e+00   1.536293e-01   3.766041e-02
4.830853000000000286e+00   1.530812e-01   3.842362e-02
4.835564999999999891e+00   1.167555e-01   3.916754e-02
4.840276000000000245e+00   1.209616e-01   3.999589e-02
4.844986999999999711e+00   1.116531e-01   4.103596e-02
4.849698000000000064e+00   9.847915e-02   4.210485e-02
4.854409999999999670e+00   1.724363e-01   4.339887e-02
4.859121000000000024e+00   1.444740e-01   4.447874e-02
4.863832000000000377e+00   6.768594e-02   4.547088e-02
4.868542999999999843e+00   4.770469e-02   4.660784e-02
4.873255000000000337e+00   1.137473e-01   4.844440e-02
4.877965999999999802e+00   1.490749e-01   5.024067e-02
4.882677000000000156e+00   9.128827e-02   5.161647e-02
4.887387999999999622e+00   3.862103e-02   5.370931e-02
4.892100000000000115e+00   1.014351e-01   5.632924e-02
4.896810999999999581e+00   1.473501e-01   5.917791e-02
4.901521999999999935e+00   1.669643e-01   6.242275e-02
4.906233000000000288e+00   1.575938e-01   6.598463e-02
4.910944999999999894e+00   8.098362e-02   7.005558e-02
4.915656000000000247e+00   9.981030e-02   7.563873e-02
4.920366999999999713e+00   1.095583e-01   8.250391e-02
4.925078000000000067e+00   8.896187e-02   9.107594e-02
4.929789999999999672e+00   2.929077e-03   1.033963e-01
4.934501000000000026e+00   1.346401e-01   1.234831e-01
4.939212000000000380e+00   2.939778e-01   1.634980e-01
4.943922999999999845e+00   1.921227e-01   2.995264e-01