# [1]
# Sample c= 5.68 mg/ml
# Intensity scaled by concentration
# Buffer subtracted data file:
# Protein DatFile = /data/visitor/mx1908/bm29/20161119/giulio/1d/mM60_014_ave.dat
# Buffer DatFile = /data/visitor/mx1908/bm29/20161119/giulio/1d/mM60_013_ave.dat
# 
# AutoRg: Rg   =   0.8718 +/- 0.10 ( 11.8%)
# AutoRg: I(0) =   3.71 +/- 0.0077
# AutoRg: Points   156 to 259 ( 104 total)
# AutoRg: Quality: 68.9%
# 
# 
# Sample Information:
# Storage Temperature (degrees C): 20.0
# Measurement Temperature (degrees C): 20.06
# Concentration: 5.68
# Code: 
3.479420999999999903e-02  -9.574447e-01   1.602874e+00
3.950545999999999919e-02   1.848089e-01   6.343521e-01
4.421672000000000102e-02   9.226768e-01   4.140716e-01
4.892798000000000286e-02   1.913822e+00   3.170647e-01
5.363923000000000302e-02   2.374343e+00   2.543153e-01
5.835048999999999791e-02   2.364217e+00   2.086800e-01
6.306174999999999975e-02   2.497866e+00   1.735154e-01
6.777299999999999991e-02   2.892085e+00   1.478409e-01
7.248425999999999481e-02   2.917134e+00   1.284019e-01
7.719552000000000358e-02   2.905296e+00   1.133096e-01
8.190677000000000374e-02   3.134821e+00   1.008166e-01
8.661802999999999864e-02   3.129761e+00   9.090722e-02
9.132928999999999353e-02   3.096738e+00   8.311671e-02
9.604053999999999369e-02   3.157672e+00   7.668855e-02
1.007518000000000025e-01   3.198377e+00   7.110124e-02
1.054631000000000041e-01   3.235305e+00   6.634749e-02
1.101743000000000028e-01   3.130635e+00   6.217043e-02
1.148856000000000044e-01   3.147314e+00   5.865083e-02
1.195968000000000031e-01   3.183881e+00   5.554232e-02
1.243081000000000047e-01   3.319181e+00   5.306339e-02
1.290193000000000034e-01   3.323251e+00   5.070146e-02
1.337306000000000050e-01   3.310236e+00   4.864609e-02
1.384419000000000066e-01   3.252178e+00   4.685927e-02
1.431531000000000053e-01   3.288257e+00   4.513069e-02
1.478644000000000069e-01   3.320334e+00   4.365728e-02
1.525756000000000057e-01   3.257124e+00   4.231094e-02
1.572869000000000073e-01   3.274941e+00   4.124087e-02
1.619981000000000060e-01   3.282489e+00   3.996799e-02
1.667094000000000076e-01   3.296476e+00   3.896991e-02
1.714206000000000063e-01   3.262002e+00   3.813301e-02
1.761319000000000079e-01   3.289194e+00   3.725360e-02
1.808432000000000095e-01   3.328625e+00   3.645331e-02
1.855544000000000082e-01   3.277698e+00   3.575776e-02
1.902657000000000098e-01   3.239745e+00   3.507984e-02
1.949769000000000085e-01   3.297046e+00   3.443264e-02
1.996882000000000101e-01   3.267879e+00   3.374114e-02
2.043994000000000089e-01   3.262727e+00   3.320166e-02
2.091107000000000105e-01   3.285312e+00   3.271422e-02
2.138220000000000121e-01   3.276718e+00   3.221943e-02
2.185332000000000108e-01   3.341282e+00   3.174031e-02
2.232445000000000124e-01   3.359337e+00   3.128805e-02
2.279557000000000111e-01   3.265862e+00   3.080943e-02
2.326670000000000127e-01   3.266445e+00   3.035829e-02
2.373782000000000114e-01   3.263111e+00   3.000295e-02
2.420895000000000130e-01   3.331214e+00   2.967651e-02
2.468007000000000117e-01   3.301541e+00   2.925670e-02
2.515120000000000133e-01   3.264714e+00   2.887886e-02
2.562232999999999872e-01   3.255719e+00   2.856071e-02
2.609345000000000137e-01   3.310292e+00   2.823566e-02
2.656457999999999875e-01   3.354613e+00   2.797710e-02
2.703570000000000140e-01   3.322313e+00   2.768948e-02
2.750682999999999878e-01   3.300704e+00   2.743414e-02
2.797795000000000143e-01   3.299245e+00   2.713878e-02
2.844907999999999881e-01   3.309580e+00   2.687095e-02
2.892021000000000175e-01   3.340771e+00   2.661974e-02
2.939132999999999885e-01   3.332145e+00   2.640227e-02
2.986246000000000178e-01   3.319594e+00   2.611804e-02
3.033357999999999888e-01   3.313526e+00   2.588601e-02
3.080471000000000181e-01   3.332533e+00   2.569513e-02
3.127582999999999891e-01   3.337602e+00   2.550073e-02
3.174696000000000184e-01   3.295031e+00   2.523562e-02
3.221808999999999923e-01   3.312177e+00   2.501931e-02
3.268921000000000188e-01   3.315065e+00   2.484311e-02
3.316033999999999926e-01   3.339588e+00   2.469743e-02
3.363146000000000191e-01   3.329764e+00   2.488699e-02
3.410258999999999929e-01   3.357736e+00   2.507948e-02
3.457371000000000194e-01   3.364177e+00   2.521570e-02
3.504483999999999932e-01   3.339199e+00   2.554695e-02
3.551596000000000197e-01   3.309539e+00   2.607406e-02
3.598708999999999936e-01   3.318507e+00   2.642159e-02
3.645822000000000229e-01   3.345356e+00   2.669295e-02
3.692933999999999939e-01   3.349271e+00   2.688029e-02
3.740047000000000232e-01   3.335477e+00   2.706616e-02
3.787158999999999942e-01   3.352599e+00   2.722145e-02
3.834272000000000236e-01   3.358941e+00   2.737306e-02
3.881383999999999945e-01   3.372443e+00   2.755197e-02
3.928497000000000239e-01   3.374832e+00   2.818511e-02
3.975609999999999977e-01   3.366927e+00   2.902162e-02
4.022722000000000242e-01   3.315315e+00   2.961881e-02
4.069834999999999980e-01   3.335426e+00   3.018503e-02
4.116947000000000245e-01   3.349396e+00   3.066387e-02
4.164059999999999984e-01   3.368080e+00   3.115439e-02
4.211172000000000248e-01   3.328453e+00   3.160714e-02
4.258284999999999987e-01   3.319800e+00   3.205904e-02
4.305397000000000252e-01   3.366297e+00   3.249767e-02
4.352509999999999990e-01   3.302591e+00   3.290652e-02
4.399622999999999728e-01   3.355020e+00   3.348015e-02
4.446734999999999993e-01   3.339180e+00   3.400748e-02
4.493847999999999732e-01   3.342026e+00   3.454963e-02
4.540959999999999996e-01   3.299291e+00   3.476873e-02
4.588072999999999735e-01   3.344733e+00   3.365604e-02
4.635185000000000000e-01   3.349358e+00   3.281544e-02
4.682297999999999738e-01   3.354634e+00   3.231361e-02
4.729411000000000032e-01   3.333952e+00   3.198344e-02
4.776522999999999741e-01   3.293613e+00   3.159169e-02
4.823636000000000035e-01   3.335995e+00   3.140641e-02
4.870747999999999744e-01   3.309095e+00   3.114551e-02
4.917861000000000038e-01   3.348306e+00   3.105003e-02
4.964972999999999748e-01   3.330866e+00   3.086135e-02
5.012086000000000041e-01   3.360962e+00   3.071710e-02
5.059198999999999780e-01   3.322647e+00   3.054057e-02
5.106311000000000044e-01   3.343134e+00   3.042714e-02
5.153423999999999783e-01   3.340654e+00   3.024802e-02
5.200536000000000048e-01   3.326661e+00   2.999723e-02
5.247648999999999786e-01   3.297596e+00   2.975427e-02
5.294761000000000051e-01   3.340565e+00   2.959470e-02
5.341873999999999789e-01   3.323234e+00   2.934561e-02
5.388986000000000054e-01   3.314913e+00   2.918635e-02
5.436098999999999792e-01   3.332746e+00   2.900982e-02
5.483211999999999531e-01   3.290839e+00   2.879387e-02
5.530323999999999796e-01   3.284453e+00   2.862357e-02
5.577436999999999534e-01   3.304733e+00   2.843320e-02
5.624548999999999799e-01   3.265046e+00   2.821894e-02
5.671661999999999537e-01   3.303167e+00   2.815107e-02
5.718773999999999802e-01   3.305025e+00   2.807039e-02
5.765886999999999540e-01   3.287945e+00   2.798395e-02
5.813000000000000389e-01   3.295964e+00   2.794601e-02
5.860111999999999544e-01   3.287766e+00   2.789098e-02
5.907225000000000392e-01   3.244530e+00   2.778431e-02
5.954336999999999547e-01   3.279150e+00   2.765803e-02
6.001450000000000395e-01   3.219726e+00   2.758035e-02
6.048561999999999550e-01   3.234477e+00   2.752534e-02
6.095675000000000399e-01   3.267211e+00   2.754107e-02
6.142788000000000137e-01   3.264196e+00   2.747591e-02
6.189900000000000402e-01   3.258956e+00   2.735058e-02
6.237013000000000140e-01   3.262549e+00   2.731672e-02
6.284125000000000405e-01   3.291195e+00   2.727529e-02
6.331238000000000143e-01   3.305244e+00   2.719784e-02
6.378350000000000408e-01   3.303413e+00   2.709858e-02
6.425463000000000147e-01   3.251741e+00   2.703962e-02
6.472575000000000411e-01   3.251623e+00   2.699438e-02
6.519688000000000150e-01   3.288741e+00   2.692430e-02
6.566800999999999888e-01   3.251436e+00   2.687042e-02
6.613913000000000153e-01   3.262389e+00   2.676419e-02
6.661025999999999891e-01   3.255897e+00   2.675574e-02
6.708138000000000156e-01   3.250717e+00   2.664270e-02
6.755250999999999895e-01   3.229457e+00   2.659057e-02
6.802363000000000159e-01   3.245514e+00   2.657285e-02
6.849475999999999898e-01   3.226644e+00   2.649382e-02
6.896588999999999636e-01   3.244425e+00   2.643460e-02
6.943700999999999901e-01   3.212303e+00   2.629813e-02
6.990813999999999639e-01   3.209349e+00   2.626572e-02
7.037925999999999904e-01   3.192865e+00   2.624724e-02
7.085038999999999643e-01   3.206891e+00   2.617222e-02
7.132150999999999907e-01   3.237965e+00   2.613345e-02
7.179263999999999646e-01   3.225519e+00   2.608303e-02
7.226375999999999911e-01   3.192860e+00   2.602590e-02
7.273488999999999649e-01   3.197378e+00   2.592898e-02
7.320602000000000498e-01   3.225737e+00   2.587237e-02
7.367713999999999652e-01   3.154628e+00   2.577766e-02
7.414827000000000501e-01   3.218320e+00   2.579134e-02
7.461938999999999655e-01   3.208808e+00   2.574190e-02
7.509052000000000504e-01   3.180739e+00   2.560656e-02
7.556163999999999659e-01   3.169733e+00   2.556116e-02
7.603277000000000507e-01   3.162385e+00   2.550969e-02
7.650390000000000246e-01   3.188277e+00   2.550703e-02
7.697502000000000510e-01   3.183244e+00   2.541079e-02
7.744615000000000249e-01   3.187782e+00   2.536891e-02
7.791727000000000514e-01   3.170558e+00   2.529406e-02
7.838840000000000252e-01   3.170311e+00   2.525439e-02
7.885952000000000517e-01   3.159020e+00   2.521565e-02
7.933065000000000255e-01   3.150601e+00   2.511549e-02
7.980177999999999994e-01   3.142264e+00   2.512963e-02
8.027290000000000258e-01   3.140417e+00   2.501145e-02
8.074402999999999997e-01   3.157736e+00   2.502782e-02
8.121515000000000262e-01   3.102955e+00   2.489892e-02
8.168628000000000000e-01   3.134899e+00   2.483460e-02
8.215740000000000265e-01   3.137806e+00   2.481787e-02
8.262853000000000003e-01   3.098810e+00   2.479096e-02
8.309965000000000268e-01   3.097736e+00   2.473437e-02
8.357078000000000007e-01   3.095624e+00   2.464350e-02
8.404190999999999745e-01   3.087048e+00   2.456458e-02
8.451303000000000010e-01   3.100164e+00   2.457086e-02
8.498415999999999748e-01   3.056173e+00   2.444655e-02
8.545528000000000013e-01   3.083985e+00   2.446687e-02
8.592640999999999751e-01   3.068506e+00   2.437229e-02
8.639753000000000016e-01   3.064700e+00   2.435545e-02
8.686865999999999755e-01   3.044492e+00   2.428391e-02
8.733978999999999493e-01   3.074256e+00   2.423007e-02
8.781090999999999758e-01   3.066623e+00   2.417380e-02
8.828203999999999496e-01   3.038836e+00   2.411505e-02
8.875315999999999761e-01   3.054085e+00   2.404435e-02
8.922428999999999499e-01   3.046795e+00   2.402484e-02
8.969540999999999764e-01   3.048222e+00   2.397969e-02
9.016653999999999503e-01   3.022595e+00   2.391894e-02
9.063767000000000351e-01   2.991609e+00   2.385363e-02
9.110878999999999506e-01   3.017528e+00   2.382186e-02
9.157992000000000354e-01   3.009245e+00   2.381361e-02
9.205103999999999509e-01   2.989238e+00   2.370616e-02
9.252217000000000358e-01   2.967184e+00   2.364094e-02
9.299328999999999512e-01   2.935918e+00   2.359739e-02
9.346442000000000361e-01   2.961989e+00   2.357568e-02
9.393553999999999515e-01   2.957208e+00   2.353114e-02
9.440667000000000364e-01   2.941104e+00   2.346735e-02
9.487780000000000102e-01   2.945636e+00   2.338438e-02
9.534892000000000367e-01   2.931170e+00   2.334448e-02
9.582005000000000106e-01   2.890959e+00   2.327372e-02
9.629117000000000370e-01   2.954918e+00   2.329363e-02
9.676230000000000109e-01   2.938053e+00   2.323364e-02
9.723342000000000374e-01   2.944233e+00   2.320279e-02
9.770455000000000112e-01   2.912079e+00   2.310982e-02
9.817567999999999850e-01   2.915349e+00   2.306913e-02
9.864680000000000115e-01   2.909588e+00   2.302376e-02
9.911792999999999854e-01   2.911931e+00   2.298665e-02
9.958905000000000118e-01   2.909706e+00   2.295272e-02
1.000601999999999991e+00   2.886778e+00   2.288132e-02
1.005312999999999901e+00   2.888009e+00   2.284124e-02
1.010024000000000033e+00   2.889621e+00   2.280089e-02
1.014736000000000082e+00   2.831354e+00   2.272187e-02
1.019446999999999992e+00   2.853972e+00   2.268414e-02
1.024157999999999902e+00   2.836817e+00   2.263666e-02
1.028869000000000034e+00   2.859803e+00   2.262784e-02
1.033581000000000083e+00   2.836839e+00   2.257981e-02
1.038291999999999993e+00   2.842025e+00   2.254525e-02
1.043002999999999902e+00   2.807313e+00   2.248294e-02
1.047714000000000034e+00   2.813202e+00   2.242247e-02
1.052426000000000084e+00   2.772413e+00   2.238066e-02
1.057136999999999993e+00   2.804230e+00   2.233384e-02
1.061847999999999903e+00   2.780290e+00   2.229458e-02
1.066559000000000035e+00   2.766534e+00   2.222559e-02
1.071271000000000084e+00   2.762946e+00   2.221698e-02
1.075981999999999994e+00   2.776792e+00   2.216866e-02
1.080692999999999904e+00   2.728715e+00   2.214505e-02
1.085404000000000035e+00   2.747374e+00   2.208908e-02
1.090116000000000085e+00   2.732322e+00   2.202760e-02
1.094826999999999995e+00   2.733247e+00   2.201155e-02
1.099537999999999904e+00   2.741543e+00   2.197636e-02
1.104249000000000036e+00   2.686802e+00   2.185096e-02
1.108961000000000086e+00   2.726994e+00   2.187093e-02
1.113671999999999995e+00   2.707928e+00   2.181750e-02
1.118382999999999905e+00   2.701776e+00   2.178283e-02
1.123094000000000037e+00   2.682245e+00   2.173605e-02
1.127806000000000086e+00   2.675060e+00   2.168704e-02
1.132516999999999996e+00   2.660548e+00   2.164494e-02
1.137227999999999906e+00   2.690936e+00   2.161546e-02
1.141939000000000037e+00   2.657732e+00   2.157546e-02
1.146651000000000087e+00   2.671566e+00   2.150249e-02
1.151361999999999997e+00   2.660743e+00   2.149374e-02
1.156072999999999906e+00   2.630288e+00   2.145879e-02
1.160784000000000038e+00   2.628265e+00   2.143893e-02
1.165496000000000087e+00   2.628035e+00   2.137224e-02
1.170206999999999997e+00   2.619684e+00   2.132569e-02
1.174917999999999907e+00   2.619151e+00   2.129883e-02
1.179629999999999956e+00   2.617145e+00   2.126599e-02
1.184341000000000088e+00   2.606766e+00   2.120312e-02
1.189051999999999998e+00   2.591524e+00   2.115964e-02
1.193762999999999908e+00   2.616798e+00   2.118097e-02
1.198474999999999957e+00   2.586233e+00   2.160473e-02
1.203186000000000089e+00   2.564274e+00   2.216149e-02
1.207896999999999998e+00   2.544827e+00   2.248562e-02
1.212607999999999908e+00   2.508832e+00   2.277660e-02
1.217319999999999958e+00   2.542345e+00   2.302857e-02
1.222031000000000089e+00   2.528832e+00   2.327229e-02
1.226741999999999999e+00   2.513548e+00   2.351417e-02
1.231452999999999909e+00   2.513466e+00   2.371182e-02
1.236164999999999958e+00   2.515828e+00   2.390253e-02
1.240876000000000090e+00   2.503375e+00   2.405597e-02
1.245587000000000000e+00   2.489651e+00   2.414398e-02
1.250297999999999909e+00   2.489158e+00   2.425660e-02
1.255009999999999959e+00   2.446822e+00   2.427903e-02
1.259721000000000091e+00   2.472130e+00   2.426388e-02
1.264432000000000000e+00   2.466130e+00   2.338645e-02
1.269142999999999910e+00   2.443797e+00   2.282190e-02
1.273854999999999960e+00   2.445700e+00   2.243574e-02
1.278566000000000091e+00   2.428711e+00   2.210609e-02
1.283277000000000001e+00   2.403835e+00   2.186928e-02
1.287987999999999911e+00   2.393833e+00   2.165970e-02
1.292699999999999960e+00   2.412202e+00   2.147819e-02
1.297411000000000092e+00   2.425524e+00   2.127592e-02
1.302122000000000002e+00   2.404834e+00   2.110183e-02
1.306832999999999911e+00   2.366154e+00   2.096216e-02
1.311544999999999961e+00   2.384996e+00   2.094768e-02
1.316256000000000093e+00   2.365795e+00   2.085753e-02
1.320967000000000002e+00   2.357041e+00   2.079564e-02
1.325677999999999912e+00   2.375827e+00   2.075453e-02
1.330389999999999961e+00   2.364527e+00   2.071744e-02
1.335101000000000093e+00   2.352544e+00   2.065560e-02
1.339812000000000003e+00   2.349320e+00   2.057757e-02
1.344522999999999913e+00   2.352087e+00   2.056483e-02
1.349234999999999962e+00   2.314529e+00   2.049388e-02
1.353946000000000094e+00   2.296879e+00   2.042346e-02
1.358657000000000004e+00   2.291784e+00   2.038912e-02
1.363369000000000053e+00   2.285977e+00   2.033285e-02
1.368079999999999963e+00   2.276704e+00   2.032317e-02
1.372791000000000095e+00   2.271294e+00   2.026105e-02
1.377502000000000004e+00   2.244474e+00   2.019302e-02
1.382214000000000054e+00   2.303104e+00   2.017569e-02
1.386924999999999963e+00   2.237445e+00   2.009585e-02
1.391636000000000095e+00   2.252305e+00   2.007796e-02
1.396347000000000005e+00   2.222239e+00   2.003363e-02
1.401059000000000054e+00   2.213547e+00   2.000160e-02
1.405769999999999964e+00   2.221567e+00   1.993787e-02
1.410481000000000096e+00   2.213378e+00   1.990240e-02
1.415192000000000005e+00   2.207879e+00   1.987945e-02
1.419904000000000055e+00   2.183325e+00   1.981878e-02
1.424614999999999965e+00   2.207835e+00   1.978451e-02
1.429326000000000096e+00   2.170371e+00   1.974812e-02
1.434037000000000006e+00   2.177138e+00   1.971455e-02
1.438749000000000056e+00   2.192121e+00   1.968965e-02
1.443459999999999965e+00   2.203790e+00   1.964396e-02
1.448171000000000097e+00   2.158645e+00   1.958649e-02
1.452882000000000007e+00   2.146597e+00   1.954497e-02
1.457594000000000056e+00   2.141898e+00   1.950457e-02
1.462304999999999966e+00   2.108868e+00   1.946444e-02
1.467016000000000098e+00   2.122612e+00   1.943805e-02
1.471727000000000007e+00   2.076724e+00   1.940302e-02
1.476439000000000057e+00   2.102624e+00   1.937107e-02
1.481149999999999967e+00   2.099858e+00   1.931046e-02
1.485861000000000098e+00   2.060114e+00   1.928662e-02
1.490572000000000008e+00   2.067886e+00   1.925381e-02
1.495284000000000058e+00   2.072001e+00   1.920930e-02
1.499994999999999967e+00   2.034601e+00   1.914566e-02
1.504706000000000099e+00   2.059473e+00   1.913292e-02
1.509417000000000009e+00   2.028746e+00   1.910335e-02
1.514129000000000058e+00   2.018429e+00   1.914219e-02
1.518839999999999968e+00   2.029101e+00   1.969046e-02
1.523551000000000100e+00   2.036336e+00   2.010736e-02
1.528262999999999927e+00   2.011526e+00   2.039646e-02
1.532974000000000059e+00   2.009603e+00   2.061392e-02
1.537684999999999969e+00   2.016581e+00   2.085989e-02
1.542396000000000100e+00   1.999708e+00   2.084623e-02
1.547107999999999928e+00   2.015863e+00   2.031163e-02
1.551819000000000059e+00   2.001779e+00   1.998800e-02
1.556529999999999969e+00   1.990584e+00   1.978222e-02
1.561241000000000101e+00   1.974067e+00   1.959547e-02
1.565952999999999928e+00   1.962373e+00   1.938787e-02
1.570664000000000060e+00   1.961761e+00   1.921208e-02
1.575374999999999970e+00   1.948300e+00   1.899221e-02
1.580086000000000102e+00   1.936336e+00   1.879556e-02
1.584797999999999929e+00   1.938669e+00   1.869435e-02
1.589509000000000061e+00   1.890976e+00   1.863293e-02
1.594219999999999970e+00   1.882304e+00   1.860529e-02
1.598931000000000102e+00   1.912366e+00   1.864521e-02
1.603642999999999930e+00   1.897855e+00   1.864763e-02
1.608354000000000061e+00   1.859167e+00   1.865862e-02
1.613064999999999971e+00   1.842700e+00   1.863348e-02
1.617776000000000103e+00   1.871227e+00   1.860124e-02
1.622487999999999930e+00   1.845016e+00   1.854594e-02
1.627199000000000062e+00   1.870635e+00   1.853501e-02
1.631909999999999972e+00   1.865233e+00   1.853764e-02
1.636621000000000103e+00   1.842312e+00   1.846224e-02
1.641332999999999931e+00   1.822050e+00   1.840498e-02
1.646044000000000063e+00   1.807040e+00   1.837426e-02
1.650754999999999972e+00   1.830322e+00   1.834710e-02
1.655466000000000104e+00   1.844785e+00   1.833482e-02
1.660177999999999932e+00   1.804204e+00   1.828712e-02
1.664889000000000063e+00   1.814133e+00   1.824742e-02
1.669599999999999973e+00   1.801661e+00   1.821520e-02
1.674311000000000105e+00   1.781941e+00   1.818613e-02
1.679022999999999932e+00   1.793079e+00   1.814574e-02
1.683734000000000064e+00   1.769332e+00   1.808914e-02
1.688444999999999974e+00   1.748280e+00   1.807899e-02
1.693156000000000105e+00   1.724873e+00   1.804495e-02
1.697867999999999933e+00   1.744594e+00   1.800360e-02
1.702579000000000065e+00   1.734301e+00   1.796629e-02
1.707289999999999974e+00   1.724388e+00   1.793087e-02
1.712002000000000024e+00   1.728193e+00   1.791495e-02
1.716712999999999933e+00   1.723009e+00   1.790451e-02
1.721424000000000065e+00   1.683752e+00   1.782985e-02
1.726134999999999975e+00   1.697591e+00   1.780361e-02
1.730847000000000024e+00   1.697063e+00   1.778162e-02
1.735557999999999934e+00   1.687503e+00   1.776458e-02
1.740269000000000066e+00   1.695672e+00   1.774745e-02
1.744979999999999976e+00   1.674128e+00   1.771179e-02
1.749692000000000025e+00   1.672432e+00   1.769023e-02
1.754402999999999935e+00   1.676255e+00   1.763313e-02
1.759114000000000066e+00   1.665979e+00   1.760697e-02
1.763824999999999976e+00   1.613154e+00   1.757112e-02
1.768537000000000026e+00   1.627177e+00   1.754531e-02
1.773247999999999935e+00   1.632099e+00   1.753273e-02
1.777959000000000067e+00   1.625331e+00   1.750839e-02
1.782669999999999977e+00   1.623990e+00   1.746276e-02
1.787382000000000026e+00   1.621866e+00   1.744626e-02
1.792092999999999936e+00   1.594710e+00   1.742730e-02
1.796804000000000068e+00   1.607490e+00   1.741328e-02
1.801514999999999977e+00   1.594336e+00   1.738451e-02
1.806227000000000027e+00   1.563369e+00   1.732873e-02
1.810937999999999937e+00   1.564647e+00   1.731692e-02
1.815649000000000068e+00   1.572535e+00   1.728569e-02
1.820359999999999978e+00   1.559750e+00   1.723714e-02
1.825072000000000028e+00   1.566467e+00   1.721614e-02
1.829782999999999937e+00   1.541559e+00   1.716855e-02
1.834494000000000069e+00   1.536288e+00   1.714411e-02
1.839204999999999979e+00   1.550682e+00   1.714642e-02
1.843917000000000028e+00   1.531676e+00   1.711157e-02
1.848627999999999938e+00   1.502651e+00   1.704303e-02
1.853339000000000070e+00   1.527894e+00   1.704947e-02
1.858049999999999979e+00   1.524249e+00   1.701899e-02
1.862762000000000029e+00   1.528655e+00   1.701040e-02
1.867472999999999939e+00   1.520335e+00   1.698278e-02
1.872184000000000070e+00   1.506661e+00   1.694457e-02
1.876894999999999980e+00   1.497964e+00   1.694271e-02
1.881607000000000030e+00   1.512153e+00   1.692226e-02
1.886317999999999939e+00   1.469561e+00   1.687314e-02
1.891029000000000071e+00   1.454434e+00   1.682812e-02
1.895740999999999898e+00   1.474622e+00   1.682215e-02
1.900452000000000030e+00   1.452590e+00   1.680381e-02
1.905162999999999940e+00   1.468370e+00   1.676449e-02
1.909874000000000072e+00   1.458888e+00   1.675643e-02
1.914585999999999899e+00   1.453344e+00   1.672357e-02
1.919297000000000031e+00   1.429069e+00   1.666724e-02
1.924007999999999940e+00   1.441343e+00   1.667126e-02
1.928719000000000072e+00   1.434526e+00   1.663194e-02
1.933430999999999900e+00   1.401751e+00   1.658992e-02
1.938142000000000031e+00   1.412033e+00   1.655727e-02
1.942852999999999941e+00   1.387183e+00   1.650970e-02
1.947564000000000073e+00   1.392900e+00   1.647236e-02
1.952275999999999900e+00   1.401491e+00   1.642693e-02
1.956987000000000032e+00   1.383558e+00   1.639319e-02
1.961697999999999942e+00   1.374220e+00   1.636005e-02
1.966409000000000074e+00   1.346998e+00   1.633071e-02
1.971120999999999901e+00   1.375437e+00   1.632736e-02
1.975832000000000033e+00   1.361631e+00   1.631132e-02
1.980542999999999942e+00   1.358343e+00   1.630809e-02
1.985254000000000074e+00   1.352483e+00   1.630862e-02
1.989965999999999902e+00   1.342668e+00   1.630696e-02
1.994677000000000033e+00   1.350283e+00   1.629921e-02
1.999387999999999943e+00   1.341206e+00   1.633916e-02
2.004099000000000075e+00   1.360773e+00   1.670970e-02
2.008811000000000124e+00   1.352666e+00   1.704436e-02
2.013522000000000034e+00   1.330500e+00   1.727081e-02
2.018232999999999944e+00   1.317071e+00   1.747818e-02
2.022943999999999853e+00   1.292456e+00   1.761770e-02
2.027655999999999903e+00   1.285307e+00   1.776900e-02
2.032366999999999813e+00   1.292466e+00   1.786271e-02
2.037078000000000166e+00   1.289407e+00   1.790114e-02
2.041789000000000076e+00   1.283901e+00   1.797823e-02
2.046501000000000126e+00   1.273769e+00   1.798910e-02
2.051212000000000035e+00   1.274657e+00   1.803474e-02
2.055922999999999945e+00   1.274205e+00   1.807990e-02
2.060633999999999855e+00   1.274423e+00   1.813340e-02
2.065345999999999904e+00   1.285974e+00   1.808327e-02
2.070056999999999814e+00   1.262123e+00   1.753980e-02
2.074768000000000168e+00   1.230709e+00   1.715134e-02
2.079480000000000217e+00   1.244466e+00   1.693490e-02
2.084191000000000127e+00   1.242913e+00   1.675605e-02
2.088902000000000037e+00   1.256635e+00   1.660155e-02
2.093612999999999946e+00   1.229229e+00   1.648130e-02
2.098324999999999996e+00   1.216304e+00   1.641883e-02
2.103035999999999905e+00   1.217333e+00   1.636202e-02
2.107746999999999815e+00   1.197531e+00   1.630737e-02
2.112458000000000169e+00   1.202559e+00   1.630397e-02
2.117170000000000218e+00   1.180272e+00   1.623854e-02
2.121881000000000128e+00   1.182624e+00   1.619087e-02
2.126592000000000038e+00   1.183733e+00   1.614942e-02
2.131302999999999948e+00   1.178616e+00   1.613286e-02
2.136014999999999997e+00   1.168569e+00   1.609886e-02
2.140725999999999907e+00   1.169198e+00   1.605431e-02
2.145436999999999816e+00   1.170878e+00   1.603226e-02
2.150148000000000170e+00   1.169431e+00   1.598902e-02
2.154860000000000220e+00   1.151081e+00   1.595852e-02
2.159571000000000129e+00   1.142213e+00   1.592444e-02
2.164282000000000039e+00   1.153604e+00   1.591841e-02
2.168992999999999949e+00   1.147661e+00   1.589605e-02
2.173704999999999998e+00   1.135764e+00   1.585905e-02
2.178415999999999908e+00   1.154909e+00   1.583416e-02
2.183126999999999818e+00   1.152233e+00   1.580313e-02
2.187838000000000171e+00   1.122032e+00   1.577704e-02
2.192550000000000221e+00   1.109082e+00   1.574207e-02
2.197261000000000131e+00   1.095784e+00   1.570550e-02
2.201972000000000040e+00   1.098471e+00   1.566606e-02
2.206682999999999950e+00   1.107374e+00   1.565862e-02
2.211395000000000000e+00   1.130558e+00   1.565573e-02
2.216105999999999909e+00   1.094705e+00   1.561312e-02
2.220816999999999819e+00   1.085466e+00   1.557410e-02
2.225528000000000173e+00   1.093140e+00   1.554166e-02
2.230239999999999778e+00   1.073950e+00   1.553395e-02
2.234951000000000132e+00   1.068316e+00   1.551377e-02
2.239662000000000042e+00   1.076424e+00   1.547940e-02
2.244372999999999951e+00   1.049032e+00   1.546128e-02
2.249085000000000001e+00   1.056938e+00   1.545958e-02
2.253795999999999911e+00   1.070879e+00   1.543765e-02
2.258506999999999820e+00   1.067583e+00   1.542756e-02
2.263218999999999870e+00   1.057167e+00   1.538713e-02
2.267929999999999779e+00   1.042624e+00   1.534982e-02
2.272641000000000133e+00   1.062668e+00   1.534144e-02
2.277352000000000043e+00   1.046922e+00   1.531247e-02
2.282064000000000092e+00   1.034300e+00   1.529598e-02
2.286775000000000002e+00   1.013775e+00   1.525366e-02
2.291485999999999912e+00   1.005083e+00   1.523213e-02
2.296196999999999822e+00   1.012609e+00   1.520441e-02
2.300908999999999871e+00   9.948688e-01   1.518031e-02
2.305619999999999781e+00   1.017596e+00   1.517923e-02
2.310331000000000135e+00   1.007243e+00   1.515888e-02
2.315042000000000044e+00   9.957965e-01   1.513217e-02
2.319754000000000094e+00   9.823490e-01   1.509816e-02
2.324465000000000003e+00   9.849673e-01   1.508398e-02
2.329175999999999913e+00   9.852727e-01   1.507499e-02
2.333886999999999823e+00   9.833811e-01   1.505522e-02
2.338598999999999872e+00   9.776859e-01   1.503072e-02
2.343309999999999782e+00   9.646495e-01   1.502614e-02
2.348021000000000136e+00   9.654512e-01   1.500344e-02
2.352732000000000046e+00   9.631264e-01   1.498380e-02
2.357444000000000095e+00   9.516710e-01   1.495569e-02
2.362155000000000005e+00   9.384093e-01   1.492639e-02
2.366865999999999914e+00   9.353938e-01   1.492105e-02
2.371576999999999824e+00   9.652893e-01   1.491128e-02
2.376288999999999874e+00   9.629976e-01   1.488852e-02
2.380999999999999783e+00   9.661636e-01   1.486665e-02
2.385711000000000137e+00   9.825915e-01   1.484580e-02
2.390422000000000047e+00   9.503562e-01   1.483246e-02
2.395134000000000096e+00   9.205586e-01   1.479207e-02
2.399845000000000006e+00   9.074802e-01   1.478601e-02
2.404555999999999916e+00   9.082209e-01   1.476722e-02
2.409266999999999825e+00   9.086736e-01   1.472364e-02
2.413978999999999875e+00   9.245226e-01   1.473398e-02
2.418689999999999785e+00   8.914840e-01   1.470667e-02
2.423401000000000138e+00   8.945091e-01   1.467528e-02
2.428112000000000048e+00   9.048503e-01   1.466167e-02
2.432824000000000098e+00   8.877008e-01   1.464944e-02
2.437535000000000007e+00   9.031215e-01   1.464337e-02
2.442245999999999917e+00   8.927076e-01   1.461457e-02
2.446957999999999966e+00   8.756422e-01   1.458092e-02
2.451668999999999876e+00   8.665853e-01   1.458066e-02
2.456379999999999786e+00   8.713406e-01   1.456366e-02
2.461091000000000140e+00   8.676970e-01   1.454602e-02
2.465803000000000189e+00   8.580245e-01   1.452021e-02
2.470514000000000099e+00   8.585958e-01   1.449812e-02
2.475225000000000009e+00   8.743708e-01   1.448908e-02
2.479935999999999918e+00   8.615349e-01   1.447069e-02
2.484647999999999968e+00   8.523629e-01   1.444724e-02
2.489358999999999877e+00   8.673390e-01   1.444767e-02
2.494069999999999787e+00   8.607885e-01   1.443282e-02
2.498781000000000141e+00   8.435715e-01   1.440090e-02
2.503493000000000190e+00   8.470248e-01   1.438947e-02
2.508204000000000100e+00   8.577395e-01   1.439223e-02
2.512915000000000010e+00   8.433471e-01   1.435255e-02
2.517625999999999920e+00   8.249521e-01   1.430996e-02
2.522337999999999969e+00   8.243208e-01   1.428198e-02
2.527048999999999879e+00   8.226307e-01   1.424189e-02
2.531759999999999788e+00   8.161422e-01   1.422104e-02
2.536471000000000142e+00   8.200807e-01   1.420627e-02
2.541183000000000192e+00   8.152538e-01   1.419656e-02
2.545894000000000101e+00   8.097530e-01   1.417533e-02
2.550605000000000011e+00   7.983997e-01   1.416838e-02
2.555315999999999921e+00   8.241035e-01   1.416549e-02
2.560027999999999970e+00   8.031676e-01   1.416016e-02
2.564738999999999880e+00   8.033940e-01   1.414131e-02
2.569449999999999790e+00   8.025655e-01   1.412123e-02
2.574161000000000143e+00   8.011109e-01   1.413610e-02
2.578873000000000193e+00   7.944256e-01   1.412725e-02
2.583584000000000103e+00   7.866582e-01   1.411467e-02
2.588295000000000012e+00   7.798251e-01   1.409143e-02
2.593005999999999922e+00   7.879772e-01   1.408291e-02
2.597717999999999972e+00   7.895946e-01   1.407278e-02
2.602428999999999881e+00   7.539753e-01   1.403671e-02
2.607139999999999791e+00   7.720448e-01   1.403024e-02
2.611851000000000145e+00   7.538653e-01   1.400961e-02
2.616563000000000194e+00   7.533418e-01   1.399826e-02
2.621274000000000104e+00   7.406886e-01   1.397024e-02
2.625985000000000014e+00   7.475185e-01   1.395513e-02
2.630697000000000063e+00   7.539947e-01   1.395842e-02
2.635407999999999973e+00   7.358037e-01   1.393198e-02
2.640118999999999883e+00   7.577199e-01   1.393012e-02
2.644829999999999792e+00   7.516190e-01   1.391574e-02
2.649541999999999842e+00   7.426611e-01   1.389366e-02
2.654253000000000196e+00   7.260322e-01   1.386071e-02
2.658964000000000105e+00   7.348158e-01   1.384637e-02
2.663675000000000015e+00   7.459433e-01   1.385271e-02
2.668387000000000064e+00   7.254233e-01   1.383152e-02
2.673097999999999974e+00   7.264524e-01   1.380994e-02
2.677808999999999884e+00   7.135088e-01   1.379823e-02
2.682519999999999794e+00   7.210356e-01   1.378676e-02
2.687231999999999843e+00   7.224598e-01   1.377975e-02
2.691943000000000197e+00   7.087270e-01   1.374989e-02
2.696654000000000106e+00   7.075101e-01   1.373320e-02
2.701365000000000016e+00   7.165008e-01   1.373624e-02
2.706077000000000066e+00   7.128191e-01   1.372227e-02
2.710787999999999975e+00   7.164120e-01   1.370460e-02
2.715498999999999885e+00   6.991652e-01   1.368202e-02
2.720209999999999795e+00   7.040938e-01   1.367583e-02
2.724921999999999844e+00   7.022856e-01   1.367183e-02
2.729633000000000198e+00   7.008355e-01   1.364423e-02
2.734344000000000108e+00   6.888441e-01   1.363699e-02
2.739055000000000017e+00   6.870864e-01   1.362212e-02
2.743767000000000067e+00   7.077386e-01   1.362266e-02
2.748477999999999977e+00   6.875390e-01   1.358594e-02
2.753188999999999886e+00   6.929112e-01   1.357695e-02
2.757899999999999796e+00   6.978888e-01   1.357701e-02
2.762611999999999846e+00   6.899402e-01   1.354526e-02
2.767323000000000199e+00   6.935758e-01   1.354831e-02
2.772034000000000109e+00   6.737238e-01   1.351605e-02
2.776745000000000019e+00   6.593502e-01   1.350106e-02
2.781457000000000068e+00   6.453964e-01   1.347607e-02
2.786167999999999978e+00   6.561907e-01   1.347676e-02
2.790878999999999888e+00   6.849712e-01   1.347648e-02
2.795589999999999797e+00   6.602867e-01   1.345670e-02
2.800301999999999847e+00   6.766396e-01   1.345681e-02
2.805013000000000201e+00   6.858243e-01   1.351172e-02
2.809724000000000110e+00   6.378839e-01   1.383685e-02
2.814436000000000160e+00   6.482425e-01   1.404969e-02
2.819147000000000070e+00   6.530340e-01   1.423284e-02
2.823857999999999979e+00   6.472086e-01   1.435480e-02
2.828568999999999889e+00   6.437656e-01   1.442804e-02
2.833280999999999938e+00   6.315421e-01   1.447888e-02
2.837991999999999848e+00   6.226973e-01   1.451067e-02
2.842703000000000202e+00   6.452284e-01   1.454882e-02
2.847414000000000112e+00   6.201820e-01   1.458447e-02
2.852126000000000161e+00   6.423205e-01   1.463151e-02
2.856837000000000071e+00   6.218280e-01   1.464754e-02
2.861547999999999981e+00   6.192546e-01   1.466015e-02
2.866258999999999890e+00   6.151100e-01   1.469505e-02
2.870970999999999940e+00   6.319444e-01   1.460239e-02
2.875681999999999849e+00   6.080228e-01   1.421879e-02
2.880393000000000203e+00   6.229547e-01   1.399836e-02
2.885104000000000113e+00   6.253119e-01   1.383769e-02
2.889816000000000162e+00   6.242092e-01   1.373442e-02
2.894527000000000072e+00   6.089201e-01   1.367908e-02
2.899237999999999982e+00   6.099698e-01   1.362932e-02
2.903948999999999891e+00   5.970265e-01   1.358480e-02
2.908660999999999941e+00   6.083506e-01   1.356779e-02
2.913371999999999851e+00   5.851520e-01   1.354792e-02
2.918083000000000204e+00   5.873983e-01   1.349699e-02
2.922794000000000114e+00   6.098151e-01   1.348382e-02
2.927506000000000164e+00   5.903959e-01   1.346997e-02
2.932217000000000073e+00   5.733869e-01   1.344478e-02
2.936927999999999983e+00   5.918727e-01   1.343622e-02
2.941638999999999893e+00   5.893501e-01   1.340717e-02
2.946350999999999942e+00   5.845319e-01   1.339039e-02
2.951061999999999852e+00   5.772434e-01   1.336391e-02
2.955773000000000206e+00   5.717548e-01   1.334107e-02
2.960484000000000115e+00   5.800862e-01   1.332245e-02
2.965196000000000165e+00   5.515038e-01   1.329238e-02
2.969907000000000075e+00   5.780420e-01   1.328616e-02
2.974617999999999984e+00   5.664402e-01   1.325696e-02
2.979328999999999894e+00   5.758088e-01   1.324472e-02
2.984040999999999944e+00   5.679638e-01   1.323226e-02
2.988751999999999853e+00   5.515843e-01   1.321292e-02
2.993463000000000207e+00   5.618294e-01   1.319191e-02
2.998174999999999812e+00   5.492800e-01   1.316540e-02
3.002886000000000166e+00   5.652428e-01   1.317174e-02
3.007597000000000076e+00   5.493663e-01   1.314545e-02
3.012307999999999986e+00   5.327664e-01   1.312832e-02
3.017020000000000035e+00   5.490091e-01   1.312594e-02
3.021730999999999945e+00   5.618826e-01   1.311084e-02
3.026441999999999855e+00   5.685033e-01   1.309642e-02
3.031153000000000208e+00   5.508888e-01   1.307532e-02
3.035864999999999814e+00   5.329320e-01   1.304755e-02
3.040576000000000167e+00   5.226497e-01   1.302238e-02
3.045287000000000077e+00   5.252507e-01   1.301258e-02
3.049997999999999987e+00   5.110463e-01   1.299756e-02
3.054710000000000036e+00   5.397872e-01   1.299681e-02
3.059420999999999946e+00   5.400431e-01   1.298191e-02
3.064131999999999856e+00   5.395611e-01   1.297296e-02
3.068843000000000210e+00   5.398253e-01   1.295610e-02
3.073554999999999815e+00   5.386038e-01   1.294632e-02
3.078266000000000169e+00   5.309323e-01   1.293617e-02
3.082977000000000078e+00   5.357918e-01   1.292288e-02
3.087687999999999988e+00   5.202492e-01   1.290448e-02
3.092400000000000038e+00   5.263703e-01   1.288958e-02
3.097110999999999947e+00   5.081628e-01   1.287062e-02
3.101821999999999857e+00   5.030617e-01   1.285505e-02
3.106533000000000211e+00   5.075924e-01   1.283678e-02
3.111244999999999816e+00   5.078583e-01   1.283100e-02
3.115956000000000170e+00   5.124882e-01   1.282801e-02
3.120667000000000080e+00   4.985735e-01   1.281630e-02
3.125377999999999989e+00   5.065339e-01   1.279869e-02
3.130090000000000039e+00   5.043429e-01   1.278792e-02
3.134800999999999949e+00   5.172628e-01   1.276994e-02
3.139511999999999858e+00   5.169067e-01   1.276178e-02
3.144223000000000212e+00   5.115479e-01   1.275039e-02
3.148934999999999818e+00   5.098030e-01   1.274216e-02
3.153646000000000171e+00   5.015760e-01   1.272591e-02
3.158357000000000081e+00   5.062914e-01   1.271321e-02
3.163067999999999991e+00   5.139647e-01   1.270116e-02
3.167780000000000040e+00   5.077584e-01   1.269593e-02
3.172490999999999950e+00   4.940517e-01   1.267258e-02
3.177201999999999860e+00   4.608904e-01   1.265429e-02
3.181913999999999909e+00   4.969687e-01   1.266982e-02
3.186624999999999819e+00   4.992956e-01   1.264309e-02
3.191336000000000173e+00   4.866578e-01   1.261333e-02
3.196047000000000082e+00   4.821166e-01   1.258782e-02
3.200759000000000132e+00   4.774466e-01   1.255055e-02
3.205470000000000041e+00   5.029179e-01   1.255836e-02
3.210180999999999951e+00   4.983131e-01   1.254962e-02
3.214891999999999861e+00   4.733700e-01   1.253430e-02
3.219603999999999910e+00   4.816655e-01   1.252473e-02
3.224314999999999820e+00   4.786899e-01   1.251050e-02
3.229026000000000174e+00   4.624197e-01   1.250483e-02
3.233737000000000084e+00   4.771803e-01   1.248913e-02
3.238449000000000133e+00   4.710856e-01   1.247145e-02
3.243160000000000043e+00   4.746344e-01   1.247626e-02
3.247870999999999952e+00   4.787321e-01   1.245656e-02
3.252581999999999862e+00   4.715902e-01   1.246234e-02
3.257293999999999912e+00   4.621395e-01   1.246816e-02
3.262004999999999821e+00   4.641025e-01   1.246330e-02
3.266716000000000175e+00   4.571509e-01   1.245309e-02
3.271427000000000085e+00   4.640422e-01   1.245296e-02
3.276139000000000134e+00   4.436748e-01   1.242604e-02
3.280850000000000044e+00   4.641519e-01   1.241631e-02
3.285560999999999954e+00   4.619849e-01   1.240090e-02
3.290271999999999863e+00   4.618339e-01   1.238110e-02
3.294983999999999913e+00   4.449745e-01   1.237293e-02
3.299694999999999823e+00   4.551198e-01   1.237359e-02
3.304406000000000176e+00   4.599746e-01   1.237694e-02
3.309117000000000086e+00   4.409964e-01   1.236287e-02
3.313829000000000136e+00   4.569606e-01   1.234712e-02
3.318540000000000045e+00   4.514091e-01   1.233676e-02
3.323250999999999955e+00   4.494629e-01   1.231937e-02
3.327961999999999865e+00   4.242659e-01   1.230083e-02
3.332673999999999914e+00   4.322377e-01   1.229441e-02
3.337384999999999824e+00   4.292193e-01   1.228433e-02
3.342096000000000178e+00   4.314208e-01   1.229049e-02
3.346807000000000087e+00   4.260365e-01   1.227514e-02
3.351519000000000137e+00   4.424985e-01   1.225811e-02
3.356230000000000047e+00   4.405120e-01   1.225434e-02
3.360940999999999956e+00   4.201704e-01   1.223718e-02
3.365653000000000006e+00   4.245112e-01   1.223190e-02
3.370363999999999916e+00   4.393499e-01   1.221533e-02
3.375074999999999825e+00   4.339024e-01   1.221122e-02
3.379786000000000179e+00   4.141741e-01   1.220174e-02
3.384497999999999784e+00   4.348090e-01   1.220068e-02
3.389209000000000138e+00   4.284699e-01   1.226179e-02
3.393920000000000048e+00   4.372565e-01   1.255088e-02
3.398630999999999958e+00   4.385067e-01   1.274156e-02
3.403343000000000007e+00   4.379903e-01   1.286128e-02
3.408053999999999917e+00   4.365360e-01   1.294736e-02
3.412764999999999826e+00   4.202197e-01   1.298097e-02
3.417476000000000180e+00   4.252166e-01   1.297847e-02
3.422187999999999786e+00   4.214482e-01   1.299920e-02
3.426899000000000139e+00   4.046874e-01   1.301759e-02
3.431610000000000049e+00   4.023321e-01   1.303090e-02
3.436320999999999959e+00   4.122965e-01   1.307485e-02
3.441033000000000008e+00   4.171881e-01   1.308789e-02
3.445743999999999918e+00   4.270519e-01   1.311755e-02
3.450454999999999828e+00   4.029817e-01   1.314383e-02
3.455166000000000182e+00   4.155685e-01   1.315940e-02
3.459877999999999787e+00   4.164097e-01   1.319196e-02
3.464589000000000141e+00   4.100394e-01   1.320711e-02
3.469300000000000050e+00   4.083745e-01   1.322383e-02
3.474010999999999960e+00   3.937606e-01   1.324370e-02
3.478723000000000010e+00   3.967100e-01   1.326601e-02
3.483433999999999919e+00   4.024611e-01   1.328364e-02
3.488144999999999829e+00   3.916828e-01   1.328865e-02
3.492856000000000183e+00   3.947625e-01   1.332516e-02
3.497567999999999788e+00   3.800345e-01   1.333299e-02
3.502279000000000142e+00   4.117926e-01   1.335233e-02
3.506990000000000052e+00   3.962696e-01   1.336444e-02
3.511700999999999961e+00   3.936013e-01   1.338250e-02
3.516413000000000011e+00   3.916650e-01   1.339966e-02
3.521123999999999921e+00   3.750905e-01   1.339683e-02
3.525834999999999830e+00   3.867834e-01   1.342021e-02
3.530546000000000184e+00   3.701568e-01   1.341796e-02
3.535257999999999790e+00   4.010876e-01   1.345168e-02
3.539969000000000143e+00   4.017584e-01   1.346254e-02
3.544680000000000053e+00   3.787316e-01   1.346972e-02
3.549392000000000102e+00   3.648439e-01   1.347254e-02
3.554103000000000012e+00   3.967000e-01   1.350232e-02
3.558813999999999922e+00   3.754721e-01   1.349192e-02
3.563524999999999832e+00   3.729846e-01   1.351319e-02
3.568236999999999881e+00   3.915262e-01   1.353261e-02
3.572947999999999791e+00   3.966668e-01   1.356169e-02
3.577659000000000145e+00   3.707200e-01   1.353580e-02
3.582370000000000054e+00   3.702151e-01   1.355028e-02
3.587082000000000104e+00   3.672197e-01   1.355889e-02
3.591793000000000013e+00   3.802380e-01   1.356464e-02
3.596503999999999923e+00   3.824243e-01   1.357543e-02
3.601214999999999833e+00   3.786326e-01   1.356851e-02
3.605926999999999882e+00   3.753285e-01   1.358547e-02
3.610637999999999792e+00   3.827870e-01   1.383934e-02
3.615349000000000146e+00   3.820209e-01   1.424696e-02
3.620060000000000056e+00   3.989966e-01   1.449595e-02
3.624772000000000105e+00   3.836897e-01   1.464617e-02
3.629483000000000015e+00   3.673896e-01   1.476926e-02
3.634193999999999924e+00   3.660350e-01   1.486631e-02
3.638904999999999834e+00   3.582907e-01   1.495487e-02
3.643616999999999884e+00   3.626770e-01   1.504340e-02
3.648327999999999793e+00   3.704894e-01   1.512472e-02
3.653039000000000147e+00   3.566137e-01   1.521050e-02
3.657750000000000057e+00   3.594840e-01   1.526800e-02
3.662462000000000106e+00   3.714214e-01   1.536750e-02
3.667173000000000016e+00   3.614999e-01   1.543434e-02
3.671883999999999926e+00   3.394586e-01   1.549795e-02
3.676594999999999835e+00   3.440325e-01   1.555314e-02
3.681306999999999885e+00   3.562659e-01   1.562172e-02
3.686017999999999795e+00   3.694711e-01   1.568707e-02
3.690729000000000148e+00   3.816506e-01   1.577084e-02
3.695440000000000058e+00   3.708414e-01   1.583592e-02
3.700152000000000108e+00   3.394761e-01   1.588186e-02
3.704863000000000017e+00   3.358627e-01   1.595021e-02
3.709573999999999927e+00   3.616213e-01   1.602664e-02
3.714284999999999837e+00   3.549018e-01   1.608903e-02
3.718996999999999886e+00   3.340195e-01   1.614405e-02
3.723707999999999796e+00   3.575942e-01   1.622951e-02
3.728419000000000150e+00   3.629983e-01   1.626145e-02
3.733131000000000199e+00   3.404308e-01   1.630953e-02
3.737842000000000109e+00   3.393615e-01   1.635843e-02
3.742553000000000019e+00   3.479106e-01   1.645249e-02
3.747263999999999928e+00   3.178391e-01   1.652090e-02
3.751975999999999978e+00   3.211110e-01   1.656628e-02
3.756686999999999887e+00   3.518000e-01   1.664886e-02
3.761397999999999797e+00   3.400016e-01   1.667398e-02
3.766109000000000151e+00   3.386887e-01   1.673479e-02
3.770821000000000200e+00   3.465041e-01   1.681965e-02
3.775532000000000110e+00   3.286793e-01   1.688031e-02
3.780243000000000020e+00   3.081704e-01   1.692693e-02
3.784953999999999930e+00   3.300781e-01   1.701913e-02
3.789665999999999979e+00   3.502794e-01   1.707195e-02
3.794376999999999889e+00   3.094682e-01   1.709049e-02
3.799087999999999798e+00   3.210764e-01   1.719041e-02
3.803799000000000152e+00   3.413446e-01   1.723343e-02
3.808511000000000202e+00   3.577504e-01   1.731335e-02
3.813222000000000111e+00   3.423283e-01   1.736691e-02
3.817933000000000021e+00   3.353324e-01   1.744124e-02
3.822643999999999931e+00   3.231814e-01   1.746363e-02
3.827355999999999980e+00   3.384811e-01   1.754251e-02
3.832066999999999890e+00   3.251029e-01   1.758982e-02
3.836777999999999800e+00   3.562897e-01   1.766895e-02
3.841489000000000154e+00   3.347194e-01   1.774938e-02
3.846201000000000203e+00   3.305771e-01   1.777724e-02
3.850912000000000113e+00   3.410881e-01   1.781829e-02
3.855623000000000022e+00   3.332098e-01   1.786368e-02
3.860333999999999932e+00   3.285257e-01   1.796312e-02
3.865045999999999982e+00   3.285022e-01   1.802139e-02
3.869756999999999891e+00   3.201252e-01   1.807592e-02
3.874467999999999801e+00   3.229846e-01   1.813254e-02
3.879179000000000155e+00   2.970244e-01   1.820161e-02
3.883891000000000204e+00   3.253900e-01   1.828154e-02
3.888602000000000114e+00   3.330355e-01   1.833186e-02
3.893313000000000024e+00   3.265378e-01   1.842730e-02
3.898023999999999933e+00   3.201798e-01   1.845497e-02
3.902735999999999983e+00   3.062373e-01   1.851924e-02
3.907446999999999893e+00   3.048705e-01   1.858826e-02
3.912157999999999802e+00   3.121079e-01   1.865369e-02
3.916869999999999852e+00   3.244627e-01   1.867432e-02
3.921581000000000206e+00   3.083651e-01   1.867607e-02
3.926292000000000115e+00   3.386149e-01   1.871788e-02
3.931003000000000025e+00   3.177743e-01   1.878152e-02
3.935715000000000074e+00   3.195842e-01   1.882000e-02
3.940425999999999984e+00   3.033238e-01   1.883113e-02
3.945136999999999894e+00   2.992540e-01   1.883895e-02
3.949847999999999804e+00   2.823923e-01   1.886477e-02
3.954559999999999853e+00   2.780033e-01   1.894014e-02
3.959271000000000207e+00   2.830119e-01   1.892943e-02
3.963982000000000117e+00   3.102605e-01   1.893848e-02
3.968693000000000026e+00   3.430238e-01   1.897133e-02
3.973405000000000076e+00   3.165127e-01   1.902391e-02
3.978115999999999985e+00   3.094018e-01   1.906968e-02
3.982826999999999895e+00   3.089775e-01   1.912609e-02
3.987537999999999805e+00   3.011043e-01   1.921733e-02
3.992249999999999854e+00   3.325335e-01   1.931106e-02
3.996961000000000208e+00   3.255561e-01   1.933893e-02
4.001672000000000118e+00   3.044492e-01   1.940557e-02
4.006382999999999583e+00   2.987722e-01   1.949183e-02
4.011095000000000077e+00   2.861770e-01   1.951855e-02
4.015806000000000431e+00   2.917519e-01   1.962504e-02
4.020516999999999896e+00   2.883557e-01   1.967832e-02
4.025228000000000250e+00   2.968721e-01   1.972472e-02
4.029939999999999856e+00   2.991020e-01   1.977537e-02
4.034651000000000209e+00   2.480604e-01   1.985798e-02
4.039361999999999675e+00   2.774541e-01   1.994148e-02
4.044073000000000029e+00   2.792097e-01   2.001619e-02
4.048784999999999634e+00   2.950917e-01   2.008067e-02
4.053495999999999988e+00   2.794394e-01   2.012873e-02
4.058207000000000342e+00   2.904175e-01   2.021276e-02
4.062917999999999807e+00   3.097956e-01   2.029623e-02
4.067630000000000301e+00   2.624865e-01   2.038519e-02
4.072340999999999767e+00   2.765235e-01   2.043060e-02
4.077052000000000120e+00   2.663208e-01   2.045688e-02
4.081762999999999586e+00   2.885305e-01   2.054068e-02
4.086475000000000080e+00   2.891733e-01   2.064429e-02
4.091186000000000433e+00   3.262397e-01   2.070924e-02
4.095896999999999899e+00   3.004029e-01   2.077113e-02
4.100609000000000393e+00   3.215536e-01   2.088978e-02
4.105319999999999858e+00   2.689037e-01   2.092191e-02
4.110031000000000212e+00   2.484311e-01   2.098438e-02
4.114741999999999678e+00   2.725807e-01   2.104788e-02
4.119454000000000171e+00   2.651362e-01   2.114990e-02
4.124164999999999637e+00   2.568337e-01   2.124977e-02
4.128875999999999991e+00   2.816617e-01   2.134252e-02
4.133587000000000344e+00   2.736221e-01   2.142525e-02
4.138298999999999950e+00   2.909198e-01   2.151063e-02
4.143010000000000304e+00   2.825726e-01   2.153900e-02
4.147720999999999769e+00   2.539263e-01   2.160293e-02
4.152432000000000123e+00   2.667706e-01   2.170084e-02
4.157143999999999728e+00   2.603825e-01   2.177402e-02
4.161855000000000082e+00   2.681956e-01   2.184489e-02
4.166566000000000436e+00   2.895814e-01   2.189537e-02
4.171276999999999902e+00   2.570954e-01   2.198453e-02
4.175989000000000395e+00   2.663902e-01   2.217795e-02
4.180699999999999861e+00   2.577462e-01   2.226154e-02
4.185411000000000215e+00   2.651944e-01   2.231330e-02
4.190121999999999680e+00   2.512044e-01   2.237459e-02
4.194834000000000174e+00   2.618635e-01   2.247948e-02
4.199544999999999639e+00   2.618035e-01   2.250365e-02
4.204255999999999993e+00   2.947317e-01   2.262729e-02
4.208967000000000347e+00   2.792546e-01   2.272188e-02
4.213678999999999952e+00   2.899579e-01   2.279485e-02
4.218390000000000306e+00   3.019954e-01   2.290070e-02
4.223100999999999772e+00   2.441784e-01   2.293524e-02
4.227812000000000126e+00   2.600211e-01   2.307486e-02
4.232523999999999731e+00   2.317125e-01   2.315751e-02
4.237235000000000085e+00   2.686699e-01   2.326592e-02
4.241946000000000438e+00   2.511574e-01   2.337341e-02
4.246656999999999904e+00   2.434592e-01   2.348533e-02
4.251369000000000398e+00   3.027127e-01   2.361576e-02
4.256079999999999863e+00   2.629710e-01   2.367706e-02
4.260791000000000217e+00   2.602677e-01   2.369924e-02
4.265501999999999683e+00   2.426985e-01   2.382077e-02
4.270214000000000176e+00   2.540734e-01   2.390788e-02
4.274924999999999642e+00   2.597840e-01   2.403277e-02
4.279635999999999996e+00   2.581827e-01   2.411734e-02
4.284347999999999601e+00   2.891350e-01   2.423954e-02
4.289058999999999955e+00   2.692700e-01   2.433321e-02
4.293770000000000309e+00   2.784855e-01   2.444681e-02
4.298480999999999774e+00   2.657925e-01   2.456959e-02
4.303193000000000268e+00   2.498421e-01   2.466527e-02
4.307903999999999733e+00   2.336692e-01   2.477788e-02
4.312615000000000087e+00   2.390705e-01   2.488251e-02
4.317326000000000441e+00   1.976589e-01   2.494865e-02
4.322038000000000046e+00   1.920161e-01   2.513284e-02
4.326749000000000400e+00   2.438132e-01   2.524176e-02
4.331459999999999866e+00   2.658085e-01   2.531901e-02
4.336171000000000220e+00   2.472089e-01   2.539839e-02
4.340882999999999825e+00   2.197556e-01   2.553001e-02
4.345594000000000179e+00   2.348487e-01   2.566152e-02
4.350304999999999644e+00   2.520521e-01   2.583632e-02
4.355015999999999998e+00   2.815721e-01   2.592029e-02
4.359727999999999604e+00   2.359681e-01   2.598475e-02
4.364438999999999957e+00   2.361775e-01   2.613036e-02
4.369150000000000311e+00   2.765443e-01   2.626133e-02
4.373860999999999777e+00   2.579649e-01   2.638925e-02
4.378573000000000270e+00   2.577549e-01   2.657858e-02
4.383283999999999736e+00   2.168141e-01   2.661413e-02
4.387995000000000090e+00   2.401036e-01   2.675052e-02
4.392706000000000444e+00   2.273385e-01   2.696114e-02
4.397418000000000049e+00   2.212960e-01   2.704093e-02
4.402129000000000403e+00   2.234537e-01   2.707442e-02
4.406839999999999868e+00   2.416812e-01   2.710276e-02
4.411551000000000222e+00   2.432625e-01   2.718302e-02
4.416262999999999828e+00   2.189052e-01   2.707507e-02
4.420974000000000181e+00   2.716810e-01   2.715627e-02
4.425684999999999647e+00   2.428316e-01   2.712303e-02
4.430396000000000001e+00   1.962212e-01   2.712222e-02
4.435107999999999606e+00   2.269864e-01   2.714566e-02
4.439818999999999960e+00   2.422808e-01   2.723742e-02
4.444530000000000314e+00   2.297423e-01   2.736439e-02
4.449240999999999779e+00   2.496463e-01   2.749623e-02
4.453953000000000273e+00   2.189482e-01   2.759716e-02
4.458663999999999739e+00   2.080923e-01   2.772387e-02
4.463375000000000092e+00   2.413310e-01   2.791623e-02
4.468086999999999698e+00   2.235919e-01   2.811554e-02
4.472798000000000052e+00   2.170168e-01   2.823096e-02
4.477509000000000405e+00   2.394236e-01   2.841289e-02
4.482219999999999871e+00   1.956823e-01   2.851108e-02
4.486932000000000365e+00   2.234385e-01   2.862997e-02
4.491642999999999830e+00   2.136920e-01   2.890745e-02
4.496354000000000184e+00   2.232164e-01   2.903001e-02
4.501064999999999650e+00   1.904073e-01   2.914081e-02
4.505777000000000143e+00   2.440004e-01   2.934679e-02
4.510487999999999609e+00   2.555535e-01   2.955883e-02
4.515198999999999963e+00   2.349653e-01   2.971688e-02
4.519910000000000316e+00   2.482798e-01   2.990480e-02
4.524621999999999922e+00   2.450906e-01   3.007227e-02
4.529333000000000276e+00   3.013392e-01   3.027356e-02
4.534043999999999741e+00   2.585478e-01   3.042761e-02
4.538755000000000095e+00   2.479134e-01   3.064264e-02
4.543466999999999700e+00   2.516416e-01   3.083639e-02
4.548178000000000054e+00   2.541822e-01   3.108076e-02
4.552889000000000408e+00   2.480325e-01   3.114123e-02
4.557599999999999874e+00   2.975382e-01   3.131555e-02
4.562312000000000367e+00   2.591030e-01   3.157345e-02
4.567022999999999833e+00   2.806823e-01   3.176634e-02
4.571734000000000187e+00   2.387110e-01   3.201872e-02
4.576444999999999652e+00   1.946460e-01   3.217788e-02
4.581157000000000146e+00   1.917368e-01   3.246144e-02
4.585867999999999611e+00   2.482483e-01   3.267124e-02
4.590578999999999965e+00   2.296706e-01   3.293248e-02
4.595290000000000319e+00   2.346712e-01   3.313280e-02
4.600001999999999924e+00   2.117298e-01   3.322245e-02
4.604713000000000278e+00   2.162479e-01   3.343522e-02
4.609423999999999744e+00   2.533115e-01   3.393991e-02
4.614135000000000097e+00   2.506155e-01   3.414311e-02
4.618846999999999703e+00   2.260170e-01   3.436167e-02
4.623558000000000057e+00   2.214726e-01   3.464633e-02
4.628269000000000410e+00   2.295887e-01   3.483848e-02
4.632979999999999876e+00   1.891327e-01   3.516316e-02
4.637692000000000370e+00   1.845370e-01   3.536317e-02
4.642402999999999835e+00   1.901633e-01   3.569791e-02
4.647114000000000189e+00   1.686180e-01   3.601168e-02
4.651825999999999794e+00   2.271281e-01   3.632131e-02
4.656537000000000148e+00   2.375361e-01   3.660969e-02
4.661247999999999614e+00   2.511217e-01   3.689317e-02
4.665958999999999968e+00   2.483873e-01   3.729258e-02
4.670670999999999573e+00   1.945889e-01   3.755963e-02
4.675381999999999927e+00   2.451118e-01   3.792869e-02
4.680093000000000281e+00   2.185616e-01   3.827236e-02
4.684803999999999746e+00   2.340078e-01   3.852551e-02
4.689516000000000240e+00   2.467478e-01   3.894060e-02
4.694226999999999705e+00   2.094261e-01   3.938092e-02
4.698938000000000059e+00   2.358843e-01   3.986978e-02
4.703649000000000413e+00   2.642264e-01   4.029064e-02
4.708361000000000018e+00   1.996518e-01   4.060032e-02
4.713072000000000372e+00   1.982099e-01   4.100623e-02
4.717782999999999838e+00   2.138741e-01   4.144131e-02
4.722494000000000192e+00   2.277733e-01   4.179450e-02
4.727205999999999797e+00   2.201294e-01   4.234897e-02
4.731917000000000151e+00   2.466117e-01   4.281267e-02
4.736627999999999616e+00   3.041977e-01   4.333240e-02
4.741338999999999970e+00   2.488209e-01   4.378450e-02
4.746050999999999576e+00   1.843161e-01   4.448514e-02
4.750761999999999929e+00   2.419965e-01   4.499021e-02
4.755473000000000283e+00   2.325012e-01   4.544423e-02
4.760183999999999749e+00   2.182315e-01   4.603651e-02
4.764896000000000242e+00   2.108541e-01   4.660724e-02
4.769606999999999708e+00   2.913602e-01   4.741296e-02
4.774318000000000062e+00   2.433534e-01   4.794906e-02
4.779029000000000416e+00   2.112144e-01   4.865723e-02
4.783741000000000021e+00   2.710343e-01   4.945768e-02
4.788452000000000375e+00   2.090970e-01   5.017291e-02
4.793162999999999840e+00   1.514630e-01   5.071297e-02
4.797874000000000194e+00   2.692765e-01   5.169009e-02
4.802585999999999800e+00   2.420408e-01   5.261814e-02
4.807297000000000153e+00   2.014343e-01   5.355354e-02
4.812007999999999619e+00   1.618110e-01   5.429172e-02
4.816718999999999973e+00   1.124263e-01   5.534237e-02
4.821430999999999578e+00   1.806615e-01   5.626150e-02
4.826141999999999932e+00   2.580632e-01   5.754867e-02
4.830853000000000286e+00   2.416280e-01   5.896324e-02
4.835564999999999891e+00   1.670175e-01   5.990962e-02
4.840276000000000245e+00   1.704851e-01   6.112424e-02
4.844986999999999711e+00   1.902981e-01   6.273550e-02
4.849698000000000064e+00   2.181090e-01   6.420963e-02
4.854409999999999670e+00   2.691397e-01   6.620003e-02
4.859121000000000024e+00   2.463922e-01   6.778138e-02
4.863832000000000377e+00   3.254973e-01   6.981392e-02
4.868542999999999843e+00   2.801746e-01   7.160465e-02
4.873255000000000337e+00   2.485113e-01   7.402520e-02
4.877965999999999802e+00   2.495816e-01   7.645052e-02
4.882677000000000156e+00   2.164195e-01   7.976019e-02
4.887387999999999622e+00   2.090827e-01   8.331675e-02
4.892100000000000115e+00   2.956855e-01   8.675704e-02
4.896810999999999581e+00   1.661414e-01   9.051701e-02
4.901521999999999935e+00   1.712887e-01   9.524973e-02
4.906233000000000288e+00   3.113221e-01   1.015327e-01
4.910944999999999894e+00   2.265739e-01   1.074510e-01
4.915656000000000247e+00   1.897462e-01   1.155499e-01
4.920366999999999713e+00   2.264957e-01   1.261844e-01
4.925078000000000067e+00   3.361048e-01   1.408457e-01
4.929789999999999672e+00   1.508499e-01   1.593540e-01
4.934501000000000026e+00   1.376315e-01   1.909863e-01
4.939212000000000380e+00   1.865257e-02   2.480697e-01
4.943922999999999845e+00  -1.152518e-01   4.424255e-01