# [4]
# Sample c= 10.03 mg/ml
# Intensity scaled by concentration
# Buffer subtracted data file:
# Protein DatFile = /data/visitor/mx1908/bm29/20161119/giulio/1d/mM300_110_ave.dat
# Buffer DatFile = /data/visitor/mx1908/bm29/20161119/giulio/ednaSub/mM300_110_ave_averbuffer.dat
# 
# AutoRg: Rg   =   0.5983 +/- 0.15 ( 24.5%)
# AutoRg: I(0) =   1.03 +/- 0.0026
# AutoRg: Points   144 to 285 ( 142 total)
# AutoRg: Quality: 72.8%
# 
# 
# Sample Information:
# Storage Temperature (degrees C): 20.0
# Measurement Temperature (degrees C): 19.96
# Concentration: 10.03
# Code: 
3.479420999999999903e-02   2.217398e-01   7.629495e-01
3.950545999999999919e-02   7.823180e-01   3.041392e-01
4.421672000000000102e-02   8.909409e-01   1.989855e-01
4.892798000000000286e-02   9.972490e-01   1.526791e-01
5.363923000000000302e-02   1.149950e+00   1.225929e-01
5.835048999999999791e-02   9.107405e-01   1.004831e-01
6.306174999999999975e-02   9.507984e-01   8.362659e-02
6.777299999999999991e-02   9.309230e-01   7.116990e-02
7.248425999999999481e-02   1.001015e+00   6.183490e-02
7.719552000000000358e-02   9.708183e-01   5.461341e-02
8.190677000000000374e-02   9.943175e-01   4.869716e-02
8.661802999999999864e-02   9.655927e-01   4.386219e-02
9.132928999999999353e-02   9.993477e-01   4.020821e-02
9.604053999999999369e-02   1.017118e+00   3.729413e-02
1.007518000000000025e-01   9.926773e-01   3.458491e-02
1.054631000000000041e-01   9.624008e-01   3.226341e-02
1.101743000000000028e-01   9.478931e-01   3.028887e-02
1.148856000000000044e-01   9.865272e-01   2.868027e-02
1.195968000000000031e-01   9.489624e-01   2.722678e-02
1.243081000000000047e-01   9.331298e-01   2.588614e-02
1.290193000000000034e-01   9.981213e-01   2.486227e-02
1.337306000000000050e-01   9.748700e-01   2.389538e-02
1.384419000000000066e-01   9.683194e-01   2.305884e-02
1.431531000000000053e-01   9.943017e-01   2.228219e-02
1.478644000000000069e-01   9.411937e-01   2.151535e-02
1.525756000000000057e-01   9.400543e-01   2.088067e-02
1.572869000000000073e-01   9.525211e-01   2.035516e-02
1.619981000000000060e-01   9.766536e-01   1.978647e-02
1.667094000000000076e-01   9.837288e-01   1.933360e-02
1.714206000000000063e-01   9.612558e-01   1.885232e-02
1.761319000000000079e-01   9.868235e-01   1.847179e-02
1.808432000000000095e-01   9.611049e-01   1.805437e-02
1.855544000000000082e-01   9.674014e-01   1.773170e-02
1.902657000000000098e-01   9.722372e-01   1.740895e-02
1.949769000000000085e-01   9.466594e-01   1.709786e-02
1.996882000000000101e-01   9.394474e-01   1.677312e-02
2.043994000000000089e-01   9.654886e-01   1.653174e-02
2.091107000000000105e-01   9.293462e-01   1.622940e-02
2.138220000000000121e-01   9.437990e-01   1.602084e-02
2.185332000000000108e-01   9.643441e-01   1.580638e-02
2.232445000000000124e-01   9.487937e-01   1.556812e-02
2.279557000000000111e-01   9.621138e-01   1.536334e-02
2.326670000000000127e-01   9.579664e-01   1.514810e-02
2.373782000000000114e-01   9.748772e-01   1.496356e-02
2.420895000000000130e-01   9.533899e-01   1.475349e-02
2.468007000000000117e-01   9.667003e-01   1.460767e-02
2.515120000000000133e-01   9.856182e-01   1.446716e-02
2.562232999999999872e-01   9.839344e-01   1.427730e-02
2.609345000000000137e-01   9.706652e-01   1.410390e-02
2.656457999999999875e-01   9.665356e-01   1.397777e-02
2.703570000000000140e-01   9.619581e-01   1.382519e-02
2.750682999999999878e-01   9.661134e-01   1.369989e-02
2.797795000000000143e-01   9.532309e-01   1.353914e-02
2.844907999999999881e-01   9.497054e-01   1.339406e-02
2.892021000000000175e-01   9.676331e-01   1.329250e-02
2.939132999999999885e-01   9.635383e-01   1.318402e-02
2.986246000000000178e-01   9.412184e-01   1.303165e-02
3.033357999999999888e-01   9.595207e-01   1.292137e-02
3.080471000000000181e-01   9.658827e-01   1.282102e-02
3.127582999999999891e-01   9.517072e-01   1.270009e-02
3.174696000000000184e-01   9.604342e-01   1.259791e-02
3.221808999999999923e-01   9.756977e-01   1.252054e-02
3.268921000000000188e-01   9.815719e-01   1.242713e-02
3.316033999999999926e-01   9.831142e-01   1.235441e-02
3.363146000000000191e-01   9.560778e-01   1.243006e-02
3.410258999999999929e-01   9.608125e-01   1.254399e-02
3.457371000000000194e-01   9.755115e-01   1.261514e-02
3.504483999999999932e-01   9.557382e-01   1.275746e-02
3.551596000000000197e-01   9.497843e-01   1.302504e-02
3.598708999999999936e-01   9.665109e-01   1.319076e-02
3.645822000000000229e-01   9.812742e-01   1.334361e-02
3.692933999999999939e-01   9.698380e-01   1.343559e-02
3.740047000000000232e-01   9.548907e-01   1.351987e-02
3.787158999999999942e-01   9.559691e-01   1.359011e-02
3.834272000000000236e-01   9.701546e-01   1.367998e-02
3.881383999999999945e-01   9.661830e-01   1.375683e-02
3.928497000000000239e-01   9.779062e-01   1.410937e-02
3.975609999999999977e-01   9.770460e-01   1.448977e-02
4.022722000000000242e-01   9.618084e-01   1.480390e-02
4.069834999999999980e-01   9.672406e-01   1.509711e-02
4.116947000000000245e-01   9.779066e-01   1.533418e-02
4.164059999999999984e-01   9.764019e-01   1.556101e-02
4.211172000000000248e-01   9.557657e-01   1.578483e-02
4.258284999999999987e-01   9.840676e-01   1.605097e-02
4.305397000000000252e-01   9.522799e-01   1.625230e-02
4.352509999999999990e-01   9.728728e-01   1.650032e-02
4.399622999999999728e-01   9.952729e-01   1.675276e-02
4.446734999999999993e-01   9.858722e-01   1.703301e-02
4.493847999999999732e-01   9.738690e-01   1.727848e-02
4.540959999999999996e-01   9.677521e-01   1.740704e-02
4.588072999999999735e-01   9.751464e-01   1.680450e-02
4.635185000000000000e-01   9.697250e-01   1.639429e-02
4.682297999999999738e-01   9.946049e-01   1.617639e-02
4.729411000000000032e-01   9.663021e-01   1.596124e-02
4.776522999999999741e-01   9.450496e-01   1.581287e-02
4.823636000000000035e-01   9.343056e-01   1.569070e-02
4.870747999999999744e-01   9.966155e-01   1.563434e-02
4.917861000000000038e-01   9.862012e-01   1.553039e-02
4.964972999999999748e-01   9.643543e-01   1.542952e-02
5.012086000000000041e-01   9.483395e-01   1.534098e-02
5.059198999999999780e-01   9.686730e-01   1.529343e-02
5.106311000000000044e-01   9.602540e-01   1.520107e-02
5.153423999999999783e-01   9.701075e-01   1.512611e-02
5.200536000000000048e-01   9.565019e-01   1.500884e-02
5.247648999999999786e-01   9.633438e-01   1.490256e-02
5.294761000000000051e-01   9.631334e-01   1.478599e-02
5.341873999999999789e-01   9.652480e-01   1.468570e-02
5.388986000000000054e-01   9.773465e-01   1.459730e-02
5.436098999999999792e-01   9.778247e-01   1.451851e-02
5.483211999999999531e-01   9.541864e-01   1.440514e-02
5.530323999999999796e-01   9.560158e-01   1.430274e-02
5.577436999999999534e-01   9.662142e-01   1.423769e-02
5.624548999999999799e-01   9.803788e-01   1.416526e-02
5.671661999999999537e-01   9.814031e-01   1.410966e-02
5.718773999999999802e-01   9.612273e-01   1.404164e-02
5.765886999999999540e-01   9.548667e-01   1.399250e-02
5.813000000000000389e-01   9.698959e-01   1.397493e-02
5.860111999999999544e-01   9.619549e-01   1.393935e-02
5.907225000000000392e-01   9.621511e-01   1.391873e-02
5.954336999999999547e-01   9.543373e-01   1.388793e-02
6.001450000000000395e-01   9.585616e-01   1.384699e-02
6.048561999999999550e-01   9.479344e-01   1.379693e-02
6.095675000000000399e-01   9.757029e-01   1.380168e-02
6.142788000000000137e-01   9.900243e-01   1.377581e-02
6.189900000000000402e-01   9.783480e-01   1.372749e-02
6.237013000000000140e-01   9.712031e-01   1.369645e-02
6.284125000000000405e-01   9.778287e-01   1.368369e-02
6.331238000000000143e-01   9.446038e-01   1.359933e-02
6.378350000000000408e-01   9.467591e-01   1.358130e-02
6.425463000000000147e-01   9.725335e-01   1.356388e-02
6.472575000000000411e-01   9.817658e-01   1.354517e-02
6.519688000000000150e-01   9.613403e-01   1.348611e-02
6.566800999999999888e-01   9.501312e-01   1.344489e-02
6.613913000000000153e-01   9.685250e-01   1.344243e-02
6.661025999999999891e-01   9.506114e-01   1.339587e-02
6.708138000000000156e-01   9.625196e-01   1.338557e-02
6.755250999999999895e-01   9.478945e-01   1.333790e-02
6.802363000000000159e-01   9.475651e-01   1.329724e-02
6.849475999999999898e-01   9.634530e-01   1.329532e-02
6.896588999999999636e-01   9.682532e-01   1.325925e-02
6.943700999999999901e-01   9.679252e-01   1.321955e-02
6.990813999999999639e-01   9.505007e-01   1.319481e-02
7.037925999999999904e-01   9.270309e-01   1.315325e-02
7.085038999999999643e-01   9.569548e-01   1.313456e-02
7.132150999999999907e-01   9.649377e-01   1.312429e-02
7.179263999999999646e-01   9.582977e-01   1.307980e-02
7.226375999999999911e-01   9.513795e-01   1.305516e-02
7.273488999999999649e-01   9.590581e-01   1.304841e-02
7.320602000000000498e-01   9.588141e-01   1.301249e-02
7.367713999999999652e-01   9.646669e-01   1.298430e-02
7.414827000000000501e-01   9.520002e-01   1.294309e-02
7.461938999999999655e-01   9.566844e-01   1.292335e-02
7.509052000000000504e-01   9.619180e-01   1.290398e-02
7.556163999999999659e-01   9.649297e-01   1.287924e-02
7.603277000000000507e-01   9.562997e-01   1.285223e-02
7.650390000000000246e-01   9.610738e-01   1.283966e-02
7.697502000000000510e-01   9.631598e-01   1.280758e-02
7.744615000000000249e-01   9.336218e-01   1.274696e-02
7.791727000000000514e-01   9.394820e-01   1.273752e-02
7.838840000000000252e-01   9.371326e-01   1.270786e-02
7.885952000000000517e-01   9.409958e-01   1.266619e-02
7.933065000000000255e-01   9.571905e-01   1.267025e-02
7.980177999999999994e-01   9.473278e-01   1.265390e-02
8.027290000000000258e-01   9.351575e-01   1.259778e-02
8.074402999999999997e-01   9.303702e-01   1.258620e-02
8.121515000000000262e-01   9.362426e-01   1.255024e-02
8.168628000000000000e-01   9.295047e-01   1.251827e-02
8.215740000000000265e-01   9.351394e-01   1.251073e-02
8.262853000000000003e-01   9.381424e-01   1.249469e-02
8.309965000000000268e-01   9.574086e-01   1.246231e-02
8.357078000000000007e-01   9.635459e-01   1.243863e-02
8.404190999999999745e-01   9.561001e-01   1.242673e-02
8.451303000000000010e-01   9.394874e-01   1.238865e-02
8.498415999999999748e-01   9.479370e-01   1.236269e-02
8.545528000000000013e-01   9.334898e-01   1.232396e-02
8.592640999999999751e-01   9.200548e-01   1.228468e-02
8.639753000000000016e-01   9.222584e-01   1.226937e-02
8.686865999999999755e-01   9.332629e-01   1.223349e-02
8.733978999999999493e-01   9.260807e-01   1.222882e-02
8.781090999999999758e-01   9.376589e-01   1.222191e-02
8.828203999999999496e-01   9.403206e-01   1.219360e-02
8.875315999999999761e-01   9.438872e-01   1.216930e-02
8.922428999999999499e-01   9.464210e-01   1.215414e-02
8.969540999999999764e-01   9.435817e-01   1.212068e-02
9.016653999999999503e-01   9.345535e-01   1.208865e-02
9.063767000000000351e-01   9.333560e-01   1.207078e-02
9.110878999999999506e-01   9.573876e-01   1.206809e-02
9.157992000000000354e-01   9.433118e-01   1.204264e-02
9.205103999999999509e-01   9.234892e-01   1.201506e-02
9.252217000000000358e-01   9.231493e-01   1.198009e-02
9.299328999999999512e-01   9.124799e-01   1.194471e-02
9.346442000000000361e-01   9.269913e-01   1.193349e-02
9.393553999999999515e-01   9.276165e-01   1.192279e-02
9.440667000000000364e-01   9.197658e-01   1.189667e-02
9.487780000000000102e-01   9.304906e-01   1.188296e-02
9.534892000000000367e-01   9.165273e-01   1.183433e-02
9.582005000000000106e-01   9.098082e-01   1.180993e-02
9.629117000000000370e-01   9.151838e-01   1.180111e-02
9.676230000000000109e-01   9.228919e-01   1.177475e-02
9.723342000000000374e-01   9.186041e-01   1.176117e-02
9.770455000000000112e-01   9.080109e-01   1.174050e-02
9.817567999999999850e-01   9.044006e-01   1.170439e-02
9.864680000000000115e-01   9.141495e-01   1.168616e-02
9.911792999999999854e-01   9.078622e-01   1.165996e-02
9.958905000000000118e-01   9.165870e-01   1.166203e-02
1.000601999999999991e+00   9.169498e-01   1.163697e-02
1.005312999999999901e+00   9.158942e-01   1.161236e-02
1.010024000000000033e+00   9.232838e-01   1.159438e-02
1.014736000000000082e+00   9.151070e-01   1.155988e-02
1.019446999999999992e+00   9.097435e-01   1.155465e-02
1.024157999999999902e+00   9.158818e-01   1.154258e-02
1.028869000000000034e+00   9.066905e-01   1.150945e-02
1.033581000000000083e+00   9.038971e-01   1.149638e-02
1.038291999999999993e+00   9.003877e-01   1.146621e-02
1.043002999999999902e+00   8.904323e-01   1.143785e-02
1.047714000000000034e+00   8.934727e-01   1.140987e-02
1.052426000000000084e+00   9.171096e-01   1.143114e-02
1.057136999999999993e+00   9.046429e-01   1.140777e-02
1.061847999999999903e+00   8.981950e-01   1.136900e-02
1.066559000000000035e+00   8.760750e-01   1.132942e-02
1.071271000000000084e+00   8.965948e-01   1.133260e-02
1.075981999999999994e+00   9.056553e-01   1.132297e-02
1.080692999999999904e+00   8.990453e-01   1.130640e-02
1.085404000000000035e+00   8.950582e-01   1.126325e-02
1.090116000000000085e+00   8.824295e-01   1.124894e-02
1.094826999999999995e+00   8.884192e-01   1.123114e-02
1.099537999999999904e+00   8.847496e-01   1.120554e-02
1.104249000000000036e+00   8.876475e-01   1.120182e-02
1.108961000000000086e+00   9.079762e-01   1.119692e-02
1.113671999999999995e+00   8.790109e-01   1.113811e-02
1.118382999999999905e+00   8.683748e-01   1.111297e-02
1.123094000000000037e+00   8.725829e-01   1.110011e-02
1.127806000000000086e+00   8.834981e-01   1.109840e-02
1.132516999999999996e+00   8.908181e-01   1.108838e-02
1.137227999999999906e+00   8.819871e-01   1.107463e-02
1.141939000000000037e+00   8.879561e-01   1.105477e-02
1.146651000000000087e+00   8.819071e-01   1.101503e-02
1.151361999999999997e+00   8.753845e-01   1.099908e-02
1.156072999999999906e+00   8.949662e-01   1.100983e-02
1.160784000000000038e+00   8.568278e-01   1.095661e-02
1.165496000000000087e+00   8.750664e-01   1.095508e-02
1.170206999999999997e+00   8.790956e-01   1.093763e-02
1.174917999999999907e+00   8.764809e-01   1.091290e-02
1.179629999999999956e+00   8.752060e-01   1.090866e-02
1.184341000000000088e+00   8.723824e-01   1.087462e-02
1.189051999999999998e+00   8.612886e-01   1.085579e-02
1.193762999999999908e+00   8.605827e-01   1.086377e-02
1.198474999999999957e+00   8.782588e-01   1.111803e-02
1.203186000000000089e+00   8.704718e-01   1.138977e-02
1.207896999999999998e+00   8.510958e-01   1.157409e-02
1.212607999999999908e+00   8.656026e-01   1.174162e-02
1.217319999999999958e+00   8.560433e-01   1.186016e-02
1.222031000000000089e+00   8.510079e-01   1.196137e-02
1.226741999999999999e+00   8.678647e-01   1.209298e-02
1.231452999999999909e+00   8.552414e-01   1.219164e-02
1.236164999999999958e+00   8.507084e-01   1.229704e-02
1.240876000000000090e+00   8.554123e-01   1.239584e-02
1.245587000000000000e+00   8.409259e-01   1.242031e-02
1.250297999999999909e+00   8.546750e-01   1.246364e-02
1.255009999999999959e+00   8.395599e-01   1.248492e-02
1.259721000000000091e+00   8.507395e-01   1.250011e-02
1.264432000000000000e+00   8.666178e-01   1.209868e-02
1.269142999999999910e+00   8.545006e-01   1.178220e-02
1.273854999999999960e+00   8.484430e-01   1.156737e-02
1.278566000000000091e+00   8.351758e-01   1.139705e-02
1.283277000000000001e+00   8.422423e-01   1.128658e-02
1.287987999999999911e+00   8.461709e-01   1.118820e-02
1.292699999999999960e+00   8.401358e-01   1.108470e-02
1.297411000000000092e+00   8.258104e-01   1.098419e-02
1.302122000000000002e+00   8.288263e-01   1.090027e-02
1.306832999999999911e+00   8.394842e-01   1.085210e-02
1.311544999999999961e+00   8.431032e-01   1.082023e-02
1.316256000000000093e+00   8.450186e-01   1.081323e-02
1.320967000000000002e+00   8.277433e-01   1.076363e-02
1.325677999999999912e+00   8.184601e-01   1.073489e-02
1.330389999999999961e+00   8.234172e-01   1.070705e-02
1.335101000000000093e+00   8.144597e-01   1.068091e-02
1.339812000000000003e+00   8.183978e-01   1.064555e-02
1.344522999999999913e+00   8.271887e-01   1.064561e-02
1.349234999999999962e+00   8.195900e-01   1.061930e-02
1.353946000000000094e+00   8.151735e-01   1.059752e-02
1.358657000000000004e+00   8.181591e-01   1.057596e-02
1.363369000000000053e+00   8.125411e-01   1.054712e-02
1.368079999999999963e+00   8.207534e-01   1.053659e-02
1.372791000000000095e+00   8.088096e-01   1.050451e-02
1.377502000000000004e+00   7.924963e-01   1.047305e-02
1.382214000000000054e+00   8.020594e-01   1.045261e-02
1.386924999999999963e+00   8.091555e-01   1.043718e-02
1.391636000000000095e+00   7.894223e-01   1.040591e-02
1.396347000000000005e+00   7.973964e-01   1.039581e-02
1.401059000000000054e+00   7.863732e-01   1.036044e-02
1.405769999999999964e+00   7.984875e-01   1.035763e-02
1.410481000000000096e+00   7.820887e-01   1.033154e-02
1.415192000000000005e+00   7.921619e-01   1.031614e-02
1.419904000000000055e+00   7.955344e-01   1.029609e-02
1.424614999999999965e+00   7.889303e-01   1.027232e-02
1.429326000000000096e+00   7.925000e-01   1.026848e-02
1.434037000000000006e+00   7.806666e-01   1.024033e-02
1.438749000000000056e+00   7.775068e-01   1.022241e-02
1.443459999999999965e+00   7.859585e-01   1.021181e-02
1.448171000000000097e+00   7.778095e-01   1.018285e-02
1.452882000000000007e+00   7.733083e-01   1.016265e-02
1.457594000000000056e+00   7.700283e-01   1.014263e-02
1.462304999999999966e+00   7.652635e-01   1.011960e-02
1.467016000000000098e+00   7.628477e-01   1.011224e-02
1.471727000000000007e+00   7.743382e-01   1.011193e-02
1.476439000000000057e+00   7.755271e-01   1.009302e-02
1.481149999999999967e+00   7.686320e-01   1.006541e-02
1.485861000000000098e+00   7.674232e-01   1.004760e-02
1.490572000000000008e+00   7.357369e-01   1.001982e-02
1.495284000000000058e+00   7.568652e-01   1.001704e-02
1.499994999999999967e+00   7.611350e-01   1.000973e-02
1.504706000000000099e+00   7.495090e-01   9.979719e-03
1.509417000000000009e+00   7.580146e-01   9.979757e-03
1.514129000000000058e+00   7.431406e-01   9.991078e-03
1.518839999999999968e+00   7.371188e-01   1.027066e-02
1.523551000000000100e+00   7.596609e-01   1.050990e-02
1.528262999999999927e+00   7.544853e-01   1.064817e-02
1.532974000000000059e+00   7.420809e-01   1.077190e-02
1.537684999999999969e+00   7.496866e-01   1.089406e-02
1.542396000000000100e+00   7.602285e-01   1.089205e-02
1.547107999999999928e+00   7.544855e-01   1.060727e-02
1.551819000000000059e+00   7.423708e-01   1.044997e-02
1.556529999999999969e+00   7.234906e-01   1.032598e-02
1.561241000000000101e+00   7.248454e-01   1.023337e-02
1.565952999999999928e+00   7.340410e-01   1.014123e-02
1.570664000000000060e+00   7.391299e-01   1.002982e-02
1.575374999999999970e+00   7.268654e-01   9.919237e-03
1.580086000000000102e+00   7.121945e-01   9.825971e-03
1.584797999999999929e+00   7.115676e-01   9.773383e-03
1.589509000000000061e+00   7.114358e-01   9.743749e-03
1.594219999999999970e+00   7.196261e-01   9.750656e-03
1.598931000000000102e+00   7.049819e-01   9.756894e-03
1.603642999999999930e+00   7.077806e-01   9.767055e-03
1.608354000000000061e+00   7.069725e-01   9.776811e-03
1.613064999999999971e+00   7.115939e-01   9.772020e-03
1.617776000000000103e+00   7.139378e-01   9.755801e-03
1.622487999999999930e+00   6.994763e-01   9.723192e-03
1.627199000000000062e+00   6.875882e-01   9.703028e-03
1.631909999999999972e+00   7.045718e-01   9.690352e-03
1.636621000000000103e+00   6.972498e-01   9.677741e-03
1.641332999999999931e+00   6.939558e-01   9.652831e-03
1.646044000000000063e+00   6.894112e-01   9.632014e-03
1.650754999999999972e+00   6.904693e-01   9.615304e-03
1.655466000000000104e+00   6.886601e-01   9.606449e-03
1.660177999999999932e+00   6.777197e-01   9.581455e-03
1.664889000000000063e+00   6.866387e-01   9.562563e-03
1.669599999999999973e+00   6.865733e-01   9.559874e-03
1.674311000000000105e+00   6.669733e-01   9.527361e-03
1.679022999999999932e+00   6.727696e-01   9.521617e-03
1.683734000000000064e+00   6.804391e-01   9.514459e-03
1.688444999999999974e+00   6.728394e-01   9.486290e-03
1.693156000000000105e+00   6.745331e-01   9.476027e-03
1.697867999999999933e+00   6.629348e-01   9.453469e-03
1.702579000000000065e+00   6.702905e-01   9.442811e-03
1.707289999999999974e+00   6.682569e-01   9.422322e-03
1.712002000000000024e+00   6.665879e-01   9.409795e-03
1.716712999999999933e+00   6.799122e-01   9.408008e-03
1.721424000000000065e+00   6.618235e-01   9.385922e-03
1.726134999999999975e+00   6.656664e-01   9.376393e-03
1.730847000000000024e+00   6.631478e-01   9.363219e-03
1.735557999999999934e+00   6.571935e-01   9.342763e-03
1.740269000000000066e+00   6.426791e-01   9.318339e-03
1.744979999999999976e+00   6.407668e-01   9.313435e-03
1.749692000000000025e+00   6.479038e-01   9.300349e-03
1.754402999999999935e+00   6.422544e-01   9.271945e-03
1.759114000000000066e+00   6.496125e-01   9.275902e-03
1.763824999999999976e+00   6.403306e-01   9.260550e-03
1.768537000000000026e+00   6.337295e-01   9.240610e-03
1.773247999999999935e+00   6.415862e-01   9.229712e-03
1.777959000000000067e+00   6.318547e-01   9.209688e-03
1.782669999999999977e+00   6.418007e-01   9.198023e-03
1.787382000000000026e+00   6.237754e-01   9.179798e-03
1.792092999999999936e+00   6.187425e-01   9.162116e-03
1.796804000000000068e+00   6.255772e-01   9.148940e-03
1.801514999999999977e+00   6.266249e-01   9.138806e-03
1.806227000000000027e+00   6.233965e-01   9.138514e-03
1.810937999999999937e+00   6.225932e-01   9.121611e-03
1.815649000000000068e+00   6.293316e-01   9.110762e-03
1.820359999999999978e+00   6.108141e-01   9.081705e-03
1.825072000000000028e+00   6.204880e-01   9.081525e-03
1.829782999999999937e+00   6.026134e-01   9.060303e-03
1.834494000000000069e+00   6.127810e-01   9.051117e-03
1.839204999999999979e+00   6.000691e-01   9.041763e-03
1.843917000000000028e+00   6.049640e-01   9.029629e-03
1.848627999999999938e+00   5.952662e-01   8.999848e-03
1.853339000000000070e+00   6.035471e-01   8.995321e-03
1.858049999999999979e+00   6.018040e-01   8.979802e-03
1.862762000000000029e+00   5.971624e-01   8.964511e-03
1.867472999999999939e+00   5.923570e-01   8.956662e-03
1.872184000000000070e+00   6.006735e-01   8.944975e-03
1.876894999999999980e+00   5.962809e-01   8.934216e-03
1.881607000000000030e+00   5.893887e-01   8.914851e-03
1.886317999999999939e+00   5.931874e-01   8.911529e-03
1.891029000000000071e+00   5.860163e-01   8.893174e-03
1.895740999999999898e+00   5.780262e-01   8.878771e-03
1.900452000000000030e+00   5.841952e-01   8.881164e-03
1.905162999999999940e+00   5.853223e-01   8.863616e-03
1.909874000000000072e+00   5.856155e-01   8.855136e-03
1.914585999999999899e+00   5.791562e-01   8.835152e-03
1.919297000000000031e+00   5.808784e-01   8.827834e-03
1.924007999999999940e+00   5.828398e-01   8.817080e-03
1.928719000000000072e+00   5.606456e-01   8.797731e-03
1.933430999999999900e+00   5.746881e-01   8.786885e-03
1.938142000000000031e+00   5.730745e-01   8.754062e-03
1.942852999999999941e+00   5.663385e-01   8.733791e-03
1.947564000000000073e+00   5.676751e-01   8.710677e-03
1.952275999999999900e+00   5.582156e-01   8.682920e-03
1.956987000000000032e+00   5.552792e-01   8.667681e-03
1.961697999999999942e+00   5.476863e-01   8.654242e-03
1.966409000000000074e+00   5.542825e-01   8.649313e-03
1.971120999999999901e+00   5.563578e-01   8.646967e-03
1.975832000000000033e+00   5.528362e-01   8.640500e-03
1.980542999999999942e+00   5.595528e-01   8.639393e-03
1.985254000000000074e+00   5.368596e-01   8.630133e-03
1.989965999999999902e+00   5.416363e-01   8.626867e-03
1.994677000000000033e+00   5.609601e-01   8.641793e-03
1.999387999999999943e+00   5.563246e-01   8.651748e-03
2.004099000000000075e+00   5.435092e-01   8.847551e-03
2.008811000000000124e+00   5.215224e-01   9.023503e-03
2.013522000000000034e+00   5.386698e-01   9.161688e-03
2.018232999999999944e+00   5.227346e-01   9.240656e-03
2.022943999999999853e+00   5.238283e-01   9.334987e-03
2.027655999999999903e+00   5.381377e-01   9.430119e-03
2.032366999999999813e+00   5.274135e-01   9.469800e-03
2.037078000000000166e+00   5.294851e-01   9.484862e-03
2.041789000000000076e+00   5.136720e-01   9.507773e-03
2.046501000000000126e+00   5.183523e-01   9.533141e-03
2.051212000000000035e+00   5.260337e-01   9.580160e-03
2.055922999999999945e+00   5.286411e-01   9.605125e-03
2.060633999999999855e+00   5.268200e-01   9.609874e-03
2.065345999999999904e+00   5.218323e-01   9.584989e-03
2.070056999999999814e+00   5.254842e-01   9.308993e-03
2.074768000000000168e+00   5.154959e-01   9.124702e-03
2.079480000000000217e+00   5.033985e-01   8.980308e-03
2.084191000000000127e+00   4.998760e-01   8.888521e-03
2.088902000000000037e+00   5.102367e-01   8.807881e-03
2.093612999999999946e+00   5.099045e-01   8.746034e-03
2.098324999999999996e+00   5.117476e-01   8.724126e-03
2.103035999999999905e+00   5.023636e-01   8.680789e-03
2.107746999999999815e+00   5.020648e-01   8.651354e-03
2.112458000000000169e+00   5.021200e-01   8.636385e-03
2.117170000000000218e+00   5.018418e-01   8.629780e-03
2.121881000000000128e+00   4.898203e-01   8.601896e-03
2.126592000000000038e+00   4.885443e-01   8.581174e-03
2.131302999999999948e+00   4.965978e-01   8.568339e-03
2.136014999999999997e+00   4.946006e-01   8.544397e-03
2.140725999999999907e+00   4.854435e-01   8.528033e-03
2.145436999999999816e+00   4.861856e-01   8.521201e-03
2.150148000000000170e+00   4.851083e-01   8.496085e-03
2.154860000000000220e+00   4.807833e-01   8.479546e-03
2.159571000000000129e+00   4.754801e-01   8.461374e-03
2.164282000000000039e+00   4.752526e-01   8.446550e-03
2.168992999999999949e+00   4.826662e-01   8.440679e-03
2.173704999999999998e+00   4.790303e-01   8.431532e-03
2.178415999999999908e+00   4.753870e-01   8.411565e-03
2.183126999999999818e+00   4.659884e-01   8.391065e-03
2.187838000000000171e+00   4.639873e-01   8.376743e-03
2.192550000000000221e+00   4.650559e-01   8.360793e-03
2.197261000000000131e+00   4.617431e-01   8.352345e-03
2.201972000000000040e+00   4.610280e-01   8.337458e-03
2.206682999999999950e+00   4.634260e-01   8.320041e-03
2.211395000000000000e+00   4.685370e-01   8.323044e-03
2.216105999999999909e+00   4.467071e-01   8.298516e-03
2.220816999999999819e+00   4.584606e-01   8.286635e-03
2.225528000000000173e+00   4.495116e-01   8.274453e-03
2.230239999999999778e+00   4.461359e-01   8.262562e-03
2.234951000000000132e+00   4.504737e-01   8.253020e-03
2.239662000000000042e+00   4.496527e-01   8.240702e-03
2.244372999999999951e+00   4.646340e-01   8.236319e-03
2.249085000000000001e+00   4.513238e-01   8.227464e-03
2.253795999999999911e+00   4.448309e-01   8.209682e-03
2.258506999999999820e+00   4.410318e-01   8.192166e-03
2.263218999999999870e+00   4.358743e-01   8.181281e-03
2.267929999999999779e+00   4.337188e-01   8.165999e-03
2.272641000000000133e+00   4.346431e-01   8.150562e-03
2.277352000000000043e+00   4.430840e-01   8.149708e-03
2.282064000000000092e+00   4.256657e-01   8.125955e-03
2.286775000000000002e+00   4.116941e-01   8.117730e-03
2.291485999999999912e+00   4.363528e-01   8.115418e-03
2.296196999999999822e+00   4.415977e-01   8.117712e-03
2.300908999999999871e+00   4.324179e-01   8.092453e-03
2.305619999999999781e+00   4.191153e-01   8.078034e-03
2.310331000000000135e+00   4.221804e-01   8.076203e-03
2.315042000000000044e+00   4.226984e-01   8.064468e-03
2.319754000000000094e+00   4.180756e-01   8.047408e-03
2.324465000000000003e+00   4.114228e-01   8.040550e-03
2.329175999999999913e+00   4.163425e-01   8.033298e-03
2.333886999999999823e+00   4.261331e-01   8.023859e-03
2.338598999999999872e+00   4.318295e-01   8.022547e-03
2.343309999999999782e+00   4.278529e-01   8.006958e-03
2.348021000000000136e+00   4.240669e-01   7.997435e-03
2.352732000000000046e+00   4.074992e-01   7.977946e-03
2.357444000000000095e+00   4.010933e-01   7.966709e-03
2.362155000000000005e+00   4.038942e-01   7.954455e-03
2.366865999999999914e+00   4.009817e-01   7.949625e-03
2.371576999999999824e+00   4.039161e-01   7.937235e-03
2.376288999999999874e+00   4.069185e-01   7.925516e-03
2.380999999999999783e+00   3.980714e-01   7.916295e-03
2.385711000000000137e+00   4.125375e-01   7.915991e-03
2.390422000000000047e+00   4.060176e-01   7.906068e-03
2.395134000000000096e+00   3.950158e-01   7.886408e-03
2.399845000000000006e+00   4.064759e-01   7.881354e-03
2.404555999999999916e+00   4.013039e-01   7.876250e-03
2.409266999999999825e+00   4.040577e-01   7.867529e-03
2.413978999999999875e+00   4.078348e-01   7.861729e-03
2.418689999999999785e+00   3.937031e-01   7.848920e-03
2.423401000000000138e+00   3.918163e-01   7.836554e-03
2.428112000000000048e+00   3.887829e-01   7.826767e-03
2.432824000000000098e+00   3.808598e-01   7.811634e-03
2.437535000000000007e+00   3.821975e-01   7.808126e-03
2.442245999999999917e+00   3.831813e-01   7.798418e-03
2.446957999999999966e+00   3.801722e-01   7.786856e-03
2.451668999999999876e+00   3.927842e-01   7.784969e-03
2.456379999999999786e+00   3.918726e-01   7.773404e-03
2.461091000000000140e+00   3.804400e-01   7.750308e-03
2.465803000000000189e+00   3.774342e-01   7.752319e-03
2.470514000000000099e+00   3.689967e-01   7.738236e-03
2.475225000000000009e+00   3.723133e-01   7.731687e-03
2.479935999999999918e+00   3.730683e-01   7.724592e-03
2.484647999999999968e+00   3.747002e-01   7.718031e-03
2.489358999999999877e+00   3.812159e-01   7.710131e-03
2.494069999999999787e+00   3.770187e-01   7.696621e-03
2.498781000000000141e+00   3.675988e-01   7.690404e-03
2.503493000000000190e+00   3.678518e-01   7.680676e-03
2.508204000000000100e+00   3.708814e-01   7.680597e-03
2.512915000000000010e+00   3.742141e-01   7.662369e-03
2.517625999999999920e+00   3.593686e-01   7.641636e-03
2.522337999999999969e+00   3.688247e-01   7.629744e-03
2.527048999999999879e+00   3.524847e-01   7.603092e-03
2.531759999999999788e+00   3.624604e-01   7.598725e-03
2.536471000000000142e+00   3.509310e-01   7.589344e-03
2.541183000000000192e+00   3.633674e-01   7.583130e-03
2.545894000000000101e+00   3.639929e-01   7.578658e-03
2.550605000000000011e+00   3.569303e-01   7.563656e-03
2.555315999999999921e+00   3.593716e-01   7.559450e-03
2.560027999999999970e+00   3.551626e-01   7.548568e-03
2.564738999999999880e+00   3.442238e-01   7.538652e-03
2.569449999999999790e+00   3.395076e-01   7.538855e-03
2.574161000000000143e+00   3.455126e-01   7.537008e-03
2.578873000000000193e+00   3.435586e-01   7.540358e-03
2.583584000000000103e+00   3.467807e-01   7.538274e-03
2.588295000000000012e+00   3.445266e-01   7.527216e-03
2.593005999999999922e+00   3.503509e-01   7.521641e-03
2.597717999999999972e+00   3.441775e-01   7.514410e-03
2.602428999999999881e+00   3.403367e-01   7.501447e-03
2.607139999999999791e+00   3.379596e-01   7.499122e-03
2.611851000000000145e+00   3.349380e-01   7.489245e-03
2.616563000000000194e+00   3.357731e-01   7.485122e-03
2.621274000000000104e+00   3.383470e-01   7.479800e-03
2.625985000000000014e+00   3.396471e-01   7.469014e-03
2.630697000000000063e+00   3.304447e-01   7.457708e-03
2.635407999999999973e+00   3.419988e-01   7.457865e-03
2.640118999999999883e+00   3.195112e-01   7.438036e-03
2.644829999999999792e+00   3.338280e-01   7.438739e-03
2.649541999999999842e+00   3.297521e-01   7.427398e-03
2.654253000000000196e+00   3.226697e-01   7.415983e-03
2.658964000000000105e+00   3.285589e-01   7.408411e-03
2.663675000000000015e+00   3.273581e-01   7.403299e-03
2.668387000000000064e+00   3.358293e-01   7.402242e-03
2.673097999999999974e+00   3.335807e-01   7.390185e-03
2.677808999999999884e+00   3.267447e-01   7.381362e-03
2.682519999999999794e+00   3.332623e-01   7.381569e-03
2.687231999999999843e+00   3.198129e-01   7.367714e-03
2.691943000000000197e+00   3.133969e-01   7.349270e-03
2.696654000000000106e+00   3.181359e-01   7.353715e-03
2.701365000000000016e+00   3.118369e-01   7.342255e-03
2.706077000000000066e+00   3.096805e-01   7.332904e-03
2.710787999999999975e+00   3.245730e-01   7.332358e-03
2.715498999999999885e+00   3.199572e-01   7.329150e-03
2.720209999999999795e+00   3.075031e-01   7.312939e-03
2.724921999999999844e+00   3.105802e-01   7.305039e-03
2.729633000000000198e+00   3.223333e-01   7.310254e-03
2.734344000000000108e+00   3.103078e-01   7.290902e-03
2.739055000000000017e+00   3.105010e-01   7.288883e-03
2.743767000000000067e+00   3.129681e-01   7.274582e-03
2.748477999999999977e+00   3.098423e-01   7.265411e-03
2.753188999999999886e+00   2.935312e-01   7.251002e-03
2.757899999999999796e+00   3.123315e-01   7.260371e-03
2.762611999999999846e+00   2.990907e-01   7.243791e-03
2.767323000000000199e+00   2.964457e-01   7.237325e-03
2.772034000000000109e+00   3.010904e-01   7.232478e-03
2.776745000000000019e+00   3.077391e-01   7.233145e-03
2.781457000000000068e+00   2.890285e-01   7.212571e-03
2.786167999999999978e+00   2.919946e-01   7.208998e-03
2.790878999999999888e+00   3.011978e-01   7.205349e-03
2.795589999999999797e+00   2.998766e-01   7.202735e-03
2.800301999999999847e+00   2.976073e-01   7.194645e-03
2.805013000000000201e+00   2.907006e-01   7.223612e-03
2.809724000000000110e+00   2.924201e-01   7.409044e-03
2.814436000000000160e+00   2.854573e-01   7.520422e-03
2.819147000000000070e+00   2.855302e-01   7.607959e-03
2.823857999999999979e+00   2.901866e-01   7.681746e-03
2.828568999999999889e+00   2.972450e-01   7.722703e-03
2.833280999999999938e+00   2.974381e-01   7.752120e-03
2.837991999999999848e+00   2.882521e-01   7.768878e-03
2.842703000000000202e+00   2.932462e-01   7.793729e-03
2.847414000000000112e+00   2.887602e-01   7.801810e-03
2.852126000000000161e+00   2.852608e-01   7.819298e-03
2.856837000000000071e+00   2.776306e-01   7.833491e-03
2.861547999999999981e+00   2.852457e-01   7.849533e-03
2.866258999999999890e+00   2.876512e-01   7.870225e-03
2.870970999999999940e+00   2.801766e-01   7.808112e-03
2.875681999999999849e+00   2.777391e-01   7.608651e-03
2.880393000000000203e+00   2.861702e-01   7.500736e-03
2.885104000000000113e+00   2.646155e-01   7.408964e-03
2.889816000000000162e+00   2.684768e-01   7.345101e-03
2.894527000000000072e+00   2.761231e-01   7.327382e-03
2.899237999999999982e+00   2.722860e-01   7.297447e-03
2.903948999999999891e+00   2.783546e-01   7.286810e-03
2.908660999999999941e+00   2.698850e-01   7.266122e-03
2.913371999999999851e+00   2.767509e-01   7.256234e-03
2.918083000000000204e+00   2.753294e-01   7.244945e-03
2.922794000000000114e+00   2.731091e-01   7.217941e-03
2.927506000000000164e+00   2.682327e-01   7.207868e-03
2.932217000000000073e+00   2.769145e-01   7.202611e-03
2.936927999999999983e+00   2.669682e-01   7.185933e-03
2.941638999999999893e+00   2.694186e-01   7.175800e-03
2.946350999999999942e+00   2.720706e-01   7.165488e-03
2.951061999999999852e+00   2.704138e-01   7.155849e-03
2.955773000000000206e+00   2.593801e-01   7.139804e-03
2.960484000000000115e+00   2.616314e-01   7.127888e-03
2.965196000000000165e+00   2.745108e-01   7.130292e-03
2.969907000000000075e+00   2.717157e-01   7.117503e-03
2.974617999999999984e+00   2.658596e-01   7.105092e-03
2.979328999999999894e+00   2.550559e-01   7.089916e-03
2.984040999999999944e+00   2.608719e-01   7.084257e-03
2.988751999999999853e+00   2.590432e-01   7.075453e-03
2.993463000000000207e+00   2.727465e-01   7.079351e-03
2.998174999999999812e+00   2.666648e-01   7.062972e-03
3.002886000000000166e+00   2.600066e-01   7.051416e-03
3.007597000000000076e+00   2.566028e-01   7.045761e-03
3.012307999999999986e+00   2.610760e-01   7.035727e-03
3.017020000000000035e+00   2.586395e-01   7.026791e-03
3.021730999999999945e+00   2.466618e-01   7.010699e-03
3.026441999999999855e+00   2.546089e-01   7.008650e-03
3.031153000000000208e+00   2.559535e-01   7.003917e-03
3.035864999999999814e+00   2.484610e-01   6.986015e-03
3.040576000000000167e+00   2.551753e-01   6.984333e-03
3.045287000000000077e+00   2.531310e-01   6.978850e-03
3.049997999999999987e+00   2.540746e-01   6.977114e-03
3.054710000000000036e+00   2.524558e-01   6.966596e-03
3.059420999999999946e+00   2.478754e-01   6.953301e-03
3.064131999999999856e+00   2.490215e-01   6.945035e-03
3.068843000000000210e+00   2.508711e-01   6.946674e-03
3.073554999999999815e+00   2.528879e-01   6.940605e-03
3.078266000000000169e+00   2.556998e-01   6.936672e-03
3.082977000000000078e+00   2.453493e-01   6.925378e-03
3.087687999999999988e+00   2.418796e-01   6.912446e-03
3.092400000000000038e+00   2.451410e-01   6.909862e-03
3.097110999999999947e+00   2.385925e-01   6.897024e-03
3.101821999999999857e+00   2.410292e-01   6.889928e-03
3.106533000000000211e+00   2.461945e-01   6.887487e-03
3.111244999999999816e+00   2.459638e-01   6.882073e-03
3.115956000000000170e+00   2.491700e-01   6.879761e-03
3.120667000000000080e+00   2.369192e-01   6.863696e-03
3.125377999999999989e+00   2.382458e-01   6.860226e-03
3.130090000000000039e+00   2.384366e-01   6.853876e-03
3.134800999999999949e+00   2.377003e-01   6.842568e-03
3.139511999999999858e+00   2.384204e-01   6.837504e-03
3.144223000000000212e+00   2.304879e-01   6.825226e-03
3.148934999999999818e+00   2.260925e-01   6.814235e-03
3.153646000000000171e+00   2.415804e-01   6.821273e-03
3.158357000000000081e+00   2.379340e-01   6.817459e-03
3.163067999999999991e+00   2.385378e-01   6.805217e-03
3.167780000000000040e+00   2.372362e-01   6.800515e-03
3.172490999999999950e+00   2.344882e-01   6.798694e-03
3.177201999999999860e+00   2.224964e-01   6.784400e-03
3.181913999999999909e+00   2.359412e-01   6.786293e-03
3.186624999999999819e+00   2.276111e-01   6.774212e-03
3.191336000000000173e+00   2.394966e-01   6.771390e-03
3.196047000000000082e+00   2.350085e-01   6.755013e-03
3.200759000000000132e+00   2.346319e-01   6.740437e-03
3.205470000000000041e+00   2.351207e-01   6.733455e-03
3.210180999999999951e+00   2.376855e-01   6.726616e-03
3.214891999999999861e+00   2.292599e-01   6.716246e-03
3.219603999999999910e+00   2.260451e-01   6.709459e-03
3.224314999999999820e+00   2.234140e-01   6.708365e-03
3.229026000000000174e+00   2.295839e-01   6.701392e-03
3.233737000000000084e+00   2.241018e-01   6.690451e-03
3.238449000000000133e+00   2.228123e-01   6.691267e-03
3.243160000000000043e+00   2.208534e-01   6.684456e-03
3.247870999999999952e+00   2.176093e-01   6.676150e-03
3.252581999999999862e+00   2.270539e-01   6.680304e-03
3.257293999999999912e+00   2.238417e-01   6.681715e-03
3.262004999999999821e+00   2.144228e-01   6.678163e-03
3.266716000000000175e+00   2.169137e-01   6.680592e-03
3.271427000000000085e+00   2.284093e-01   6.675818e-03
3.276139000000000134e+00   2.275140e-01   6.662265e-03
3.280850000000000044e+00   2.051598e-01   6.643207e-03
3.285560999999999954e+00   2.208447e-01   6.647269e-03
3.290271999999999863e+00   2.191347e-01   6.640067e-03
3.294983999999999913e+00   2.217523e-01   6.639583e-03
3.299694999999999823e+00   2.092856e-01   6.628671e-03
3.304406000000000176e+00   2.098187e-01   6.621701e-03
3.309117000000000086e+00   2.097783e-01   6.620701e-03
3.313829000000000136e+00   2.061763e-01   6.616722e-03
3.318540000000000045e+00   2.057701e-01   6.607823e-03
3.323250999999999955e+00   2.091369e-01   6.602047e-03
3.327961999999999865e+00   2.211558e-01   6.597975e-03
3.332673999999999914e+00   2.135569e-01   6.586581e-03
3.337384999999999824e+00   2.103675e-01   6.587704e-03
3.342096000000000178e+00   2.157122e-01   6.586677e-03
3.346807000000000087e+00   2.037261e-01   6.571670e-03
3.351519000000000137e+00   2.068218e-01   6.568471e-03
3.356230000000000047e+00   2.111449e-01   6.564428e-03
3.360940999999999956e+00   2.147435e-01   6.563945e-03
3.365653000000000006e+00   2.110108e-01   6.555159e-03
3.370363999999999916e+00   2.062512e-01   6.548562e-03
3.375074999999999825e+00   2.101595e-01   6.546022e-03
3.379786000000000179e+00   2.086051e-01   6.543136e-03
3.384497999999999784e+00   2.039153e-01   6.533309e-03
3.389209000000000138e+00   2.125479e-01   6.575396e-03
3.393920000000000048e+00   2.065548e-01   6.726753e-03
3.398630999999999958e+00   2.095077e-01   6.824701e-03
3.403343000000000007e+00   2.184732e-01   6.902812e-03
3.408053999999999917e+00   2.084671e-01   6.942731e-03
3.412764999999999826e+00   1.994443e-01   6.958654e-03
3.417476000000000180e+00   2.063974e-01   6.959667e-03
3.422187999999999786e+00   2.108775e-01   6.961322e-03
3.426899000000000139e+00   2.050926e-01   6.974339e-03
3.431610000000000049e+00   1.934350e-01   6.984296e-03
3.436320999999999959e+00   1.949066e-01   7.011069e-03
3.441033000000000008e+00   1.977315e-01   7.022786e-03
3.445743999999999918e+00   1.914722e-01   7.033964e-03
3.450454999999999828e+00   2.035466e-01   7.049363e-03
3.455166000000000182e+00   2.075911e-01   7.064993e-03
3.459877999999999787e+00   2.024755e-01   7.072140e-03
3.464589000000000141e+00   1.946959e-01   7.081603e-03
3.469300000000000050e+00   1.887828e-01   7.090039e-03
3.474010999999999960e+00   1.897235e-01   7.099511e-03
3.478723000000000010e+00   1.866264e-01   7.104703e-03
3.483433999999999919e+00   1.899031e-01   7.116841e-03
3.488144999999999829e+00   1.893951e-01   7.129495e-03
3.492856000000000183e+00   2.032354e-01   7.142242e-03
3.497567999999999788e+00   1.920971e-01   7.147932e-03
3.502279000000000142e+00   1.805902e-01   7.146011e-03
3.506990000000000052e+00   1.897108e-01   7.155396e-03
3.511700999999999961e+00   1.905078e-01   7.168048e-03
3.516413000000000011e+00   1.973526e-01   7.182759e-03
3.521123999999999921e+00   1.851985e-01   7.180453e-03
3.525834999999999830e+00   1.806476e-01   7.186781e-03
3.530546000000000184e+00   1.820010e-01   7.196626e-03
3.535257999999999790e+00   1.802018e-01   7.202551e-03
3.539969000000000143e+00   1.843153e-01   7.211316e-03
3.544680000000000053e+00   1.850362e-01   7.217616e-03
3.549392000000000102e+00   1.763483e-01   7.215676e-03
3.554103000000000012e+00   1.879301e-01   7.233235e-03
3.558813999999999922e+00   1.807843e-01   7.238476e-03
3.563524999999999832e+00   1.816514e-01   7.247215e-03
3.568236999999999881e+00   1.921389e-01   7.247543e-03
3.572947999999999791e+00   1.725703e-01   7.248158e-03
3.577659000000000145e+00   1.814182e-01   7.263405e-03
3.582370000000000054e+00   1.854460e-01   7.265660e-03
3.587082000000000104e+00   1.854431e-01   7.273427e-03
3.591793000000000013e+00   1.875346e-01   7.276817e-03
3.596503999999999923e+00   1.770272e-01   7.269302e-03
3.601214999999999833e+00   1.849130e-01   7.270240e-03
3.605926999999999882e+00   1.856260e-01   7.274339e-03
3.610637999999999792e+00   1.859368e-01   7.412102e-03
3.615349000000000146e+00   1.780994e-01   7.628609e-03
3.620060000000000056e+00   1.811624e-01   7.758288e-03
3.624772000000000105e+00   1.808517e-01   7.849255e-03
3.629483000000000015e+00   1.818708e-01   7.919477e-03
3.634193999999999924e+00   1.750668e-01   7.965084e-03
3.638904999999999834e+00   1.844819e-01   8.019057e-03
3.643616999999999884e+00   1.854537e-01   8.062914e-03
3.648327999999999793e+00   1.671132e-01   8.087940e-03
3.653039000000000147e+00   1.799994e-01   8.140380e-03
3.657750000000000057e+00   1.786333e-01   8.188163e-03
3.662462000000000106e+00   1.654739e-01   8.213748e-03
3.667173000000000016e+00   1.715121e-01   8.256648e-03
3.671883999999999926e+00   1.712970e-01   8.304644e-03
3.676594999999999835e+00   1.714422e-01   8.339527e-03
3.681306999999999885e+00   1.703958e-01   8.373316e-03
3.686017999999999795e+00   1.646808e-01   8.409739e-03
3.690729000000000148e+00   1.778310e-01   8.448227e-03
3.695440000000000058e+00   1.599329e-01   8.473935e-03
3.700152000000000108e+00   1.685167e-01   8.509129e-03
3.704863000000000017e+00   1.761632e-01   8.550957e-03
3.709573999999999927e+00   1.775822e-01   8.587482e-03
3.714284999999999837e+00   1.803443e-01   8.610562e-03
3.718996999999999886e+00   1.820661e-01   8.654497e-03
3.723707999999999796e+00   1.680846e-01   8.679839e-03
3.728419000000000150e+00   1.707903e-01   8.711969e-03
3.733131000000000199e+00   1.621336e-01   8.742711e-03
3.737842000000000109e+00   1.684882e-01   8.783018e-03
3.742553000000000019e+00   1.684095e-01   8.816220e-03
3.747263999999999928e+00   1.780823e-01   8.854249e-03
3.751975999999999978e+00   1.619644e-01   8.869703e-03
3.756686999999999887e+00   1.764000e-01   8.910706e-03
3.761397999999999797e+00   1.720357e-01   8.945783e-03
3.766109000000000151e+00   1.684473e-01   8.974855e-03
3.770821000000000200e+00   1.772753e-01   9.008672e-03
3.775532000000000110e+00   1.629199e-01   9.033117e-03
3.780243000000000020e+00   1.617810e-01   9.066449e-03
3.784953999999999930e+00   1.581177e-01   9.094267e-03
3.789665999999999979e+00   1.499452e-01   9.116805e-03
3.794376999999999889e+00   1.556615e-01   9.157663e-03
3.799087999999999798e+00   1.543209e-01   9.199192e-03
3.803799000000000152e+00   1.596901e-01   9.232767e-03
3.808511000000000202e+00   1.719074e-01   9.277165e-03
3.813222000000000111e+00   1.643970e-01   9.297207e-03
3.817933000000000021e+00   1.492275e-01   9.315206e-03
3.822643999999999931e+00   1.582512e-01   9.352108e-03
3.827355999999999980e+00   1.644876e-01   9.395857e-03
3.832066999999999890e+00   1.480723e-01   9.402002e-03
3.836777999999999800e+00   1.601614e-01   9.455167e-03
3.841489000000000154e+00   1.605038e-01   9.487591e-03
3.846201000000000203e+00   1.624307e-01   9.518652e-03
3.850912000000000113e+00   1.568258e-01   9.551700e-03
3.855623000000000022e+00   1.472804e-01   9.580469e-03
3.860333999999999932e+00   1.548976e-01   9.618578e-03
3.865045999999999982e+00   1.629844e-01   9.658491e-03
3.869756999999999891e+00   1.598346e-01   9.686409e-03
3.874467999999999801e+00   1.797124e-01   9.736006e-03
3.879179000000000155e+00   1.773751e-01   9.773810e-03
3.883891000000000204e+00   1.688707e-01   9.802315e-03
3.888602000000000114e+00   1.527118e-01   9.819146e-03
3.893313000000000024e+00   1.494702e-01   9.843633e-03
3.898023999999999933e+00   1.467979e-01   9.876254e-03
3.902735999999999983e+00   1.561572e-01   9.913611e-03
3.907446999999999893e+00   1.567743e-01   9.938768e-03
3.912157999999999802e+00   1.676280e-01   9.982200e-03
3.916869999999999852e+00   1.499800e-01   9.979663e-03
3.921581000000000206e+00   1.429639e-01   9.993732e-03
3.926292000000000115e+00   1.444344e-01   1.002457e-02
3.931003000000000025e+00   1.535065e-01   1.006636e-02
3.935715000000000074e+00   1.454428e-01   1.007247e-02
3.940425999999999984e+00   1.604838e-01   1.009830e-02
3.945136999999999894e+00   1.529421e-01   1.010075e-02
3.949847999999999804e+00   1.597044e-01   1.012459e-02
3.954559999999999853e+00   1.662425e-01   1.014245e-02
3.959271000000000207e+00   1.408796e-01   1.012440e-02
3.963982000000000117e+00   1.448835e-01   1.012570e-02
3.968693000000000026e+00   1.471556e-01   1.016215e-02
3.973405000000000076e+00   1.383505e-01   1.019309e-02
3.978115999999999985e+00   1.450661e-01   1.021953e-02
3.982826999999999895e+00   1.401630e-01   1.024558e-02
3.987537999999999805e+00   1.337008e-01   1.027659e-02
3.992249999999999854e+00   1.389579e-01   1.032370e-02
3.996961000000000208e+00   1.408697e-01   1.034645e-02
4.001672000000000118e+00   1.293909e-01   1.037353e-02
4.006382999999999583e+00   1.308000e-01   1.041479e-02
4.011095000000000077e+00   1.482402e-01   1.045565e-02
4.015806000000000431e+00   1.469175e-01   1.049529e-02
4.020516999999999896e+00   1.474298e-01   1.052917e-02
4.025228000000000250e+00   1.447515e-01   1.056314e-02
4.029939999999999856e+00   1.537909e-01   1.060864e-02
4.034651000000000209e+00   1.455655e-01   1.063231e-02
4.039361999999999675e+00   1.396813e-01   1.066328e-02
4.044073000000000029e+00   1.508727e-01   1.071853e-02
4.048784999999999634e+00   1.592576e-01   1.074660e-02
4.053495999999999988e+00   1.455111e-01   1.075667e-02
4.058207000000000342e+00   1.488505e-01   1.080943e-02
4.062917999999999807e+00   1.306734e-01   1.084064e-02
4.067630000000000301e+00   1.300318e-01   1.088358e-02
4.072340999999999767e+00   1.404118e-01   1.091135e-02
4.077052000000000120e+00   1.373813e-01   1.095488e-02
4.081762999999999586e+00   1.450839e-01   1.100071e-02
4.086475000000000080e+00   1.554424e-01   1.106747e-02
4.091186000000000433e+00   1.640376e-01   1.109987e-02
4.095896999999999899e+00   1.439913e-01   1.112562e-02
4.100609000000000393e+00   1.273464e-01   1.115718e-02
4.105319999999999858e+00   1.399138e-01   1.119822e-02
4.110031000000000212e+00   1.512968e-01   1.124306e-02
4.114741999999999678e+00   1.303020e-01   1.127035e-02
4.119454000000000171e+00   1.402186e-01   1.132479e-02
4.124164999999999637e+00   1.339507e-01   1.135788e-02
4.128875999999999991e+00   1.424192e-01   1.140407e-02
4.133587000000000344e+00   1.338348e-01   1.143260e-02
4.138298999999999950e+00   1.459688e-01   1.149310e-02
4.143010000000000304e+00   1.535031e-01   1.152571e-02
4.147720999999999769e+00   1.321520e-01   1.156119e-02
4.152432000000000123e+00   1.399293e-01   1.161948e-02
4.157143999999999728e+00   1.415214e-01   1.165186e-02
4.161855000000000082e+00   1.328583e-01   1.167876e-02
4.166566000000000436e+00   1.450295e-01   1.174139e-02
4.171276999999999902e+00   1.665373e-01   1.180508e-02
4.175989000000000395e+00   1.468969e-01   1.183476e-02
4.180699999999999861e+00   1.315747e-01   1.186976e-02
4.185411000000000215e+00   1.392704e-01   1.191905e-02
4.190121999999999680e+00   1.381524e-01   1.196444e-02
4.194834000000000174e+00   1.428604e-01   1.201134e-02
4.199544999999999639e+00   1.369265e-01   1.204132e-02
4.204255999999999993e+00   1.386649e-01   1.210630e-02
4.208967000000000347e+00   1.395623e-01   1.215095e-02
4.213678999999999952e+00   1.301191e-01   1.219143e-02
4.218390000000000306e+00   1.371878e-01   1.224084e-02
4.223100999999999772e+00   1.457113e-01   1.228145e-02
4.227812000000000126e+00   1.288116e-01   1.232636e-02
4.232523999999999731e+00   1.329947e-01   1.239031e-02
4.237235000000000085e+00   1.275337e-01   1.241706e-02
4.241946000000000438e+00   1.445362e-01   1.248410e-02
4.246656999999999904e+00   1.300834e-01   1.252879e-02
4.251369000000000398e+00   1.330455e-01   1.257909e-02
4.256079999999999863e+00   1.122397e-01   1.263336e-02
4.260791000000000217e+00   1.267049e-01   1.266971e-02
4.265501999999999683e+00   1.307695e-01   1.275576e-02
4.270214000000000176e+00   1.354540e-01   1.281792e-02
4.274924999999999642e+00   1.341157e-01   1.284098e-02
4.279635999999999996e+00   1.381633e-01   1.288590e-02
4.284347999999999601e+00   1.355304e-01   1.295647e-02
4.289058999999999955e+00   1.445766e-01   1.302338e-02
4.293770000000000309e+00   1.315385e-01   1.306935e-02
4.298480999999999774e+00   1.186811e-01   1.311770e-02
4.303193000000000268e+00   1.265067e-01   1.317243e-02
4.307903999999999733e+00   1.436451e-01   1.323317e-02
4.312615000000000087e+00   1.434206e-01   1.329401e-02
4.317326000000000441e+00   1.171437e-01   1.332554e-02
4.322038000000000046e+00   1.167266e-01   1.340432e-02
4.326749000000000400e+00   1.314719e-01   1.347783e-02
4.331459999999999866e+00   1.272167e-01   1.353055e-02
4.336171000000000220e+00   1.169072e-01   1.357582e-02
4.340882999999999825e+00   1.380244e-01   1.366117e-02
4.345594000000000179e+00   1.197278e-01   1.371019e-02
4.350304999999999644e+00   1.098533e-01   1.377876e-02
4.355015999999999998e+00   1.201871e-01   1.383102e-02
4.359727999999999604e+00   1.244040e-01   1.391112e-02
4.364438999999999957e+00   1.313208e-01   1.398080e-02
4.369150000000000311e+00   1.253412e-01   1.404498e-02
4.373860999999999777e+00   1.279449e-01   1.410121e-02
4.378573000000000270e+00   1.377690e-01   1.421661e-02
4.383283999999999736e+00   1.055359e-01   1.423269e-02
4.387995000000000090e+00   1.081757e-01   1.429287e-02
4.392706000000000444e+00   1.209139e-01   1.437136e-02
4.397418000000000049e+00   1.258545e-01   1.444365e-02
4.402129000000000403e+00   1.341226e-01   1.446436e-02
4.406839999999999868e+00   1.346093e-01   1.446251e-02
4.411551000000000222e+00   1.131480e-01   1.447280e-02
4.416262999999999828e+00   1.110929e-01   1.448668e-02
4.420974000000000181e+00   1.223149e-01   1.447224e-02
4.425684999999999647e+00   1.437194e-01   1.452404e-02
4.430396000000000001e+00   1.275680e-01   1.450254e-02
4.435107999999999606e+00   1.285675e-01   1.452094e-02
4.439818999999999960e+00   1.434721e-01   1.457204e-02
4.444530000000000314e+00   1.257854e-01   1.464340e-02
4.449240999999999779e+00   1.274929e-01   1.467577e-02
4.453953000000000273e+00   1.421698e-01   1.479565e-02
4.458663999999999739e+00   1.302445e-01   1.485741e-02
4.463375000000000092e+00   1.249704e-01   1.492768e-02
4.468086999999999698e+00   1.075510e-01   1.499446e-02
4.472798000000000052e+00   1.136921e-01   1.506335e-02
4.477509000000000405e+00   1.129575e-01   1.513277e-02
4.482219999999999871e+00   1.123525e-01   1.520558e-02
4.486932000000000365e+00   1.177787e-01   1.533267e-02
4.491642999999999830e+00   1.068394e-01   1.539639e-02
4.496354000000000184e+00   1.235526e-01   1.550780e-02
4.501064999999999650e+00   1.137344e-01   1.559401e-02
4.505777000000000143e+00   1.229854e-01   1.566768e-02
4.510487999999999609e+00   1.230828e-01   1.575340e-02
4.515198999999999963e+00   1.023725e-01   1.584874e-02
4.519910000000000316e+00   1.257052e-01   1.596828e-02
4.524621999999999922e+00   1.355855e-01   1.608164e-02
4.529333000000000276e+00   1.170373e-01   1.614491e-02
4.534043999999999741e+00   1.266675e-01   1.626489e-02
4.538755000000000095e+00   1.297918e-01   1.638434e-02
4.543466999999999700e+00   1.189694e-01   1.647219e-02
4.548178000000000054e+00   1.274850e-01   1.656334e-02
4.552889000000000408e+00   1.273742e-01   1.666476e-02
4.557599999999999874e+00   1.115080e-01   1.677589e-02
4.562312000000000367e+00   1.091561e-01   1.686486e-02
4.567022999999999833e+00   1.214360e-01   1.695959e-02
4.571734000000000187e+00   9.724636e-02   1.703522e-02
4.576444999999999652e+00   1.213464e-01   1.723458e-02
4.581157000000000146e+00   1.149759e-01   1.731865e-02
4.585867999999999611e+00   1.245615e-01   1.742006e-02
4.590578999999999965e+00   1.181381e-01   1.757014e-02
4.595290000000000319e+00   1.080254e-01   1.767259e-02
4.600001999999999924e+00   1.060095e-01   1.782042e-02
4.604713000000000278e+00   1.192321e-01   1.795112e-02
4.609423999999999744e+00   1.220232e-01   1.805743e-02
4.614135000000000097e+00   1.176749e-01   1.818684e-02
4.618846999999999703e+00   1.097303e-01   1.833039e-02
4.623558000000000057e+00   1.076922e-01   1.848515e-02
4.628269000000000410e+00   1.170078e-01   1.865331e-02
4.632979999999999876e+00   1.108844e-01   1.876179e-02
4.637692000000000370e+00   1.095497e-01   1.889224e-02
4.642402999999999835e+00   1.153225e-01   1.908553e-02
4.647114000000000189e+00   1.378078e-01   1.926843e-02
4.651825999999999794e+00   1.404480e-01   1.943675e-02
4.656537000000000148e+00   1.137020e-01   1.953016e-02
4.661247999999999614e+00   1.189236e-01   1.978278e-02
4.665958999999999968e+00   1.307644e-01   1.994421e-02
4.670670999999999573e+00   1.356549e-01   2.007258e-02
4.675381999999999927e+00   1.149866e-01   2.021268e-02
4.680093000000000281e+00   1.167230e-01   2.040792e-02
4.684803999999999746e+00   1.059259e-01   2.060511e-02
4.689516000000000240e+00   1.032400e-01   2.081347e-02
4.694226999999999705e+00   1.006175e-01   2.099961e-02
4.698938000000000059e+00   7.754783e-02   2.118164e-02
4.703649000000000413e+00   1.202060e-01   2.143813e-02
4.708361000000000018e+00   1.107143e-01   2.159735e-02
4.713072000000000372e+00   1.093273e-01   2.189834e-02
4.717782999999999838e+00   1.160107e-01   2.211950e-02
4.722494000000000192e+00   1.161086e-01   2.235999e-02
4.727205999999999797e+00   1.261115e-01   2.263298e-02
4.731917000000000151e+00   1.191385e-01   2.290403e-02
4.736627999999999616e+00   9.793858e-02   2.312459e-02
4.741338999999999970e+00   1.312571e-01   2.346498e-02
4.746050999999999576e+00   7.859327e-02   2.366333e-02
4.750761999999999929e+00   7.207637e-02   2.381150e-02
4.755473000000000283e+00   7.819160e-02   2.410762e-02
4.760183999999999749e+00   9.729482e-02   2.449131e-02
4.764896000000000242e+00   8.105224e-02   2.487415e-02
4.769606999999999708e+00   9.599933e-02   2.522018e-02
4.774318000000000062e+00   9.752029e-02   2.562904e-02
4.779029000000000416e+00   8.680862e-02   2.587550e-02
4.783741000000000021e+00   1.156209e-01   2.623229e-02
4.788452000000000375e+00   8.086206e-02   2.669773e-02
4.793162999999999840e+00   9.627635e-02   2.716196e-02
4.797874000000000194e+00   7.293325e-02   2.749770e-02
4.802585999999999800e+00   7.697313e-02   2.791628e-02
4.807297000000000153e+00   9.707527e-02   2.848030e-02
4.812007999999999619e+00   7.429788e-02   2.891799e-02
4.816718999999999973e+00   1.259569e-01   2.963146e-02
4.821430999999999578e+00   1.041669e-01   3.009023e-02
4.826141999999999932e+00   1.260839e-01   3.070130e-02
4.830853000000000286e+00   1.486475e-01   3.139156e-02
4.835564999999999891e+00   1.069599e-01   3.200962e-02
4.840276000000000245e+00   1.022855e-01   3.281093e-02
4.844986999999999711e+00   6.418629e-02   3.334098e-02
4.849698000000000064e+00   1.328670e-01   3.432023e-02
4.854409999999999670e+00   6.051785e-02   3.503175e-02
4.859121000000000024e+00   1.148278e-01   3.612761e-02
4.863832000000000377e+00   1.000160e-01   3.717096e-02
4.868542999999999843e+00   5.472547e-02   3.832749e-02
4.873255000000000337e+00   1.424093e-01   3.968613e-02
4.877965999999999802e+00   1.029601e-01   4.095030e-02
4.882677000000000156e+00   8.825005e-02   4.242606e-02
4.887387999999999622e+00   1.031439e-01   4.414847e-02
4.892100000000000115e+00   1.033485e-01   4.596148e-02
4.896810999999999581e+00   8.934449e-02   4.820937e-02
4.901521999999999935e+00   6.824499e-02   5.071471e-02
4.906233000000000288e+00   6.995965e-02   5.349678e-02
4.910944999999999894e+00   7.813567e-02   5.695035e-02
4.915656000000000247e+00   1.751007e-01   6.198900e-02
4.920366999999999713e+00   2.536750e-01   6.828042e-02
4.925078000000000067e+00   1.300754e-01   7.444857e-02
4.929789999999999672e+00  -2.937166e-02   8.487333e-02
4.934501000000000026e+00   2.407827e-03   1.016882e-01
4.939212000000000380e+00   1.021685e-01   1.337016e-01
4.943922999999999845e+00   2.935117e-01   2.435032e-01