1.579684694128846933e+00 1.791783812190640979e-01
1.558984687951200376e+00 1.508658749280127331e-01
1.642715335572660029e+00 1.500802212849727812e-01
1.687894692405298214e+00 1.343986829777170655e-01
1.688915936188289280e+00 1.154806525517167171e-01
2.888387237614132630e+00 8.561375263014698866e-01
1.375567674636840820e+00 1.791783812190640979e-01
1.352737426757812500e+00 1.508658749280127331e-01
1.321604728698730469e+00 1.500802212849727812e-01
1.326761126518249512e+00 1.343986829777170655e-01
1.354216814041137695e+00 1.154806525517167171e-01
1.963807582855224609e+00 8.561375263014698866e-01
