# [1]
# Sample c= 3.37 mg/ml
# Intensity scaled by concentration
# Buffer subtracted data file:
# Protein DatFile = /data/visitor/mx1908/bm29/20161119/giulio/1d/mM300_201_ave.dat
# Buffer DatFile = /data/visitor/mx1908/bm29/20161119/giulio/ednaSub/mM300_201_ave_averbuffer.dat
# 
# AutoRg: Rg   =   0.6955 +/- 0.12 ( 17.6%)
# AutoRg: I(0) =   1.10 +/- 0.0029
# AutoRg: Points   25 to 251 ( 227 total)
# AutoRg: Quality: 91.3%
# 
# 
# Sample Information:
# Storage Temperature (degrees C): 20.0
# Measurement Temperature (degrees C): 20.05
# Concentration: 3.37
# Code: 
3.479420999999999903e-02   1.653501e+00   2.230384e+00
3.950545999999999919e-02  -5.090430e-01   8.877995e-01
4.421672000000000102e-02   4.529889e-01   5.795946e-01
4.892798000000000286e-02   1.248408e+00   4.446511e-01
5.363923000000000302e-02   1.195470e+00   3.563537e-01
5.835048999999999791e-02   1.086416e+00   2.918035e-01
6.306174999999999975e-02   8.257003e-01   2.426000e-01
6.777299999999999991e-02   1.052694e+00   2.063859e-01
7.248425999999999481e-02   8.853694e-01   1.786466e-01
7.719552000000000358e-02   7.668835e-01   1.574559e-01
8.190677000000000374e-02   1.041745e+00   1.399988e-01
8.661802999999999864e-02   1.172111e+00   1.262310e-01
9.132928999999999353e-02   1.247879e+00   1.154602e-01
9.604053999999999369e-02   1.126494e+00   1.067214e-01
1.007518000000000025e-01   1.185271e+00   9.889974e-02
1.054631000000000041e-01   1.058411e+00   9.217109e-02
1.101743000000000028e-01   1.080088e+00   8.666599e-02
1.148856000000000044e-01   1.121302e+00   8.182225e-02
1.195968000000000031e-01   1.118797e+00   7.735704e-02
1.243081000000000047e-01   1.025211e+00   7.366414e-02
1.290193000000000034e-01   1.048069e+00   7.043114e-02
1.337306000000000050e-01   1.051395e+00   6.765848e-02
1.384419000000000066e-01   1.050359e+00   6.514884e-02
1.431531000000000053e-01   1.013019e+00   6.278051e-02
1.478644000000000069e-01   1.074066e+00   6.085072e-02
1.525756000000000057e-01   1.118893e+00   5.906555e-02
1.572869000000000073e-01   1.108727e+00   5.742331e-02
1.619981000000000060e-01   1.040409e+00   5.580495e-02
1.667094000000000076e-01   1.050022e+00   5.446501e-02
1.714206000000000063e-01   1.099407e+00   5.317382e-02
1.761319000000000079e-01   1.100620e+00   5.183721e-02
1.808432000000000095e-01   1.068413e+00   5.076366e-02
1.855544000000000082e-01   1.090365e+00   4.976537e-02
1.902657000000000098e-01   1.131765e+00   4.891754e-02
1.949769000000000085e-01   1.112983e+00   4.801897e-02
1.996882000000000101e-01   1.017840e+00   4.691406e-02
2.043994000000000089e-01   1.093788e+00   4.624525e-02
2.091107000000000105e-01   1.076554e+00   4.551720e-02
2.138220000000000121e-01   1.077952e+00   4.488571e-02
2.185332000000000108e-01   1.084301e+00   4.422748e-02
2.232445000000000124e-01   1.118889e+00   4.350550e-02
2.279557000000000111e-01   1.046536e+00   4.286822e-02
2.326670000000000127e-01   1.062139e+00   4.235440e-02
2.373782000000000114e-01   1.067983e+00   4.177284e-02
2.420895000000000130e-01   1.088329e+00   4.130134e-02
2.468007000000000117e-01   1.119154e+00   4.077219e-02
2.515120000000000133e-01   1.075023e+00   4.027699e-02
2.562232999999999872e-01   1.044433e+00   3.977057e-02
2.609345000000000137e-01   1.072839e+00   3.930790e-02
2.656457999999999875e-01   1.110909e+00   3.897799e-02
2.703570000000000140e-01   1.070383e+00   3.852742e-02
2.750682999999999878e-01   1.039387e+00   3.815463e-02
2.797795000000000143e-01   1.055029e+00   3.775854e-02
2.844907999999999881e-01   1.119513e+00   3.738861e-02
2.892021000000000175e-01   1.131416e+00   3.697924e-02
2.939132999999999885e-01   1.052721e+00   3.664493e-02
2.986246000000000178e-01   1.028628e+00   3.625202e-02
3.033357999999999888e-01   1.041537e+00   3.596108e-02
3.080471000000000181e-01   1.049672e+00   3.567412e-02
3.127582999999999891e-01   1.079418e+00   3.539426e-02
3.174696000000000184e-01   1.075401e+00   3.506585e-02
3.221808999999999923e-01   1.080094e+00   3.475955e-02
3.268921000000000188e-01   1.060500e+00   3.448750e-02
3.316033999999999926e-01   1.076182e+00   3.428678e-02
3.363146000000000191e-01   1.088666e+00   3.454252e-02
3.410258999999999929e-01   1.123464e+00   3.489601e-02
3.457371000000000194e-01   1.121199e+00   3.503880e-02
3.504483999999999932e-01   1.054024e+00   3.544336e-02
3.551596000000000197e-01   1.068608e+00   3.618404e-02
3.598708999999999936e-01   1.130677e+00   3.664297e-02
3.645822000000000229e-01   1.075773e+00   3.694668e-02
3.692933999999999939e-01   1.060441e+00   3.724319e-02
3.740047000000000232e-01   1.041046e+00   3.747773e-02
3.787158999999999942e-01   1.046053e+00   3.768774e-02
3.834272000000000236e-01   1.044678e+00   3.784505e-02
3.881383999999999945e-01   1.062869e+00   3.807238e-02
3.928497000000000239e-01   1.079991e+00   3.900666e-02
3.975609999999999977e-01   1.054296e+00   4.015458e-02
4.022722000000000242e-01   9.715154e-01   4.095481e-02
4.069834999999999980e-01   1.053776e+00   4.181969e-02
4.116947000000000245e-01   1.099646e+00   4.254464e-02
4.164059999999999984e-01   1.063353e+00   4.315626e-02
4.211172000000000248e-01   1.087966e+00   4.381958e-02
4.258284999999999987e-01   1.055144e+00   4.438612e-02
4.305397000000000252e-01   1.084723e+00   4.502111e-02
4.352509999999999990e-01   1.077307e+00   4.557988e-02
4.399622999999999728e-01   1.102303e+00   4.630601e-02
4.446734999999999993e-01   1.125030e+00   4.726119e-02
4.493847999999999732e-01   1.097656e+00   4.782463e-02
4.540959999999999996e-01   1.036742e+00   4.812139e-02
4.588072999999999735e-01   1.088874e+00   4.660047e-02
4.635185000000000000e-01   1.087581e+00   4.543654e-02
4.682297999999999738e-01   1.103586e+00   4.478571e-02
4.729411000000000032e-01   1.072696e+00   4.422899e-02
4.776522999999999741e-01   1.099914e+00   4.382523e-02
4.823636000000000035e-01   1.017555e+00   4.339749e-02
4.870747999999999744e-01   1.040874e+00   4.316062e-02
4.917861000000000038e-01   1.029383e+00   4.290350e-02
4.964972999999999748e-01   1.021255e+00   4.262483e-02
5.012086000000000041e-01   1.046530e+00   4.244771e-02
5.059198999999999780e-01   1.043949e+00   4.225515e-02
5.106311000000000044e-01   1.074598e+00   4.211191e-02
5.153423999999999783e-01   1.091124e+00   4.181797e-02
5.200536000000000048e-01   1.037795e+00   4.142605e-02
5.247648999999999786e-01   1.080135e+00   4.119780e-02
5.294761000000000051e-01   1.067304e+00   4.092561e-02
5.341873999999999789e-01   1.081686e+00   4.064447e-02
5.388986000000000054e-01   1.064848e+00   4.034384e-02
5.436098999999999792e-01   1.036724e+00   4.009873e-02
5.483211999999999531e-01   1.092649e+00   3.984213e-02
5.530323999999999796e-01   1.124461e+00   3.960903e-02
5.577436999999999534e-01   1.087426e+00   3.932385e-02
5.624548999999999799e-01   1.064641e+00   3.913156e-02
5.671661999999999537e-01   1.060934e+00   3.893214e-02
5.718773999999999802e-01   1.086829e+00   3.885031e-02
5.765886999999999540e-01   1.058014e+00   3.872924e-02
5.813000000000000389e-01   1.053943e+00   3.860795e-02
5.860111999999999544e-01   9.750199e-01   3.845144e-02
5.907225000000000392e-01   1.055134e+00   3.848377e-02
5.954336999999999547e-01   1.053872e+00   3.834528e-02
6.001450000000000395e-01   1.049230e+00   3.826047e-02
6.048561999999999550e-01   1.053358e+00   3.816030e-02
6.095675000000000399e-01   1.060004e+00   3.811272e-02
6.142788000000000137e-01   1.060960e+00   3.805038e-02
6.189900000000000402e-01   9.971349e-01   3.781795e-02
6.237013000000000140e-01   1.065461e+00   3.780954e-02
6.284125000000000405e-01   1.058440e+00   3.772950e-02
6.331238000000000143e-01   1.052441e+00   3.758402e-02
6.378350000000000408e-01   1.109656e+00   3.760094e-02
6.425463000000000147e-01   1.029372e+00   3.745590e-02
6.472575000000000411e-01   1.038491e+00   3.735286e-02
6.519688000000000150e-01   9.693451e-01   3.722182e-02
6.566800999999999888e-01   1.027171e+00   3.717364e-02
6.613913000000000153e-01   1.003084e+00   3.704402e-02
6.661025999999999891e-01   1.062236e+00   3.700732e-02
6.708138000000000156e-01   1.038388e+00   3.690140e-02
6.755250999999999895e-01   1.079840e+00   3.688231e-02
6.802363000000000159e-01   1.032047e+00   3.679612e-02
6.849475999999999898e-01   1.016771e+00   3.670633e-02
6.896588999999999636e-01   1.000110e+00   3.652826e-02
6.943700999999999901e-01   9.969742e-01   3.644313e-02
6.990813999999999639e-01   9.403358e-01   3.635936e-02
7.037925999999999904e-01   1.012359e+00   3.634300e-02
7.085038999999999643e-01   9.995073e-01   3.623721e-02
7.132150999999999907e-01   9.976785e-01   3.612928e-02
7.179263999999999646e-01   9.622328e-01   3.608680e-02
7.226375999999999911e-01   1.014867e+00   3.607300e-02
7.273488999999999649e-01   1.046332e+00   3.603142e-02
7.320602000000000498e-01   9.990097e-01   3.587554e-02
7.367713999999999652e-01   9.862346e-01   3.579910e-02
7.414827000000000501e-01   9.795874e-01   3.567621e-02
7.461938999999999655e-01   1.022123e+00   3.566705e-02
7.509052000000000504e-01   1.041565e+00   3.559212e-02
7.556163999999999659e-01   9.863257e-01   3.541991e-02
7.603277000000000507e-01   1.012074e+00   3.546987e-02
7.650390000000000246e-01   9.910473e-01   3.533045e-02
7.697502000000000510e-01   1.031219e+00   3.532778e-02
7.744615000000000249e-01   1.034115e+00   3.525197e-02
7.791727000000000514e-01   1.000604e+00   3.508942e-02
7.838840000000000252e-01   9.755249e-01   3.505154e-02
7.885952000000000517e-01   9.727075e-01   3.496867e-02
7.933065000000000255e-01   1.009301e+00   3.493873e-02
7.980177999999999994e-01   9.724007e-01   3.489277e-02
8.027290000000000258e-01   1.003359e+00   3.480666e-02
8.074402999999999997e-01   9.891530e-01   3.475257e-02
8.121515000000000262e-01   1.004768e+00   3.462482e-02
8.168628000000000000e-01   9.608438e-01   3.451313e-02
8.215740000000000265e-01   9.566939e-01   3.442901e-02
8.262853000000000003e-01   9.742682e-01   3.444734e-02
8.309965000000000268e-01   9.708212e-01   3.438235e-02
8.357078000000000007e-01   9.786049e-01   3.431448e-02
8.404190999999999745e-01   9.561265e-01   3.420764e-02
8.451303000000000010e-01   9.457786e-01   3.410752e-02
8.498415999999999748e-01   9.505357e-01   3.402310e-02
8.545528000000000013e-01   9.951935e-01   3.398167e-02
8.592640999999999751e-01   9.878667e-01   3.396583e-02
8.639753000000000016e-01   9.506197e-01   3.391106e-02
8.686865999999999755e-01   9.807240e-01   3.381824e-02
8.733978999999999493e-01   9.899091e-01   3.375614e-02
8.781090999999999758e-01   9.502651e-01   3.366282e-02
8.828203999999999496e-01   1.045858e+00   3.369195e-02
8.875315999999999761e-01   1.001628e+00   3.361964e-02
8.922428999999999499e-01   9.816257e-01   3.352811e-02
8.969540999999999764e-01   9.953206e-01   3.342585e-02
9.016653999999999503e-01   9.187731e-01   3.332231e-02
9.063767000000000351e-01   9.294522e-01   3.323920e-02
9.110878999999999506e-01   9.116478e-01   3.319692e-02
9.157992000000000354e-01   9.217182e-01   3.314490e-02
9.205103999999999509e-01   9.589025e-01   3.311307e-02
9.252217000000000358e-01   9.342996e-01   3.303634e-02
9.299328999999999512e-01   9.589606e-01   3.297663e-02
9.346442000000000361e-01   9.087470e-01   3.289469e-02
9.393553999999999515e-01   9.754396e-01   3.289056e-02
9.440667000000000364e-01   9.728154e-01   3.281273e-02
9.487780000000000102e-01   9.732479e-01   3.276834e-02
9.534892000000000367e-01   9.645477e-01   3.272009e-02
9.582005000000000106e-01   9.082096e-01   3.262234e-02
9.629117000000000370e-01   9.370022e-01   3.255419e-02
9.676230000000000109e-01   9.477574e-01   3.251144e-02
9.723342000000000374e-01   9.207849e-01   3.241574e-02
9.770455000000000112e-01   9.350335e-01   3.237828e-02
9.817567999999999850e-01   9.383566e-01   3.231330e-02
9.864680000000000115e-01   9.378639e-01   3.225282e-02
9.911792999999999854e-01   9.161977e-01   3.218853e-02
9.958905000000000118e-01   9.594827e-01   3.218833e-02
1.000601999999999991e+00   1.003740e+00   3.217261e-02
1.005312999999999901e+00   9.528040e-01   3.208313e-02
1.010024000000000033e+00   9.446323e-01   3.200621e-02
1.014736000000000082e+00   9.349586e-01   3.193241e-02
1.019446999999999992e+00   9.778182e-01   3.190179e-02
1.024157999999999902e+00   9.533289e-01   3.180854e-02
1.028869000000000034e+00   9.533796e-01   3.177478e-02
1.033581000000000083e+00   9.303637e-01   3.174978e-02
1.038291999999999993e+00   9.107047e-01   3.165319e-02
1.043002999999999902e+00   8.965081e-01   3.156506e-02
1.047714000000000034e+00   8.983785e-01   3.150097e-02
1.052426000000000084e+00   9.035996e-01   3.145110e-02
1.057136999999999993e+00   9.114987e-01   3.149535e-02
1.061847999999999903e+00   9.025624e-01   3.139269e-02
1.066559000000000035e+00   9.355199e-01   3.132393e-02
1.071271000000000084e+00   9.288242e-01   3.130044e-02
1.075981999999999994e+00   8.988028e-01   3.123829e-02
1.080692999999999904e+00   9.158758e-01   3.115143e-02
1.085404000000000035e+00   9.238001e-01   3.109847e-02
1.090116000000000085e+00   9.256892e-01   3.107770e-02
1.094826999999999995e+00   8.967120e-01   3.100993e-02
1.099537999999999904e+00   8.494478e-01   3.093707e-02
1.104249000000000036e+00   8.720372e-01   3.085211e-02
1.108961000000000086e+00   9.301021e-01   3.084529e-02
1.113671999999999995e+00   9.226766e-01   3.078346e-02
1.118382999999999905e+00   8.831789e-01   3.073772e-02
1.123094000000000037e+00   8.758611e-01   3.066404e-02
1.127806000000000086e+00   8.516955e-01   3.062682e-02
1.132516999999999996e+00   8.724708e-01   3.057600e-02
1.137227999999999906e+00   8.888786e-01   3.053262e-02
1.141939000000000037e+00   8.694943e-01   3.047947e-02
1.146651000000000087e+00   9.261820e-01   3.046677e-02
1.151361999999999997e+00   8.699723e-01   3.035054e-02
1.156072999999999906e+00   8.832057e-01   3.037168e-02
1.160784000000000038e+00   8.740357e-01   3.030328e-02
1.165496000000000087e+00   8.827881e-01   3.021544e-02
1.170206999999999997e+00   8.721762e-01   3.020733e-02
1.174917999999999907e+00   8.689032e-01   3.014991e-02
1.179629999999999956e+00   8.688941e-01   3.013382e-02
1.184341000000000088e+00   9.158110e-01   3.011585e-02
1.189051999999999998e+00   9.083597e-01   3.006460e-02
1.193762999999999908e+00   8.734205e-01   3.004318e-02
1.198474999999999957e+00   9.004154e-01   3.072868e-02
1.203186000000000089e+00   8.553152e-01   3.148129e-02
1.207896999999999998e+00   8.682036e-01   3.196314e-02
1.212607999999999908e+00   8.575770e-01   3.241864e-02
1.217319999999999958e+00   8.076093e-01   3.273269e-02
1.222031000000000089e+00   8.159362e-01   3.310887e-02
1.226741999999999999e+00   8.839389e-01   3.345618e-02
1.231452999999999909e+00   8.631418e-01   3.371906e-02
1.236164999999999958e+00   8.322812e-01   3.396500e-02
1.240876000000000090e+00   8.315550e-01   3.420135e-02
1.245587000000000000e+00   8.486883e-01   3.436540e-02
1.250297999999999909e+00   8.003485e-01   3.446937e-02
1.255009999999999959e+00   7.991453e-01   3.451116e-02
1.259721000000000091e+00   8.315510e-01   3.458344e-02
1.264432000000000000e+00   8.712872e-01   3.344628e-02
1.269142999999999910e+00   8.719349e-01   3.264055e-02
1.273854999999999960e+00   8.735789e-01   3.205795e-02
1.278566000000000091e+00   8.187100e-01   3.157516e-02
1.283277000000000001e+00   8.171484e-01   3.124140e-02
1.287987999999999911e+00   7.565472e-01   3.087992e-02
1.292699999999999960e+00   8.164525e-01   3.069540e-02
1.297411000000000092e+00   7.995737e-01   3.038804e-02
1.302122000000000002e+00   8.043616e-01   3.017695e-02
1.306832999999999911e+00   7.980220e-01   2.997561e-02
1.311544999999999961e+00   8.294910e-01   2.999202e-02
1.316256000000000093e+00   8.066753e-01   2.985433e-02
1.320967000000000002e+00   8.005901e-01   2.978734e-02
1.325677999999999912e+00   7.859180e-01   2.975377e-02
1.330389999999999961e+00   8.225332e-01   2.964996e-02
1.335101000000000093e+00   8.406716e-01   2.960591e-02
1.339812000000000003e+00   8.511315e-01   2.955116e-02
1.344522999999999913e+00   8.028993e-01   2.946404e-02
1.349234999999999962e+00   7.579660e-01   2.935831e-02
1.353946000000000094e+00   8.077507e-01   2.932969e-02
1.358657000000000004e+00   7.866047e-01   2.926341e-02
1.363369000000000053e+00   8.521185e-01   2.923876e-02
1.368079999999999963e+00   8.149622e-01   2.917904e-02
1.372791000000000095e+00   7.985138e-01   2.912558e-02
1.377502000000000004e+00   7.972630e-01   2.907643e-02
1.382214000000000054e+00   7.787405e-01   2.898964e-02
1.386924999999999963e+00   7.665928e-01   2.891527e-02
1.391636000000000095e+00   8.026062e-01   2.889551e-02
1.396347000000000005e+00   8.124129e-01   2.886718e-02
1.401059000000000054e+00   8.159897e-01   2.880065e-02
1.405769999999999964e+00   7.633874e-01   2.871747e-02
1.410481000000000096e+00   7.555995e-01   2.866335e-02
1.415192000000000005e+00   7.729081e-01   2.861858e-02
1.419904000000000055e+00   7.690420e-01   2.856284e-02
1.424614999999999965e+00   7.692249e-01   2.853648e-02
1.429326000000000096e+00   7.697982e-01   2.849667e-02
1.434037000000000006e+00   7.673339e-01   2.841360e-02
1.438749000000000056e+00   8.137126e-01   2.840381e-02
1.443459999999999965e+00   7.525208e-01   2.831056e-02
1.448171000000000097e+00   7.513542e-01   2.828402e-02
1.452882000000000007e+00   7.638355e-01   2.827957e-02
1.457594000000000056e+00   7.661740e-01   2.820979e-02
1.462304999999999966e+00   7.393386e-01   2.812580e-02
1.467016000000000098e+00   7.779050e-01   2.814184e-02
1.471727000000000007e+00   7.557304e-01   2.809304e-02
1.476439000000000057e+00   6.906897e-01   2.799419e-02
1.481149999999999967e+00   7.143125e-01   2.797235e-02
1.485861000000000098e+00   7.730723e-01   2.795040e-02
1.490572000000000008e+00   7.496748e-01   2.790369e-02
1.495284000000000058e+00   7.059795e-01   2.780003e-02
1.499994999999999967e+00   7.549019e-01   2.781223e-02
1.504706000000000099e+00   7.548203e-01   2.776261e-02
1.509417000000000009e+00   7.456509e-01   2.774631e-02
1.514129000000000058e+00   7.472582e-01   2.782627e-02
1.518839999999999968e+00   7.165511e-01   2.861285e-02
1.523551000000000100e+00   7.681195e-01   2.925015e-02
1.528262999999999927e+00   7.084769e-01   2.962475e-02
1.532974000000000059e+00   7.420662e-01   2.998513e-02
1.537684999999999969e+00   7.666681e-01   3.029342e-02
1.542396000000000100e+00   7.316069e-01   3.028212e-02
1.547107999999999928e+00   7.093079e-01   2.950702e-02
1.551819000000000059e+00   7.273731e-01   2.908897e-02
1.556529999999999969e+00   7.071905e-01   2.880083e-02
1.561241000000000101e+00   7.035983e-01   2.853146e-02
1.565952999999999928e+00   6.691605e-01   2.823210e-02
1.570664000000000060e+00   6.606751e-01   2.790903e-02
1.575374999999999970e+00   6.517730e-01   2.761448e-02
1.580086000000000102e+00   6.854787e-01   2.740632e-02
1.584797999999999929e+00   7.057958e-01   2.725988e-02
1.589509000000000061e+00   7.172212e-01   2.723099e-02
1.594219999999999970e+00   7.279407e-01   2.720838e-02
1.598931000000000102e+00   7.181412e-01   2.723323e-02
1.603642999999999930e+00   7.099291e-01   2.725554e-02
1.608354000000000061e+00   6.932855e-01   2.727603e-02
1.613064999999999971e+00   6.775803e-01   2.721083e-02
1.617776000000000103e+00   7.022418e-01   2.718620e-02
1.622487999999999930e+00   7.160862e-01   2.715652e-02
1.627199000000000062e+00   7.062559e-01   2.709595e-02
1.631909999999999972e+00   6.894041e-01   2.707391e-02
1.636621000000000103e+00   7.029956e-01   2.702356e-02
1.641332999999999931e+00   6.948028e-01   2.695476e-02
1.646044000000000063e+00   6.806053e-01   2.691218e-02
1.650754999999999972e+00   6.319795e-01   2.685064e-02
1.655466000000000104e+00   6.405874e-01   2.681179e-02
1.660177999999999932e+00   6.500236e-01   2.678200e-02
1.664889000000000063e+00   6.427239e-01   2.673703e-02
1.669599999999999973e+00   6.629059e-01   2.670256e-02
1.674311000000000105e+00   6.542535e-01   2.663221e-02
1.679022999999999932e+00   6.248428e-01   2.656610e-02
1.683734000000000064e+00   6.566999e-01   2.659533e-02
1.688444999999999974e+00   6.365299e-01   2.653691e-02
1.693156000000000105e+00   6.699110e-01   2.650842e-02
1.697867999999999933e+00   6.500820e-01   2.645652e-02
1.702579000000000065e+00   6.213053e-01   2.639813e-02
1.707289999999999974e+00   6.318982e-01   2.637663e-02
1.712002000000000024e+00   6.113791e-01   2.631419e-02
1.716712999999999933e+00   6.230857e-01   2.628747e-02
1.721424000000000065e+00   6.526797e-01   2.627505e-02
1.726134999999999975e+00   6.563358e-01   2.623664e-02
1.730847000000000024e+00   6.070705e-01   2.616982e-02
1.735557999999999934e+00   6.327550e-01   2.614348e-02
1.740269000000000066e+00   6.232072e-01   2.613616e-02
1.744979999999999976e+00   6.397131e-01   2.611437e-02
1.749692000000000025e+00   6.487237e-01   2.607297e-02
1.754402999999999935e+00   6.441216e-01   2.602106e-02
1.759114000000000066e+00   5.926067e-01   2.591846e-02
1.763824999999999976e+00   6.374479e-01   2.592471e-02
1.768537000000000026e+00   6.381140e-01   2.589433e-02
1.773247999999999935e+00   6.414260e-01   2.585481e-02
1.777959000000000067e+00   6.108047e-01   2.583858e-02
1.782669999999999977e+00   6.268849e-01   2.582301e-02
1.787382000000000026e+00   6.158423e-01   2.575635e-02
1.792092999999999936e+00   5.792185e-01   2.571530e-02
1.796804000000000068e+00   6.013820e-01   2.567273e-02
1.801514999999999977e+00   5.978392e-01   2.564318e-02
1.806227000000000027e+00   5.634389e-01   2.561282e-02
1.810937999999999937e+00   5.796536e-01   2.555964e-02
1.815649000000000068e+00   6.153468e-01   2.555258e-02
1.820359999999999978e+00   5.994711e-01   2.552483e-02
1.825072000000000028e+00   5.894898e-01   2.546575e-02
1.829782999999999937e+00   6.099520e-01   2.544784e-02
1.834494000000000069e+00   6.071720e-01   2.541619e-02
1.839204999999999979e+00   5.697845e-01   2.537706e-02
1.843917000000000028e+00   5.700265e-01   2.534380e-02
1.848627999999999938e+00   5.981006e-01   2.531967e-02
1.853339000000000070e+00   5.765896e-01   2.529097e-02
1.858049999999999979e+00   5.816961e-01   2.523328e-02
1.862762000000000029e+00   5.839980e-01   2.523862e-02
1.867472999999999939e+00   5.534411e-01   2.516699e-02
1.872184000000000070e+00   5.560378e-01   2.513411e-02
1.876894999999999980e+00   5.301142e-01   2.509839e-02
1.881607000000000030e+00   5.648794e-01   2.507046e-02
1.886317999999999939e+00   5.694064e-01   2.503352e-02
1.891029000000000071e+00   5.869872e-01   2.500700e-02
1.895740999999999898e+00   5.791990e-01   2.498147e-02
1.900452000000000030e+00   5.417427e-01   2.492790e-02
1.905162999999999940e+00   5.536901e-01   2.492234e-02
1.909874000000000072e+00   5.366865e-01   2.486743e-02
1.914585999999999899e+00   5.750607e-01   2.485400e-02
1.919297000000000031e+00   5.669204e-01   2.483680e-02
1.924007999999999940e+00   5.469387e-01   2.480999e-02
1.928719000000000072e+00   5.712861e-01   2.479622e-02
1.933430999999999900e+00   5.684565e-01   2.472259e-02
1.938142000000000031e+00   5.368108e-01   2.465911e-02
1.942852999999999941e+00   5.604928e-01   2.464041e-02
1.947564000000000073e+00   5.454103e-01   2.453835e-02
1.952275999999999900e+00   5.146179e-01   2.445641e-02
1.956987000000000032e+00   5.236386e-01   2.442978e-02
1.961697999999999942e+00   5.102329e-01   2.442276e-02
1.966409000000000074e+00   5.039320e-01   2.433795e-02
1.971120999999999901e+00   5.277280e-01   2.434224e-02
1.975832000000000033e+00   5.032148e-01   2.431770e-02
1.980542999999999942e+00   5.239328e-01   2.435577e-02
1.985254000000000074e+00   5.021994e-01   2.432957e-02
1.989965999999999902e+00   5.047740e-01   2.431799e-02
1.994677000000000033e+00   5.422938e-01   2.436424e-02
1.999387999999999943e+00   5.302440e-01   2.440084e-02
2.004099000000000075e+00   5.050208e-01   2.495646e-02
2.008811000000000124e+00   4.989582e-01   2.546669e-02
2.013522000000000034e+00   4.924861e-01   2.581225e-02
2.018232999999999944e+00   5.357723e-01   2.612301e-02
2.022943999999999853e+00   5.287138e-01   2.638647e-02
2.027655999999999903e+00   5.034469e-01   2.661904e-02
2.032366999999999813e+00   4.891335e-01   2.672189e-02
2.037078000000000166e+00   5.122027e-01   2.680638e-02
2.041789000000000076e+00   5.147303e-01   2.688727e-02
2.046501000000000126e+00   4.798361e-01   2.692638e-02
2.051212000000000035e+00   4.926415e-01   2.700401e-02
2.055922999999999945e+00   5.218117e-01   2.709896e-02
2.060633999999999855e+00   5.128116e-01   2.714630e-02
2.065345999999999904e+00   5.061159e-01   2.710805e-02
2.070056999999999814e+00   5.050896e-01   2.630697e-02
2.074768000000000168e+00   4.974697e-01   2.577697e-02
2.079480000000000217e+00   5.018505e-01   2.541643e-02
2.084191000000000127e+00   4.662846e-01   2.514494e-02
2.088902000000000037e+00   4.587783e-01   2.492862e-02
2.093612999999999946e+00   4.770841e-01   2.474602e-02
2.098324999999999996e+00   4.901822e-01   2.464675e-02
2.103035999999999905e+00   4.881120e-01   2.457160e-02
2.107746999999999815e+00   4.781116e-01   2.448953e-02
2.112458000000000169e+00   4.467286e-01   2.442541e-02
2.117170000000000218e+00   4.875810e-01   2.439742e-02
2.121881000000000128e+00   5.257059e-01   2.435884e-02
2.126592000000000038e+00   4.848164e-01   2.427399e-02
2.131302999999999948e+00   4.940974e-01   2.425440e-02
2.136014999999999997e+00   5.080210e-01   2.422122e-02
2.140725999999999907e+00   4.767915e-01   2.416054e-02
2.145436999999999816e+00   4.561979e-01   2.408694e-02
2.150148000000000170e+00   4.504538e-01   2.404951e-02
2.154860000000000220e+00   4.423559e-01   2.400354e-02
2.159571000000000129e+00   4.409430e-01   2.396615e-02
2.164282000000000039e+00   4.589404e-01   2.396677e-02
2.168992999999999949e+00   4.397944e-01   2.391083e-02
2.173704999999999998e+00   4.650594e-01   2.385899e-02
2.178415999999999908e+00   4.621827e-01   2.383864e-02
2.183126999999999818e+00   4.359208e-01   2.378022e-02
2.187838000000000171e+00   4.744084e-01   2.376941e-02
2.192550000000000221e+00   4.721041e-01   2.373893e-02
2.197261000000000131e+00   4.648527e-01   2.369859e-02
2.201972000000000040e+00   4.336822e-01   2.364988e-02
2.206682999999999950e+00   4.599676e-01   2.365594e-02
2.211395000000000000e+00   4.363756e-01   2.360321e-02
2.216105999999999909e+00   4.458572e-01   2.356100e-02
2.220816999999999819e+00   4.469977e-01   2.353907e-02
2.225528000000000173e+00   4.667662e-01   2.351721e-02
2.230239999999999778e+00   4.345429e-01   2.346904e-02
2.234951000000000132e+00   4.203795e-01   2.343347e-02
2.239662000000000042e+00   4.395804e-01   2.340854e-02
2.244372999999999951e+00   4.396432e-01   2.339238e-02
2.249085000000000001e+00   4.282464e-01   2.336631e-02
2.253795999999999911e+00   4.243861e-01   2.331487e-02
2.258506999999999820e+00   4.125386e-01   2.327640e-02
2.263218999999999870e+00   4.520096e-01   2.327579e-02
2.267929999999999779e+00   4.311347e-01   2.320009e-02
2.272641000000000133e+00   4.175664e-01   2.319230e-02
2.277352000000000043e+00   4.279459e-01   2.314323e-02
2.282064000000000092e+00   4.266639e-01   2.312928e-02
2.286775000000000002e+00   4.318139e-01   2.309660e-02
2.291485999999999912e+00   4.413388e-01   2.306442e-02
2.296196999999999822e+00   4.412295e-01   2.306466e-02
2.300908999999999871e+00   4.446215e-01   2.302484e-02
2.305619999999999781e+00   4.279983e-01   2.300625e-02
2.310331000000000135e+00   4.118404e-01   2.295890e-02
2.315042000000000044e+00   3.763063e-01   2.291953e-02
2.319754000000000094e+00   3.983442e-01   2.289486e-02
2.324465000000000003e+00   4.035362e-01   2.286897e-02
2.329175999999999913e+00   3.923496e-01   2.284209e-02
2.333886999999999823e+00   4.247651e-01   2.284898e-02
2.338598999999999872e+00   3.861362e-01   2.277546e-02
2.343309999999999782e+00   3.900217e-01   2.275025e-02
2.348021000000000136e+00   3.894366e-01   2.275261e-02
2.352732000000000046e+00   3.609611e-01   2.270858e-02
2.357444000000000095e+00   3.698428e-01   2.264213e-02
2.362155000000000005e+00   3.735464e-01   2.263142e-02
2.366865999999999914e+00   4.021671e-01   2.264616e-02
2.371576999999999824e+00   4.333033e-01   2.264386e-02
2.376288999999999874e+00   3.663116e-01   2.256512e-02
2.380999999999999783e+00   3.948409e-01   2.255376e-02
2.385711000000000137e+00   3.702944e-01   2.252875e-02
2.390422000000000047e+00   3.927588e-01   2.251476e-02
2.395134000000000096e+00   4.094301e-01   2.250342e-02
2.399845000000000006e+00   4.074805e-01   2.248751e-02
2.404555999999999916e+00   3.831485e-01   2.243813e-02
2.409266999999999825e+00   3.820194e-01   2.241735e-02
2.413978999999999875e+00   3.914589e-01   2.239671e-02
2.418689999999999785e+00   3.792407e-01   2.235373e-02
2.423401000000000138e+00   3.996059e-01   2.233665e-02
2.428112000000000048e+00   3.744967e-01   2.229953e-02
2.432824000000000098e+00   3.612565e-01   2.226793e-02
2.437535000000000007e+00   3.783823e-01   2.227617e-02
2.442245999999999917e+00   3.798260e-01   2.225858e-02
2.446957999999999966e+00   3.702871e-01   2.222282e-02
2.451668999999999876e+00   3.754826e-01   2.219165e-02
2.456379999999999786e+00   3.997430e-01   2.217938e-02
2.461091000000000140e+00   4.073697e-01   2.216658e-02
2.465803000000000189e+00   3.692302e-01   2.213978e-02
2.470514000000000099e+00   3.232677e-01   2.208645e-02
2.475225000000000009e+00   3.391714e-01   2.206420e-02
2.479935999999999918e+00   3.785932e-01   2.207480e-02
2.484647999999999968e+00   3.610692e-01   2.203862e-02
2.489358999999999877e+00   3.527752e-01   2.202779e-02
2.494069999999999787e+00   4.107554e-01   2.203318e-02
2.498781000000000141e+00   3.511366e-01   2.196285e-02
2.503493000000000190e+00   3.357393e-01   2.193169e-02
2.508204000000000100e+00   3.663026e-01   2.193833e-02
2.512915000000000010e+00   3.517601e-01   2.189327e-02
2.517625999999999920e+00   3.516194e-01   2.183334e-02
2.522337999999999969e+00   3.626861e-01   2.180861e-02
2.527048999999999879e+00   3.461340e-01   2.175296e-02
2.531759999999999788e+00   3.735429e-01   2.173321e-02
2.536471000000000142e+00   3.662807e-01   2.170782e-02
2.541183000000000192e+00   3.246930e-01   2.166698e-02
2.545894000000000101e+00   3.764754e-01   2.168147e-02
2.550605000000000011e+00   3.439444e-01   2.163404e-02
2.555315999999999921e+00   3.515329e-01   2.162738e-02
2.560027999999999970e+00   3.280735e-01   2.157364e-02
2.564738999999999880e+00   3.108566e-01   2.155641e-02
2.569449999999999790e+00   3.248269e-01   2.156890e-02
2.574161000000000143e+00   3.419188e-01   2.160031e-02
2.578873000000000193e+00   3.121338e-01   2.157819e-02
2.583584000000000103e+00   3.209005e-01   2.157360e-02
2.588295000000000012e+00   3.304741e-01   2.154296e-02
2.593005999999999922e+00   3.272661e-01   2.152777e-02
2.597717999999999972e+00   3.239672e-01   2.151486e-02
2.602428999999999881e+00   3.077964e-01   2.148527e-02
2.607139999999999791e+00   3.229878e-01   2.145450e-02
2.611851000000000145e+00   3.331353e-01   2.145028e-02
2.616563000000000194e+00   3.144379e-01   2.141957e-02
2.621274000000000104e+00   3.167453e-01   2.139057e-02
2.625985000000000014e+00   3.219597e-01   2.138370e-02
2.630697000000000063e+00   3.372400e-01   2.136341e-02
2.635407999999999973e+00   3.036871e-01   2.133101e-02
2.640118999999999883e+00   3.359603e-01   2.133746e-02
2.644829999999999792e+00   3.335502e-01   2.130830e-02
2.649541999999999842e+00   3.419308e-01   2.127749e-02
2.654253000000000196e+00   3.433769e-01   2.125712e-02
2.658964000000000105e+00   3.211322e-01   2.121459e-02
2.663675000000000015e+00   3.112912e-01   2.121257e-02
2.668387000000000064e+00   3.298108e-01   2.119134e-02
2.673097999999999974e+00   2.987965e-01   2.116066e-02
2.677808999999999884e+00   2.901214e-01   2.114903e-02
2.682519999999999794e+00   3.046070e-01   2.112857e-02
2.687231999999999843e+00   3.165602e-01   2.111535e-02
2.691943000000000197e+00   3.126645e-01   2.110661e-02
2.696654000000000106e+00   3.212797e-01   2.110561e-02
2.701365000000000016e+00   3.083042e-01   2.108535e-02
2.706077000000000066e+00   3.085386e-01   2.104564e-02
2.710787999999999975e+00   2.903971e-01   2.100168e-02
2.715498999999999885e+00   3.266122e-01   2.101073e-02
2.720209999999999795e+00   3.369600e-01   2.099480e-02
2.724921999999999844e+00   3.343533e-01   2.099119e-02
2.729633000000000198e+00   3.220770e-01   2.096428e-02
2.734344000000000108e+00   3.101093e-01   2.092576e-02
2.739055000000000017e+00   2.780700e-01   2.088438e-02
2.743767000000000067e+00   2.868378e-01   2.086318e-02
2.748477999999999977e+00   3.225234e-01   2.087629e-02
2.753188999999999886e+00   3.023183e-01   2.085506e-02
2.757899999999999796e+00   2.858424e-01   2.081402e-02
2.762611999999999846e+00   2.949203e-01   2.081383e-02
2.767323000000000199e+00   2.595083e-01   2.075695e-02
2.772034000000000109e+00   2.853292e-01   2.077712e-02
2.776745000000000019e+00   2.836990e-01   2.075201e-02
2.781457000000000068e+00   2.898461e-01   2.073959e-02
2.786167999999999978e+00   3.027599e-01   2.071274e-02
2.790878999999999888e+00   2.613083e-01   2.068781e-02
2.795589999999999797e+00   2.590335e-01   2.066453e-02
2.800301999999999847e+00   2.850320e-01   2.066636e-02
2.805013000000000201e+00   2.686228e-01   2.074686e-02
2.809724000000000110e+00   3.189488e-01   2.129389e-02
2.814436000000000160e+00   2.748309e-01   2.159631e-02
2.819147000000000070e+00   2.893557e-01   2.187768e-02
2.823857999999999979e+00   2.913432e-01   2.207681e-02
2.828568999999999889e+00   2.658464e-01   2.219185e-02
2.833280999999999938e+00   2.878774e-01   2.224221e-02
2.837991999999999848e+00   3.125234e-01   2.233180e-02
2.842703000000000202e+00   2.953881e-01   2.239306e-02
2.847414000000000112e+00   2.726245e-01   2.244115e-02
2.852126000000000161e+00   2.702189e-01   2.249186e-02
2.856837000000000071e+00   2.613530e-01   2.252417e-02
2.861547999999999981e+00   2.898172e-01   2.260396e-02
2.866258999999999890e+00   2.978296e-01   2.266320e-02
2.870970999999999940e+00   3.043684e-01   2.248207e-02
2.875681999999999849e+00   2.907260e-01   2.190610e-02
2.880393000000000203e+00   2.712160e-01   2.155928e-02
2.885104000000000113e+00   2.675436e-01   2.133767e-02
2.889816000000000162e+00   2.467884e-01   2.114713e-02
2.894527000000000072e+00   2.777838e-01   2.106608e-02
2.899237999999999982e+00   2.513023e-01   2.097736e-02
2.903948999999999891e+00   2.345525e-01   2.092105e-02
2.908660999999999941e+00   2.529333e-01   2.090495e-02
2.913371999999999851e+00   2.846503e-01   2.087291e-02
2.918083000000000204e+00   2.767927e-01   2.082109e-02
2.922794000000000114e+00   2.689974e-01   2.079309e-02
2.927506000000000164e+00   2.766384e-01   2.075128e-02
2.932217000000000073e+00   2.499809e-01   2.072681e-02
2.936927999999999983e+00   2.580376e-01   2.071226e-02
2.941638999999999893e+00   2.732807e-01   2.065847e-02
2.946350999999999942e+00   2.596983e-01   2.061830e-02
2.951061999999999852e+00   2.453466e-01   2.058350e-02
2.955773000000000206e+00   2.659381e-01   2.055011e-02
2.960484000000000115e+00   2.952028e-01   2.053931e-02
2.965196000000000165e+00   2.901886e-01   2.052635e-02
2.969907000000000075e+00   2.926044e-01   2.049678e-02
2.974617999999999984e+00   2.857140e-01   2.047259e-02
2.979328999999999894e+00   2.493390e-01   2.044103e-02
2.984040999999999944e+00   2.362644e-01   2.041080e-02
2.988751999999999853e+00   2.333505e-01   2.037354e-02
2.993463000000000207e+00   2.480086e-01   2.037510e-02
2.998174999999999812e+00   2.474419e-01   2.033244e-02
3.002886000000000166e+00   2.340542e-01   2.031939e-02
3.007597000000000076e+00   2.554447e-01   2.030401e-02
3.012307999999999986e+00   2.510570e-01   2.027028e-02
3.017020000000000035e+00   2.722631e-01   2.023932e-02
3.021730999999999945e+00   2.926703e-01   2.022651e-02
3.026441999999999855e+00   2.366345e-01   2.021339e-02
3.031153000000000208e+00   2.303323e-01   2.017324e-02
3.035864999999999814e+00   2.878904e-01   2.018957e-02
3.040576000000000167e+00   2.698104e-01   2.013734e-02
3.045287000000000077e+00   2.373614e-01   2.011563e-02
3.049997999999999987e+00   2.148402e-01   2.007742e-02
3.054710000000000036e+00   2.424218e-01   2.008249e-02
3.059420999999999946e+00   2.930555e-01   2.008431e-02
3.064131999999999856e+00   2.779477e-01   2.004461e-02
3.068843000000000210e+00   2.440958e-01   2.001202e-02
3.073554999999999815e+00   2.360648e-01   1.999399e-02
3.078266000000000169e+00   2.432736e-01   1.998240e-02
3.082977000000000078e+00   2.590829e-01   1.996227e-02
3.087687999999999988e+00   2.341399e-01   1.993515e-02
3.092400000000000038e+00   2.295019e-01   1.991467e-02
3.097110999999999947e+00   2.381826e-01   1.989802e-02
3.101821999999999857e+00   2.328073e-01   1.987199e-02
3.106533000000000211e+00   2.316375e-01   1.985534e-02
3.111244999999999816e+00   2.623481e-01   1.984818e-02
3.115956000000000170e+00   2.613311e-01   1.983758e-02
3.120667000000000080e+00   2.336174e-01   1.981370e-02
3.125377999999999989e+00   2.445668e-01   1.978866e-02
3.130090000000000039e+00   2.357036e-01   1.976907e-02
3.134800999999999949e+00   2.550941e-01   1.975703e-02
3.139511999999999858e+00   2.576662e-01   1.974537e-02
3.144223000000000212e+00   2.400100e-01   1.973355e-02
3.148934999999999818e+00   2.391432e-01   1.970488e-02
3.153646000000000171e+00   2.291589e-01   1.968025e-02
3.158357000000000081e+00   2.409013e-01   1.967022e-02
3.163067999999999991e+00   2.389932e-01   1.965739e-02
3.167780000000000040e+00   2.363050e-01   1.963182e-02
3.172490999999999950e+00   2.294849e-01   1.961058e-02
3.177201999999999860e+00   2.385660e-01   1.959950e-02
3.181913999999999909e+00   2.377346e-01   1.958724e-02
3.186624999999999819e+00   2.395707e-01   1.956088e-02
3.191336000000000173e+00   2.353111e-01   1.953625e-02
3.196047000000000082e+00   1.900756e-01   1.946604e-02
3.200759000000000132e+00   2.370798e-01   1.946428e-02
3.205470000000000041e+00   2.038479e-01   1.943164e-02
3.210180999999999951e+00   2.115917e-01   1.940834e-02
3.214891999999999861e+00   2.401096e-01   1.940532e-02
3.219603999999999910e+00   2.282898e-01   1.938125e-02
3.224314999999999820e+00   2.385134e-01   1.937904e-02
3.229026000000000174e+00   2.373010e-01   1.933926e-02
3.233737000000000084e+00   2.369092e-01   1.934243e-02
3.238449000000000133e+00   2.247881e-01   1.931844e-02
3.243160000000000043e+00   2.108073e-01   1.929782e-02
3.247870999999999952e+00   2.391419e-01   1.931070e-02
3.252581999999999862e+00   2.138442e-01   1.929823e-02
3.257293999999999912e+00   2.218012e-01   1.930088e-02
3.262004999999999821e+00   2.138763e-01   1.928782e-02
3.266716000000000175e+00   2.050418e-01   1.927721e-02
3.271427000000000085e+00   2.260439e-01   1.927790e-02
3.276139000000000134e+00   2.147312e-01   1.926506e-02
3.280850000000000044e+00   2.145634e-01   1.924107e-02
3.285560999999999954e+00   2.126787e-01   1.922078e-02
3.290271999999999863e+00   1.960964e-01   1.918297e-02
3.294983999999999913e+00   2.110694e-01   1.918514e-02
3.299694999999999823e+00   2.176277e-01   1.917372e-02
3.304406000000000176e+00   2.001052e-01   1.915984e-02
3.309117000000000086e+00   2.179582e-01   1.914962e-02
3.313829000000000136e+00   2.028643e-01   1.912828e-02
3.318540000000000045e+00   2.186053e-01   1.911305e-02
3.323250999999999955e+00   1.956292e-01   1.909664e-02
3.327961999999999865e+00   1.916133e-01   1.907776e-02
3.332673999999999914e+00   2.315429e-01   1.906885e-02
3.337384999999999824e+00   2.093518e-01   1.903334e-02
3.342096000000000178e+00   2.110154e-01   1.903891e-02
3.346807000000000087e+00   2.324204e-01   1.902281e-02
3.351519000000000137e+00   2.227763e-01   1.901768e-02
3.356230000000000047e+00   2.068949e-01   1.901306e-02
3.360940999999999956e+00   1.975207e-01   1.896914e-02
3.365653000000000006e+00   2.063012e-01   1.896109e-02
3.370363999999999916e+00   1.890056e-01   1.895294e-02
3.375074999999999825e+00   2.482494e-01   1.895148e-02
3.379786000000000179e+00   2.005721e-01   1.891759e-02
3.384497999999999784e+00   1.949010e-01   1.890759e-02
3.389209000000000138e+00   2.218409e-01   1.904210e-02
3.393920000000000048e+00   2.141708e-01   1.948099e-02
3.398630999999999958e+00   1.932016e-01   1.972600e-02
3.403343000000000007e+00   1.996473e-01   1.994817e-02
3.408053999999999917e+00   1.953477e-01   2.007756e-02
3.412764999999999826e+00   1.901669e-01   2.012076e-02
3.417476000000000180e+00   2.122970e-01   2.012068e-02
3.422187999999999786e+00   2.394861e-01   2.016754e-02
3.426899000000000139e+00   2.173542e-01   2.019683e-02
3.431610000000000049e+00   1.877200e-01   2.023070e-02
3.436320999999999959e+00   2.123812e-01   2.029825e-02
3.441033000000000008e+00   2.089761e-01   2.033849e-02
3.445743999999999918e+00   2.144329e-01   2.037021e-02
3.450454999999999828e+00   2.016270e-01   2.041000e-02
3.455166000000000182e+00   1.551531e-01   2.042595e-02
3.459877999999999787e+00   1.777052e-01   2.046911e-02
3.464589000000000141e+00   1.924831e-01   2.051101e-02
3.469300000000000050e+00   2.033190e-01   2.052240e-02
3.474010999999999960e+00   2.057159e-01   2.056698e-02
3.478723000000000010e+00   1.810004e-01   2.058667e-02
3.483433999999999919e+00   2.189499e-01   2.060559e-02
3.488144999999999829e+00   2.317500e-01   2.066624e-02
3.492856000000000183e+00   2.058835e-01   2.069115e-02
3.497567999999999788e+00   1.879156e-01   2.069736e-02
3.502279000000000142e+00   1.944636e-01   2.071986e-02
3.506990000000000052e+00   1.919510e-01   2.075123e-02
3.511700999999999961e+00   1.635374e-01   2.074925e-02
3.516413000000000011e+00   1.623996e-01   2.075925e-02
3.521123999999999921e+00   1.485802e-01   2.079231e-02
3.525834999999999830e+00   1.633017e-01   2.080782e-02
3.530546000000000184e+00   1.993077e-01   2.085650e-02
3.535257999999999790e+00   2.224177e-01   2.088719e-02
3.539969000000000143e+00   1.725703e-01   2.089236e-02
3.544680000000000053e+00   2.092900e-01   2.093687e-02
3.549392000000000102e+00   1.997572e-01   2.093829e-02
3.554103000000000012e+00   1.833797e-01   2.096227e-02
3.558813999999999922e+00   1.885142e-01   2.099024e-02
3.563524999999999832e+00   2.013550e-01   2.102717e-02
3.568236999999999881e+00   1.890564e-01   2.102320e-02
3.572947999999999791e+00   1.961177e-01   2.104536e-02
3.577659000000000145e+00   1.986974e-01   2.104583e-02
3.582370000000000054e+00   1.800872e-01   2.106506e-02
3.587082000000000104e+00   1.871629e-01   2.108337e-02
3.591793000000000013e+00   1.750227e-01   2.106625e-02
3.596503999999999923e+00   2.055108e-01   2.110255e-02
3.601214999999999833e+00   1.666163e-01   2.107026e-02
3.605926999999999882e+00   1.897162e-01   2.111843e-02
3.610637999999999792e+00   1.671907e-01   2.146011e-02
3.615349000000000146e+00   1.865576e-01   2.213065e-02
3.620060000000000056e+00   2.016521e-01   2.250775e-02
3.624772000000000105e+00   2.122063e-01   2.276571e-02
3.629483000000000015e+00   2.061240e-01   2.295648e-02
3.634193999999999924e+00   1.830017e-01   2.310348e-02
3.638904999999999834e+00   1.870945e-01   2.322805e-02
3.643616999999999884e+00   2.184473e-01   2.338466e-02
3.648327999999999793e+00   2.001720e-01   2.351046e-02
3.653039000000000147e+00   1.843467e-01   2.361819e-02
3.657750000000000057e+00   1.837424e-01   2.374607e-02
3.662462000000000106e+00   1.724128e-01   2.386491e-02
3.667173000000000016e+00   1.940125e-01   2.397534e-02
3.671883999999999926e+00   1.790148e-01   2.407844e-02
3.676594999999999835e+00   1.776482e-01   2.420055e-02
3.681306999999999885e+00   1.724027e-01   2.429840e-02
3.686017999999999795e+00   1.909812e-01   2.439924e-02
3.690729000000000148e+00   1.776821e-01   2.451318e-02
3.695440000000000058e+00   1.702925e-01   2.461324e-02
3.700152000000000108e+00   1.622247e-01   2.468812e-02
3.704863000000000017e+00   1.692154e-01   2.480177e-02
3.709573999999999927e+00   1.903277e-01   2.489946e-02
3.714284999999999837e+00   1.754744e-01   2.500341e-02
3.718996999999999886e+00   1.802743e-01   2.510192e-02
3.723707999999999796e+00   1.839595e-01   2.519182e-02
3.728419000000000150e+00   1.516227e-01   2.525841e-02
3.733131000000000199e+00   2.057007e-01   2.540866e-02
3.737842000000000109e+00   1.417464e-01   2.547006e-02
3.742553000000000019e+00   1.663748e-01   2.556627e-02
3.747263999999999928e+00   1.621205e-01   2.566724e-02
3.751975999999999978e+00   1.728229e-01   2.577739e-02
3.756686999999999887e+00   1.843045e-01   2.589209e-02
3.761397999999999797e+00   1.754675e-01   2.598466e-02
3.766109000000000151e+00   1.834222e-01   2.606548e-02
3.770821000000000200e+00   1.698004e-01   2.615348e-02
3.775532000000000110e+00   1.697085e-01   2.624757e-02
3.780243000000000020e+00   1.677906e-01   2.631702e-02
3.784953999999999930e+00   1.562145e-01   2.642725e-02
3.789665999999999979e+00   1.660695e-01   2.651846e-02
3.794376999999999889e+00   1.243040e-01   2.656721e-02
3.799087999999999798e+00   1.390909e-01   2.669915e-02
3.803799000000000152e+00   1.465001e-01   2.680755e-02
3.808511000000000202e+00   1.361081e-01   2.688797e-02
3.813222000000000111e+00   1.572303e-01   2.702373e-02
3.817933000000000021e+00   1.495050e-01   2.710858e-02
3.822643999999999931e+00   1.966377e-01   2.720184e-02
3.827355999999999980e+00   1.952009e-01   2.731909e-02
3.832066999999999890e+00   1.699387e-01   2.739614e-02
3.836777999999999800e+00   1.380325e-01   2.743086e-02
3.841489000000000154e+00   1.748212e-01   2.758923e-02
3.846201000000000203e+00   1.320551e-01   2.762104e-02
3.850912000000000113e+00   1.501599e-01   2.770204e-02
3.855623000000000022e+00   1.603788e-01   2.783118e-02
3.860333999999999932e+00   1.772188e-01   2.795513e-02
3.865045999999999982e+00   1.695732e-01   2.804308e-02
3.869756999999999891e+00   1.869249e-01   2.816381e-02
3.874467999999999801e+00   1.523795e-01   2.821843e-02
3.879179000000000155e+00   1.740467e-01   2.833293e-02
3.883891000000000204e+00   1.708158e-01   2.841640e-02
3.888602000000000114e+00   1.491967e-01   2.851261e-02
3.893313000000000024e+00   1.553318e-01   2.861932e-02
3.898023999999999933e+00   1.283289e-01   2.872295e-02
3.902735999999999983e+00   1.285628e-01   2.879144e-02
3.907446999999999893e+00   1.488271e-01   2.890672e-02
3.912157999999999802e+00   1.635307e-01   2.896894e-02
3.916869999999999852e+00   1.455705e-01   2.901705e-02
3.921581000000000206e+00   1.561595e-01   2.907121e-02
3.926292000000000115e+00   1.743122e-01   2.914668e-02
3.931003000000000025e+00   1.737043e-01   2.920591e-02
3.935715000000000074e+00   1.698138e-01   2.926153e-02
3.940425999999999984e+00   1.703122e-01   2.931257e-02
3.945136999999999894e+00   1.601515e-01   2.933592e-02
3.949847999999999804e+00   1.732253e-01   2.938735e-02
3.954559999999999853e+00   1.472391e-01   2.943907e-02
3.959271000000000207e+00   1.383994e-01   2.946131e-02
3.963982000000000117e+00   1.364608e-01   2.944061e-02
3.968693000000000026e+00   1.601541e-01   2.950970e-02
3.973405000000000076e+00   1.827214e-01   2.959456e-02
3.978115999999999985e+00   1.638838e-01   2.970445e-02
3.982826999999999895e+00   1.969785e-01   2.982699e-02
3.987537999999999805e+00   1.898981e-01   2.993683e-02
3.992249999999999854e+00   1.495274e-01   2.998108e-02
3.996961000000000208e+00   1.172710e-01   3.008610e-02
4.001672000000000118e+00   1.441869e-01   3.018216e-02
4.006382999999999583e+00   1.386781e-01   3.025554e-02
4.011095000000000077e+00   1.214439e-01   3.037017e-02
4.015806000000000431e+00   1.044427e-01   3.046830e-02
4.020516999999999896e+00   1.389018e-01   3.060323e-02
4.025228000000000250e+00   1.529650e-01   3.071189e-02
4.029939999999999856e+00   1.401692e-01   3.075877e-02
4.034651000000000209e+00   1.351710e-01   3.093855e-02
4.039361999999999675e+00   1.398737e-01   3.105279e-02
4.044073000000000029e+00   1.476326e-01   3.112215e-02
4.048784999999999634e+00   1.523459e-01   3.121296e-02
4.053495999999999988e+00   1.607772e-01   3.128939e-02
4.058207000000000342e+00   1.312062e-01   3.143506e-02
4.062917999999999807e+00   1.372993e-01   3.155622e-02
4.067630000000000301e+00   1.451935e-01   3.167535e-02
4.072340999999999767e+00   1.273757e-01   3.175301e-02
4.077052000000000120e+00   1.017895e-01   3.185102e-02
4.081762999999999586e+00   1.507093e-01   3.198517e-02
4.086475000000000080e+00   1.315839e-01   3.210348e-02
4.091186000000000433e+00   1.578847e-01   3.227267e-02
4.095896999999999899e+00   1.508745e-01   3.234758e-02
4.100609000000000393e+00   1.197395e-01   3.242593e-02
4.105319999999999858e+00   1.227631e-01   3.255525e-02
4.110031000000000212e+00   1.389267e-01   3.265401e-02
4.114741999999999678e+00   1.393320e-01   3.283286e-02
4.119454000000000171e+00   1.635455e-01   3.292743e-02
4.124164999999999637e+00   1.625815e-01   3.303669e-02
4.128875999999999991e+00   1.734303e-01   3.317465e-02
4.133587000000000344e+00   1.096581e-01   3.323313e-02
4.138298999999999950e+00   1.369237e-01   3.338723e-02
4.143010000000000304e+00   1.387869e-01   3.350379e-02
4.147720999999999769e+00   1.956962e-01   3.366395e-02
4.152432000000000123e+00   1.293345e-01   3.371314e-02
4.157143999999999728e+00   1.429479e-01   3.379793e-02
4.161855000000000082e+00   1.830967e-01   3.397200e-02
4.166566000000000436e+00   1.502536e-01   3.415587e-02
4.171276999999999902e+00   1.164981e-01   3.425501e-02
4.175989000000000395e+00   1.438912e-01   3.446767e-02
4.180699999999999861e+00   1.116996e-01   3.460651e-02
4.185411000000000215e+00   1.122767e-01   3.470005e-02
4.190121999999999680e+00   9.083791e-02   3.478438e-02
4.194834000000000174e+00   1.637473e-01   3.494095e-02
4.199544999999999639e+00   1.446381e-01   3.508777e-02
4.204255999999999993e+00   1.308674e-01   3.522007e-02
4.208967000000000347e+00   1.611872e-01   3.541775e-02
4.213678999999999952e+00   1.635094e-01   3.551441e-02
4.218390000000000306e+00   1.217263e-01   3.561483e-02
4.223100999999999772e+00   1.876514e-01   3.580496e-02
4.227812000000000126e+00   1.844870e-01   3.593779e-02
4.232523999999999731e+00   1.816662e-01   3.610351e-02
4.237235000000000085e+00   1.412545e-01   3.621926e-02
4.241946000000000438e+00   1.329616e-01   3.633960e-02
4.246656999999999904e+00   1.077638e-01   3.650447e-02
4.251369000000000398e+00   1.533855e-01   3.678098e-02
4.256079999999999863e+00   1.038590e-01   3.679635e-02
4.260791000000000217e+00   1.098545e-01   3.688443e-02
4.265501999999999683e+00   1.201422e-01   3.708855e-02
4.270214000000000176e+00   1.047511e-01   3.721215e-02
4.274924999999999642e+00   1.068705e-01   3.729162e-02
4.279635999999999996e+00   1.234257e-01   3.750872e-02
4.284347999999999601e+00   1.769297e-01   3.773306e-02
4.289058999999999955e+00   1.593228e-01   3.787904e-02
4.293770000000000309e+00   8.816424e-02   3.797447e-02
4.298480999999999774e+00   8.923531e-02   3.819957e-02
4.303193000000000268e+00   1.175709e-01   3.832365e-02
4.307903999999999733e+00   1.528453e-01   3.851790e-02
4.312615000000000087e+00   1.094234e-01   3.866699e-02
4.317326000000000441e+00   1.213843e-01   3.890922e-02
4.322038000000000046e+00   1.421823e-01   3.911267e-02
4.326749000000000400e+00   1.338279e-01   3.926496e-02
4.331459999999999866e+00   1.535926e-01   3.940961e-02
4.336171000000000220e+00   1.572895e-01   3.963605e-02
4.340882999999999825e+00   1.422501e-01   3.974516e-02
4.345594000000000179e+00   1.129985e-01   3.987273e-02
4.350304999999999644e+00   1.806938e-01   4.019007e-02
4.355015999999999998e+00   1.375478e-01   4.034069e-02
4.359727999999999604e+00   1.193672e-01   4.042917e-02
4.364438999999999957e+00   1.264634e-01   4.063514e-02
4.369150000000000311e+00   9.802337e-02   4.079521e-02
4.373860999999999777e+00   1.071067e-01   4.103244e-02
4.378573000000000270e+00   1.069137e-01   4.132957e-02
4.383283999999999736e+00   9.528004e-02   4.152995e-02
4.387995000000000090e+00   6.760415e-02   4.161988e-02
4.392706000000000444e+00   1.437099e-01   4.185130e-02
4.397418000000000049e+00   1.492912e-01   4.209704e-02
4.402129000000000403e+00   1.267342e-01   4.212154e-02
4.406839999999999868e+00   1.168533e-01   4.217363e-02
4.411551000000000222e+00   1.186795e-01   4.213273e-02
4.416262999999999828e+00   1.801985e-01   4.222155e-02
4.420974000000000181e+00   1.101861e-01   4.224184e-02
4.425684999999999647e+00   6.096758e-02   4.215733e-02
4.430396000000000001e+00   1.089329e-01   4.224239e-02
4.435107999999999606e+00   8.517849e-02   4.224693e-02
4.439818999999999960e+00   1.158198e-01   4.241811e-02
4.444530000000000314e+00   1.504326e-01   4.268109e-02
4.449240999999999779e+00   1.228165e-01   4.286433e-02
4.453953000000000273e+00   1.339539e-01   4.300632e-02
4.458663999999999739e+00   1.227886e-01   4.316712e-02
4.463375000000000092e+00   1.234873e-01   4.353734e-02
4.468086999999999698e+00   1.525608e-01   4.370844e-02
4.472798000000000052e+00   9.977211e-02   4.389697e-02
4.477509000000000405e+00   1.311668e-01   4.424813e-02
4.482219999999999871e+00   8.378472e-02   4.443351e-02
4.486932000000000365e+00   1.456530e-01   4.469428e-02
4.491642999999999830e+00   1.119774e-01   4.486316e-02
4.496354000000000184e+00   1.139797e-01   4.511244e-02
4.501064999999999650e+00   1.463846e-01   4.541139e-02
4.505777000000000143e+00   1.639151e-01   4.571997e-02
4.510487999999999609e+00   1.308353e-01   4.596660e-02
4.515198999999999963e+00   1.098450e-01   4.619255e-02
4.519910000000000316e+00   1.370401e-01   4.643750e-02
4.524621999999999922e+00   1.390719e-01   4.671640e-02
4.529333000000000276e+00   1.348622e-01   4.706756e-02
4.534043999999999741e+00   1.568382e-01   4.735739e-02
4.538755000000000095e+00   1.929531e-01   4.768576e-02
4.543466999999999700e+00   1.942245e-01   4.804589e-02
4.548178000000000054e+00   1.012520e-01   4.816301e-02
4.552889000000000408e+00   1.150312e-01   4.850461e-02
4.557599999999999874e+00   1.174364e-01   4.874972e-02
4.562312000000000367e+00   1.348685e-01   4.912653e-02
4.567022999999999833e+00   1.643716e-01   4.955349e-02
4.571734000000000187e+00   1.543160e-01   4.989787e-02
4.576444999999999652e+00   2.457295e-01   5.035396e-02
4.581157000000000146e+00   1.984730e-01   5.062762e-02
4.585867999999999611e+00   1.172329e-01   5.081739e-02
4.590578999999999965e+00   1.407749e-01   5.122490e-02
4.595290000000000319e+00   1.838914e-01   5.163569e-02
4.600001999999999924e+00   1.074889e-01   5.190027e-02
4.604713000000000278e+00   8.220549e-02   5.226192e-02
4.609423999999999744e+00   1.153951e-01   5.264171e-02
4.614135000000000097e+00   7.176380e-02   5.297719e-02
4.618846999999999703e+00   9.285089e-03   5.330526e-02
4.623558000000000057e+00   7.874926e-02   5.379039e-02
4.628269000000000410e+00   1.255701e-01   5.438123e-02
4.632979999999999876e+00   1.095924e-01   5.465618e-02
4.637692000000000370e+00   1.467362e-01   5.501168e-02
4.642402999999999835e+00   1.324996e-01   5.563488e-02
4.647114000000000189e+00   1.184051e-01   5.612305e-02
4.651825999999999794e+00   8.034325e-02   5.652965e-02
4.656537000000000148e+00   6.692997e-02   5.685838e-02
4.661247999999999614e+00   1.384432e-01   5.764779e-02
4.665958999999999968e+00   3.565653e-03   5.768822e-02
4.670670999999999573e+00   8.692322e-02   5.850169e-02
4.675381999999999927e+00   9.160200e-02   5.892595e-02
4.680093000000000281e+00   5.250148e-03   5.934039e-02
4.684803999999999746e+00   1.288697e-01   6.010962e-02
4.689516000000000240e+00   2.139769e-01   6.076403e-02
4.694226999999999705e+00   1.960847e-01   6.131014e-02
4.698938000000000059e+00   1.965086e-01   6.197916e-02
4.703649000000000413e+00   2.093635e-01   6.267196e-02
4.708361000000000018e+00   1.030031e-01   6.315694e-02
4.713072000000000372e+00   3.512908e-03   6.350389e-02
4.717782999999999838e+00   6.463034e-02   6.445407e-02
4.722494000000000192e+00   8.351602e-02   6.502248e-02
4.727205999999999797e+00   1.491976e-01   6.598732e-02
4.731917000000000151e+00   2.122426e-01   6.690253e-02
4.736627999999999616e+00   1.149854e-01   6.707215e-02
4.741338999999999970e+00   1.463795e-01   6.805365e-02
4.746050999999999576e+00   1.173661e-01   6.895396e-02
4.750761999999999929e+00   2.655030e-02   6.974083e-02
4.755473000000000283e+00   1.212013e-01   7.073138e-02
4.760183999999999749e+00  -2.499310e-02   7.133480e-02
4.764896000000000242e+00   1.420920e-03   7.223224e-02
4.769606999999999708e+00   7.152433e-02   7.321971e-02
4.774318000000000062e+00   1.273598e-01   7.455992e-02
4.779029000000000416e+00   1.689215e-01   7.576590e-02
4.783741000000000021e+00   2.095315e-01   7.689227e-02
4.788452000000000375e+00   1.246384e-01   7.781779e-02
4.793162999999999840e+00   1.078046e-01   7.897232e-02
4.797874000000000194e+00   2.601409e-01   8.073300e-02
4.802585999999999800e+00   1.027368e-01   8.159023e-02
4.807297000000000153e+00   1.664962e-01   8.330595e-02
4.812007999999999619e+00   6.926409e-02   8.451163e-02
4.816718999999999973e+00   2.286466e-01   8.643574e-02
4.821430999999999578e+00   1.754708e-01   8.829533e-02
4.826141999999999932e+00   1.612841e-01   8.973326e-02
4.830853000000000286e+00   8.567864e-02   9.158843e-02
4.835564999999999891e+00   5.525319e-02   9.335099e-02
4.840276000000000245e+00   2.146553e-01   9.537204e-02
4.844986999999999711e+00   1.152893e-03   9.705885e-02
4.849698000000000064e+00   7.629815e-02   9.976694e-02
4.854409999999999670e+00   2.290991e-01   1.030731e-01
4.859121000000000024e+00   2.669737e-01   1.061734e-01
4.863832000000000377e+00   1.497316e-01   1.087243e-01
4.868542999999999843e+00   8.793509e-02   1.119526e-01
4.873255000000000337e+00  -3.289429e-02   1.145623e-01
4.877965999999999802e+00   6.362070e-02   1.180773e-01
4.882677000000000156e+00   1.702823e-01   1.235692e-01
4.887387999999999622e+00   7.311966e-02   1.287299e-01
4.892100000000000115e+00   1.920177e-01   1.340844e-01
4.896810999999999581e+00   2.222151e-01   1.407580e-01
4.901521999999999935e+00   2.137786e-01   1.487735e-01
4.906233000000000288e+00   1.962406e-01   1.565278e-01
4.910944999999999894e+00   2.597931e-01   1.670501e-01
4.915656000000000247e+00   2.039279e-01   1.803633e-01
4.920366999999999713e+00   1.157409e-01   1.946087e-01
4.925078000000000067e+00  -8.624169e-02   2.165701e-01
4.929789999999999672e+00  -1.014734e-01   2.466488e-01
4.934501000000000026e+00  -4.092248e-02   2.962514e-01
4.939212000000000380e+00   2.033546e-02   3.881721e-01
4.943922999999999845e+00   2.559924e-01   7.037824e-01