# [3]
# Sample c= 4.53 mg/ml
# Intensity scaled by concentration
# Buffer subtracted data file:
# Protein DatFile = /data/visitor/mx1908/bm29/20161119/giulio/1d/mM30Acetate_099_ave.dat
# Buffer DatFile = /data/visitor/mx1908/bm29/20161119/giulio/ednaSub/mM30Acetate_099_ave_averbuffer.dat
# 
# AutoRg: Rg   =   0.7823 +/- 0.12 ( 15.5%)
# AutoRg: I(0) =   3.89 +/- 0.0138
# AutoRg: Points   141 to 219 ( 79 total)
# AutoRg: Quality: 64.7%
# 
# 
# Sample Information:
# Storage Temperature (degrees C): 20.0
# Measurement Temperature (degrees C): 19.98
# Concentration: 4.53
# Code: 
3.479420999999999903e-02  -7.621082e-01   2.224874e+00
3.950545999999999919e-02   6.691998e-01   8.889293e-01
4.421672000000000102e-02  -3.737323e-01   5.802900e-01
4.892798000000000286e-02   8.562169e-01   4.468829e-01
5.363923000000000302e-02   9.208184e-01   3.588506e-01
5.835048999999999791e-02   1.051166e+00   2.935839e-01
6.306174999999999975e-02   1.536403e+00   2.449191e-01
6.777299999999999991e-02   1.347419e+00   2.086135e-01
7.248425999999999481e-02   1.281736e+00   1.808988e-01
7.719552000000000358e-02   1.827199e+00   1.603171e-01
8.190677000000000374e-02   2.018666e+00   1.429618e-01
8.661802999999999864e-02   2.102157e+00   1.290234e-01
9.132928999999999353e-02   2.081455e+00   1.181077e-01
9.604053999999999369e-02   2.305908e+00   1.099959e-01
1.007518000000000025e-01   2.399653e+00   1.022124e-01
1.054631000000000041e-01   2.361772e+00   9.544506e-02
1.101743000000000028e-01   2.367451e+00   8.969021e-02
1.148856000000000044e-01   2.356609e+00   8.463420e-02
1.195968000000000031e-01   2.519126e+00   8.079716e-02
1.243081000000000047e-01   2.544569e+00   7.707678e-02
1.290193000000000034e-01   2.628909e+00   7.411401e-02
1.337306000000000050e-01   2.662925e+00   7.128513e-02
1.384419000000000066e-01   2.751496e+00   6.890178e-02
1.431531000000000053e-01   2.705538e+00   6.641891e-02
1.478644000000000069e-01   2.790117e+00   6.442821e-02
1.525756000000000057e-01   2.739635e+00   6.256434e-02
1.572869000000000073e-01   2.712316e+00   6.081579e-02
1.619981000000000060e-01   2.782384e+00   5.929352e-02
1.667094000000000076e-01   2.861743e+00   5.803874e-02
1.714206000000000063e-01   2.843257e+00   5.664050e-02
1.761319000000000079e-01   2.854929e+00   5.540520e-02
1.808432000000000095e-01   2.915046e+00   5.430671e-02
1.855544000000000082e-01   2.907335e+00   5.323336e-02
1.902657000000000098e-01   2.933208e+00   5.237947e-02
1.949769000000000085e-01   2.920996e+00   5.139357e-02
1.996882000000000101e-01   2.907193e+00   5.036813e-02
2.043994000000000089e-01   2.981886e+00   4.968977e-02
2.091107000000000105e-01   2.912990e+00   4.890057e-02
2.138220000000000121e-01   2.881166e+00   4.809128e-02
2.185332000000000108e-01   2.950221e+00   4.747166e-02
2.232445000000000124e-01   2.953999e+00   4.678711e-02
2.279557000000000111e-01   3.004768e+00   4.629230e-02
2.326670000000000127e-01   3.041157e+00   4.575673e-02
2.373782000000000114e-01   3.071370e+00   4.510843e-02
2.420895000000000130e-01   2.991800e+00   4.447723e-02
2.468007000000000117e-01   3.032800e+00   4.406693e-02
2.515120000000000133e-01   3.054427e+00   4.357463e-02
2.562232999999999872e-01   3.022141e+00   4.299655e-02
2.609345000000000137e-01   3.099189e+00   4.258216e-02
2.656457999999999875e-01   3.004707e+00   4.202918e-02
2.703570000000000140e-01   3.076722e+00   4.173100e-02
2.750682999999999878e-01   3.091447e+00   4.135967e-02
2.797795000000000143e-01   3.151696e+00   4.095679e-02
2.844907999999999881e-01   3.130693e+00   4.053709e-02
2.892021000000000175e-01   3.107620e+00   4.012095e-02
2.939132999999999885e-01   3.154269e+00   3.989442e-02
2.986246000000000178e-01   3.203143e+00   3.950623e-02
3.033357999999999888e-01   3.089978e+00   3.902597e-02
3.080471000000000181e-01   3.124129e+00   3.875329e-02
3.127582999999999891e-01   3.107273e+00   3.838872e-02
3.174696000000000184e-01   3.156801e+00   3.804565e-02
3.221808999999999923e-01   3.143390e+00   3.775783e-02
3.268921000000000188e-01   3.174702e+00   3.751488e-02
3.316033999999999926e-01   3.185630e+00   3.735415e-02
3.363146000000000191e-01   3.219169e+00   3.768863e-02
3.410258999999999929e-01   3.207442e+00   3.793092e-02
3.457371000000000194e-01   3.280362e+00   3.821818e-02
3.504483999999999932e-01   3.214247e+00   3.867102e-02
3.551596000000000197e-01   3.197069e+00   3.948405e-02
3.598708999999999936e-01   3.260425e+00   4.011389e-02
3.645822000000000229e-01   3.219616e+00   4.039701e-02
3.692933999999999939e-01   3.231045e+00   4.073545e-02
3.740047000000000232e-01   3.269565e+00   4.102360e-02
3.787158999999999942e-01   3.262413e+00   4.122005e-02
3.834272000000000236e-01   3.217195e+00   4.134592e-02
3.881383999999999945e-01   3.188623e+00   4.153261e-02
3.928497000000000239e-01   3.252966e+00   4.267731e-02
3.975609999999999977e-01   3.244628e+00   4.393788e-02
4.022722000000000242e-01   3.300396e+00   4.495964e-02
4.069834999999999980e-01   3.347187e+00   4.587908e-02
4.116947000000000245e-01   3.323780e+00   4.655883e-02
4.164059999999999984e-01   3.272639e+00   4.719725e-02
4.211172000000000248e-01   3.361205e+00   4.808443e-02
4.258284999999999987e-01   3.417653e+00   4.879860e-02
4.305397000000000252e-01   3.352675e+00   4.938635e-02
4.352509999999999990e-01   3.381125e+00   5.012570e-02
4.399622999999999728e-01   3.350873e+00   5.080583e-02
4.446734999999999993e-01   3.325233e+00   5.172621e-02
4.493847999999999732e-01   3.308539e+00   5.244235e-02
4.540959999999999996e-01   3.356381e+00   5.296582e-02
4.588072999999999735e-01   3.430971e+00   5.123272e-02
4.635185000000000000e-01   3.372377e+00   4.992509e-02
4.682297999999999738e-01   3.414813e+00   4.932073e-02
4.729411000000000032e-01   3.367317e+00   4.868883e-02
4.776522999999999741e-01   3.342853e+00   4.812591e-02
4.823636000000000035e-01   3.372764e+00   4.769361e-02
4.870747999999999744e-01   3.462771e+00   4.762879e-02
4.917861000000000038e-01   3.345247e+00   4.732152e-02
4.964972999999999748e-01   3.374131e+00   4.697901e-02
5.012086000000000041e-01   3.425033e+00   4.670714e-02
5.059198999999999780e-01   3.419309e+00   4.658561e-02
5.106311000000000044e-01   3.426468e+00   4.631592e-02
5.153423999999999783e-01   3.393778e+00   4.602521e-02
5.200536000000000048e-01   3.377501e+00   4.574144e-02
5.247648999999999786e-01   3.411070e+00   4.544429e-02
5.294761000000000051e-01   3.351831e+00   4.502609e-02
5.341873999999999789e-01   3.483457e+00   4.490265e-02
5.388986000000000054e-01   3.454107e+00   4.458065e-02
5.436098999999999792e-01   3.475233e+00   4.433138e-02
5.483211999999999531e-01   3.443177e+00   4.402726e-02
5.530323999999999796e-01   3.494960e+00   4.379043e-02
5.577436999999999534e-01   3.385990e+00   4.338835e-02
5.624548999999999799e-01   3.405954e+00   4.316624e-02
5.671661999999999537e-01   3.449413e+00   4.300041e-02
5.718773999999999802e-01   3.492975e+00   4.287893e-02
5.765886999999999540e-01   3.445809e+00   4.277394e-02
5.813000000000000389e-01   3.513734e+00   4.271676e-02
5.860111999999999544e-01   3.456784e+00   4.260494e-02
5.907225000000000392e-01   3.430161e+00   4.246660e-02
5.954336999999999547e-01   3.444727e+00   4.237262e-02
6.001450000000000395e-01   3.497246e+00   4.235557e-02
6.048561999999999550e-01   3.439146e+00   4.217431e-02
6.095675000000000399e-01   3.481555e+00   4.215549e-02
6.142788000000000137e-01   3.457277e+00   4.200964e-02
6.189900000000000402e-01   3.492374e+00   4.194538e-02
6.237013000000000140e-01   3.495679e+00   4.181715e-02
6.284125000000000405e-01   3.464552e+00   4.176002e-02
6.331238000000000143e-01   3.540675e+00   4.165554e-02
6.378350000000000408e-01   3.508896e+00   4.155562e-02
6.425463000000000147e-01   3.505524e+00   4.145601e-02
6.472575000000000411e-01   3.491469e+00   4.132225e-02
6.519688000000000150e-01   3.486168e+00   4.117865e-02
6.566800999999999888e-01   3.480800e+00   4.117930e-02
6.613913000000000153e-01   3.441556e+00   4.103342e-02
6.661025999999999891e-01   3.446650e+00   4.094947e-02
6.708138000000000156e-01   3.501721e+00   4.092547e-02
6.755250999999999895e-01   3.471605e+00   4.071372e-02
6.802363000000000159e-01   3.498028e+00   4.070900e-02
6.849475999999999898e-01   3.469870e+00   4.063392e-02
6.896588999999999636e-01   3.440848e+00   4.048952e-02
6.943700999999999901e-01   3.527609e+00   4.052160e-02
6.990813999999999639e-01   3.521574e+00   4.035037e-02
7.037925999999999904e-01   3.495871e+00   4.030207e-02
7.085038999999999643e-01   3.467994e+00   4.012888e-02
7.132150999999999907e-01   3.480840e+00   4.001975e-02
7.179263999999999646e-01   3.479424e+00   3.995944e-02
7.226375999999999911e-01   3.453439e+00   3.988730e-02
7.273488999999999649e-01   3.462171e+00   3.981867e-02
7.320602000000000498e-01   3.473746e+00   3.972732e-02
7.367713999999999652e-01   3.485450e+00   3.967625e-02
7.414827000000000501e-01   3.537892e+00   3.966223e-02
7.461938999999999655e-01   3.470642e+00   3.946498e-02
7.509052000000000504e-01   3.430938e+00   3.932586e-02
7.556163999999999659e-01   3.449192e+00   3.925671e-02
7.603277000000000507e-01   3.473939e+00   3.925116e-02
7.650390000000000246e-01   3.494206e+00   3.922504e-02
7.697502000000000510e-01   3.458541e+00   3.905744e-02
7.744615000000000249e-01   3.496471e+00   3.899719e-02
7.791727000000000514e-01   3.473799e+00   3.893812e-02
7.838840000000000252e-01   3.406703e+00   3.878918e-02
7.885952000000000517e-01   3.419806e+00   3.867247e-02
7.933065000000000255e-01   3.424606e+00   3.868884e-02
7.980177999999999994e-01   3.438866e+00   3.859811e-02
8.027290000000000258e-01   3.439206e+00   3.849225e-02
8.074402999999999997e-01   3.461358e+00   3.849446e-02
8.121515000000000262e-01   3.434978e+00   3.830301e-02
8.168628000000000000e-01   3.393510e+00   3.816253e-02
8.215740000000000265e-01   3.399285e+00   3.813201e-02
8.262853000000000003e-01   3.382600e+00   3.805325e-02
8.309965000000000268e-01   3.365326e+00   3.795520e-02
8.357078000000000007e-01   3.347589e+00   3.782214e-02
8.404190999999999745e-01   3.336315e+00   3.772343e-02
8.451303000000000010e-01   3.404366e+00   3.776662e-02
8.498415999999999748e-01   3.360880e+00   3.761116e-02
8.545528000000000013e-01   3.395798e+00   3.755571e-02
8.592640999999999751e-01   3.362066e+00   3.751398e-02
8.639753000000000016e-01   3.325712e+00   3.742678e-02
8.686865999999999755e-01   3.317807e+00   3.728720e-02
8.733978999999999493e-01   3.316828e+00   3.718850e-02
8.781090999999999758e-01   3.352506e+00   3.716932e-02
8.828203999999999496e-01   3.315930e+00   3.702247e-02
8.875315999999999761e-01   3.310605e+00   3.695977e-02
8.922428999999999499e-01   3.267121e+00   3.687330e-02
8.969540999999999764e-01   3.312057e+00   3.681887e-02
9.016653999999999503e-01   3.306489e+00   3.678262e-02
9.063767000000000351e-01   3.299932e+00   3.668321e-02
9.110878999999999506e-01   3.301512e+00   3.658145e-02
9.157992000000000354e-01   3.256007e+00   3.643879e-02
9.205103999999999509e-01   3.262536e+00   3.637949e-02
9.252217000000000358e-01   3.270166e+00   3.635007e-02
9.299328999999999512e-01   3.227771e+00   3.622455e-02
9.346442000000000361e-01   3.288723e+00   3.623749e-02
9.393553999999999515e-01   3.264227e+00   3.617450e-02
9.440667000000000364e-01   3.237004e+00   3.607445e-02
9.487780000000000102e-01   3.289311e+00   3.605055e-02
9.534892000000000367e-01   3.214846e+00   3.583746e-02
9.582005000000000106e-01   3.220874e+00   3.586946e-02
9.629117000000000370e-01   3.266462e+00   3.587552e-02
9.676230000000000109e-01   3.229456e+00   3.570719e-02
9.723342000000000374e-01   3.217066e+00   3.562618e-02
9.770455000000000112e-01   3.213634e+00   3.551872e-02
9.817567999999999850e-01   3.202452e+00   3.547767e-02
9.864680000000000115e-01   3.220578e+00   3.543697e-02
9.911792999999999854e-01   3.220079e+00   3.537653e-02
9.958905000000000118e-01   3.199204e+00   3.531993e-02
1.000601999999999991e+00   3.158957e+00   3.515812e-02
1.005312999999999901e+00   3.187925e+00   3.516109e-02
1.010024000000000033e+00   3.137933e+00   3.500098e-02
1.014736000000000082e+00   3.118291e+00   3.487084e-02
1.019446999999999992e+00   3.111385e+00   3.484733e-02
1.024157999999999902e+00   3.126643e+00   3.481724e-02
1.028869000000000034e+00   3.132091e+00   3.478322e-02
1.033581000000000083e+00   3.117640e+00   3.469624e-02
1.038291999999999993e+00   3.115748e+00   3.461389e-02
1.043002999999999902e+00   3.109320e+00   3.450534e-02
1.047714000000000034e+00   3.096921e+00   3.443970e-02
1.052426000000000084e+00   3.092199e+00   3.440252e-02
1.057136999999999993e+00   3.099145e+00   3.433951e-02
1.061847999999999903e+00   3.098490e+00   3.424378e-02
1.066559000000000035e+00   3.010243e+00   3.408726e-02
1.071271000000000084e+00   3.002017e+00   3.406723e-02
1.075981999999999994e+00   3.053526e+00   3.402288e-02
1.080692999999999904e+00   3.012108e+00   3.397354e-02
1.085404000000000035e+00   2.982674e+00   3.383483e-02
1.090116000000000085e+00   2.962378e+00   3.374229e-02
1.094826999999999995e+00   2.998454e+00   3.379849e-02
1.099537999999999904e+00   3.012921e+00   3.374369e-02
1.104249000000000036e+00   3.026275e+00   3.367259e-02
1.108961000000000086e+00   2.995101e+00   3.353378e-02
1.113671999999999995e+00   2.960962e+00   3.347767e-02
1.118382999999999905e+00   2.976393e+00   3.343763e-02
1.123094000000000037e+00   2.961311e+00   3.333135e-02
1.127806000000000086e+00   2.935949e+00   3.326364e-02
1.132516999999999996e+00   2.914169e+00   3.320176e-02
1.137227999999999906e+00   2.908753e+00   3.317008e-02
1.141939000000000037e+00   2.935131e+00   3.308032e-02
1.146651000000000087e+00   2.887844e+00   3.300749e-02
1.151361999999999997e+00   2.890974e+00   3.294633e-02
1.156072999999999906e+00   2.859893e+00   3.284263e-02
1.160784000000000038e+00   2.892702e+00   3.286383e-02
1.165496000000000087e+00   2.874560e+00   3.279726e-02
1.170206999999999997e+00   2.869775e+00   3.271223e-02
1.174917999999999907e+00   2.905836e+00   3.266952e-02
1.179629999999999956e+00   2.839260e+00   3.257584e-02
1.184341000000000088e+00   2.820602e+00   3.248450e-02
1.189051999999999998e+00   2.781248e+00   3.242762e-02
1.193762999999999908e+00   2.815314e+00   3.244757e-02
1.198474999999999957e+00   2.809665e+00   3.315085e-02
1.203186000000000089e+00   2.810045e+00   3.402233e-02
1.207896999999999998e+00   2.755166e+00   3.451588e-02
1.212607999999999908e+00   2.788581e+00   3.498900e-02
1.217319999999999958e+00   2.785656e+00   3.537095e-02
1.222031000000000089e+00   2.816006e+00   3.574550e-02
1.226741999999999999e+00   2.760387e+00   3.603199e-02
1.231452999999999909e+00   2.779407e+00   3.641796e-02
1.236164999999999958e+00   2.810706e+00   3.671548e-02
1.240876000000000090e+00   2.732580e+00   3.689274e-02
1.245587000000000000e+00   2.706195e+00   3.702193e-02
1.250297999999999909e+00   2.703412e+00   3.709927e-02
1.255009999999999959e+00   2.703451e+00   3.714855e-02
1.259721000000000091e+00   2.637724e+00   3.708014e-02
1.264432000000000000e+00   2.723374e+00   3.593775e-02
1.269142999999999910e+00   2.707987e+00   3.500735e-02
1.273854999999999960e+00   2.670340e+00   3.438278e-02
1.278566000000000091e+00   2.648664e+00   3.387795e-02
1.283277000000000001e+00   2.630475e+00   3.349096e-02
1.287987999999999911e+00   2.598408e+00   3.307498e-02
1.292699999999999960e+00   2.577470e+00   3.277865e-02
1.297411000000000092e+00   2.623922e+00   3.261700e-02
1.302122000000000002e+00   2.621169e+00   3.240098e-02
1.306832999999999911e+00   2.579577e+00   3.212698e-02
1.311544999999999961e+00   2.576343e+00   3.201559e-02
1.316256000000000093e+00   2.568423e+00   3.193938e-02
1.320967000000000002e+00   2.581941e+00   3.184301e-02
1.325677999999999912e+00   2.551119e+00   3.174938e-02
1.330389999999999961e+00   2.587122e+00   3.178112e-02
1.335101000000000093e+00   2.563771e+00   3.165164e-02
1.339812000000000003e+00   2.532969e+00   3.155657e-02
1.344522999999999913e+00   2.507230e+00   3.143450e-02
1.349234999999999962e+00   2.505133e+00   3.131956e-02
1.353946000000000094e+00   2.466791e+00   3.124447e-02
1.358657000000000004e+00   2.541860e+00   3.127382e-02
1.363369000000000053e+00   2.437020e+00   3.105728e-02
1.368079999999999963e+00   2.476445e+00   3.105265e-02
1.372791000000000095e+00   2.499437e+00   3.102097e-02
1.377502000000000004e+00   2.471789e+00   3.093838e-02
1.382214000000000054e+00   2.424933e+00   3.080503e-02
1.386924999999999963e+00   2.420168e+00   3.077188e-02
1.391636000000000095e+00   2.462248e+00   3.076971e-02
1.396347000000000005e+00   2.397909e+00   3.063290e-02
1.401059000000000054e+00   2.413513e+00   3.058648e-02
1.405769999999999964e+00   2.373091e+00   3.047812e-02
1.410481000000000096e+00   2.371629e+00   3.050108e-02
1.415192000000000005e+00   2.357113e+00   3.040093e-02
1.419904000000000055e+00   2.364737e+00   3.029912e-02
1.424614999999999965e+00   2.389799e+00   3.028533e-02
1.429326000000000096e+00   2.386566e+00   3.023411e-02
1.434037000000000006e+00   2.356321e+00   3.018730e-02
1.438749000000000056e+00   2.328304e+00   3.008320e-02
1.443459999999999965e+00   2.302163e+00   2.999027e-02
1.448171000000000097e+00   2.309172e+00   2.989635e-02
1.452882000000000007e+00   2.313754e+00   2.990960e-02
1.457594000000000056e+00   2.305082e+00   2.983853e-02
1.462304999999999966e+00   2.276205e+00   2.977157e-02
1.467016000000000098e+00   2.300455e+00   2.973286e-02
1.471727000000000007e+00   2.247039e+00   2.963901e-02
1.476439000000000057e+00   2.253719e+00   2.960932e-02
1.481149999999999967e+00   2.294773e+00   2.958941e-02
1.485861000000000098e+00   2.277466e+00   2.950722e-02
1.490572000000000008e+00   2.250813e+00   2.942850e-02
1.495284000000000058e+00   2.233078e+00   2.938574e-02
1.499994999999999967e+00   2.235372e+00   2.933847e-02
1.504706000000000099e+00   2.228075e+00   2.926402e-02
1.509417000000000009e+00   2.173784e+00   2.916771e-02
1.514129000000000058e+00   2.185416e+00   2.927216e-02
1.518839999999999968e+00   2.206629e+00   3.013349e-02
1.523551000000000100e+00   2.181236e+00   3.074084e-02
1.528262999999999927e+00   2.142920e+00   3.116926e-02
1.532974000000000059e+00   2.153218e+00   3.153295e-02
1.537684999999999969e+00   2.187151e+00   3.188434e-02
1.542396000000000100e+00   2.174988e+00   3.186705e-02
1.547107999999999928e+00   2.152637e+00   3.101322e-02
1.551819000000000059e+00   2.093356e+00   3.049841e-02
1.556529999999999969e+00   2.139318e+00   3.022563e-02
1.561241000000000101e+00   2.077819e+00   2.989253e-02
1.565952999999999928e+00   2.064566e+00   2.957727e-02
1.570664000000000060e+00   2.043137e+00   2.925983e-02
1.575374999999999970e+00   2.078824e+00   2.900497e-02
1.580086000000000102e+00   2.113350e+00   2.876851e-02
1.584797999999999929e+00   2.076265e+00   2.858257e-02
1.589509000000000061e+00   2.037109e+00   2.850894e-02
1.594219999999999970e+00   2.072078e+00   2.851034e-02
1.598931000000000102e+00   2.053447e+00   2.850912e-02
1.603642999999999930e+00   2.031660e+00   2.847427e-02
1.608354000000000061e+00   1.980306e+00   2.845612e-02
1.613064999999999971e+00   1.961585e+00   2.839878e-02
1.617776000000000103e+00   1.992723e+00   2.837945e-02
1.622487999999999930e+00   1.972944e+00   2.835367e-02
1.627199000000000062e+00   1.995749e+00   2.831871e-02
1.631909999999999972e+00   2.016606e+00   2.828679e-02
1.636621000000000103e+00   1.970541e+00   2.817783e-02
1.641332999999999931e+00   1.913190e+00   2.807511e-02
1.646044000000000063e+00   1.962996e+00   2.808361e-02
1.650754999999999972e+00   1.951021e+00   2.798191e-02
1.655466000000000104e+00   2.003748e+00   2.801376e-02
1.660177999999999932e+00   1.967569e+00   2.796762e-02
1.664889000000000063e+00   1.907144e+00   2.781468e-02
1.669599999999999973e+00   1.873242e+00   2.776815e-02
1.674311000000000105e+00   1.867642e+00   2.766456e-02
1.679022999999999932e+00   1.880735e+00   2.763248e-02
1.683734000000000064e+00   1.873613e+00   2.762281e-02
1.688444999999999974e+00   1.866281e+00   2.756547e-02
1.693156000000000105e+00   1.868987e+00   2.753849e-02
1.697867999999999933e+00   1.828867e+00   2.746961e-02
1.702579000000000065e+00   1.863205e+00   2.745390e-02
1.707289999999999974e+00   1.865876e+00   2.742061e-02
1.712002000000000024e+00   1.839199e+00   2.733476e-02
1.716712999999999933e+00   1.853673e+00   2.730361e-02
1.721424000000000065e+00   1.827810e+00   2.724738e-02
1.726134999999999975e+00   1.830019e+00   2.723259e-02
1.730847000000000024e+00   1.793075e+00   2.712980e-02
1.735557999999999934e+00   1.757600e+00   2.704337e-02
1.740269000000000066e+00   1.782089e+00   2.704371e-02
1.744979999999999976e+00   1.784504e+00   2.699088e-02
1.749692000000000025e+00   1.762917e+00   2.694294e-02
1.754402999999999935e+00   1.791177e+00   2.695702e-02
1.759114000000000066e+00   1.792548e+00   2.692943e-02
1.763824999999999976e+00   1.751563e+00   2.685522e-02
1.768537000000000026e+00   1.756616e+00   2.678805e-02
1.773247999999999935e+00   1.745632e+00   2.675514e-02
1.777959000000000067e+00   1.726217e+00   2.673089e-02
1.782669999999999977e+00   1.707760e+00   2.664369e-02
1.787382000000000026e+00   1.661439e+00   2.654168e-02
1.792092999999999936e+00   1.686684e+00   2.649740e-02
1.796804000000000068e+00   1.728915e+00   2.652337e-02
1.801514999999999977e+00   1.686540e+00   2.645217e-02
1.806227000000000027e+00   1.704679e+00   2.644186e-02
1.810937999999999937e+00   1.691316e+00   2.641527e-02
1.815649000000000068e+00   1.709073e+00   2.642010e-02
1.820359999999999978e+00   1.687489e+00   2.634608e-02
1.825072000000000028e+00   1.664475e+00   2.626354e-02
1.829782999999999937e+00   1.641606e+00   2.620996e-02
1.834494000000000069e+00   1.665985e+00   2.619347e-02
1.839204999999999979e+00   1.636893e+00   2.614153e-02
1.843917000000000028e+00   1.609743e+00   2.608071e-02
1.848627999999999938e+00   1.637195e+00   2.604673e-02
1.853339000000000070e+00   1.635889e+00   2.603408e-02
1.858049999999999979e+00   1.587894e+00   2.594025e-02
1.862762000000000029e+00   1.559843e+00   2.588934e-02
1.867472999999999939e+00   1.553955e+00   2.584257e-02
1.872184000000000070e+00   1.586365e+00   2.585666e-02
1.876894999999999980e+00   1.584985e+00   2.579382e-02
1.881607000000000030e+00   1.550137e+00   2.573123e-02
1.886317999999999939e+00   1.553995e+00   2.569361e-02
1.891029000000000071e+00   1.556057e+00   2.566448e-02
1.895740999999999898e+00   1.563157e+00   2.561371e-02
1.900452000000000030e+00   1.542409e+00   2.558505e-02
1.905162999999999940e+00   1.546844e+00   2.557462e-02
1.909874000000000072e+00   1.555442e+00   2.554399e-02
1.914585999999999899e+00   1.517787e+00   2.542573e-02
1.919297000000000031e+00   1.505453e+00   2.540896e-02
1.924007999999999940e+00   1.510197e+00   2.539465e-02
1.928719000000000072e+00   1.514160e+00   2.535937e-02
1.933430999999999900e+00   1.493853e+00   2.529767e-02
1.938142000000000031e+00   1.484745e+00   2.522895e-02
1.942852999999999941e+00   1.481305e+00   2.517571e-02
1.947564000000000073e+00   1.496457e+00   2.511753e-02
1.952275999999999900e+00   1.492275e+00   2.500988e-02
1.956987000000000032e+00   1.437866e+00   2.493245e-02
1.961697999999999942e+00   1.454523e+00   2.492271e-02
1.966409000000000074e+00   1.491683e+00   2.493601e-02
1.971120999999999901e+00   1.402721e+00   2.484197e-02
1.975832000000000033e+00   1.422671e+00   2.483537e-02
1.980542999999999942e+00   1.432541e+00   2.485706e-02
1.985254000000000074e+00   1.441421e+00   2.484569e-02
1.989965999999999902e+00   1.400840e+00   2.481543e-02
1.994677000000000033e+00   1.379746e+00   2.481881e-02
1.999387999999999943e+00   1.427687e+00   2.486429e-02
2.004099000000000075e+00   1.431124e+00   2.544469e-02
2.008811000000000124e+00   1.440834e+00   2.602645e-02
2.013522000000000034e+00   1.387113e+00   2.633646e-02
2.018232999999999944e+00   1.380576e+00   2.662347e-02
2.022943999999999853e+00   1.380421e+00   2.686019e-02
2.027655999999999903e+00   1.365064e+00   2.706012e-02
2.032366999999999813e+00   1.371505e+00   2.722743e-02
2.037078000000000166e+00   1.331496e+00   2.723384e-02
2.041789000000000076e+00   1.338172e+00   2.731589e-02
2.046501000000000126e+00   1.323375e+00   2.740628e-02
2.051212000000000035e+00   1.338248e+00   2.749447e-02
2.055922999999999945e+00   1.321558e+00   2.749867e-02
2.060633999999999855e+00   1.324266e+00   2.757096e-02
2.065345999999999904e+00   1.311853e+00   2.753359e-02
2.070056999999999814e+00   1.312499e+00   2.668461e-02
2.074768000000000168e+00   1.287880e+00   2.616845e-02
2.079480000000000217e+00   1.288550e+00   2.581252e-02
2.084191000000000127e+00   1.284151e+00   2.552372e-02
2.088902000000000037e+00   1.260040e+00   2.525574e-02
2.093612999999999946e+00   1.253362e+00   2.505216e-02
2.098324999999999996e+00   1.302446e+00   2.502514e-02
2.103035999999999905e+00   1.287788e+00   2.493061e-02
2.107746999999999815e+00   1.276353e+00   2.485465e-02
2.112458000000000169e+00   1.230652e+00   2.476951e-02
2.117170000000000218e+00   1.248162e+00   2.472529e-02
2.121881000000000128e+00   1.238117e+00   2.460545e-02
2.126592000000000038e+00   1.237012e+00   2.455380e-02
2.131302999999999948e+00   1.254314e+00   2.456985e-02
2.136014999999999997e+00   1.256419e+00   2.451066e-02
2.140725999999999907e+00   1.206501e+00   2.441674e-02
2.145436999999999816e+00   1.196606e+00   2.435860e-02
2.150148000000000170e+00   1.201183e+00   2.433018e-02
2.154860000000000220e+00   1.199583e+00   2.428725e-02
2.159571000000000129e+00   1.202872e+00   2.426544e-02
2.164282000000000039e+00   1.195678e+00   2.420326e-02
2.168992999999999949e+00   1.200028e+00   2.417099e-02
2.173704999999999998e+00   1.193657e+00   2.412082e-02
2.178415999999999908e+00   1.196500e+00   2.406305e-02
2.183126999999999818e+00   1.199597e+00   2.407025e-02
2.187838000000000171e+00   1.164753e+00   2.397545e-02
2.192550000000000221e+00   1.161695e+00   2.396743e-02
2.197261000000000131e+00   1.157886e+00   2.392070e-02
2.201972000000000040e+00   1.152975e+00   2.387500e-02
2.206682999999999950e+00   1.140611e+00   2.383607e-02
2.211395000000000000e+00   1.144175e+00   2.379608e-02
2.216105999999999909e+00   1.156038e+00   2.375226e-02
2.220816999999999819e+00   1.133591e+00   2.370937e-02
2.225528000000000173e+00   1.093562e+00   2.364379e-02
2.230239999999999778e+00   1.140897e+00   2.365031e-02
2.234951000000000132e+00   1.139102e+00   2.362519e-02
2.239662000000000042e+00   1.099378e+00   2.352757e-02
2.244372999999999951e+00   1.083012e+00   2.350788e-02
2.249085000000000001e+00   1.110789e+00   2.351807e-02
2.253795999999999911e+00   1.116489e+00   2.348664e-02
2.258506999999999820e+00   1.079134e+00   2.343758e-02
2.263218999999999870e+00   1.045155e+00   2.337845e-02
2.267929999999999779e+00   1.080772e+00   2.338469e-02
2.272641000000000133e+00   1.099935e+00   2.334258e-02
2.277352000000000043e+00   1.072724e+00   2.326136e-02
2.282064000000000092e+00   1.036853e+00   2.323353e-02
2.286775000000000002e+00   1.073230e+00   2.323933e-02
2.291485999999999912e+00   1.049940e+00   2.318433e-02
2.296196999999999822e+00   1.049713e+00   2.314184e-02
2.300908999999999871e+00   1.050451e+00   2.312794e-02
2.305619999999999781e+00   1.026714e+00   2.306693e-02
2.310331000000000135e+00   1.031968e+00   2.304717e-02
2.315042000000000044e+00   1.028409e+00   2.301063e-02
2.319754000000000094e+00   1.031147e+00   2.300863e-02
2.324465000000000003e+00   1.031326e+00   2.297025e-02
2.329175999999999913e+00   1.018731e+00   2.292695e-02
2.333886999999999823e+00   9.958412e-01   2.288909e-02
2.338598999999999872e+00   9.952641e-01   2.282736e-02
2.343309999999999782e+00   9.866884e-01   2.281689e-02
2.348021000000000136e+00   9.892910e-01   2.281622e-02
2.352732000000000046e+00   9.860488e-01   2.275700e-02
2.357444000000000095e+00   9.897724e-01   2.273762e-02
2.362155000000000005e+00   1.015300e+00   2.274576e-02
2.366865999999999914e+00   9.693369e-01   2.268240e-02
2.371576999999999824e+00   9.688964e-01   2.264721e-02
2.376288999999999874e+00   9.994956e-01   2.262342e-02
2.380999999999999783e+00   9.743315e-01   2.257946e-02
2.385711000000000137e+00   9.599220e-01   2.253794e-02
2.390422000000000047e+00   9.429656e-01   2.249925e-02
2.395134000000000096e+00   9.508426e-01   2.248316e-02
2.399845000000000006e+00   9.137848e-01   2.244143e-02
2.404555999999999916e+00   9.334607e-01   2.244747e-02
2.409266999999999825e+00   9.377610e-01   2.241153e-02
2.413978999999999875e+00   9.184808e-01   2.237031e-02
2.418689999999999785e+00   9.372743e-01   2.235604e-02
2.423401000000000138e+00   9.532992e-01   2.237015e-02
2.428112000000000048e+00   9.321858e-01   2.231247e-02
2.432824000000000098e+00   9.498129e-01   2.227692e-02
2.437535000000000007e+00   9.150222e-01   2.224489e-02
2.442245999999999917e+00   8.956901e-01   2.221761e-02
2.446957999999999966e+00   9.252534e-01   2.218431e-02
2.451668999999999876e+00   9.197584e-01   2.215384e-02
2.456379999999999786e+00   9.247571e-01   2.213449e-02
2.461091000000000140e+00   9.191595e-01   2.213658e-02
2.465803000000000189e+00   8.782424e-01   2.209528e-02
2.470514000000000099e+00   8.876698e-01   2.206191e-02
2.475225000000000009e+00   8.997061e-01   2.206228e-02
2.479935999999999918e+00   8.861719e-01   2.199813e-02
2.484647999999999968e+00   9.025860e-01   2.199721e-02
2.489358999999999877e+00   8.799700e-01   2.195532e-02
2.494069999999999787e+00   8.767897e-01   2.193078e-02
2.498781000000000141e+00   8.880713e-01   2.189674e-02
2.503493000000000190e+00   8.854085e-01   2.186666e-02
2.508204000000000100e+00   8.651539e-01   2.183299e-02
2.512915000000000010e+00   8.608122e-01   2.181764e-02
2.517625999999999920e+00   8.157795e-01   2.171850e-02
2.522337999999999969e+00   8.411584e-01   2.169069e-02
2.527048999999999879e+00   8.484866e-01   2.167008e-02
2.531759999999999788e+00   8.388272e-01   2.161081e-02
2.536471000000000142e+00   8.399018e-01   2.161275e-02
2.541183000000000192e+00   8.636289e-01   2.160735e-02
2.545894000000000101e+00   8.197278e-01   2.155913e-02
2.550605000000000011e+00   8.587996e-01   2.154306e-02
2.555315999999999921e+00   8.220265e-01   2.150707e-02
2.560027999999999970e+00   8.547182e-01   2.147976e-02
2.564738999999999880e+00   8.547653e-01   2.147938e-02
2.569449999999999790e+00   8.106785e-01   2.143348e-02
2.574161000000000143e+00   8.125497e-01   2.144289e-02
2.578873000000000193e+00   8.212944e-01   2.147908e-02
2.583584000000000103e+00   8.332731e-01   2.146221e-02
2.588295000000000012e+00   7.812795e-01   2.142013e-02
2.593005999999999922e+00   7.700061e-01   2.137609e-02
2.597717999999999972e+00   7.585297e-01   2.134539e-02
2.602428999999999881e+00   8.059450e-01   2.137009e-02
2.607139999999999791e+00   7.997615e-01   2.136523e-02
2.611851000000000145e+00   8.289369e-01   2.134868e-02
2.616563000000000194e+00   7.866222e-01   2.130096e-02
2.621274000000000104e+00   7.739574e-01   2.126131e-02
2.625985000000000014e+00   8.103430e-01   2.125047e-02
2.630697000000000063e+00   7.734519e-01   2.118577e-02
2.635407999999999973e+00   7.725959e-01   2.115930e-02
2.640118999999999883e+00   7.695657e-01   2.117886e-02
2.644829999999999792e+00   7.577833e-01   2.116078e-02
2.649541999999999842e+00   7.550338e-01   2.111498e-02
2.654253000000000196e+00   7.646713e-01   2.109959e-02
2.658964000000000105e+00   7.529692e-01   2.106266e-02
2.663675000000000015e+00   7.628136e-01   2.106460e-02
2.668387000000000064e+00   7.507381e-01   2.101469e-02
2.673097999999999974e+00   7.370385e-01   2.099605e-02
2.677808999999999884e+00   7.624095e-01   2.100761e-02
2.682519999999999794e+00   7.403555e-01   2.096374e-02
2.687231999999999843e+00   7.327972e-01   2.089084e-02
2.691943000000000197e+00   7.233810e-01   2.088768e-02
2.696654000000000106e+00   7.128841e-01   2.087469e-02
2.701365000000000016e+00   7.465334e-01   2.092031e-02
2.706077000000000066e+00   7.041828e-01   2.084023e-02
2.710787999999999975e+00   7.056858e-01   2.081262e-02
2.715498999999999885e+00   7.021334e-01   2.077539e-02
2.720209999999999795e+00   7.296179e-01   2.078976e-02
2.724921999999999844e+00   7.074820e-01   2.074388e-02
2.729633000000000198e+00   6.660263e-01   2.069565e-02
2.734344000000000108e+00   6.859420e-01   2.068451e-02
2.739055000000000017e+00   6.920118e-01   2.066774e-02
2.743767000000000067e+00   6.976756e-01   2.066702e-02
2.748477999999999977e+00   6.934191e-01   2.065418e-02
2.753188999999999886e+00   7.374852e-01   2.069819e-02
2.757899999999999796e+00   6.578941e-01   2.058599e-02
2.762611999999999846e+00   6.460267e-01   2.054742e-02
2.767323000000000199e+00   6.912641e-01   2.055954e-02
2.772034000000000109e+00   6.836392e-01   2.053707e-02
2.776745000000000019e+00   6.903254e-01   2.053227e-02
2.781457000000000068e+00   6.485097e-01   2.049865e-02
2.786167999999999978e+00   6.689908e-01   2.047211e-02
2.790878999999999888e+00   6.635907e-01   2.043535e-02
2.795589999999999797e+00   6.845177e-01   2.043694e-02
2.800301999999999847e+00   6.550518e-01   2.043538e-02
2.805013000000000201e+00   6.442108e-01   2.050513e-02
2.809724000000000110e+00   6.652345e-01   2.105918e-02
2.814436000000000160e+00   6.581039e-01   2.135895e-02
2.819147000000000070e+00   6.632556e-01   2.159421e-02
2.823857999999999979e+00   6.371704e-01   2.177886e-02
2.828568999999999889e+00   6.310217e-01   2.188468e-02
2.833280999999999938e+00   6.355817e-01   2.197633e-02
2.837991999999999848e+00   6.200193e-01   2.205131e-02
2.842703000000000202e+00   6.320818e-01   2.210391e-02
2.847414000000000112e+00   6.381743e-01   2.215267e-02
2.852126000000000161e+00   6.477181e-01   2.222003e-02
2.856837000000000071e+00   6.512018e-01   2.225829e-02
2.861547999999999981e+00   6.673895e-01   2.233152e-02
2.866258999999999890e+00   6.617093e-01   2.236635e-02
2.870970999999999940e+00   6.013268e-01   2.214024e-02
2.875681999999999849e+00   6.142041e-01   2.158219e-02
2.880393000000000203e+00   5.857779e-01   2.124672e-02
2.885104000000000113e+00   5.879966e-01   2.100125e-02
2.889816000000000162e+00   6.221522e-01   2.088335e-02
2.894527000000000072e+00   6.658418e-01   2.084746e-02
2.899237999999999982e+00   6.229853e-01   2.073680e-02
2.903948999999999891e+00   6.300977e-01   2.067875e-02
2.908660999999999941e+00   6.153632e-01   2.062545e-02
2.913371999999999851e+00   5.959852e-01   2.056898e-02
2.918083000000000204e+00   5.898379e-01   2.053424e-02
2.922794000000000114e+00   6.077601e-01   2.048862e-02
2.927506000000000164e+00   5.666555e-01   2.044702e-02
2.932217000000000073e+00   5.741352e-01   2.042710e-02
2.936927999999999983e+00   5.761555e-01   2.039242e-02
2.941638999999999893e+00   5.586179e-01   2.032887e-02
2.946350999999999942e+00   5.889036e-01   2.030482e-02
2.951061999999999852e+00   5.829679e-01   2.028336e-02
2.955773000000000206e+00   5.789967e-01   2.024014e-02
2.960484000000000115e+00   5.691815e-01   2.022352e-02
2.965196000000000165e+00   5.747481e-01   2.019739e-02
2.969907000000000075e+00   5.834726e-01   2.018273e-02
2.974617999999999984e+00   5.636385e-01   2.013583e-02
2.979328999999999894e+00   5.458301e-01   2.010622e-02
2.984040999999999944e+00   5.585838e-01   2.006834e-02
2.988751999999999853e+00   5.582292e-01   2.004798e-02
2.993463000000000207e+00   5.547178e-01   2.002738e-02
2.998174999999999812e+00   5.749859e-01   2.002508e-02
3.002886000000000166e+00   5.811001e-01   2.001841e-02
3.007597000000000076e+00   5.487532e-01   1.994184e-02
3.012307999999999986e+00   5.382238e-01   1.993761e-02
3.017020000000000035e+00   5.467395e-01   1.992579e-02
3.021730999999999945e+00   5.657458e-01   1.988364e-02
3.026441999999999855e+00   5.575100e-01   1.987368e-02
3.031153000000000208e+00   5.531834e-01   1.988193e-02
3.035864999999999814e+00   5.267034e-01   1.983792e-02
3.040576000000000167e+00   5.495338e-01   1.981189e-02
3.045287000000000077e+00   5.378610e-01   1.979682e-02
3.049997999999999987e+00   5.371465e-01   1.975969e-02
3.054710000000000036e+00   5.294849e-01   1.973727e-02
3.059420999999999946e+00   5.224132e-01   1.972014e-02
3.064131999999999856e+00   5.304240e-01   1.969078e-02
3.068843000000000210e+00   5.276028e-01   1.967945e-02
3.073554999999999815e+00   5.156823e-01   1.967995e-02
3.078266000000000169e+00   5.291326e-01   1.964688e-02
3.082977000000000078e+00   5.480518e-01   1.962599e-02
3.087687999999999988e+00   5.176804e-01   1.958975e-02
3.092400000000000038e+00   5.128083e-01   1.957998e-02
3.097110999999999947e+00   5.524103e-01   1.957666e-02
3.101821999999999857e+00   5.039779e-01   1.950918e-02
3.106533000000000211e+00   4.813994e-01   1.949509e-02
3.111244999999999816e+00   4.939793e-01   1.950097e-02
3.115956000000000170e+00   5.192556e-01   1.949136e-02
3.120667000000000080e+00   4.914786e-01   1.944624e-02
3.125377999999999989e+00   4.690091e-01   1.942412e-02
3.130090000000000039e+00   4.925775e-01   1.941508e-02
3.134800999999999949e+00   5.176976e-01   1.941933e-02
3.139511999999999858e+00   5.254081e-01   1.939325e-02
3.144223000000000212e+00   5.000332e-01   1.936531e-02
3.148934999999999818e+00   5.226281e-01   1.936422e-02
3.153646000000000171e+00   5.000150e-01   1.933679e-02
3.158357000000000081e+00   4.866809e-01   1.929371e-02
3.163067999999999991e+00   4.897183e-01   1.927387e-02
3.167780000000000040e+00   4.649812e-01   1.926064e-02
3.172490999999999950e+00   4.837522e-01   1.924770e-02
3.177201999999999860e+00   4.854850e-01   1.924668e-02
3.181913999999999909e+00   4.956989e-01   1.924642e-02
3.186624999999999819e+00   4.970011e-01   1.920063e-02
3.191336000000000173e+00   4.650156e-01   1.914564e-02
3.196047000000000082e+00   4.728853e-01   1.912034e-02
3.200759000000000132e+00   4.786141e-01   1.909470e-02
3.205470000000000041e+00   4.642300e-01   1.905301e-02
3.210180999999999951e+00   4.673189e-01   1.903456e-02
3.214891999999999861e+00   4.587478e-01   1.902690e-02
3.219603999999999910e+00   4.676988e-01   1.902719e-02
3.224314999999999820e+00   4.790158e-01   1.901923e-02
3.229026000000000174e+00   4.706181e-01   1.898113e-02
3.233737000000000084e+00   4.596275e-01   1.894771e-02
3.238449000000000133e+00   4.699462e-01   1.898154e-02
3.243160000000000043e+00   4.509874e-01   1.895154e-02
3.247870999999999952e+00   4.675837e-01   1.894305e-02
3.252581999999999862e+00   4.581029e-01   1.894029e-02
3.257293999999999912e+00   4.952860e-01   1.896417e-02
3.262004999999999821e+00   4.659663e-01   1.893050e-02
3.266716000000000175e+00   4.487400e-01   1.891297e-02
3.271427000000000085e+00   4.445884e-01   1.889262e-02
3.276139000000000134e+00   4.513903e-01   1.886220e-02
3.280850000000000044e+00   4.554310e-01   1.887213e-02
3.285560999999999954e+00   4.697492e-01   1.885408e-02
3.290271999999999863e+00   4.407903e-01   1.881981e-02
3.294983999999999913e+00   4.385550e-01   1.882437e-02
3.299694999999999823e+00   4.406159e-01   1.880923e-02
3.304406000000000176e+00   4.183852e-01   1.876301e-02
3.309117000000000086e+00   4.276775e-01   1.874781e-02
3.313829000000000136e+00   4.435156e-01   1.874590e-02
3.318540000000000045e+00   4.396457e-01   1.871871e-02
3.323250999999999955e+00   4.371275e-01   1.870719e-02
3.327961999999999865e+00   4.535491e-01   1.871145e-02
3.332673999999999914e+00   4.528813e-01   1.869126e-02
3.337384999999999824e+00   4.297470e-01   1.865793e-02
3.342096000000000178e+00   4.228013e-01   1.866078e-02
3.346807000000000087e+00   4.393385e-01   1.866098e-02
3.351519000000000137e+00   4.621575e-01   1.864901e-02
3.356230000000000047e+00   4.364800e-01   1.859775e-02
3.360940999999999956e+00   4.321780e-01   1.856943e-02
3.365653000000000006e+00   4.407935e-01   1.858587e-02
3.370363999999999916e+00   4.252609e-01   1.857345e-02
3.375074999999999825e+00   4.204665e-01   1.854305e-02
3.379786000000000179e+00   3.988922e-01   1.851477e-02
3.384497999999999784e+00   4.382035e-01   1.855094e-02
3.389209000000000138e+00   4.259598e-01   1.864360e-02
3.393920000000000048e+00   4.433853e-01   1.905930e-02
3.398630999999999958e+00   4.334268e-01   1.931075e-02
3.403343000000000007e+00   4.407421e-01   1.955032e-02
3.408053999999999917e+00   4.229248e-01   1.965852e-02
3.412764999999999826e+00   3.941390e-01   1.970133e-02
3.417476000000000180e+00   3.989719e-01   1.969769e-02
3.422187999999999786e+00   4.131522e-01   1.975549e-02
3.426899000000000139e+00   3.998592e-01   1.980470e-02
3.431610000000000049e+00   4.159935e-01   1.985132e-02
3.436320999999999959e+00   3.930699e-01   1.988165e-02
3.441033000000000008e+00   3.887540e-01   1.989535e-02
3.445743999999999918e+00   4.010227e-01   1.993573e-02
3.450454999999999828e+00   3.915513e-01   1.994933e-02
3.455166000000000182e+00   4.007791e-01   1.998532e-02
3.459877999999999787e+00   4.192450e-01   2.004132e-02
3.464589000000000141e+00   3.997266e-01   2.005275e-02
3.469300000000000050e+00   4.162975e-01   2.011493e-02
3.474010999999999960e+00   4.039265e-01   2.016952e-02
3.478723000000000010e+00   3.971799e-01   2.017881e-02
3.483433999999999919e+00   3.976033e-01   2.018031e-02
3.488144999999999829e+00   4.140507e-01   2.022639e-02
3.492856000000000183e+00   4.140740e-01   2.025440e-02
3.497567999999999788e+00   3.789829e-01   2.022695e-02
3.502279000000000142e+00   3.706195e-01   2.025665e-02
3.506990000000000052e+00   3.901317e-01   2.029116e-02
3.511700999999999961e+00   3.853254e-01   2.032342e-02
3.516413000000000011e+00   3.931526e-01   2.035773e-02
3.521123999999999921e+00   3.797240e-01   2.035473e-02
3.525834999999999830e+00   3.817089e-01   2.036338e-02
3.530546000000000184e+00   3.673950e-01   2.038002e-02
3.535257999999999790e+00   3.422036e-01   2.039273e-02
3.539969000000000143e+00   3.757164e-01   2.042463e-02
3.544680000000000053e+00   3.743569e-01   2.044530e-02
3.549392000000000102e+00   3.582497e-01   2.047248e-02
3.554103000000000012e+00   3.721168e-01   2.049488e-02
3.558813999999999922e+00   3.334065e-01   2.048807e-02
3.563524999999999832e+00   3.725443e-01   2.055057e-02
3.568236999999999881e+00   4.080734e-01   2.057926e-02
3.572947999999999791e+00   3.528564e-01   2.053854e-02
3.577659000000000145e+00   3.490174e-01   2.057908e-02
3.582370000000000054e+00   3.835602e-01   2.064425e-02
3.587082000000000104e+00   3.939259e-01   2.062869e-02
3.591793000000000013e+00   3.759293e-01   2.062879e-02
3.596503999999999923e+00   3.810787e-01   2.062340e-02
3.601214999999999833e+00   3.755546e-01   2.062810e-02
3.605926999999999882e+00   3.586216e-01   2.064036e-02
3.610637999999999792e+00   3.749813e-01   2.101481e-02
3.615349000000000146e+00   3.706839e-01   2.165065e-02
3.620060000000000056e+00   3.694657e-01   2.197959e-02
3.624772000000000105e+00   3.490312e-01   2.225706e-02
3.629483000000000015e+00   3.286899e-01   2.244835e-02
3.634193999999999924e+00   3.644035e-01   2.259927e-02
3.638904999999999834e+00   3.460580e-01   2.273101e-02
3.643616999999999884e+00   3.351366e-01   2.284496e-02
3.648327999999999793e+00   3.439865e-01   2.297724e-02
3.653039000000000147e+00   3.404985e-01   2.306487e-02
3.657750000000000057e+00   3.110067e-01   2.314809e-02
3.662462000000000106e+00   3.171258e-01   2.328910e-02
3.667173000000000016e+00   3.350978e-01   2.341403e-02
3.671883999999999926e+00   3.474791e-01   2.355061e-02
3.676594999999999835e+00   3.130313e-01   2.356484e-02
3.681306999999999885e+00   3.519631e-01   2.374203e-02
3.686017999999999795e+00   3.534444e-01   2.388171e-02
3.690729000000000148e+00   3.434558e-01   2.395254e-02
3.695440000000000058e+00   3.405897e-01   2.406889e-02
3.700152000000000108e+00   3.762964e-01   2.418876e-02
3.704863000000000017e+00   3.434852e-01   2.422971e-02
3.709573999999999927e+00   3.257183e-01   2.434976e-02
3.714284999999999837e+00   3.519600e-01   2.446537e-02
3.718996999999999886e+00   3.592055e-01   2.455824e-02
3.723707999999999796e+00   3.090752e-01   2.460213e-02
3.728419000000000150e+00   3.308782e-01   2.469907e-02
3.733131000000000199e+00   3.052810e-01   2.480694e-02
3.737842000000000109e+00   3.219111e-01   2.491038e-02
3.742553000000000019e+00   3.556807e-01   2.506549e-02
3.747263999999999928e+00   3.233585e-01   2.508921e-02
3.751975999999999978e+00   2.994529e-01   2.516566e-02
3.756686999999999887e+00   2.985241e-01   2.523872e-02
3.761397999999999797e+00   2.820242e-01   2.533554e-02
3.766109000000000151e+00   3.310006e-01   2.547791e-02
3.770821000000000200e+00   2.776379e-01   2.549614e-02
3.775532000000000110e+00   3.204725e-01   2.564883e-02
3.780243000000000020e+00   3.052458e-01   2.570418e-02
3.784953999999999930e+00   2.966354e-01   2.581237e-02
3.789665999999999979e+00   3.129014e-01   2.589217e-02
3.794376999999999889e+00   3.389374e-01   2.603893e-02
3.799087999999999798e+00   3.365145e-01   2.614385e-02
3.803799000000000152e+00   3.242874e-01   2.620959e-02
3.808511000000000202e+00   2.989179e-01   2.626336e-02
3.813222000000000111e+00   2.949222e-01   2.633633e-02
3.817933000000000021e+00   3.341157e-01   2.653015e-02
3.822643999999999931e+00   3.455950e-01   2.660430e-02
3.827355999999999980e+00   3.028386e-01   2.663089e-02
3.832066999999999890e+00   2.954975e-01   2.674118e-02
3.836777999999999800e+00   3.130131e-01   2.687459e-02
3.841489000000000154e+00   3.041462e-01   2.695560e-02
3.846201000000000203e+00   2.936541e-01   2.702569e-02
3.850912000000000113e+00   3.112155e-01   2.712522e-02
3.855623000000000022e+00   2.991753e-01   2.716847e-02
3.860333999999999932e+00   3.555499e-01   2.740868e-02
3.865045999999999982e+00   3.123140e-01   2.740890e-02
3.869756999999999891e+00   3.057868e-01   2.745923e-02
3.874467999999999801e+00   3.323748e-01   2.762130e-02
3.879179000000000155e+00   3.262770e-01   2.769770e-02
3.883891000000000204e+00   3.364456e-01   2.779609e-02
3.888602000000000114e+00   3.102027e-01   2.784802e-02
3.893313000000000024e+00   3.145140e-01   2.798278e-02
3.898023999999999933e+00   3.172898e-01   2.804422e-02
3.902735999999999983e+00   3.210137e-01   2.810439e-02
3.907446999999999893e+00   3.006958e-01   2.819876e-02
3.912157999999999802e+00   3.161266e-01   2.835866e-02
3.916869999999999852e+00   2.987699e-01   2.836414e-02
3.921581000000000206e+00   3.323769e-01   2.838055e-02
3.926292000000000115e+00   2.931772e-01   2.842635e-02
3.931003000000000025e+00   2.904585e-01   2.850351e-02
3.935715000000000074e+00   3.080692e-01   2.864348e-02
3.940425999999999984e+00   2.976458e-01   2.863934e-02
3.945136999999999894e+00   2.636818e-01   2.862729e-02
3.949847999999999804e+00   2.746330e-01   2.866838e-02
3.954559999999999853e+00   2.633966e-01   2.869047e-02
3.959271000000000207e+00   2.426081e-01   2.871052e-02
3.963982000000000117e+00   2.714780e-01   2.875333e-02
3.968693000000000026e+00   2.914260e-01   2.881580e-02
3.973405000000000076e+00   2.881923e-01   2.890669e-02
3.978115999999999985e+00   3.083958e-01   2.905356e-02
3.982826999999999895e+00   2.843993e-01   2.913363e-02
3.987537999999999805e+00   2.725719e-01   2.920375e-02
3.992249999999999854e+00   3.042319e-01   2.935656e-02
3.996961000000000208e+00   2.950466e-01   2.938878e-02
4.001672000000000118e+00   2.892124e-01   2.946804e-02
4.006382999999999583e+00   2.848067e-01   2.956396e-02
4.011095000000000077e+00   2.526780e-01   2.965314e-02
4.015806000000000431e+00   2.846988e-01   2.979153e-02
4.020516999999999896e+00   2.986445e-01   2.994790e-02
4.025228000000000250e+00   2.440627e-01   2.993186e-02
4.029939999999999856e+00   2.524294e-01   3.006430e-02
4.034651000000000209e+00   2.527611e-01   3.014014e-02
4.039361999999999675e+00   2.289821e-01   3.021375e-02
4.044073000000000029e+00   2.851607e-01   3.041833e-02
4.048784999999999634e+00   3.166408e-01   3.058112e-02
4.053495999999999988e+00   2.843560e-01   3.064345e-02
4.058207000000000342e+00   2.557285e-01   3.072589e-02
4.062917999999999807e+00   2.737727e-01   3.082019e-02
4.067630000000000301e+00   2.706238e-01   3.089446e-02
4.072340999999999767e+00   2.911676e-01   3.100505e-02
4.077052000000000120e+00   2.593409e-01   3.115468e-02
4.081762999999999586e+00   2.647373e-01   3.121398e-02
4.086475000000000080e+00   2.851604e-01   3.138934e-02
4.091186000000000433e+00   2.636294e-01   3.148598e-02
4.095896999999999899e+00   1.880276e-01   3.151263e-02
4.100609000000000393e+00   2.299810e-01   3.162708e-02
4.105319999999999858e+00   2.637272e-01   3.179457e-02
4.110031000000000212e+00   2.907965e-01   3.202034e-02
4.114741999999999678e+00   2.608813e-01   3.209000e-02
4.119454000000000171e+00   2.551599e-01   3.215850e-02
4.124164999999999637e+00   2.793014e-01   3.229394e-02
4.128875999999999991e+00   2.719814e-01   3.235661e-02
4.133587000000000344e+00   3.010225e-01   3.257182e-02
4.138298999999999950e+00   2.589603e-01   3.263958e-02
4.143010000000000304e+00   2.553774e-01   3.272024e-02
4.147720999999999769e+00   2.904625e-01   3.286316e-02
4.152432000000000123e+00   2.651370e-01   3.295258e-02
4.157143999999999728e+00   2.275615e-01   3.306121e-02
4.161855000000000082e+00   2.529906e-01   3.316857e-02
4.166566000000000436e+00   2.376421e-01   3.326149e-02
4.171276999999999902e+00   2.043054e-01   3.342867e-02
4.175989000000000395e+00   2.797461e-01   3.365718e-02
4.180699999999999861e+00   2.297224e-01   3.382005e-02
4.185411000000000215e+00   2.417486e-01   3.388893e-02
4.190121999999999680e+00   2.987187e-01   3.406831e-02
4.194834000000000174e+00   2.607194e-01   3.415833e-02
4.199544999999999639e+00   3.020480e-01   3.439898e-02
4.204255999999999993e+00   2.415089e-01   3.433718e-02
4.208967000000000347e+00   2.224478e-01   3.437900e-02
4.213678999999999952e+00   2.627732e-01   3.468407e-02
4.218390000000000306e+00   2.555647e-01   3.489007e-02
4.223100999999999772e+00   2.336394e-01   3.496820e-02
4.227812000000000126e+00   2.481321e-01   3.507545e-02
4.232523999999999731e+00   2.509178e-01   3.507535e-02
4.237235000000000085e+00   2.718725e-01   3.537758e-02
4.241946000000000438e+00   2.549478e-01   3.547780e-02
4.246656999999999904e+00   2.602827e-01   3.563643e-02
4.251369000000000398e+00   2.869373e-01   3.584911e-02
4.256079999999999863e+00   2.581576e-01   3.593953e-02
4.260791000000000217e+00   2.098688e-01   3.599803e-02
4.265501999999999683e+00   1.987778e-01   3.614901e-02
4.270214000000000176e+00   2.505394e-01   3.632895e-02
4.274924999999999642e+00   2.364189e-01   3.653460e-02
4.279635999999999996e+00   2.511769e-01   3.673430e-02
4.284347999999999601e+00   2.502764e-01   3.682196e-02
4.289058999999999955e+00   2.774073e-01   3.701236e-02
4.293770000000000309e+00   2.595584e-01   3.723660e-02
4.298480999999999774e+00   2.318408e-01   3.735015e-02
4.303193000000000268e+00   2.257356e-01   3.744465e-02
4.307903999999999733e+00   2.053387e-01   3.761246e-02
4.312615000000000087e+00   2.067780e-01   3.771049e-02
4.317326000000000441e+00   1.966765e-01   3.792625e-02
4.322038000000000046e+00   2.170570e-01   3.817541e-02
4.326749000000000400e+00   1.800007e-01   3.822511e-02
4.331459999999999866e+00   1.755635e-01   3.831374e-02
4.336171000000000220e+00   2.359294e-01   3.864443e-02
4.340882999999999825e+00   2.645732e-01   3.891326e-02
4.345594000000000179e+00   2.661499e-01   3.907971e-02
4.350304999999999644e+00   2.016485e-01   3.921468e-02
4.355015999999999998e+00   2.574600e-01   3.938443e-02
4.359727999999999604e+00   2.146921e-01   3.961639e-02
4.364438999999999957e+00   2.349420e-01   3.979891e-02
4.369150000000000311e+00   2.054549e-01   3.988554e-02
4.373860999999999777e+00   2.550641e-01   4.016573e-02
4.378573000000000270e+00   2.836539e-01   4.050815e-02
4.383283999999999736e+00   2.984757e-01   4.074498e-02
4.387995000000000090e+00   3.100514e-01   4.088376e-02
4.392706000000000444e+00   3.177410e-01   4.116072e-02
4.397418000000000049e+00   2.515285e-01   4.112941e-02
4.402129000000000403e+00   1.685952e-01   4.100135e-02
4.406839999999999868e+00   2.169183e-01   4.107681e-02
4.411551000000000222e+00   2.285714e-01   4.122861e-02
4.416262999999999828e+00   2.356307e-01   4.129208e-02
4.420974000000000181e+00   2.252551e-01   4.121407e-02
4.425684999999999647e+00   2.621024e-01   4.131773e-02
4.430396000000000001e+00   2.349041e-01   4.130938e-02
4.435107999999999606e+00   2.245721e-01   4.139200e-02
4.439818999999999960e+00   2.473209e-01   4.146409e-02
4.444530000000000314e+00   2.112621e-01   4.151857e-02
4.449240999999999779e+00   2.303475e-01   4.185048e-02
4.453953000000000273e+00   1.713880e-01   4.198306e-02
4.458663999999999739e+00   2.307530e-01   4.232774e-02
4.463375000000000092e+00   2.312487e-01   4.256140e-02
4.468086999999999698e+00   2.183097e-01   4.259804e-02
4.472798000000000052e+00   2.544866e-01   4.287865e-02
4.477509000000000405e+00   2.563077e-01   4.321858e-02
4.482219999999999871e+00   2.053626e-01   4.342549e-02
4.486932000000000365e+00   2.431837e-01   4.362748e-02
4.491642999999999830e+00   2.849923e-01   4.394744e-02
4.496354000000000184e+00   2.057317e-01   4.411367e-02
4.501064999999999650e+00   2.413081e-01   4.436988e-02
4.505777000000000143e+00   1.978561e-01   4.455610e-02
4.510487999999999609e+00   2.612821e-01   4.495376e-02
4.515198999999999963e+00   2.320781e-01   4.525534e-02
4.519910000000000316e+00   2.597277e-01   4.553686e-02
4.524621999999999922e+00   2.158188e-01   4.561183e-02
4.529333000000000276e+00   2.009512e-01   4.583800e-02
4.534043999999999741e+00   1.602165e-01   4.616544e-02
4.538755000000000095e+00   1.596847e-01   4.651341e-02
4.543466999999999700e+00   2.828256e-01   4.698414e-02
4.548178000000000054e+00   2.674866e-01   4.715682e-02
4.552889000000000408e+00   2.177544e-01   4.733538e-02
4.557599999999999874e+00   1.652468e-01   4.773791e-02
4.562312000000000367e+00   1.393849e-01   4.789234e-02
4.567022999999999833e+00   2.068389e-01   4.838194e-02
4.571734000000000187e+00   2.265022e-01   4.867084e-02
4.576444999999999652e+00   2.228635e-01   4.891763e-02
4.581157000000000146e+00   2.249698e-01   4.939822e-02
4.585867999999999611e+00   2.534742e-01   4.973105e-02
4.590578999999999965e+00   1.916442e-01   4.991430e-02
4.595290000000000319e+00   2.236816e-01   5.049761e-02
4.600001999999999924e+00   2.369547e-01   5.096826e-02
4.604713000000000278e+00   2.351784e-01   5.112670e-02
4.609423999999999744e+00   1.734918e-01   5.143550e-02
4.614135000000000097e+00   1.618044e-01   5.185677e-02
4.618846999999999703e+00   2.499923e-01   5.233647e-02
4.623558000000000057e+00   2.760697e-01   5.287993e-02
4.628269000000000410e+00   2.447903e-01   5.312798e-02
4.632979999999999876e+00   1.603118e-01   5.331190e-02
4.637692000000000370e+00   1.714456e-01   5.376921e-02
4.642402999999999835e+00   1.648040e-01   5.428509e-02
4.647114000000000189e+00   2.256521e-01   5.475978e-02
4.651825999999999794e+00   2.441697e-01   5.512097e-02
4.656537000000000148e+00   2.773029e-01   5.582143e-02
4.661247999999999614e+00   1.761942e-01   5.620049e-02
4.665958999999999968e+00   1.943442e-01   5.662853e-02
4.670670999999999573e+00   2.440563e-01   5.714111e-02
4.675381999999999927e+00   1.718996e-01   5.781065e-02
4.680093000000000281e+00   1.286705e-01   5.801724e-02
4.684803999999999746e+00   2.241437e-01   5.893580e-02
4.689516000000000240e+00   2.757223e-01   5.956020e-02
4.694226999999999705e+00   1.143905e-01   5.974268e-02
4.698938000000000059e+00   2.248111e-01   6.039151e-02
4.703649000000000413e+00   1.543587e-01   6.084204e-02
4.708361000000000018e+00   1.808427e-01   6.158826e-02
4.713072000000000372e+00   1.252969e-01   6.212901e-02
4.717782999999999838e+00   1.249600e-01   6.275984e-02
4.722494000000000192e+00   2.408155e-01   6.388929e-02
4.727205999999999797e+00   2.221522e-01   6.437071e-02
4.731917000000000151e+00   2.119525e-01   6.486693e-02
4.736627999999999616e+00   1.827349e-01   6.603181e-02
4.741338999999999970e+00   2.134204e-01   6.663379e-02
4.746050999999999576e+00   2.783187e-01   6.743148e-02
4.750761999999999929e+00   2.780775e-01   6.839773e-02
4.755473000000000283e+00   2.940241e-01   6.896857e-02
4.760183999999999749e+00   1.744849e-01   6.974012e-02
4.764896000000000242e+00   1.736806e-01   7.081407e-02
4.769606999999999708e+00   1.362831e-01   7.150650e-02
4.774318000000000062e+00   1.830008e-01   7.305751e-02
4.779029000000000416e+00   1.910706e-01   7.407033e-02
4.783741000000000021e+00   2.070392e-01   7.500618e-02
4.788452000000000375e+00   1.013989e-01   7.596652e-02
4.793162999999999840e+00   1.629035e-01   7.730287e-02
4.797874000000000194e+00   2.193742e-01   7.905470e-02
4.802585999999999800e+00   2.018359e-01   8.014487e-02
4.807297000000000153e+00   1.048879e-01   8.144716e-02
4.812007999999999619e+00   2.987338e-01   8.309669e-02
4.816718999999999973e+00   1.268114e-01   8.376934e-02
4.821430999999999578e+00   2.592233e-01   8.615490e-02
4.826141999999999932e+00   2.478275e-01   8.758784e-02
4.830853000000000286e+00   1.485797e-01   8.907908e-02
4.835564999999999891e+00   2.304108e-01   9.160250e-02
4.840276000000000245e+00   1.766891e-01   9.328804e-02
4.844986999999999711e+00   1.520941e-01   9.552170e-02
4.849698000000000064e+00   9.050254e-02   9.779490e-02
4.854409999999999670e+00   3.875414e-02   1.000520e-01
4.859121000000000024e+00   2.118272e-01   1.028188e-01
4.863832000000000377e+00   2.529860e-01   1.059750e-01
4.868542999999999843e+00   2.441938e-01   1.093070e-01
4.873255000000000337e+00   1.175540e-01   1.116796e-01
4.877965999999999802e+00   2.595190e-01   1.164889e-01
4.882677000000000156e+00   1.532591e-01   1.211622e-01
4.887387999999999622e+00   4.638013e-02   1.254072e-01
4.892100000000000115e+00  -1.305353e-02   1.313504e-01
4.896810999999999581e+00   4.744398e-02   1.369116e-01
4.901521999999999935e+00  -4.616253e-02   1.429127e-01
4.906233000000000288e+00  -6.549619e-02   1.515316e-01
4.910944999999999894e+00   1.399854e-01   1.637556e-01
4.915656000000000247e+00   3.194139e-01   1.759643e-01
4.920366999999999713e+00   7.742047e-02   1.907435e-01
4.925078000000000067e+00   3.302478e-01   2.117255e-01
4.929789999999999672e+00   7.417919e-02   2.430212e-01
4.934501000000000026e+00   1.406729e-01   2.954937e-01
4.939212000000000380e+00  -1.190389e-01   3.791223e-01
4.943922999999999845e+00   3.292893e-01   6.802772e-01