# [2]
# Sample c= 1.91 mg/ml
# Intensity scaled by concentration
# Buffer subtracted data file:
# Protein DatFile = /data/visitor/mx1908/bm29/20161119/giulio/1d/mM300_203_ave.dat
# Buffer DatFile = /data/visitor/mx1908/bm29/20161119/giulio/ednaSub/mM300_203_ave_averbuffer.dat
# 
# AutoRg: Rg   =   0.7323 +/- 0.10 ( 13.6%)
# AutoRg: I(0) =   1.11 +/- 0.0044
# AutoRg: Points   35 to 284 ( 250 total)
# AutoRg: Quality: 89.7%
# 
# 
# Sample Information:
# Storage Temperature (degrees C): 20.0
# Measurement Temperature (degrees C): 20.05
# Concentration: 1.91
# Code: 
3.479420999999999903e-02   1.128857e+00   3.747999e+00
3.950545999999999919e-02  -7.475945e-01   1.495528e+00
4.421672000000000102e-02   2.582088e-01   9.762718e-01
4.892798000000000286e-02  -2.938994e-01   7.478609e-01
5.363923000000000302e-02   6.616012e-01   5.996708e-01
5.835048999999999791e-02   1.351774e+00   4.913611e-01
6.306174999999999975e-02   1.267155e+00   4.088140e-01
6.777299999999999991e-02   8.716099e-01   3.466273e-01
7.248425999999999481e-02   1.090824e+00   3.003575e-01
7.719552000000000358e-02   9.286003e-01   2.647670e-01
8.190677000000000374e-02   1.188932e+00   2.352818e-01
8.661802999999999864e-02   1.225909e+00   2.115395e-01
9.132928999999999353e-02   1.057138e+00   1.929016e-01
9.604053999999999369e-02   8.919245e-01   1.781610e-01
1.007518000000000025e-01   7.622460e-01   1.650086e-01
1.054631000000000041e-01   1.067824e+00   1.541690e-01
1.101743000000000028e-01   1.046168e+00   1.447082e-01
1.148856000000000044e-01   9.904923e-01   1.361876e-01
1.195968000000000031e-01   1.040402e+00   1.292223e-01
1.243081000000000047e-01   9.021808e-01   1.228138e-01
1.290193000000000034e-01   1.122124e+00   1.176865e-01
1.337306000000000050e-01   1.007252e+00   1.128479e-01
1.384419000000000066e-01   9.788245e-01   1.083890e-01
1.431531000000000053e-01   1.075462e+00   1.046103e-01
1.478644000000000069e-01   1.112628e+00   1.012561e-01
1.525756000000000057e-01   1.197028e+00   9.839065e-02
1.572869000000000073e-01   1.232893e+00   9.563414e-02
1.619981000000000060e-01   1.045010e+00   9.282984e-02
1.667094000000000076e-01   1.006739e+00   9.049655e-02
1.714206000000000063e-01   1.085603e+00   8.845570e-02
1.761319000000000079e-01   1.238285e+00   8.626039e-02
1.808432000000000095e-01   1.065932e+00   8.425157e-02
1.855544000000000082e-01   1.156314e+00   8.271444e-02
1.902657000000000098e-01   1.192739e+00   8.122424e-02
1.949769000000000085e-01   1.116073e+00   7.970261e-02
1.996882000000000101e-01   1.077692e+00   7.811062e-02
2.043994000000000089e-01   1.161579e+00   7.685750e-02
2.091107000000000105e-01   1.128963e+00   7.567284e-02
2.138220000000000121e-01   1.131268e+00   7.456908e-02
2.185332000000000108e-01   1.037590e+00   7.331934e-02
2.232445000000000124e-01   1.140890e+00   7.230434e-02
2.279557000000000111e-01   1.138268e+00   7.133053e-02
2.326670000000000127e-01   1.092348e+00   7.036222e-02
2.373782000000000114e-01   1.081309e+00   6.930159e-02
2.420895000000000130e-01   9.728731e-01   6.842445e-02
2.468007000000000117e-01   1.076797e+00   6.761161e-02
2.515120000000000133e-01   1.083327e+00   6.684441e-02
2.562232999999999872e-01   1.018856e+00   6.597504e-02
2.609345000000000137e-01   1.026088e+00   6.515992e-02
2.656457999999999875e-01   1.065197e+00   6.460619e-02
2.703570000000000140e-01   1.125332e+00   6.399612e-02
2.750682999999999878e-01   1.131305e+00   6.339075e-02
2.797795000000000143e-01   1.029658e+00   6.262302e-02
2.844907999999999881e-01   1.038099e+00   6.194340e-02
2.892021000000000175e-01   1.136065e+00   6.140510e-02
2.939132999999999885e-01   1.044093e+00   6.082786e-02
2.986246000000000178e-01   1.074948e+00   6.018984e-02
3.033357999999999888e-01   1.105727e+00   5.972371e-02
3.080471000000000181e-01   1.059697e+00   5.913327e-02
3.127582999999999891e-01   1.088624e+00   5.872131e-02
3.174696000000000184e-01   1.108318e+00   5.819265e-02
3.221808999999999923e-01   1.121907e+00   5.764950e-02
3.268921000000000188e-01   1.085231e+00   5.720131e-02
3.316033999999999926e-01   1.103126e+00   5.687895e-02
3.363146000000000191e-01   1.073965e+00   5.732190e-02
3.410258999999999929e-01   1.158104e+00   5.789098e-02
3.457371000000000194e-01   1.041588e+00   5.800480e-02
3.504483999999999932e-01   1.073567e+00   5.883344e-02
3.551596000000000197e-01   1.052771e+00   6.001441e-02
3.598708999999999936e-01   1.119014e+00   6.068481e-02
3.645822000000000229e-01   1.079010e+00   6.131000e-02
3.692933999999999939e-01   1.027113e+00   6.175955e-02
3.740047000000000232e-01   1.114018e+00   6.224120e-02
3.787158999999999942e-01   1.043542e+00   6.263247e-02
3.834272000000000236e-01   1.084865e+00   6.289868e-02
3.881383999999999945e-01   1.120748e+00   6.322803e-02
3.928497000000000239e-01   1.122369e+00   6.477198e-02
3.975609999999999977e-01   1.149840e+00   6.668680e-02
4.022722000000000242e-01   1.031666e+00   6.808522e-02
4.069834999999999980e-01   1.088627e+00   6.955730e-02
4.116947000000000245e-01   1.109390e+00   7.055672e-02
4.164059999999999984e-01   1.095227e+00   7.159803e-02
4.211172000000000248e-01   1.014656e+00   7.250788e-02
4.258284999999999987e-01   1.052726e+00   7.368519e-02
4.305397000000000252e-01   1.094514e+00   7.468450e-02
4.352509999999999990e-01   1.110350e+00   7.568229e-02
4.399622999999999728e-01   1.053672e+00   7.665556e-02
4.446734999999999993e-01   1.084247e+00   7.812013e-02
4.493847999999999732e-01   1.018350e+00   7.907952e-02
4.540959999999999996e-01   1.007581e+00   7.988605e-02
4.588072999999999735e-01   9.745165e-01   7.702538e-02
4.635185000000000000e-01   1.148726e+00   7.530832e-02
4.682297999999999738e-01   1.063254e+00   7.413335e-02
4.729411000000000032e-01   1.092067e+00   7.333136e-02
4.776522999999999741e-01   1.129927e+00   7.263772e-02
4.823636000000000035e-01   1.025857e+00   7.202362e-02
4.870747999999999744e-01   1.015775e+00   7.151171e-02
4.917861000000000038e-01   1.048249e+00   7.112740e-02
4.964972999999999748e-01   1.005220e+00   7.070065e-02
5.012086000000000041e-01   1.067606e+00   7.043448e-02
5.059198999999999780e-01   1.141141e+00   7.017856e-02
5.106311000000000044e-01   1.036841e+00   6.970216e-02
5.153423999999999783e-01   1.067096e+00   6.926244e-02
5.200536000000000048e-01   1.060322e+00   6.871095e-02
5.247648999999999786e-01   1.029745e+00   6.823838e-02
5.294761000000000051e-01   9.949813e-01   6.773080e-02
5.341873999999999789e-01   1.118365e+00   6.737883e-02
5.388986000000000054e-01   1.034262e+00   6.684950e-02
5.436098999999999792e-01   9.029525e-01   6.634282e-02
5.483211999999999531e-01   1.000995e+00   6.602836e-02
5.530323999999999796e-01   1.151384e+00   6.570802e-02
5.577436999999999534e-01   1.097970e+00   6.514831e-02
5.624548999999999799e-01   9.804945e-01   6.469693e-02
5.671661999999999537e-01   9.856695e-01   6.453093e-02
5.718773999999999802e-01   1.058461e+00   6.442498e-02
5.765886999999999540e-01   1.056225e+00   6.421565e-02
5.813000000000000389e-01   1.015108e+00   6.394294e-02
5.860111999999999544e-01   9.914654e-01   6.380779e-02
5.907225000000000392e-01   1.058627e+00   6.377546e-02
5.954336999999999547e-01   1.100715e+00   6.365593e-02
6.001450000000000395e-01   9.843843e-01   6.340278e-02
6.048561999999999550e-01   1.083352e+00   6.326128e-02
6.095675000000000399e-01   1.105238e+00   6.318015e-02
6.142788000000000137e-01   1.109596e+00   6.300831e-02
6.189900000000000402e-01   1.070666e+00   6.284433e-02
6.237013000000000140e-01   1.013176e+00   6.264335e-02
6.284125000000000405e-01   1.002879e+00   6.247061e-02
6.331238000000000143e-01   1.162098e+00   6.246628e-02
6.378350000000000408e-01   1.101848e+00   6.230146e-02
6.425463000000000147e-01   1.052736e+00   6.219154e-02
6.472575000000000411e-01   1.106268e+00   6.201510e-02
6.519688000000000150e-01   1.012141e+00   6.183700e-02
6.566800999999999888e-01   1.045706e+00   6.173257e-02
6.613913000000000153e-01   9.364358e-01   6.145124e-02
6.661025999999999891e-01   1.007798e+00   6.133853e-02
6.708138000000000156e-01   1.008062e+00   6.121601e-02
6.755250999999999895e-01   1.049756e+00   6.118015e-02
6.802363000000000159e-01   1.075838e+00   6.109145e-02
6.849475999999999898e-01   9.665877e-01   6.082450e-02
6.896588999999999636e-01   9.384102e-01   6.057857e-02
6.943700999999999901e-01   9.989178e-01   6.054062e-02
6.990813999999999639e-01   9.770768e-01   6.049690e-02
7.037925999999999904e-01   1.043072e+00   6.040974e-02
7.085038999999999643e-01   1.027210e+00   6.022218e-02
7.132150999999999907e-01   1.029260e+00   6.002017e-02
7.179263999999999646e-01   1.038858e+00   5.991469e-02
7.226375999999999911e-01   9.252225e-01   5.969703e-02
7.273488999999999649e-01   1.065186e+00   5.974059e-02
7.320602000000000498e-01   9.681134e-01   5.950106e-02
7.367713999999999652e-01   9.087386e-01   5.943864e-02
7.414827000000000501e-01   8.899926e-01   5.920355e-02
7.461938999999999655e-01   1.028360e+00   5.912188e-02
7.509052000000000504e-01   1.022574e+00   5.902641e-02
7.556163999999999659e-01   9.901668e-01   5.884536e-02
7.603277000000000507e-01   9.758190e-01   5.884388e-02
7.650390000000000246e-01   1.074759e+00   5.870146e-02
7.697502000000000510e-01   9.920686e-01   5.849140e-02
7.744615000000000249e-01   1.012900e+00   5.840743e-02
7.791727000000000514e-01   9.859048e-01   5.823130e-02
7.838840000000000252e-01   1.007311e+00   5.815487e-02
7.885952000000000517e-01   9.347842e-01   5.797254e-02
7.933065000000000255e-01   1.005536e+00   5.799669e-02
7.980177999999999994e-01   1.056946e+00   5.797786e-02
8.027290000000000258e-01   1.013467e+00   5.775811e-02
8.074402999999999997e-01   1.019696e+00   5.769877e-02
8.121515000000000262e-01   1.065352e+00   5.751878e-02
8.168628000000000000e-01   9.761908e-01   5.736355e-02
8.215740000000000265e-01   1.017081e+00   5.722359e-02
8.262853000000000003e-01   1.001764e+00   5.719667e-02
8.309965000000000268e-01   1.005153e+00   5.705332e-02
8.357078000000000007e-01   9.269730e-01   5.682991e-02
8.404190999999999745e-01   9.362305e-01   5.674954e-02
8.451303000000000010e-01   9.438172e-01   5.671218e-02
8.498415999999999748e-01   9.548967e-01   5.660977e-02
8.545528000000000013e-01   1.006070e+00   5.645263e-02
8.592640999999999751e-01   9.796339e-01   5.639139e-02
8.639753000000000016e-01   9.395655e-01   5.632580e-02
8.686865999999999755e-01   9.854949e-01   5.606358e-02
8.733978999999999493e-01   9.370791e-01   5.595992e-02
8.781090999999999758e-01   9.583792e-01   5.591657e-02
8.828203999999999496e-01   1.005637e+00   5.583393e-02
8.875315999999999761e-01   9.649867e-01   5.565740e-02
8.922428999999999499e-01   9.730668e-01   5.565382e-02
8.969540999999999764e-01   9.965978e-01   5.550213e-02
9.016653999999999503e-01   9.537713e-01   5.541900e-02
9.063767000000000351e-01   9.788338e-01   5.532332e-02
9.110878999999999506e-01   9.935244e-01   5.529602e-02
9.157992000000000354e-01   9.724526e-01   5.516293e-02
9.205103999999999509e-01   9.842656e-01   5.502729e-02
9.252217000000000358e-01   9.482050e-01   5.486154e-02
9.299328999999999512e-01   9.430140e-01   5.474435e-02
9.346442000000000361e-01   9.236247e-01   5.472835e-02
9.393553999999999515e-01   9.513167e-01   5.457726e-02
9.440667000000000364e-01   9.235672e-01   5.449728e-02
9.487780000000000102e-01   9.844023e-01   5.440500e-02
9.534892000000000367e-01   1.016416e+00   5.430360e-02
9.582005000000000106e-01   9.776662e-01   5.422898e-02
9.629117000000000370e-01   9.431538e-01   5.407482e-02
9.676230000000000109e-01   9.901780e-01   5.402310e-02
9.723342000000000374e-01   9.050517e-01   5.388340e-02
9.770455000000000112e-01   9.346305e-01   5.379798e-02
9.817567999999999850e-01   9.517060e-01   5.374789e-02
9.864680000000000115e-01   9.976636e-01   5.368888e-02
9.911792999999999854e-01   8.970233e-01   5.352277e-02
9.958905000000000118e-01   9.204657e-01   5.340602e-02
1.000601999999999991e+00   9.670283e-01   5.335664e-02
1.005312999999999901e+00   9.146112e-01   5.325872e-02
1.010024000000000033e+00   8.293338e-01   5.308788e-02
1.014736000000000082e+00   8.420156e-01   5.294535e-02
1.019446999999999992e+00   9.410212e-01   5.297392e-02
1.024157999999999902e+00   1.004156e+00   5.289852e-02
1.028869000000000034e+00   9.408058e-01   5.271907e-02
1.033581000000000083e+00   9.185158e-01   5.270448e-02
1.038291999999999993e+00   9.120249e-01   5.263122e-02
1.043002999999999902e+00   9.392079e-01   5.251452e-02
1.047714000000000034e+00   9.592217e-01   5.234940e-02
1.052426000000000084e+00   9.885112e-01   5.233661e-02
1.057136999999999993e+00   8.840818e-01   5.225476e-02
1.061847999999999903e+00   8.902049e-01   5.214793e-02
1.066559000000000035e+00   9.286265e-01   5.198336e-02
1.071271000000000084e+00   9.144548e-01   5.196308e-02
1.075981999999999994e+00   8.749706e-01   5.190606e-02
1.080692999999999904e+00   9.282788e-01   5.180681e-02
1.085404000000000035e+00   9.047202e-01   5.166956e-02
1.090116000000000085e+00   9.342040e-01   5.159662e-02
1.094826999999999995e+00   8.848738e-01   5.151442e-02
1.099537999999999904e+00   8.059778e-01   5.145247e-02
1.104249000000000036e+00   9.174623e-01   5.135912e-02
1.108961000000000086e+00   9.338962e-01   5.130262e-02
1.113671999999999995e+00   8.741072e-01   5.112628e-02
1.118382999999999905e+00   8.552645e-01   5.107621e-02
1.123094000000000037e+00   8.503384e-01   5.099981e-02
1.127806000000000086e+00   8.570658e-01   5.097327e-02
1.132516999999999996e+00   8.586970e-01   5.084690e-02
1.137227999999999906e+00   9.014743e-01   5.079001e-02
1.141939000000000037e+00   8.468755e-01   5.072357e-02
1.146651000000000087e+00   8.731076e-01   5.061041e-02
1.151361999999999997e+00   9.467653e-01   5.059156e-02
1.156072999999999906e+00   9.004786e-01   5.050265e-02
1.160784000000000038e+00   9.022131e-01   5.041481e-02
1.165496000000000087e+00   9.476751e-01   5.032898e-02
1.170206999999999997e+00   8.717047e-01   5.019603e-02
1.174917999999999907e+00   8.323471e-01   5.010115e-02
1.179629999999999956e+00   8.364896e-01   5.003891e-02
1.184341000000000088e+00   7.779955e-01   4.992559e-02
1.189051999999999998e+00   8.660529e-01   4.992032e-02
1.193762999999999908e+00   7.974719e-01   4.991194e-02
1.198474999999999957e+00   8.379462e-01   5.103072e-02
1.203186000000000089e+00   8.974804e-01   5.239786e-02
1.207896999999999998e+00   8.810176e-01   5.323189e-02
1.212607999999999908e+00   7.793308e-01   5.390555e-02
1.217319999999999958e+00   8.281541e-01   5.455497e-02
1.222031000000000089e+00   8.592453e-01   5.516712e-02
1.226741999999999999e+00   8.670953e-01   5.564097e-02
1.231452999999999909e+00   8.579908e-01   5.614064e-02
1.236164999999999958e+00   9.474798e-01   5.665416e-02
1.240876000000000090e+00   9.359226e-01   5.703484e-02
1.245587000000000000e+00   8.623734e-01   5.721636e-02
1.250297999999999909e+00   7.390868e-01   5.731526e-02
1.255009999999999959e+00   8.349748e-01   5.744377e-02
1.259721000000000091e+00   8.229856e-01   5.756025e-02
1.264432000000000000e+00   8.431058e-01   5.561161e-02
1.269142999999999910e+00   7.776870e-01   5.419997e-02
1.273854999999999960e+00   8.027834e-01   5.325053e-02
1.278566000000000091e+00   7.957010e-01   5.255748e-02
1.283277000000000001e+00   7.933677e-01   5.196975e-02
1.287987999999999911e+00   8.190514e-01   5.150178e-02
1.292699999999999960e+00   7.928519e-01   5.107830e-02
1.297411000000000092e+00   8.214417e-01   5.064718e-02
1.302122000000000002e+00   8.279225e-01   5.026972e-02
1.306832999999999911e+00   8.058803e-01   4.995667e-02
1.311544999999999961e+00   7.726565e-01   4.987334e-02
1.316256000000000093e+00   7.759244e-01   4.973573e-02
1.320967000000000002e+00   8.001337e-01   4.959741e-02
1.325677999999999912e+00   8.053678e-01   4.953099e-02
1.330389999999999961e+00   8.252996e-01   4.936815e-02
1.335101000000000093e+00   8.610827e-01   4.924765e-02
1.339812000000000003e+00   8.266085e-01   4.913975e-02
1.344522999999999913e+00   7.773707e-01   4.904514e-02
1.349234999999999962e+00   8.141176e-01   4.899893e-02
1.353946000000000094e+00   7.992716e-01   4.887538e-02
1.358657000000000004e+00   7.621927e-01   4.873601e-02
1.363369000000000053e+00   7.836597e-01   4.863984e-02
1.368079999999999963e+00   7.879289e-01   4.854723e-02
1.372791000000000095e+00   7.198011e-01   4.843193e-02
1.377502000000000004e+00   7.193974e-01   4.835563e-02
1.382214000000000054e+00   6.940273e-01   4.820461e-02
1.386924999999999963e+00   6.909145e-01   4.813438e-02
1.391636000000000095e+00   7.863137e-01   4.816832e-02
1.396347000000000005e+00   7.460269e-01   4.801936e-02
1.401059000000000054e+00   7.563296e-01   4.794032e-02
1.405769999999999964e+00   7.196568e-01   4.782672e-02
1.410481000000000096e+00   8.031255e-01   4.784881e-02
1.415192000000000005e+00   8.060787e-01   4.772111e-02
1.419904000000000055e+00   7.548936e-01   4.756486e-02
1.424614999999999965e+00   7.285460e-01   4.750187e-02
1.429326000000000096e+00   7.492607e-01   4.746479e-02
1.434037000000000006e+00   7.623053e-01   4.742162e-02
1.438749000000000056e+00   8.684163e-01   4.735000e-02
1.443459999999999965e+00   7.746066e-01   4.722478e-02
1.448171000000000097e+00   7.567567e-01   4.717005e-02
1.452882000000000007e+00   7.432994e-01   4.708145e-02
1.457594000000000056e+00   7.963323e-01   4.697294e-02
1.462304999999999966e+00   7.708890e-01   4.690929e-02
1.467016000000000098e+00   7.605115e-01   4.686223e-02
1.471727000000000007e+00   6.894503e-01   4.676598e-02
1.476439000000000057e+00   7.429610e-01   4.677170e-02
1.481149999999999967e+00   6.910104e-01   4.661687e-02
1.485861000000000098e+00   7.811916e-01   4.659609e-02
1.490572000000000008e+00   7.464021e-01   4.650526e-02
1.495284000000000058e+00   7.823673e-01   4.646380e-02
1.499994999999999967e+00   7.911965e-01   4.636634e-02
1.504706000000000099e+00   8.530405e-01   4.637972e-02
1.509417000000000009e+00   7.316320e-01   4.625115e-02
1.514129000000000058e+00   7.518606e-01   4.638209e-02
1.518839999999999968e+00   7.379623e-01   4.773249e-02
1.523551000000000100e+00   7.291745e-01   4.871008e-02
1.528262999999999927e+00   7.392764e-01   4.943233e-02
1.532974000000000059e+00   7.223582e-01   4.993589e-02
1.537684999999999969e+00   7.066793e-01   5.041498e-02
1.542396000000000100e+00   7.040856e-01   5.042468e-02
1.547107999999999928e+00   6.908441e-01   4.922599e-02
1.551819000000000059e+00   7.197791e-01   4.852705e-02
1.556529999999999969e+00   7.056949e-01   4.802681e-02
1.561241000000000101e+00   7.103791e-01   4.760557e-02
1.565952999999999928e+00   7.101788e-01   4.718597e-02
1.570664000000000060e+00   6.658505e-01   4.662605e-02
1.575374999999999970e+00   6.090439e-01   4.608647e-02
1.580086000000000102e+00   6.717389e-01   4.568834e-02
1.584797999999999929e+00   6.784195e-01   4.547025e-02
1.589509000000000061e+00   6.322891e-01   4.532355e-02
1.594219999999999970e+00   7.118732e-01   4.536182e-02
1.598931000000000102e+00   6.855345e-01   4.540679e-02
1.603642999999999930e+00   7.650035e-01   4.555428e-02
1.608354000000000061e+00   6.766288e-01   4.548367e-02
1.613064999999999971e+00   6.585237e-01   4.539491e-02
1.617776000000000103e+00   6.665600e-01   4.533489e-02
1.622487999999999930e+00   6.360537e-01   4.520114e-02
1.627199000000000062e+00   7.100483e-01   4.521573e-02
1.631909999999999972e+00   6.336032e-01   4.506885e-02
1.636621000000000103e+00   6.711413e-01   4.502252e-02
1.641332999999999931e+00   6.798735e-01   4.499513e-02
1.646044000000000063e+00   6.955106e-01   4.492193e-02
1.650754999999999972e+00   6.592028e-01   4.484995e-02
1.655466000000000104e+00   6.400003e-01   4.480405e-02
1.660177999999999932e+00   6.261885e-01   4.472090e-02
1.664889000000000063e+00   6.329370e-01   4.465975e-02
1.669599999999999973e+00   6.172013e-01   4.456454e-02
1.674311000000000105e+00   6.887591e-01   4.445420e-02
1.679022999999999932e+00   6.299186e-01   4.435881e-02
1.683734000000000064e+00   6.022179e-01   4.435313e-02
1.688444999999999974e+00   6.293727e-01   4.430311e-02
1.693156000000000105e+00   6.666882e-01   4.423746e-02
1.697867999999999933e+00   6.710120e-01   4.420597e-02
1.702579000000000065e+00   6.596438e-01   4.414237e-02
1.707289999999999974e+00   6.328326e-01   4.404625e-02
1.712002000000000024e+00   5.828093e-01   4.392022e-02
1.716712999999999933e+00   6.248514e-01   4.388711e-02
1.721424000000000065e+00   6.000611e-01   4.385410e-02
1.726134999999999975e+00   6.073013e-01   4.376905e-02
1.730847000000000024e+00   6.089578e-01   4.374464e-02
1.735557999999999934e+00   6.189775e-01   4.369838e-02
1.740269000000000066e+00   5.971086e-01   4.364559e-02
1.744979999999999976e+00   5.449339e-01   4.354732e-02
1.749692000000000025e+00   6.231926e-01   4.351812e-02
1.754402999999999935e+00   6.392830e-01   4.344146e-02
1.759114000000000066e+00   5.951823e-01   4.335556e-02
1.763824999999999976e+00   6.550360e-01   4.335823e-02
1.768537000000000026e+00   6.323059e-01   4.326776e-02
1.773247999999999935e+00   5.908200e-01   4.323604e-02
1.777959000000000067e+00   5.762017e-01   4.314949e-02
1.782669999999999977e+00   5.874731e-01   4.307272e-02
1.787382000000000026e+00   5.160050e-01   4.296846e-02
1.792092999999999936e+00   6.420298e-01   4.302775e-02
1.796804000000000068e+00   6.133790e-01   4.294298e-02
1.801514999999999977e+00   5.439653e-01   4.279232e-02
1.806227000000000027e+00   4.981830e-01   4.275929e-02
1.810937999999999937e+00   5.339881e-01   4.273766e-02
1.815649000000000068e+00   5.530668e-01   4.269360e-02
1.820359999999999978e+00   5.619634e-01   4.269474e-02
1.825072000000000028e+00   5.266999e-01   4.258760e-02
1.829782999999999937e+00   5.603531e-01   4.249449e-02
1.834494000000000069e+00   6.513039e-01   4.248396e-02
1.839204999999999979e+00   6.294432e-01   4.246459e-02
1.843917000000000028e+00   5.663856e-01   4.232878e-02
1.848627999999999938e+00   5.621572e-01   4.231092e-02
1.853339000000000070e+00   5.312395e-01   4.224765e-02
1.858049999999999979e+00   5.666702e-01   4.217515e-02
1.862762000000000029e+00   6.439857e-01   4.220278e-02
1.867472999999999939e+00   6.229329e-01   4.216160e-02
1.872184000000000070e+00   5.903366e-01   4.207342e-02
1.876894999999999980e+00   5.675389e-01   4.199883e-02
1.881607000000000030e+00   6.166866e-01   4.196352e-02
1.886317999999999939e+00   6.105425e-01   4.190264e-02
1.891029000000000071e+00   5.789417e-01   4.181784e-02
1.895740999999999898e+00   6.071613e-01   4.177066e-02
1.900452000000000030e+00   5.213972e-01   4.172978e-02
1.905162999999999940e+00   5.112010e-01   4.167157e-02
1.909874000000000072e+00   5.700570e-01   4.164769e-02
1.914585999999999899e+00   5.843237e-01   4.157551e-02
1.919297000000000031e+00   5.499964e-01   4.153840e-02
1.924007999999999940e+00   5.227695e-01   4.147376e-02
1.928719000000000072e+00   5.392700e-01   4.144145e-02
1.933430999999999900e+00   5.151399e-01   4.133289e-02
1.938142000000000031e+00   4.935190e-01   4.124323e-02
1.942852999999999941e+00   5.208194e-01   4.114208e-02
1.947564000000000073e+00   5.356078e-01   4.104691e-02
1.952275999999999900e+00   4.950373e-01   4.091922e-02
1.956987000000000032e+00   4.807454e-01   4.084962e-02
1.961697999999999942e+00   4.407152e-01   4.079504e-02
1.966409000000000074e+00   5.510458e-01   4.076752e-02
1.971120999999999901e+00   4.644062e-01   4.069524e-02
1.975832000000000033e+00   4.867665e-01   4.070653e-02
1.980542999999999942e+00   5.009332e-01   4.073409e-02
1.985254000000000074e+00   5.288747e-01   4.074405e-02
1.989965999999999902e+00   5.201697e-01   4.075219e-02
1.994677000000000033e+00   4.845934e-01   4.073356e-02
1.999387999999999943e+00   4.546926e-01   4.079871e-02
2.004099000000000075e+00   5.077010e-01   4.179472e-02
2.008811000000000124e+00   5.928168e-01   4.275248e-02
2.013522000000000034e+00   5.334672e-01   4.326201e-02
2.018232999999999944e+00   5.314092e-01   4.373782e-02
2.022943999999999853e+00   5.110965e-01   4.417495e-02
2.027655999999999903e+00   4.922959e-01   4.454346e-02
2.032366999999999813e+00   5.007471e-01   4.475560e-02
2.037078000000000166e+00   4.416753e-01   4.482831e-02
2.041789000000000076e+00   5.358095e-01   4.507673e-02
2.046501000000000126e+00   4.712986e-01   4.514397e-02
2.051212000000000035e+00   4.122706e-01   4.520084e-02
2.055922999999999945e+00   4.385942e-01   4.531313e-02
2.060633999999999855e+00   5.466274e-01   4.549326e-02
2.065345999999999904e+00   5.265909e-01   4.540402e-02
2.070056999999999814e+00   4.915356e-01   4.402072e-02
2.074768000000000168e+00   4.703115e-01   4.316818e-02
2.079480000000000217e+00   3.961180e-01   4.250042e-02
2.084191000000000127e+00   4.384950e-01   4.207405e-02
2.088902000000000037e+00   4.736494e-01   4.173876e-02
2.093612999999999946e+00   4.684441e-01   4.140435e-02
2.098324999999999996e+00   4.347887e-01   4.129219e-02
2.103035999999999905e+00   4.814468e-01   4.115597e-02
2.107746999999999815e+00   4.683912e-01   4.108069e-02
2.112458000000000169e+00   4.710880e-01   4.095487e-02
2.117170000000000218e+00   5.046753e-01   4.088490e-02
2.121881000000000128e+00   5.122734e-01   4.077410e-02
2.126592000000000038e+00   4.840747e-01   4.066811e-02
2.131302999999999948e+00   5.059551e-01   4.068759e-02
2.136014999999999997e+00   4.647038e-01   4.054208e-02
2.140725999999999907e+00   4.510021e-01   4.042560e-02
2.145436999999999816e+00   4.562798e-01   4.035519e-02
2.150148000000000170e+00   4.650211e-01   4.032401e-02
2.154860000000000220e+00   4.965767e-01   4.026221e-02
2.159571000000000129e+00   4.635259e-01   4.019305e-02
2.164282000000000039e+00   4.752619e-01   4.017242e-02
2.168992999999999949e+00   4.193502e-01   4.006296e-02
2.173704999999999998e+00   4.165953e-01   3.991969e-02
2.178415999999999908e+00   4.977546e-01   3.993923e-02
2.183126999999999818e+00   4.570269e-01   3.987043e-02
2.187838000000000171e+00   4.638460e-01   3.981752e-02
2.192550000000000221e+00   4.474912e-01   3.975831e-02
2.197261000000000131e+00   4.214379e-01   3.969565e-02
2.201972000000000040e+00   4.093218e-01   3.966076e-02
2.206682999999999950e+00   3.821809e-01   3.960002e-02
2.211395000000000000e+00   4.406553e-01   3.957046e-02
2.216105999999999909e+00   4.381940e-01   3.948101e-02
2.220816999999999819e+00   4.380477e-01   3.940598e-02
2.225528000000000173e+00   4.251767e-01   3.934320e-02
2.230239999999999778e+00   4.606207e-01   3.936513e-02
2.234951000000000132e+00   4.472824e-01   3.932612e-02
2.239662000000000042e+00   4.902254e-01   3.928558e-02
2.244372999999999951e+00   4.224007e-01   3.917521e-02
2.249085000000000001e+00   3.907119e-01   3.914128e-02
2.253795999999999911e+00   4.029418e-01   3.908150e-02
2.258506999999999820e+00   4.051768e-01   3.903885e-02
2.263218999999999870e+00   4.320203e-01   3.901451e-02
2.267929999999999779e+00   4.231505e-01   3.890982e-02
2.272641000000000133e+00   3.796227e-01   3.887734e-02
2.277352000000000043e+00   4.356033e-01   3.882948e-02
2.282064000000000092e+00   3.995792e-01   3.875439e-02
2.286775000000000002e+00   4.511798e-01   3.873943e-02
2.291485999999999912e+00   4.714845e-01   3.870123e-02
2.296196999999999822e+00   4.328488e-01   3.867692e-02
2.300908999999999871e+00   4.046229e-01   3.859286e-02
2.305619999999999781e+00   3.660837e-01   3.853458e-02
2.310331000000000135e+00   4.188817e-01   3.853860e-02
2.315042000000000044e+00   4.065988e-01   3.849987e-02
2.319754000000000094e+00   4.029074e-01   3.843720e-02
2.324465000000000003e+00   3.887347e-01   3.833902e-02
2.329175999999999913e+00   3.594681e-01   3.829782e-02
2.333886999999999823e+00   4.136882e-01   3.829919e-02
2.338598999999999872e+00   3.686599e-01   3.819391e-02
2.343309999999999782e+00   3.997808e-01   3.822589e-02
2.348021000000000136e+00   4.063974e-01   3.815777e-02
2.352732000000000046e+00   3.474705e-01   3.808907e-02
2.357444000000000095e+00   3.763079e-01   3.803136e-02
2.362155000000000005e+00   3.602200e-01   3.798842e-02
2.366865999999999914e+00   3.874588e-01   3.797108e-02
2.371576999999999824e+00   4.127247e-01   3.795298e-02
2.376288999999999874e+00   3.737568e-01   3.789310e-02
2.380999999999999783e+00   3.555746e-01   3.786865e-02
2.385711000000000137e+00   3.592714e-01   3.786079e-02
2.390422000000000047e+00   4.153599e-01   3.781646e-02
2.395134000000000096e+00   3.949787e-01   3.776055e-02
2.399845000000000006e+00   4.024194e-01   3.772497e-02
2.404555999999999916e+00   3.702890e-01   3.765183e-02
2.409266999999999825e+00   3.517832e-01   3.759794e-02
2.413978999999999875e+00   3.517729e-01   3.754370e-02
2.418689999999999785e+00   3.225858e-01   3.748419e-02
2.423401000000000138e+00   3.527416e-01   3.746629e-02
2.428112000000000048e+00   3.687872e-01   3.741082e-02
2.432824000000000098e+00   3.727320e-01   3.739281e-02
2.437535000000000007e+00   3.662069e-01   3.737104e-02
2.442245999999999917e+00   3.910319e-01   3.736730e-02
2.446957999999999966e+00   3.778017e-01   3.728562e-02
2.451668999999999876e+00   3.994528e-01   3.726354e-02
2.456379999999999786e+00   3.687679e-01   3.719014e-02
2.461091000000000140e+00   4.107234e-01   3.720664e-02
2.465803000000000189e+00   4.208336e-01   3.723678e-02
2.470514000000000099e+00   3.153617e-01   3.711322e-02
2.475225000000000009e+00   3.905694e-01   3.707577e-02
2.479935999999999918e+00   3.966709e-01   3.707404e-02
2.484647999999999968e+00   3.301668e-01   3.699621e-02
2.489358999999999877e+00   3.389939e-01   3.696523e-02
2.494069999999999787e+00   3.297307e-01   3.691273e-02
2.498781000000000141e+00   3.218430e-01   3.687876e-02
2.503493000000000190e+00   3.662465e-01   3.688460e-02
2.508204000000000100e+00   3.348549e-01   3.683767e-02
2.512915000000000010e+00   3.300127e-01   3.677045e-02
2.517625999999999920e+00   3.933389e-01   3.666696e-02
2.522337999999999969e+00   3.349886e-01   3.659270e-02
2.527048999999999879e+00   3.354807e-01   3.654989e-02
2.531759999999999788e+00   4.005697e-01   3.650927e-02
2.536471000000000142e+00   3.868209e-01   3.645462e-02
2.541183000000000192e+00   3.041444e-01   3.639067e-02
2.545894000000000101e+00   3.754433e-01   3.638684e-02
2.550605000000000011e+00   3.566847e-01   3.631346e-02
2.555315999999999921e+00   3.395651e-01   3.627774e-02
2.560027999999999970e+00   4.090547e-01   3.631000e-02
2.564738999999999880e+00   3.104563e-01   3.624505e-02
2.569449999999999790e+00   3.512763e-01   3.626606e-02
2.574161000000000143e+00   3.277851e-01   3.627892e-02
2.578873000000000193e+00   2.786631e-01   3.622882e-02
2.583584000000000103e+00   2.676759e-01   3.618292e-02
2.588295000000000012e+00   3.020369e-01   3.618056e-02
2.593005999999999922e+00   2.889798e-01   3.614430e-02
2.597717999999999972e+00   3.170019e-01   3.612060e-02
2.602428999999999881e+00   3.181878e-01   3.609508e-02
2.607139999999999791e+00   3.559276e-01   3.604536e-02
2.611851000000000145e+00   3.090264e-01   3.601640e-02
2.616563000000000194e+00   2.710703e-01   3.597782e-02
2.621274000000000104e+00   2.819864e-01   3.592696e-02
2.625985000000000014e+00   3.439397e-01   3.594475e-02
2.630697000000000063e+00   3.128542e-01   3.588748e-02
2.635407999999999973e+00   2.768800e-01   3.584042e-02
2.640118999999999883e+00   2.609726e-01   3.580382e-02
2.644829999999999792e+00   2.892186e-01   3.580175e-02
2.649541999999999842e+00   3.028480e-01   3.569427e-02
2.654253000000000196e+00   3.194743e-01   3.569787e-02
2.658964000000000105e+00   3.751944e-01   3.570554e-02
2.663675000000000015e+00   3.022773e-01   3.564092e-02
2.668387000000000064e+00   3.272433e-01   3.564164e-02
2.673097999999999974e+00   2.970655e-01   3.557847e-02
2.677808999999999884e+00   3.430113e-01   3.559730e-02
2.682519999999999794e+00   3.351446e-01   3.554086e-02
2.687231999999999843e+00   3.175287e-01   3.547423e-02
2.691943000000000197e+00   2.859398e-01   3.542081e-02
2.696654000000000106e+00   2.957726e-01   3.540500e-02
2.701365000000000016e+00   2.957686e-01   3.538613e-02
2.706077000000000066e+00   2.930771e-01   3.536855e-02
2.710787999999999975e+00   3.186307e-01   3.533870e-02
2.715498999999999885e+00   3.185364e-01   3.530310e-02
2.720209999999999795e+00   3.184753e-01   3.526114e-02
2.724921999999999844e+00   3.251548e-01   3.523162e-02
2.729633000000000198e+00   3.019638e-01   3.518875e-02
2.734344000000000108e+00   3.049920e-01   3.517022e-02
2.739055000000000017e+00   2.781758e-01   3.512527e-02
2.743767000000000067e+00   2.732958e-01   3.507820e-02
2.748477999999999977e+00   2.908595e-01   3.505430e-02
2.753188999999999886e+00   2.506745e-01   3.502528e-02
2.757899999999999796e+00   3.249284e-01   3.501039e-02
2.762611999999999846e+00   2.908484e-01   3.497348e-02
2.767323000000000199e+00   2.500446e-01   3.488767e-02
2.772034000000000109e+00   3.029603e-01   3.492512e-02
2.776745000000000019e+00   2.811617e-01   3.487797e-02
2.781457000000000068e+00   2.935919e-01   3.488189e-02
2.786167999999999978e+00   3.175571e-01   3.484973e-02
2.790878999999999888e+00   2.745185e-01   3.478608e-02
2.795589999999999797e+00   2.687761e-01   3.474936e-02
2.800301999999999847e+00   2.612523e-01   3.472491e-02
2.805013000000000201e+00   2.784851e-01   3.490005e-02
2.809724000000000110e+00   2.290295e-01   3.573795e-02
2.814436000000000160e+00   2.304669e-01   3.628733e-02
2.819147000000000070e+00   2.746680e-01   3.677562e-02
2.823857999999999979e+00   2.519523e-01   3.710211e-02
2.828568999999999889e+00   2.529057e-01   3.729394e-02
2.833280999999999938e+00   2.737994e-01   3.739682e-02
2.837991999999999848e+00   2.489486e-01   3.753721e-02
2.842703000000000202e+00   3.017035e-01   3.766982e-02
2.847414000000000112e+00   2.732406e-01   3.772124e-02
2.852126000000000161e+00   2.607120e-01   3.779204e-02
2.856837000000000071e+00   3.031843e-01   3.793289e-02
2.861547999999999981e+00   2.809047e-01   3.804642e-02
2.866258999999999890e+00   2.583282e-01   3.808012e-02
2.870970999999999940e+00   2.964430e-01   3.779274e-02
2.875681999999999849e+00   2.895497e-01   3.681813e-02
2.880393000000000203e+00   2.994664e-01   3.626367e-02
2.885104000000000113e+00   2.745412e-01   3.589291e-02
2.889816000000000162e+00   2.454710e-01   3.556709e-02
2.894527000000000072e+00   3.055129e-01   3.545559e-02
2.899237999999999982e+00   2.790772e-01   3.534066e-02
2.903948999999999891e+00   2.705742e-01   3.523010e-02
2.908660999999999941e+00   2.542772e-01   3.516895e-02
2.913371999999999851e+00   2.123608e-01   3.504488e-02
2.918083000000000204e+00   2.611164e-01   3.498833e-02
2.922794000000000114e+00   2.372086e-01   3.492967e-02
2.927506000000000164e+00   2.595295e-01   3.490709e-02
2.932217000000000073e+00   2.404949e-01   3.484547e-02
2.936927999999999983e+00   2.294148e-01   3.479298e-02
2.941638999999999893e+00   2.625624e-01   3.472756e-02
2.946350999999999942e+00   2.922748e-01   3.468754e-02
2.951061999999999852e+00   2.378541e-01   3.460870e-02
2.955773000000000206e+00   2.906154e-01   3.457959e-02
2.960484000000000115e+00   3.331146e-01   3.455813e-02
2.965196000000000165e+00   2.706640e-01   3.447879e-02
2.969907000000000075e+00   2.324758e-01   3.445835e-02
2.974617999999999984e+00   2.508385e-01   3.441743e-02
2.979328999999999894e+00   2.256032e-01   3.434933e-02
2.984040999999999944e+00   2.512463e-01   3.433533e-02
2.988751999999999853e+00   2.086309e-01   3.429011e-02
2.993463000000000207e+00   2.520828e-01   3.428025e-02
2.998174999999999812e+00   2.581191e-01   3.423149e-02
3.002886000000000166e+00   2.362593e-01   3.421477e-02
3.007597000000000076e+00   2.694294e-01   3.417895e-02
3.012307999999999986e+00   2.590189e-01   3.409791e-02
3.017020000000000035e+00   2.171053e-01   3.401333e-02
3.021730999999999945e+00   2.610300e-01   3.400906e-02
3.026441999999999855e+00   2.477750e-01   3.399733e-02
3.031153000000000208e+00   2.612910e-01   3.399242e-02
3.035864999999999814e+00   2.573476e-01   3.393140e-02
3.040576000000000167e+00   2.552083e-01   3.386359e-02
3.045287000000000077e+00   2.669071e-01   3.386451e-02
3.049997999999999987e+00   2.914625e-01   3.380619e-02
3.054710000000000036e+00   2.105490e-01   3.375576e-02
3.059420999999999946e+00   2.380521e-01   3.371708e-02
3.064131999999999856e+00   2.721350e-01   3.370363e-02
3.068843000000000210e+00   2.776767e-01   3.367424e-02
3.073554999999999815e+00   2.442771e-01   3.365793e-02
3.078266000000000169e+00   2.257843e-01   3.359732e-02
3.082977000000000078e+00   2.627094e-01   3.359461e-02
3.087687999999999988e+00   2.108042e-01   3.355002e-02
3.092400000000000038e+00   2.250713e-01   3.351855e-02
3.097110999999999947e+00   2.116131e-01   3.347749e-02
3.101821999999999857e+00   2.309777e-01   3.345702e-02
3.106533000000000211e+00   1.784976e-01   3.339037e-02
3.111244999999999816e+00   2.343788e-01   3.338578e-02
3.115956000000000170e+00   2.423527e-01   3.335320e-02
3.120667000000000080e+00   2.471840e-01   3.335698e-02
3.125377999999999989e+00   2.243492e-01   3.331454e-02
3.130090000000000039e+00   2.233754e-01   3.329519e-02
3.134800999999999949e+00   2.242579e-01   3.322211e-02
3.139511999999999858e+00   2.393095e-01   3.322304e-02
3.144223000000000212e+00   2.482177e-01   3.320500e-02
3.148934999999999818e+00   2.910339e-01   3.317335e-02
3.153646000000000171e+00   1.974116e-01   3.310846e-02
3.158357000000000081e+00   2.427870e-01   3.312054e-02
3.163067999999999991e+00   2.464812e-01   3.309061e-02
3.167780000000000040e+00   2.181421e-01   3.303786e-02
3.172490999999999950e+00   2.354280e-01   3.296690e-02
3.177201999999999860e+00   2.867205e-01   3.301988e-02
3.181913999999999909e+00   2.733080e-01   3.299665e-02
3.186624999999999819e+00   2.093485e-01   3.289327e-02
3.191336000000000173e+00   2.408158e-01   3.284638e-02
3.196047000000000082e+00   2.191054e-01   3.278750e-02
3.200759000000000132e+00   2.432338e-01   3.275496e-02
3.205470000000000041e+00   1.890038e-01   3.272263e-02
3.210180999999999951e+00   2.386199e-01   3.269869e-02
3.214891999999999861e+00   2.080535e-01   3.261950e-02
3.219603999999999910e+00   2.242814e-01   3.262992e-02
3.224314999999999820e+00   2.534350e-01   3.259139e-02
3.229026000000000174e+00   2.648585e-01   3.257170e-02
3.233737000000000084e+00   2.212814e-01   3.252689e-02
3.238449000000000133e+00   1.831776e-01   3.249797e-02
3.243160000000000043e+00   2.303397e-01   3.252370e-02
3.247870999999999952e+00   2.159614e-01   3.250787e-02
3.252581999999999862e+00   2.428236e-01   3.251981e-02
3.257293999999999912e+00   2.097502e-01   3.249552e-02
3.262004999999999821e+00   1.890792e-01   3.247865e-02
3.266716000000000175e+00   2.011249e-01   3.246363e-02
3.271427000000000085e+00   2.272933e-01   3.246121e-02
3.276139000000000134e+00   2.143043e-01   3.243647e-02
3.280850000000000044e+00   2.434973e-01   3.243463e-02
3.285560999999999954e+00   2.408041e-01   3.238757e-02
3.290271999999999863e+00   2.403972e-01   3.235765e-02
3.294983999999999913e+00   2.397949e-01   3.233696e-02
3.299694999999999823e+00   2.350177e-01   3.227636e-02
3.304406000000000176e+00   1.935803e-01   3.223611e-02
3.309117000000000086e+00   1.955684e-01   3.223023e-02
3.313829000000000136e+00   2.058247e-01   3.220916e-02
3.318540000000000045e+00   2.233229e-01   3.218886e-02
3.323250999999999955e+00   1.630502e-01   3.211880e-02
3.327961999999999865e+00   2.026848e-01   3.214507e-02
3.332673999999999914e+00   2.053952e-01   3.211619e-02
3.337384999999999824e+00   1.980893e-01   3.204513e-02
3.342096000000000178e+00   2.429451e-01   3.207939e-02
3.346807000000000087e+00   2.385824e-01   3.203582e-02
3.351519000000000137e+00   2.018170e-01   3.199914e-02
3.356230000000000047e+00   2.173950e-01   3.198779e-02
3.360940999999999956e+00   2.106135e-01   3.194393e-02
3.365653000000000006e+00   2.030767e-01   3.191095e-02
3.370363999999999916e+00   1.783246e-01   3.188525e-02
3.375074999999999825e+00   2.102999e-01   3.188403e-02
3.379786000000000179e+00   2.458668e-01   3.192708e-02
3.384497999999999784e+00   1.576663e-01   3.185101e-02
3.389209000000000138e+00   1.605923e-01   3.202529e-02
3.393920000000000048e+00   1.958392e-01   3.275453e-02
3.398630999999999958e+00   2.403979e-01   3.325973e-02
3.403343000000000007e+00   2.263454e-01   3.359392e-02
3.408053999999999917e+00   2.166870e-01   3.382299e-02
3.412764999999999826e+00   2.569890e-01   3.394981e-02
3.417476000000000180e+00   2.532651e-01   3.392560e-02
3.422187999999999786e+00   2.260485e-01   3.393340e-02
3.426899000000000139e+00   2.240282e-01   3.400148e-02
3.431610000000000049e+00   1.696971e-01   3.409481e-02
3.436320999999999959e+00   1.495437e-01   3.414957e-02
3.441033000000000008e+00   2.199967e-01   3.423329e-02
3.445743999999999918e+00   1.762113e-01   3.425571e-02
3.450454999999999828e+00   1.730597e-01   3.434032e-02
3.455166000000000182e+00   1.520242e-01   3.440523e-02
3.459877999999999787e+00   1.727074e-01   3.444972e-02
3.464589000000000141e+00   1.954065e-01   3.451097e-02
3.469300000000000050e+00   2.626418e-01   3.459681e-02
3.474010999999999960e+00   2.583296e-01   3.467003e-02
3.478723000000000010e+00   1.821580e-01   3.469173e-02
3.483433999999999919e+00   1.934594e-01   3.467943e-02
3.488144999999999829e+00   1.721239e-01   3.474578e-02
3.492856000000000183e+00   1.856145e-01   3.481211e-02
3.497567999999999788e+00   1.800928e-01   3.486442e-02
3.502279000000000142e+00   1.413190e-01   3.485432e-02
3.506990000000000052e+00   1.749607e-01   3.492413e-02
3.511700999999999961e+00   1.792066e-01   3.500834e-02
3.516413000000000011e+00   2.011970e-01   3.502303e-02
3.521123999999999921e+00   2.127976e-01   3.507661e-02
3.525834999999999830e+00   2.419792e-01   3.512399e-02
3.530546000000000184e+00   1.725557e-01   3.509866e-02
3.535257999999999790e+00   1.828679e-01   3.516250e-02
3.539969000000000143e+00   1.764692e-01   3.520395e-02
3.544680000000000053e+00   1.904543e-01   3.525093e-02
3.549392000000000102e+00   1.800418e-01   3.526059e-02
3.554103000000000012e+00   1.782317e-01   3.530310e-02
3.558813999999999922e+00   1.926455e-01   3.533398e-02
3.563524999999999832e+00   1.152312e-01   3.533010e-02
3.568236999999999881e+00   1.572812e-01   3.538032e-02
3.572947999999999791e+00   1.874483e-01   3.541905e-02
3.577659000000000145e+00   2.036277e-01   3.548001e-02
3.582370000000000054e+00   1.540461e-01   3.547785e-02
3.587082000000000104e+00   1.830912e-01   3.552670e-02
3.591793000000000013e+00   1.625623e-01   3.549564e-02
3.596503999999999923e+00   2.074100e-01   3.551949e-02
3.601214999999999833e+00   1.778795e-01   3.550456e-02
3.605926999999999882e+00   1.863009e-01   3.554033e-02
3.610637999999999792e+00   2.536244e-01   3.623658e-02
3.615349000000000146e+00   1.766544e-01   3.725343e-02
3.620060000000000056e+00   1.808136e-01   3.788030e-02
3.624772000000000105e+00   2.295969e-01   3.839932e-02
3.629483000000000015e+00   2.110152e-01   3.868544e-02
3.634193999999999924e+00   1.860871e-01   3.893199e-02
3.638904999999999834e+00   2.271135e-01   3.920886e-02
3.643616999999999884e+00   2.044700e-01   3.941701e-02
3.648327999999999793e+00   1.380475e-01   3.959496e-02
3.653039000000000147e+00   1.495021e-01   3.975441e-02
3.657750000000000057e+00   2.287376e-01   4.001361e-02
3.662462000000000106e+00   1.878993e-01   4.020213e-02
3.667173000000000016e+00   1.758385e-01   4.040884e-02
3.671883999999999926e+00   1.973552e-01   4.057410e-02
3.676594999999999835e+00   1.416079e-01   4.070513e-02
3.681306999999999885e+00   1.666361e-01   4.092790e-02
3.686017999999999795e+00   1.790476e-01   4.114545e-02
3.690729000000000148e+00   1.785446e-01   4.130335e-02
3.695440000000000058e+00   1.655728e-01   4.146430e-02
3.700152000000000108e+00   1.880850e-01   4.163062e-02
3.704863000000000017e+00   1.784163e-01   4.179177e-02
3.709573999999999927e+00   1.895478e-01   4.198963e-02
3.714284999999999837e+00   1.722486e-01   4.216114e-02
3.718996999999999886e+00   1.735337e-01   4.228801e-02
3.723707999999999796e+00   1.845640e-01   4.243673e-02
3.728419000000000150e+00   2.303936e-01   4.270827e-02
3.733131000000000199e+00   2.245525e-01   4.280952e-02
3.737842000000000109e+00   1.458117e-01   4.293725e-02
3.742553000000000019e+00   1.647739e-01   4.312442e-02
3.747263999999999928e+00   2.039729e-01   4.332517e-02
3.751975999999999978e+00   2.194876e-01   4.346963e-02
3.756686999999999887e+00   1.587008e-01   4.358878e-02
3.761397999999999797e+00   1.322652e-01   4.373656e-02
3.766109000000000151e+00   1.370801e-01   4.387144e-02
3.770821000000000200e+00   1.304929e-01   4.405171e-02
3.775532000000000110e+00   1.330448e-01   4.422973e-02
3.780243000000000020e+00   1.920223e-01   4.438590e-02
3.784953999999999930e+00   1.880550e-01   4.458924e-02
3.789665999999999979e+00   2.420100e-01   4.478343e-02
3.794376999999999889e+00   1.747474e-01   4.484972e-02
3.799087999999999798e+00   1.345639e-01   4.504059e-02
3.803799000000000152e+00   1.569131e-01   4.518430e-02
3.808511000000000202e+00   2.109523e-01   4.542755e-02
3.813222000000000111e+00   1.667975e-01   4.549535e-02
3.817933000000000021e+00   1.490880e-01   4.563209e-02
3.822643999999999931e+00   1.610259e-01   4.582993e-02
3.827355999999999980e+00   1.330172e-01   4.597720e-02
3.832066999999999890e+00   1.991217e-01   4.616630e-02
3.836777999999999800e+00   2.324412e-01   4.636414e-02
3.841489000000000154e+00   1.966359e-01   4.653806e-02
3.846201000000000203e+00   2.407782e-01   4.667449e-02
3.850912000000000113e+00   2.179713e-01   4.673510e-02
3.855623000000000022e+00   1.303215e-01   4.691869e-02
3.860333999999999932e+00   1.944608e-01   4.713748e-02
3.865045999999999982e+00   1.883410e-01   4.733725e-02
3.869756999999999891e+00   2.197122e-01   4.747716e-02
3.874467999999999801e+00   1.917913e-01   4.760748e-02
3.879179000000000155e+00   1.659789e-01   4.775876e-02
3.883891000000000204e+00   1.719456e-01   4.789747e-02
3.888602000000000114e+00   1.160762e-01   4.802840e-02
3.893313000000000024e+00   1.272008e-01   4.819139e-02
3.898023999999999933e+00   1.642123e-01   4.841357e-02
3.902735999999999983e+00   1.228939e-01   4.850505e-02
3.907446999999999893e+00   9.327772e-02   4.862076e-02
3.912157999999999802e+00   9.693220e-02   4.881097e-02
3.916869999999999852e+00   1.012478e-01   4.891790e-02
3.921581000000000206e+00   1.260466e-01   4.895677e-02
3.926292000000000115e+00   1.117258e-01   4.908884e-02
3.931003000000000025e+00   1.229599e-01   4.918135e-02
3.935715000000000074e+00   1.374778e-01   4.931631e-02
3.940425999999999984e+00   1.522438e-01   4.939892e-02
3.945136999999999894e+00   1.261452e-01   4.943055e-02
3.949847999999999804e+00   1.612889e-01   4.945911e-02
3.954559999999999853e+00   1.036269e-01   4.949872e-02
3.959271000000000207e+00   1.010336e-01   4.960322e-02
3.963982000000000117e+00   1.041619e-01   4.958364e-02
3.968693000000000026e+00   1.252937e-01   4.971344e-02
3.973405000000000076e+00   1.426196e-01   4.980832e-02
3.978115999999999985e+00   1.123531e-01   4.998776e-02
3.982826999999999895e+00   1.025839e-01   5.015840e-02
3.987537999999999805e+00   2.125347e-01   5.041094e-02
3.992249999999999854e+00   2.298937e-01   5.063638e-02
3.996961000000000208e+00   1.916264e-01   5.079501e-02
4.001672000000000118e+00   1.756981e-01   5.087439e-02
4.006382999999999583e+00   1.381534e-01   5.106622e-02
4.011095000000000077e+00   1.409547e-01   5.125930e-02
4.015806000000000431e+00   1.761513e-01   5.142960e-02
4.020516999999999896e+00   1.804353e-01   5.162623e-02
4.025228000000000250e+00   1.867561e-01   5.183190e-02
4.029939999999999856e+00   1.315145e-01   5.192792e-02
4.034651000000000209e+00   1.236445e-01   5.210837e-02
4.039361999999999675e+00   1.150436e-01   5.230689e-02
4.044073000000000029e+00   1.267118e-01   5.249259e-02
4.048784999999999634e+00   1.719079e-01   5.270644e-02
4.053495999999999988e+00   1.704150e-01   5.283867e-02
4.058207000000000342e+00   1.172218e-01   5.301243e-02
4.062917999999999807e+00   1.632942e-01   5.318004e-02
4.067630000000000301e+00   2.476232e-01   5.344510e-02
4.072340999999999767e+00   2.178169e-01   5.359283e-02
4.077052000000000120e+00   1.678069e-01   5.375117e-02
4.081762999999999586e+00   1.530791e-01   5.402127e-02
4.086475000000000080e+00   1.431228e-01   5.422424e-02
4.091186000000000433e+00   7.557952e-02   5.430621e-02
4.095896999999999899e+00   1.472234e-01   5.451145e-02
4.100609000000000393e+00   1.819094e-01   5.479355e-02
4.105319999999999858e+00   1.703646e-01   5.504218e-02
4.110031000000000212e+00   1.325958e-01   5.517060e-02
4.114741999999999678e+00   1.184673e-01   5.536371e-02
4.119454000000000171e+00   1.485034e-01   5.555304e-02
4.124164999999999637e+00   1.800648e-01   5.576549e-02
4.128875999999999991e+00   1.977156e-01   5.594019e-02
4.133587000000000344e+00   1.615395e-01   5.617029e-02
4.138298999999999950e+00   1.120818e-01   5.630449e-02
4.143010000000000304e+00   1.158309e-01   5.648178e-02
4.147720999999999769e+00   1.644575e-01   5.675206e-02
4.152432000000000123e+00   1.321756e-01   5.694725e-02
4.157143999999999728e+00   1.652173e-01   5.716871e-02
4.161855000000000082e+00   1.538028e-01   5.738653e-02
4.166566000000000436e+00   1.370315e-01   5.758238e-02
4.171276999999999902e+00   1.511681e-01   5.780396e-02
4.175989000000000395e+00   1.196571e-01   5.805142e-02
4.180699999999999861e+00   9.332167e-02   5.832669e-02
4.185411000000000215e+00   1.461326e-01   5.841534e-02
4.190121999999999680e+00   1.733529e-01   5.874848e-02
4.194834000000000174e+00   1.740607e-01   5.892289e-02
4.199544999999999639e+00   9.757443e-02   5.899741e-02
4.204255999999999993e+00   1.052157e-01   5.926442e-02
4.208967000000000347e+00   8.213627e-02   5.957875e-02
4.213678999999999952e+00   1.040890e-01   5.978663e-02
4.218390000000000306e+00   1.556770e-01   6.009520e-02
4.223100999999999772e+00   8.419325e-02   6.019957e-02
4.227812000000000126e+00   1.600643e-01   6.054155e-02
4.232523999999999731e+00   2.122558e-01   6.084577e-02
4.237235000000000085e+00   1.509405e-01   6.105930e-02
4.241946000000000438e+00   1.210294e-01   6.127278e-02
4.246656999999999904e+00   1.409799e-01   6.150235e-02
4.251369000000000398e+00   1.194909e-01   6.180905e-02
4.256079999999999863e+00   7.084340e-02   6.202647e-02
4.260791000000000217e+00   9.538266e-02   6.219866e-02
4.265501999999999683e+00   1.440404e-01   6.265129e-02
4.270214000000000176e+00   9.012312e-02   6.275524e-02
4.274924999999999642e+00   9.575425e-02   6.291541e-02
4.279635999999999996e+00   8.117283e-02   6.332708e-02
4.284347999999999601e+00   1.182047e-01   6.358002e-02
4.289058999999999955e+00   1.949802e-01   6.379580e-02
4.293770000000000309e+00   1.934680e-01   6.411622e-02
4.298480999999999774e+00   1.462853e-01   6.437570e-02
4.303193000000000268e+00   2.343184e-01   6.477751e-02
4.307903999999999733e+00   1.488104e-01   6.497118e-02
4.312615000000000087e+00   1.853099e-01   6.530706e-02
4.317326000000000441e+00   8.481481e-02   6.551352e-02
4.322038000000000046e+00   2.036007e-01   6.602129e-02
4.326749000000000400e+00   1.780238e-01   6.623269e-02
4.331459999999999866e+00   1.272613e-01   6.637480e-02
4.336171000000000220e+00   1.030559e-01   6.669540e-02
4.340882999999999825e+00   1.849444e-01   6.709565e-02
4.345594000000000179e+00   1.704245e-01   6.738867e-02
4.350304999999999644e+00   2.704234e-01   6.783306e-02
4.355015999999999998e+00   6.781210e-02   6.794840e-02
4.359727999999999604e+00   9.011545e-02   6.819850e-02
4.364438999999999957e+00   2.128650e-01   6.863632e-02
4.369150000000000311e+00   1.966486e-01   6.904859e-02
4.373860999999999777e+00   9.260861e-02   6.922246e-02
4.378573000000000270e+00   6.920317e-02   6.971149e-02
4.383283999999999736e+00   2.784325e-02   6.990425e-02
4.387995000000000090e+00   1.118145e-01   7.028296e-02
4.392706000000000444e+00   1.406251e-01   7.066140e-02
4.397418000000000049e+00   1.210781e-01   7.092288e-02
4.402129000000000403e+00   7.498487e-02   7.101867e-02
4.406839999999999868e+00   1.420532e-01   7.109624e-02
4.411551000000000222e+00   1.465568e-01   7.109923e-02
4.416262999999999828e+00   1.345118e-01   7.108664e-02
4.420974000000000181e+00   3.880934e-02   7.122533e-02
4.425684999999999647e+00   1.158020e-01   7.116691e-02
4.430396000000000001e+00   1.735017e-01   7.131468e-02
4.435107999999999606e+00   6.179244e-02   7.135691e-02
4.439818999999999960e+00   1.066733e-01   7.155127e-02
4.444530000000000314e+00   9.313301e-02   7.181586e-02
4.449240999999999779e+00   9.798339e-02   7.216766e-02
4.453953000000000273e+00   1.979536e-01   7.264163e-02
4.458663999999999739e+00   1.544188e-01   7.288424e-02
4.463375000000000092e+00   1.097990e-01   7.349909e-02
4.468086999999999698e+00   1.353868e-01   7.392756e-02
4.472798000000000052e+00   1.000830e-01   7.414455e-02
4.477509000000000405e+00   2.134066e-02   7.450037e-02
4.482219999999999871e+00   9.016899e-02   7.493120e-02
4.486932000000000365e+00   1.638660e-01   7.532950e-02
4.491642999999999830e+00   1.379203e-01   7.581397e-02
4.496354000000000184e+00   2.550684e-01   7.642668e-02
4.501064999999999650e+00   2.811142e-01   7.686723e-02
4.505777000000000143e+00   6.105332e-02   7.694425e-02
4.510487999999999609e+00   4.114267e-02   7.738409e-02
4.515198999999999963e+00   1.846422e-01   7.793474e-02
4.519910000000000316e+00   2.663393e-01   7.857214e-02
4.524621999999999922e+00   2.525449e-01   7.913140e-02
4.529333000000000276e+00   2.516432e-01   7.946568e-02
4.534043999999999741e+00   1.026176e-01   7.977404e-02
4.538755000000000095e+00   1.274234e-01   8.036672e-02
4.543466999999999700e+00   1.238609e-01   8.088419e-02
4.548178000000000054e+00   4.121931e-02   8.119552e-02
4.552889000000000408e+00   1.026191e-01   8.174981e-02
4.557599999999999874e+00   8.313354e-02   8.222820e-02
4.562312000000000367e+00   5.211111e-03   8.268164e-02
4.567022999999999833e+00   9.886731e-02   8.342882e-02
4.571734000000000187e+00   1.406772e-01   8.398613e-02
4.576444999999999652e+00   1.887004e-01   8.439526e-02
4.581157000000000146e+00   2.000899e-01   8.516804e-02
4.585867999999999611e+00   2.914132e-01   8.598902e-02
4.590578999999999965e+00   1.856444e-01   8.650677e-02
4.595290000000000319e+00   1.128067e-01   8.694871e-02
4.600001999999999924e+00   1.910939e-01   8.785739e-02
4.604713000000000278e+00   1.711667e-01   8.824753e-02
4.609423999999999744e+00   1.308746e-01   8.893917e-02
4.614135000000000097e+00   1.299242e-01   8.953856e-02
4.618846999999999703e+00   1.303936e-01   9.025987e-02
4.623558000000000057e+00   1.930397e-01   9.107742e-02
4.628269000000000410e+00   2.195709e-01   9.169634e-02
4.632979999999999876e+00   2.713611e-01   9.239967e-02
4.637692000000000370e+00   3.499260e-01   9.337444e-02
4.642402999999999835e+00   2.699649e-01   9.418002e-02
4.647114000000000189e+00   1.228255e-01   9.464253e-02
4.651825999999999794e+00   8.066510e-02   9.528867e-02
4.656537000000000148e+00   7.251178e-02   9.603089e-02
4.661247999999999614e+00   1.523263e-01   9.691448e-02
4.665958999999999968e+00   2.042019e-01   9.788128e-02
4.670670999999999573e+00   1.697871e-02   9.827121e-02
4.675381999999999927e+00   4.782333e-02   9.946803e-02
4.680093000000000281e+00   3.049895e-02   1.004621e-01
4.684803999999999746e+00   6.278796e-02   1.014329e-01
4.689516000000000240e+00   2.201241e-01   1.025942e-01
4.694226999999999705e+00   1.680474e-01   1.032544e-01
4.698938000000000059e+00   1.169318e-01   1.041635e-01
4.703649000000000413e+00   1.037666e-01   1.054334e-01
4.708361000000000018e+00   3.201255e-01   1.070330e-01
4.713072000000000372e+00   2.134012e-01   1.077585e-01
4.717782999999999838e+00   1.853918e-01   1.089041e-01
4.722494000000000192e+00   1.940935e-01   1.099907e-01
4.727205999999999797e+00   1.165684e-02   1.108778e-01
4.731917000000000151e+00   7.539191e-02   1.123078e-01
4.736627999999999616e+00   1.586459e-01   1.137375e-01
4.741338999999999970e+00   1.851430e-01   1.149913e-01
4.746050999999999576e+00   9.474508e-02   1.164545e-01
4.750761999999999929e+00  -1.114300e-01   1.176643e-01
4.755473000000000283e+00   6.394325e-02   1.191233e-01
4.760183999999999749e+00   9.366911e-02   1.210250e-01
4.764896000000000242e+00   1.135130e-01   1.225756e-01
4.769606999999999708e+00   2.087966e-01   1.244556e-01
4.774318000000000062e+00   1.985867e-01   1.259018e-01
4.779029000000000416e+00   6.665256e-02   1.274274e-01
4.783741000000000021e+00   2.180881e-01   1.292359e-01
4.788452000000000375e+00   2.041161e-01   1.315049e-01
4.793162999999999840e+00   2.919754e-01   1.341330e-01
4.797874000000000194e+00   9.187464e-02   1.353908e-01
4.802585999999999800e+00   3.510529e-02   1.376719e-01
4.807297000000000153e+00   1.368624e-01   1.398393e-01
4.812007999999999619e+00   1.742324e-01   1.423790e-01
4.816718999999999973e+00   2.423171e-01   1.451907e-01
4.821430999999999578e+00   1.365403e-01   1.484716e-01
4.826141999999999932e+00   1.528742e-01   1.517426e-01
4.830853000000000286e+00   2.106402e-02   1.544639e-01
4.835564999999999891e+00   1.785220e-01   1.576311e-01
4.840276000000000245e+00   1.981544e-01   1.605586e-01
4.844986999999999711e+00   1.159971e-01   1.644218e-01
4.849698000000000064e+00   2.667890e-01   1.688604e-01
4.854409999999999670e+00   1.444514e-01   1.728631e-01
4.859121000000000024e+00   1.132200e-01   1.778529e-01
4.863832000000000377e+00   2.534957e-01   1.832507e-01
4.868542999999999843e+00   3.078614e-01   1.891995e-01
4.873255000000000337e+00   2.362668e-01   1.947343e-01
4.877965999999999802e+00   1.301072e-01   2.013239e-01
4.882677000000000156e+00   2.410723e-01   2.097580e-01
4.887387999999999622e+00   1.917624e-01   2.175777e-01
4.892100000000000115e+00   3.345318e-01   2.271009e-01
4.896810999999999581e+00   1.507799e-01   2.375405e-01
4.901521999999999935e+00  -2.472949e-04   2.498837e-01
4.906233000000000288e+00  -7.823813e-02   2.620187e-01
4.910944999999999894e+00  -1.487141e-01   2.796602e-01
4.915656000000000247e+00   3.318697e-02   3.034188e-01
4.920366999999999713e+00   4.151085e-02   3.305475e-01
4.925078000000000067e+00   1.473079e-01   3.680728e-01
4.929789999999999672e+00   4.721047e-01   4.226945e-01
4.934501000000000026e+00   2.356890e-01   5.005096e-01
4.939212000000000380e+00  -3.380273e-01   6.507304e-01
4.943922999999999845e+00   7.500832e-01   1.203031e+00