# [8]
# Sample c= 4.2 mg/ml
# Intensity scaled by concentration
# Buffer subtracted data file:
# Protein DatFile = /data/visitor/mx1908/bm29/20161119/giulio/1d/mM150_083_ave.dat
# Buffer DatFile = /data/visitor/mx1908/bm29/20161119/giulio/ednaSub/mM150_083_ave_averbuffer.dat
# 
# AutoRg: Rg   =   0.7192 +/- 0.18 ( 24.5%)
# AutoRg: I(0) =   1.99 +/- 0.0068
# AutoRg: Points   136 to 260 ( 125 total)
# AutoRg: Quality: 71.7%
# 
# 
# Sample Information:
# Storage Temperature (degrees C): 20.0
# Measurement Temperature (degrees C): 19.95
# Concentration: 4.2
# Code: 
3.479420999999999903e-02   3.610667e+00   1.891448e+00
3.950545999999999919e-02   1.767862e+00   7.501287e-01
4.421672000000000102e-02   1.773828e+00   4.901185e-01
4.892798000000000286e-02   1.237334e+00   3.756759e-01
5.363923000000000302e-02   2.165546e+00   3.012606e-01
5.835048999999999791e-02   1.961918e+00   2.468502e-01
6.306174999999999975e-02   1.877492e+00   2.051489e-01
6.777299999999999991e-02   1.860061e+00   1.743323e-01
7.248425999999999481e-02   1.736597e+00   1.510550e-01
7.719552000000000358e-02   1.907359e+00   1.333073e-01
8.190677000000000374e-02   1.833301e+00   1.183847e-01
8.661802999999999864e-02   1.777132e+00   1.064648e-01
9.132928999999999353e-02   1.811603e+00   9.732349e-02
9.604053999999999369e-02   1.766050e+00   8.991713e-02
1.007518000000000025e-01   1.788830e+00   8.324623e-02
1.054631000000000041e-01   1.775701e+00   7.751226e-02
1.101743000000000028e-01   1.827424e+00   7.286059e-02
1.148856000000000044e-01   1.852052e+00   6.861893e-02
1.195968000000000031e-01   1.770536e+00   6.505828e-02
1.243081000000000047e-01   1.785692e+00   6.187738e-02
1.290193000000000034e-01   1.853387e+00   5.933277e-02
1.337306000000000050e-01   1.788649e+00   5.684569e-02
1.384419000000000066e-01   1.863655e+00   5.478974e-02
1.431531000000000053e-01   1.814018e+00   5.267826e-02
1.478644000000000069e-01   1.808001e+00   5.107574e-02
1.525756000000000057e-01   1.798837e+00   4.956667e-02
1.572869000000000073e-01   1.919824e+00   4.834290e-02
1.619981000000000060e-01   1.786913e+00   4.676119e-02
1.667094000000000076e-01   1.848610e+00   4.569449e-02
1.714206000000000063e-01   1.805235e+00   4.452707e-02
1.761319000000000079e-01   1.793861e+00   4.350770e-02
1.808432000000000095e-01   1.853258e+00   4.259554e-02
1.855544000000000082e-01   1.819758e+00   4.171915e-02
1.902657000000000098e-01   1.806285e+00   4.094075e-02
1.949769000000000085e-01   1.819614e+00   4.025446e-02
1.996882000000000101e-01   1.838973e+00   3.956127e-02
2.043994000000000089e-01   1.857621e+00   3.888442e-02
2.091107000000000105e-01   1.838900e+00   3.825888e-02
2.138220000000000121e-01   1.816818e+00   3.765658e-02
2.185332000000000108e-01   1.822859e+00   3.708827e-02
2.232445000000000124e-01   1.831381e+00   3.655750e-02
2.279557000000000111e-01   1.798634e+00   3.605484e-02
2.326670000000000127e-01   1.797148e+00   3.556326e-02
2.373782000000000114e-01   1.862211e+00   3.508541e-02
2.420895000000000130e-01   1.851292e+00   3.466494e-02
2.468007000000000117e-01   1.838043e+00   3.423219e-02
2.515120000000000133e-01   1.833101e+00   3.382329e-02
2.562232999999999872e-01   1.827236e+00   3.343445e-02
2.609345000000000137e-01   1.809421e+00   3.301488e-02
2.656457999999999875e-01   1.839106e+00   3.273149e-02
2.703570000000000140e-01   1.804744e+00   3.236227e-02
2.750682999999999878e-01   1.815765e+00   3.209502e-02
2.797795000000000143e-01   1.865578e+00   3.173851e-02
2.844907999999999881e-01   1.856588e+00   3.141066e-02
2.892021000000000175e-01   1.833335e+00   3.110874e-02
2.939132999999999885e-01   1.775891e+00   3.077159e-02
2.986246000000000178e-01   1.800657e+00   3.047988e-02
3.033357999999999888e-01   1.807920e+00   3.024987e-02
3.080471000000000181e-01   1.829639e+00   3.002665e-02
3.127582999999999891e-01   1.810454e+00   2.973089e-02
3.174696000000000184e-01   1.868551e+00   2.951529e-02
3.221808999999999923e-01   1.819782e+00   2.921707e-02
3.268921000000000188e-01   1.797086e+00   2.899367e-02
3.316033999999999926e-01   1.856099e+00   2.887589e-02
3.363146000000000191e-01   1.841247e+00   2.908629e-02
3.410258999999999929e-01   1.862451e+00   2.936145e-02
3.457371000000000194e-01   1.866453e+00   2.948320e-02
3.504483999999999932e-01   1.857016e+00   2.986875e-02
3.551596000000000197e-01   1.831993e+00   3.048614e-02
3.598708999999999936e-01   1.846719e+00   3.086382e-02
3.645822000000000229e-01   1.859546e+00   3.119531e-02
3.692933999999999939e-01   1.861489e+00   3.145358e-02
3.740047000000000232e-01   1.828960e+00   3.158711e-02
3.787158999999999942e-01   1.845459e+00   3.181937e-02
3.834272000000000236e-01   1.904331e+00   3.202978e-02
3.881383999999999945e-01   1.847130e+00   3.216224e-02
3.928497000000000239e-01   1.858359e+00   3.299346e-02
3.975609999999999977e-01   1.882017e+00   3.394944e-02
4.022722000000000242e-01   1.829266e+00   3.467813e-02
4.069834999999999980e-01   1.811753e+00   3.530477e-02
4.116947000000000245e-01   1.846691e+00   3.582560e-02
4.164059999999999984e-01   1.836595e+00   3.637874e-02
4.211172000000000248e-01   1.830827e+00   3.699293e-02
4.258284999999999987e-01   1.852633e+00   3.753585e-02
4.305397000000000252e-01   1.816534e+00   3.795769e-02
4.352509999999999990e-01   1.767969e+00   3.842001e-02
4.399622999999999728e-01   1.809021e+00   3.908911e-02
4.446734999999999993e-01   1.803166e+00   3.975694e-02
4.493847999999999732e-01   1.821578e+00   4.030662e-02
4.540959999999999996e-01   1.881030e+00   4.074197e-02
4.588072999999999735e-01   1.839205e+00   3.925471e-02
4.635185000000000000e-01   1.855109e+00   3.830947e-02
4.682297999999999738e-01   1.796768e+00   3.768250e-02
4.729411000000000032e-01   1.795436e+00   3.730275e-02
4.776522999999999741e-01   1.836482e+00   3.705075e-02
4.823636000000000035e-01   1.849602e+00   3.672924e-02
4.870747999999999744e-01   1.840369e+00   3.652775e-02
4.917861000000000038e-01   1.861709e+00   3.629349e-02
4.964972999999999748e-01   1.836161e+00   3.600084e-02
5.012086000000000041e-01   1.829875e+00   3.579728e-02
5.059198999999999780e-01   1.890318e+00   3.581236e-02
5.106311000000000044e-01   1.820101e+00   3.554936e-02
5.153423999999999783e-01   1.864197e+00   3.538067e-02
5.200536000000000048e-01   1.855302e+00   3.511663e-02
5.247648999999999786e-01   1.819053e+00   3.482835e-02
5.294761000000000051e-01   1.831086e+00   3.460323e-02
5.341873999999999789e-01   1.893443e+00   3.439010e-02
5.388986000000000054e-01   1.793670e+00   3.403730e-02
5.436098999999999792e-01   1.845762e+00   3.390898e-02
5.483211999999999531e-01   1.868343e+00   3.369107e-02
5.530323999999999796e-01   1.830728e+00   3.343815e-02
5.577436999999999534e-01   1.828063e+00   3.324248e-02
5.624548999999999799e-01   1.825914e+00   3.305727e-02
5.671661999999999537e-01   1.836495e+00   3.295305e-02
5.718773999999999802e-01   1.775527e+00   3.275950e-02
5.765886999999999540e-01   1.820758e+00   3.272370e-02
5.813000000000000389e-01   1.858415e+00   3.266361e-02
5.860111999999999544e-01   1.851017e+00   3.262398e-02
5.907225000000000392e-01   1.865260e+00   3.257797e-02
5.954336999999999547e-01   1.825231e+00   3.243617e-02
6.001450000000000395e-01   1.843478e+00   3.232263e-02
6.048561999999999550e-01   1.843806e+00   3.226080e-02
6.095675000000000399e-01   1.828683e+00   3.222237e-02
6.142788000000000137e-01   1.851670e+00   3.219589e-02
6.189900000000000402e-01   1.842548e+00   3.207567e-02
6.237013000000000140e-01   1.835467e+00   3.200000e-02
6.284125000000000405e-01   1.814159e+00   3.191209e-02
6.331238000000000143e-01   1.835727e+00   3.188151e-02
6.378350000000000408e-01   1.859343e+00   3.176534e-02
6.425463000000000147e-01   1.799410e+00   3.166187e-02
6.472575000000000411e-01   1.760141e+00   3.154217e-02
6.519688000000000150e-01   1.803877e+00   3.150066e-02
6.566800999999999888e-01   1.826298e+00   3.148153e-02
6.613913000000000153e-01   1.803179e+00   3.139235e-02
6.661025999999999891e-01   1.794017e+00   3.131790e-02
6.708138000000000156e-01   1.822551e+00   3.124825e-02
6.755250999999999895e-01   1.827693e+00   3.114756e-02
6.802363000000000159e-01   1.850846e+00   3.115375e-02
6.849475999999999898e-01   1.849239e+00   3.107153e-02
6.896588999999999636e-01   1.806566e+00   3.095978e-02
6.943700999999999901e-01   1.840249e+00   3.093955e-02
6.990813999999999639e-01   1.830071e+00   3.086164e-02
7.037925999999999904e-01   1.788198e+00   3.080456e-02
7.085038999999999643e-01   1.800130e+00   3.068486e-02
7.132150999999999907e-01   1.790585e+00   3.055491e-02
7.179263999999999646e-01   1.821493e+00   3.061878e-02
7.226375999999999911e-01   1.799708e+00   3.050045e-02
7.273488999999999649e-01   1.774623e+00   3.039349e-02
7.320602000000000498e-01   1.805563e+00   3.036554e-02
7.367713999999999652e-01   1.785466e+00   3.029208e-02
7.414827000000000501e-01   1.767883e+00   3.024477e-02
7.461938999999999655e-01   1.803917e+00   3.021306e-02
7.509052000000000504e-01   1.805733e+00   3.013375e-02
7.556163999999999659e-01   1.771871e+00   3.000476e-02
7.603277000000000507e-01   1.745286e+00   2.993262e-02
7.650390000000000246e-01   1.772301e+00   2.989273e-02
7.697502000000000510e-01   1.820377e+00   2.985322e-02
7.744615000000000249e-01   1.831373e+00   2.981819e-02
7.791727000000000514e-01   1.811341e+00   2.975442e-02
7.838840000000000252e-01   1.798255e+00   2.965870e-02
7.885952000000000517e-01   1.807145e+00   2.963438e-02
7.933065000000000255e-01   1.777284e+00   2.957899e-02
7.980177999999999994e-01   1.760674e+00   2.951089e-02
8.027290000000000258e-01   1.769391e+00   2.943165e-02
8.074402999999999997e-01   1.764816e+00   2.940321e-02
8.121515000000000262e-01   1.774631e+00   2.929069e-02
8.168628000000000000e-01   1.780304e+00   2.921080e-02
8.215740000000000265e-01   1.766505e+00   2.917377e-02
8.262853000000000003e-01   1.806812e+00   2.919078e-02
8.309965000000000268e-01   1.801635e+00   2.911298e-02
8.357078000000000007e-01   1.784376e+00   2.902764e-02
8.404190999999999745e-01   1.784053e+00   2.897356e-02
8.451303000000000010e-01   1.780799e+00   2.889733e-02
8.498415999999999748e-01   1.733689e+00   2.879458e-02
8.545528000000000013e-01   1.737857e+00   2.874444e-02
8.592640999999999751e-01   1.750730e+00   2.869995e-02
8.639753000000000016e-01   1.732233e+00   2.864539e-02
8.686865999999999755e-01   1.709433e+00   2.855825e-02
8.733978999999999493e-01   1.736993e+00   2.851026e-02
8.781090999999999758e-01   1.760835e+00   2.849920e-02
8.828203999999999496e-01   1.763034e+00   2.844944e-02
8.875315999999999761e-01   1.740943e+00   2.839824e-02
8.922428999999999499e-01   1.737726e+00   2.833998e-02
8.969540999999999764e-01   1.734776e+00   2.828276e-02
9.016653999999999503e-01   1.739684e+00   2.824649e-02
9.063767000000000351e-01   1.739295e+00   2.814157e-02
9.110878999999999506e-01   1.703845e+00   2.807365e-02
9.157992000000000354e-01   1.708647e+00   2.802205e-02
9.205103999999999509e-01   1.702306e+00   2.793391e-02
9.252217000000000358e-01   1.721888e+00   2.790900e-02
9.299328999999999512e-01   1.676304e+00   2.785010e-02
9.346442000000000361e-01   1.718776e+00   2.784446e-02
9.393553999999999515e-01   1.726464e+00   2.779681e-02
9.440667000000000364e-01   1.688574e+00   2.771782e-02
9.487780000000000102e-01   1.690340e+00   2.763023e-02
9.534892000000000367e-01   1.697659e+00   2.759907e-02
9.582005000000000106e-01   1.718616e+00   2.756916e-02
9.629117000000000370e-01   1.724666e+00   2.754984e-02
9.676230000000000109e-01   1.697588e+00   2.739928e-02
9.723342000000000374e-01   1.684066e+00   2.736608e-02
9.770455000000000112e-01   1.718775e+00   2.737792e-02
9.817567999999999850e-01   1.722406e+00   2.734309e-02
9.864680000000000115e-01   1.660216e+00   2.724246e-02
9.911792999999999854e-01   1.626688e+00   2.713103e-02
9.958905000000000118e-01   1.691884e+00   2.719062e-02
1.000601999999999991e+00   1.710340e+00   2.716336e-02
1.005312999999999901e+00   1.630226e+00   2.703549e-02
1.010024000000000033e+00   1.679115e+00   2.701415e-02
1.014736000000000082e+00   1.707376e+00   2.700188e-02
1.019446999999999992e+00   1.680664e+00   2.694029e-02
1.024157999999999902e+00   1.706733e+00   2.691267e-02
1.028869000000000034e+00   1.693422e+00   2.684256e-02
1.033581000000000083e+00   1.696791e+00   2.678929e-02
1.038291999999999993e+00   1.660658e+00   2.671303e-02
1.043002999999999902e+00   1.625711e+00   2.662358e-02
1.047714000000000034e+00   1.649793e+00   2.656492e-02
1.052426000000000084e+00   1.659204e+00   2.658770e-02
1.057136999999999993e+00   1.659768e+00   2.653890e-02
1.061847999999999903e+00   1.641934e+00   2.645142e-02
1.066559000000000035e+00   1.648243e+00   2.642357e-02
1.071271000000000084e+00   1.632023e+00   2.638572e-02
1.075981999999999994e+00   1.639587e+00   2.636823e-02
1.080692999999999904e+00   1.620991e+00   2.631738e-02
1.085404000000000035e+00   1.619082e+00   2.621090e-02
1.090116000000000085e+00   1.611697e+00   2.617286e-02
1.094826999999999995e+00   1.624467e+00   2.616322e-02
1.099537999999999904e+00   1.659368e+00   2.614574e-02
1.104249000000000036e+00   1.611210e+00   2.603006e-02
1.108961000000000086e+00   1.600543e+00   2.600853e-02
1.113671999999999995e+00   1.588076e+00   2.594958e-02
1.118382999999999905e+00   1.582128e+00   2.589756e-02
1.123094000000000037e+00   1.570933e+00   2.585635e-02
1.127806000000000086e+00   1.600531e+00   2.582568e-02
1.132516999999999996e+00   1.572498e+00   2.577953e-02
1.137227999999999906e+00   1.582396e+00   2.574510e-02
1.141939000000000037e+00   1.562031e+00   2.567584e-02
1.146651000000000087e+00   1.584725e+00   2.565414e-02
1.151361999999999997e+00   1.594684e+00   2.560788e-02
1.156072999999999906e+00   1.554174e+00   2.556119e-02
1.160784000000000038e+00   1.555147e+00   2.553285e-02
1.165496000000000087e+00   1.572663e+00   2.546685e-02
1.170206999999999997e+00   1.572755e+00   2.545310e-02
1.174917999999999907e+00   1.552891e+00   2.539084e-02
1.179629999999999956e+00   1.557800e+00   2.532010e-02
1.184341000000000088e+00   1.552532e+00   2.529347e-02
1.189051999999999998e+00   1.550174e+00   2.525397e-02
1.193762999999999908e+00   1.562945e+00   2.529542e-02
1.198474999999999957e+00   1.526502e+00   2.580220e-02
1.203186000000000089e+00   1.522613e+00   2.644800e-02
1.207896999999999998e+00   1.534872e+00   2.692054e-02
1.212607999999999908e+00   1.547384e+00   2.727573e-02
1.217319999999999958e+00   1.534904e+00   2.759631e-02
1.222031000000000089e+00   1.508261e+00   2.781515e-02
1.226741999999999999e+00   1.520767e+00   2.811488e-02
1.231452999999999909e+00   1.512151e+00   2.838087e-02
1.236164999999999958e+00   1.517447e+00   2.859719e-02
1.240876000000000090e+00   1.550352e+00   2.884215e-02
1.245587000000000000e+00   1.541063e+00   2.892227e-02
1.250297999999999909e+00   1.518886e+00   2.901569e-02
1.255009999999999959e+00   1.511766e+00   2.907792e-02
1.259721000000000091e+00   1.442754e+00   2.904938e-02
1.264432000000000000e+00   1.467907e+00   2.803565e-02
1.269142999999999910e+00   1.472120e+00   2.732468e-02
1.273854999999999960e+00   1.485180e+00   2.691553e-02
1.278566000000000091e+00   1.466727e+00   2.651293e-02
1.283277000000000001e+00   1.421416e+00   2.615292e-02
1.287987999999999911e+00   1.508217e+00   2.600462e-02
1.292699999999999960e+00   1.480662e+00   2.576605e-02
1.297411000000000092e+00   1.495797e+00   2.555193e-02
1.302122000000000002e+00   1.461204e+00   2.534489e-02
1.306832999999999911e+00   1.421084e+00   2.516197e-02
1.311544999999999961e+00   1.449594e+00   2.514401e-02
1.316256000000000093e+00   1.464155e+00   2.506920e-02
1.320967000000000002e+00   1.439989e+00   2.496962e-02
1.325677999999999912e+00   1.451029e+00   2.495031e-02
1.330389999999999961e+00   1.442079e+00   2.487605e-02
1.335101000000000093e+00   1.419010e+00   2.480203e-02
1.339812000000000003e+00   1.422145e+00   2.471560e-02
1.344522999999999913e+00   1.396236e+00   2.464835e-02
1.349234999999999962e+00   1.464409e+00   2.467916e-02
1.353946000000000094e+00   1.413289e+00   2.458398e-02
1.358657000000000004e+00   1.433627e+00   2.452677e-02
1.363369000000000053e+00   1.405782e+00   2.445802e-02
1.368079999999999963e+00   1.399442e+00   2.443197e-02
1.372791000000000095e+00   1.378130e+00   2.436832e-02
1.377502000000000004e+00   1.402538e+00   2.434317e-02
1.382214000000000054e+00   1.385147e+00   2.427223e-02
1.386924999999999963e+00   1.392939e+00   2.423353e-02
1.391636000000000095e+00   1.395540e+00   2.418446e-02
1.396347000000000005e+00   1.369705e+00   2.414697e-02
1.401059000000000054e+00   1.332267e+00   2.401903e-02
1.405769999999999964e+00   1.359564e+00   2.401384e-02
1.410481000000000096e+00   1.373179e+00   2.401830e-02
1.415192000000000005e+00   1.371740e+00   2.396941e-02
1.419904000000000055e+00   1.352650e+00   2.391293e-02
1.424614999999999965e+00   1.322796e+00   2.384587e-02
1.429326000000000096e+00   1.354153e+00   2.383054e-02
1.434037000000000006e+00   1.357391e+00   2.378947e-02
1.438749000000000056e+00   1.334197e+00   2.371708e-02
1.443459999999999965e+00   1.329347e+00   2.369220e-02
1.448171000000000097e+00   1.331042e+00   2.365047e-02
1.452882000000000007e+00   1.306401e+00   2.362058e-02
1.457594000000000056e+00   1.296899e+00   2.355279e-02
1.462304999999999966e+00   1.312105e+00   2.351491e-02
1.467016000000000098e+00   1.323983e+00   2.347714e-02
1.471727000000000007e+00   1.316151e+00   2.345187e-02
1.476439000000000057e+00   1.338046e+00   2.343633e-02
1.481149999999999967e+00   1.316696e+00   2.335212e-02
1.485861000000000098e+00   1.330501e+00   2.335272e-02
1.490572000000000008e+00   1.280287e+00   2.328220e-02
1.495284000000000058e+00   1.294717e+00   2.323115e-02
1.499994999999999967e+00   1.267739e+00   2.318713e-02
1.504706000000000099e+00   1.295612e+00   2.316611e-02
1.509417000000000009e+00   1.309113e+00   2.317134e-02
1.514129000000000058e+00   1.303177e+00   2.322355e-02
1.518839999999999968e+00   1.258839e+00   2.385095e-02
1.523551000000000100e+00   1.247219e+00   2.433167e-02
1.528262999999999927e+00   1.279739e+00   2.472507e-02
1.532974000000000059e+00   1.263995e+00   2.499668e-02
1.537684999999999969e+00   1.244615e+00   2.525450e-02
1.542396000000000100e+00   1.247158e+00   2.522515e-02
1.547107999999999928e+00   1.271017e+00   2.461156e-02
1.551819000000000059e+00   1.289196e+00   2.428825e-02
1.556529999999999969e+00   1.232653e+00   2.398453e-02
1.561241000000000101e+00   1.226646e+00   2.376271e-02
1.565952999999999928e+00   1.285796e+00   2.359751e-02
1.570664000000000060e+00   1.255831e+00   2.328835e-02
1.575374999999999970e+00   1.247582e+00   2.303955e-02
1.580086000000000102e+00   1.252065e+00   2.283562e-02
1.584797999999999929e+00   1.226690e+00   2.269019e-02
1.589509000000000061e+00   1.226545e+00   2.265605e-02
1.594219999999999970e+00   1.208696e+00   2.262843e-02
1.598931000000000102e+00   1.210403e+00   2.265488e-02
1.603642999999999930e+00   1.189278e+00   2.267112e-02
1.608354000000000061e+00   1.182975e+00   2.267889e-02
1.613064999999999971e+00   1.187135e+00   2.263731e-02
1.617776000000000103e+00   1.221063e+00   2.265253e-02
1.622487999999999930e+00   1.202792e+00   2.258043e-02
1.627199000000000062e+00   1.173578e+00   2.255323e-02
1.631909999999999972e+00   1.146991e+00   2.247161e-02
1.636621000000000103e+00   1.175049e+00   2.244924e-02
1.641332999999999931e+00   1.178008e+00   2.242803e-02
1.646044000000000063e+00   1.173060e+00   2.240190e-02
1.650754999999999972e+00   1.166626e+00   2.235363e-02
1.655466000000000104e+00   1.174835e+00   2.229740e-02
1.660177999999999932e+00   1.180773e+00   2.228260e-02
1.664889000000000063e+00   1.162429e+00   2.222422e-02
1.669599999999999973e+00   1.127896e+00   2.216845e-02
1.674311000000000105e+00   1.129701e+00   2.212759e-02
1.679022999999999932e+00   1.168838e+00   2.214856e-02
1.683734000000000064e+00   1.160555e+00   2.209516e-02
1.688444999999999974e+00   1.148488e+00   2.204357e-02
1.693156000000000105e+00   1.123313e+00   2.197546e-02
1.697867999999999933e+00   1.125975e+00   2.196048e-02
1.702579000000000065e+00   1.128975e+00   2.193119e-02
1.707289999999999974e+00   1.109535e+00   2.189473e-02
1.712002000000000024e+00   1.073231e+00   2.184679e-02
1.716712999999999933e+00   1.110268e+00   2.182382e-02
1.721424000000000065e+00   1.117918e+00   2.179943e-02
1.726134999999999975e+00   1.107617e+00   2.180410e-02
1.730847000000000024e+00   1.071982e+00   2.171376e-02
1.735557999999999934e+00   1.125045e+00   2.171479e-02
1.740269000000000066e+00   1.085560e+00   2.167811e-02
1.744979999999999976e+00   1.066596e+00   2.163967e-02
1.749692000000000025e+00   1.066964e+00   2.158387e-02
1.754402999999999935e+00   1.045413e+00   2.152578e-02
1.759114000000000066e+00   1.065368e+00   2.151509e-02
1.763824999999999976e+00   1.059245e+00   2.148756e-02
1.768537000000000026e+00   1.048582e+00   2.146218e-02
1.773247999999999935e+00   1.026553e+00   2.139613e-02
1.777959000000000067e+00   1.045829e+00   2.138856e-02
1.782669999999999977e+00   1.081746e+00   2.139338e-02
1.787382000000000026e+00   1.058471e+00   2.135044e-02
1.792092999999999936e+00   1.034092e+00   2.130032e-02
1.796804000000000068e+00   1.009354e+00   2.126492e-02
1.801514999999999977e+00   1.014182e+00   2.121516e-02
1.806227000000000027e+00   1.027317e+00   2.119672e-02
1.810937999999999937e+00   1.006425e+00   2.115327e-02
1.815649000000000068e+00   1.032448e+00   2.114705e-02
1.820359999999999978e+00   1.021891e+00   2.114203e-02
1.825072000000000028e+00   1.010697e+00   2.107581e-02
1.829782999999999937e+00   9.845463e-01   2.101697e-02
1.834494000000000069e+00   1.009817e+00   2.100719e-02
1.839204999999999979e+00   1.012084e+00   2.099486e-02
1.843917000000000028e+00   9.832647e-01   2.097387e-02
1.848627999999999938e+00   9.845599e-01   2.092819e-02
1.853339000000000070e+00   9.690954e-01   2.088177e-02
1.858049999999999979e+00   9.879923e-01   2.086080e-02
1.862762000000000029e+00   9.616484e-01   2.085762e-02
1.867472999999999939e+00   9.624263e-01   2.082785e-02
1.872184000000000070e+00   9.942008e-01   2.081409e-02
1.876894999999999980e+00   9.447240e-01   2.074337e-02
1.881607000000000030e+00   9.478390e-01   2.072571e-02
1.886317999999999939e+00   9.688499e-01   2.070458e-02
1.891029000000000071e+00   9.454988e-01   2.066188e-02
1.895740999999999898e+00   9.413274e-01   2.064156e-02
1.900452000000000030e+00   9.535032e-01   2.063363e-02
1.905162999999999940e+00   9.576099e-01   2.061291e-02
1.909874000000000072e+00   9.572047e-01   2.056472e-02
1.914585999999999899e+00   9.356193e-01   2.049762e-02
1.919297000000000031e+00   9.324971e-01   2.049850e-02
1.924007999999999940e+00   9.231108e-01   2.046682e-02
1.928719000000000072e+00   9.225405e-01   2.045713e-02
1.933430999999999900e+00   9.000062e-01   2.037795e-02
1.938142000000000031e+00   9.034777e-01   2.034652e-02
1.942852999999999941e+00   9.236527e-01   2.029051e-02
1.947564000000000073e+00   9.320475e-01   2.023588e-02
1.952275999999999900e+00   9.080413e-01   2.016949e-02
1.956987000000000032e+00   9.216227e-01   2.017189e-02
1.961697999999999942e+00   9.126725e-01   2.013593e-02
1.966409000000000074e+00   9.122928e-01   2.010545e-02
1.971120999999999901e+00   8.660372e-01   2.005195e-02
1.975832000000000033e+00   9.053295e-01   2.007920e-02
1.980542999999999942e+00   8.855775e-01   2.008585e-02
1.985254000000000074e+00   8.961679e-01   2.006987e-02
1.989965999999999902e+00   8.680711e-01   2.005362e-02
1.994677000000000033e+00   8.481829e-01   2.004504e-02
1.999387999999999943e+00   8.515954e-01   2.008048e-02
2.004099000000000075e+00   8.572311e-01   2.054197e-02
2.008811000000000124e+00   8.975707e-01   2.100607e-02
2.013522000000000034e+00   8.707930e-01   2.126219e-02
2.018232999999999944e+00   8.228743e-01   2.146854e-02
2.022943999999999853e+00   8.328120e-01   2.169127e-02
2.027655999999999903e+00   8.090715e-01   2.187309e-02
2.032366999999999813e+00   7.960991e-01   2.197435e-02
2.037078000000000166e+00   8.154920e-01   2.203213e-02
2.041789000000000076e+00   8.522966e-01   2.214880e-02
2.046501000000000126e+00   8.458049e-01   2.219797e-02
2.051212000000000035e+00   8.512835e-01   2.225837e-02
2.055922999999999945e+00   8.123506e-01   2.225546e-02
2.060633999999999855e+00   7.794437e-01   2.228636e-02
2.065345999999999904e+00   8.294586e-01   2.228032e-02
2.070056999999999814e+00   8.181114e-01   2.163483e-02
2.074768000000000168e+00   8.344793e-01   2.120772e-02
2.079480000000000217e+00   8.323053e-01   2.093706e-02
2.084191000000000127e+00   8.169829e-01   2.068892e-02
2.088902000000000037e+00   7.541265e-01   2.043316e-02
2.093612999999999946e+00   7.642083e-01   2.031359e-02
2.098324999999999996e+00   7.643850e-01   2.024812e-02
2.103035999999999905e+00   7.753559e-01   2.018683e-02
2.107746999999999815e+00   7.970515e-01   2.015018e-02
2.112458000000000169e+00   8.084275e-01   2.012278e-02
2.117170000000000218e+00   7.835747e-01   2.006256e-02
2.121881000000000128e+00   7.835329e-01   2.000510e-02
2.126592000000000038e+00   7.636558e-01   1.994282e-02
2.131302999999999948e+00   7.939099e-01   1.992640e-02
2.136014999999999997e+00   7.703203e-01   1.987534e-02
2.140725999999999907e+00   7.913344e-01   1.984254e-02
2.145436999999999816e+00   7.676229e-01   1.979430e-02
2.150148000000000170e+00   7.832087e-01   1.978546e-02
2.154860000000000220e+00   7.876497e-01   1.976342e-02
2.159571000000000129e+00   7.659558e-01   1.970318e-02
2.164282000000000039e+00   7.520399e-01   1.965343e-02
2.168992999999999949e+00   7.429764e-01   1.961056e-02
2.173704999999999998e+00   7.408293e-01   1.959309e-02
2.178415999999999908e+00   7.365577e-01   1.955754e-02
2.183126999999999818e+00   7.324232e-01   1.952731e-02
2.187838000000000171e+00   7.437230e-01   1.950854e-02
2.192550000000000221e+00   7.260522e-01   1.945883e-02
2.197261000000000131e+00   7.261244e-01   1.942626e-02
2.201972000000000040e+00   7.067352e-01   1.938773e-02
2.206682999999999950e+00   7.268884e-01   1.938854e-02
2.211395000000000000e+00   7.429279e-01   1.936915e-02
2.216105999999999909e+00   7.166650e-01   1.932761e-02
2.220816999999999819e+00   6.970536e-01   1.928727e-02
2.225528000000000173e+00   7.043973e-01   1.926446e-02
2.230239999999999778e+00   7.180148e-01   1.924966e-02
2.234951000000000132e+00   7.170305e-01   1.922339e-02
2.239662000000000042e+00   7.121077e-01   1.920439e-02
2.244372999999999951e+00   6.955694e-01   1.916791e-02
2.249085000000000001e+00   6.807544e-01   1.914001e-02
2.253795999999999911e+00   6.831067e-01   1.909992e-02
2.258506999999999820e+00   6.885506e-01   1.906570e-02
2.263218999999999870e+00   6.861185e-01   1.904982e-02
2.267929999999999779e+00   6.839785e-01   1.901812e-02
2.272641000000000133e+00   6.887535e-01   1.900519e-02
2.277352000000000043e+00   6.902017e-01   1.897890e-02
2.282064000000000092e+00   6.813784e-01   1.893932e-02
2.286775000000000002e+00   6.829976e-01   1.893129e-02
2.291485999999999912e+00   6.866597e-01   1.891348e-02
2.296196999999999822e+00   6.773390e-01   1.888888e-02
2.300908999999999871e+00   6.544499e-01   1.884274e-02
2.305619999999999781e+00   6.785262e-01   1.882668e-02
2.310331000000000135e+00   6.495361e-01   1.878792e-02
2.315042000000000044e+00   6.361652e-01   1.875147e-02
2.319754000000000094e+00   6.397535e-01   1.873049e-02
2.324465000000000003e+00   6.454958e-01   1.872783e-02
2.329175999999999913e+00   6.428790e-01   1.869883e-02
2.333886999999999823e+00   6.204050e-01   1.865780e-02
2.338598999999999872e+00   6.718171e-01   1.867060e-02
2.343309999999999782e+00   6.309050e-01   1.863051e-02
2.348021000000000136e+00   6.040292e-01   1.859210e-02
2.352732000000000046e+00   6.407387e-01   1.858029e-02
2.357444000000000095e+00   6.208342e-01   1.854623e-02
2.362155000000000005e+00   6.290153e-01   1.853571e-02
2.366865999999999914e+00   6.158663e-01   1.851115e-02
2.371576999999999824e+00   6.050469e-01   1.849669e-02
2.376288999999999874e+00   6.322676e-01   1.848198e-02
2.380999999999999783e+00   6.119627e-01   1.844458e-02
2.385711000000000137e+00   5.904428e-01   1.839975e-02
2.390422000000000047e+00   6.149495e-01   1.841289e-02
2.395134000000000096e+00   6.220772e-01   1.836661e-02
2.399845000000000006e+00   6.019530e-01   1.834139e-02
2.404555999999999916e+00   6.043737e-01   1.833755e-02
2.409266999999999825e+00   5.968955e-01   1.831866e-02
2.413978999999999875e+00   6.231375e-01   1.829787e-02
2.418689999999999785e+00   5.938536e-01   1.826001e-02
2.423401000000000138e+00   6.063639e-01   1.825503e-02
2.428112000000000048e+00   6.272081e-01   1.826340e-02
2.432824000000000098e+00   6.063265e-01   1.822974e-02
2.437535000000000007e+00   6.302405e-01   1.823781e-02
2.442245999999999917e+00   5.822479e-01   1.816259e-02
2.446957999999999966e+00   5.842385e-01   1.815053e-02
2.451668999999999876e+00   5.903634e-01   1.813628e-02
2.456379999999999786e+00   5.975974e-01   1.812719e-02
2.461091000000000140e+00   5.637092e-01   1.807118e-02
2.465803000000000189e+00   5.745223e-01   1.806664e-02
2.470514000000000099e+00   5.841304e-01   1.806572e-02
2.475225000000000009e+00   5.506551e-01   1.800438e-02
2.479935999999999918e+00   5.560585e-01   1.799499e-02
2.484647999999999968e+00   5.797674e-01   1.800440e-02
2.489358999999999877e+00   5.442478e-01   1.795772e-02
2.494069999999999787e+00   5.450762e-01   1.794289e-02
2.498781000000000141e+00   5.668464e-01   1.794059e-02
2.503493000000000190e+00   5.614131e-01   1.790850e-02
2.508204000000000100e+00   5.334430e-01   1.787515e-02
2.512915000000000010e+00   5.590583e-01   1.785524e-02
2.517625999999999920e+00   5.167763e-01   1.779711e-02
2.522337999999999969e+00   5.417684e-01   1.777972e-02
2.527048999999999879e+00   5.710626e-01   1.775567e-02
2.531759999999999788e+00   5.458269e-01   1.771506e-02
2.536471000000000142e+00   5.446542e-01   1.771323e-02
2.541183000000000192e+00   5.528584e-01   1.770164e-02
2.545894000000000101e+00   5.367573e-01   1.765596e-02
2.550605000000000011e+00   5.332428e-01   1.762366e-02
2.555315999999999921e+00   5.317720e-01   1.760680e-02
2.560027999999999970e+00   5.341508e-01   1.760458e-02
2.564738999999999880e+00   5.345580e-01   1.760168e-02
2.569449999999999790e+00   5.340167e-01   1.759873e-02
2.574161000000000143e+00   5.297322e-01   1.758969e-02
2.578873000000000193e+00   5.142718e-01   1.758962e-02
2.583584000000000103e+00   5.204741e-01   1.757689e-02
2.588295000000000012e+00   5.103559e-01   1.755740e-02
2.593005999999999922e+00   5.129080e-01   1.753243e-02
2.597717999999999972e+00   5.199051e-01   1.753012e-02
2.602428999999999881e+00   5.204413e-01   1.751544e-02
2.607139999999999791e+00   5.130370e-01   1.748586e-02
2.611851000000000145e+00   4.936269e-01   1.745985e-02
2.616563000000000194e+00   5.039129e-01   1.744089e-02
2.621274000000000104e+00   5.226103e-01   1.745337e-02
2.625985000000000014e+00   4.971308e-01   1.742065e-02
2.630697000000000063e+00   4.812289e-01   1.738103e-02
2.635407999999999973e+00   5.081109e-01   1.738834e-02
2.640118999999999883e+00   5.008907e-01   1.737317e-02
2.644829999999999792e+00   4.923700e-01   1.736628e-02
2.649541999999999842e+00   4.846803e-01   1.732629e-02
2.654253000000000196e+00   5.037389e-01   1.731723e-02
2.658964000000000105e+00   5.058315e-01   1.730916e-02
2.663675000000000015e+00   4.923849e-01   1.727525e-02
2.668387000000000064e+00   4.838582e-01   1.725537e-02
2.673097999999999974e+00   5.110981e-01   1.726845e-02
2.677808999999999884e+00   4.777214e-01   1.721794e-02
2.682519999999999794e+00   4.687746e-01   1.720208e-02
2.687231999999999843e+00   4.874521e-01   1.719952e-02
2.691943000000000197e+00   4.719341e-01   1.716235e-02
2.696654000000000106e+00   4.506797e-01   1.712765e-02
2.701365000000000016e+00   4.814451e-01   1.712840e-02
2.706077000000000066e+00   4.806498e-01   1.713114e-02
2.710787999999999975e+00   4.803447e-01   1.711383e-02
2.715498999999999885e+00   4.536996e-01   1.707554e-02
2.720209999999999795e+00   4.477359e-01   1.705741e-02
2.724921999999999844e+00   4.556090e-01   1.705111e-02
2.729633000000000198e+00   4.729654e-01   1.703913e-02
2.734344000000000108e+00   4.660703e-01   1.703540e-02
2.739055000000000017e+00   4.574062e-01   1.701156e-02
2.743767000000000067e+00   4.669481e-01   1.699834e-02
2.748477999999999977e+00   4.496029e-01   1.696735e-02
2.753188999999999886e+00   4.397494e-01   1.694544e-02
2.757899999999999796e+00   4.554053e-01   1.693838e-02
2.762611999999999846e+00   4.249588e-01   1.692386e-02
2.767323000000000199e+00   4.533798e-01   1.689322e-02
2.772034000000000109e+00   4.485037e-01   1.688624e-02
2.776745000000000019e+00   4.201933e-01   1.685509e-02
2.781457000000000068e+00   4.580125e-01   1.686723e-02
2.786167999999999978e+00   4.396520e-01   1.685294e-02
2.790878999999999888e+00   4.465330e-01   1.683013e-02
2.795589999999999797e+00   4.154270e-01   1.678685e-02
2.800301999999999847e+00   4.215926e-01   1.678939e-02
2.805013000000000201e+00   4.191337e-01   1.686273e-02
2.809724000000000110e+00   4.135271e-01   1.727751e-02
2.814436000000000160e+00   3.919718e-01   1.753675e-02
2.819147000000000070e+00   4.243879e-01   1.775543e-02
2.823857999999999979e+00   4.338703e-01   1.793466e-02
2.828568999999999889e+00   4.235934e-01   1.801604e-02
2.833280999999999938e+00   4.256903e-01   1.807864e-02
2.837991999999999848e+00   4.426075e-01   1.817014e-02
2.842703000000000202e+00   4.453687e-01   1.821396e-02
2.847414000000000112e+00   4.134533e-01   1.822683e-02
2.852126000000000161e+00   4.120134e-01   1.828120e-02
2.856837000000000071e+00   4.273698e-01   1.833386e-02
2.861547999999999981e+00   4.220750e-01   1.835216e-02
2.866258999999999890e+00   3.941725e-01   1.837602e-02
2.870970999999999940e+00   3.889353e-01   1.824049e-02
2.875681999999999849e+00   4.125483e-01   1.779044e-02
2.880393000000000203e+00   3.984094e-01   1.749827e-02
2.885104000000000113e+00   4.064716e-01   1.731791e-02
2.889816000000000162e+00   4.324157e-01   1.719213e-02
2.894527000000000072e+00   3.869184e-01   1.710233e-02
2.899237999999999982e+00   3.873169e-01   1.704102e-02
2.903948999999999891e+00   3.826637e-01   1.699664e-02
2.908660999999999941e+00   3.937877e-01   1.695981e-02
2.913371999999999851e+00   4.001465e-01   1.692861e-02
2.918083000000000204e+00   3.845453e-01   1.689096e-02
2.922794000000000114e+00   4.058675e-01   1.688156e-02
2.927506000000000164e+00   3.960711e-01   1.685360e-02
2.932217000000000073e+00   3.889926e-01   1.681677e-02
2.936927999999999983e+00   3.931661e-01   1.678123e-02
2.941638999999999893e+00   3.941148e-01   1.676929e-02
2.946350999999999942e+00   3.898442e-01   1.673899e-02
2.951061999999999852e+00   3.727757e-01   1.669983e-02
2.955773000000000206e+00   3.814051e-01   1.669571e-02
2.960484000000000115e+00   3.576660e-01   1.664289e-02
2.965196000000000165e+00   3.993473e-01   1.665418e-02
2.969907000000000075e+00   3.946582e-01   1.663190e-02
2.974617999999999984e+00   3.807371e-01   1.660970e-02
2.979328999999999894e+00   3.774048e-01   1.657188e-02
2.984040999999999944e+00   3.810000e-01   1.655119e-02
2.988751999999999853e+00   3.617979e-01   1.652606e-02
2.993463000000000207e+00   3.811466e-01   1.652784e-02
2.998174999999999812e+00   3.826160e-01   1.650712e-02
3.002886000000000166e+00   3.653051e-01   1.649411e-02
3.007597000000000076e+00   3.530013e-01   1.645548e-02
3.012307999999999986e+00   3.536945e-01   1.643293e-02
3.017020000000000035e+00   3.675414e-01   1.641333e-02
3.021730999999999945e+00   3.652332e-01   1.639647e-02
3.026441999999999855e+00   3.758227e-01   1.639434e-02
3.031153000000000208e+00   3.566483e-01   1.638157e-02
3.035864999999999814e+00   3.646393e-01   1.636523e-02
3.040576000000000167e+00   3.489520e-01   1.633070e-02
3.045287000000000077e+00   3.583022e-01   1.631964e-02
3.049997999999999987e+00   3.540716e-01   1.630880e-02
3.054710000000000036e+00   3.611613e-01   1.626487e-02
3.059420999999999946e+00   3.297133e-01   1.623732e-02
3.064131999999999856e+00   3.337733e-01   1.622749e-02
3.068843000000000210e+00   3.587321e-01   1.623480e-02
3.073554999999999815e+00   3.643266e-01   1.622103e-02
3.078266000000000169e+00   3.570847e-01   1.621171e-02
3.082977000000000078e+00   3.428692e-01   1.617688e-02
3.087687999999999988e+00   3.520936e-01   1.617427e-02
3.092400000000000038e+00   3.451570e-01   1.615723e-02
3.097110999999999947e+00   3.564837e-01   1.614991e-02
3.101821999999999857e+00   3.610393e-01   1.612087e-02
3.106533000000000211e+00   3.499694e-01   1.609994e-02
3.111244999999999816e+00   3.383305e-01   1.608101e-02
3.115956000000000170e+00   3.356096e-01   1.605252e-02
3.120667000000000080e+00   3.631704e-01   1.606290e-02
3.125377999999999989e+00   3.460422e-01   1.603560e-02
3.130090000000000039e+00   3.418872e-01   1.602862e-02
3.134800999999999949e+00   3.520097e-01   1.602146e-02
3.139511999999999858e+00   3.204538e-01   1.598135e-02
3.144223000000000212e+00   3.012024e-01   1.595812e-02
3.148934999999999818e+00   3.233860e-01   1.595582e-02
3.153646000000000171e+00   3.433882e-01   1.596085e-02
3.158357000000000081e+00   3.503178e-01   1.595902e-02
3.163067999999999991e+00   3.312149e-01   1.594141e-02
3.167780000000000040e+00   3.023734e-01   1.590309e-02
3.172490999999999950e+00   2.983306e-01   1.588423e-02
3.177201999999999860e+00   3.060854e-01   1.587328e-02
3.181913999999999909e+00   3.230620e-01   1.586514e-02
3.186624999999999819e+00   3.099728e-01   1.582939e-02
3.191336000000000173e+00   3.366398e-01   1.583383e-02
3.196047000000000082e+00   3.112338e-01   1.579872e-02
3.200759000000000132e+00   3.102521e-01   1.577131e-02
3.205470000000000041e+00   3.205896e-01   1.574365e-02
3.210180999999999951e+00   3.296568e-01   1.572735e-02
3.214891999999999861e+00   3.225301e-01   1.571281e-02
3.219603999999999910e+00   3.215285e-01   1.571218e-02
3.224314999999999820e+00   3.023012e-01   1.569623e-02
3.229026000000000174e+00   3.099390e-01   1.567745e-02
3.233737000000000084e+00   3.368974e-01   1.566397e-02
3.238449000000000133e+00   3.193691e-01   1.564712e-02
3.243160000000000043e+00   3.071465e-01   1.564294e-02
3.247870999999999952e+00   2.939552e-01   1.562364e-02
3.252581999999999862e+00   3.173990e-01   1.563783e-02
3.257293999999999912e+00   3.049057e-01   1.563458e-02
3.262004999999999821e+00   3.176384e-01   1.563627e-02
3.266716000000000175e+00   2.974136e-01   1.560921e-02
3.271427000000000085e+00   2.687923e-01   1.558854e-02
3.276139000000000134e+00   2.889454e-01   1.559255e-02
3.280850000000000044e+00   2.952122e-01   1.557903e-02
3.285560999999999954e+00   2.653199e-01   1.554447e-02
3.290271999999999863e+00   2.940727e-01   1.555476e-02
3.294983999999999913e+00   2.920717e-01   1.553946e-02
3.299694999999999823e+00   2.896147e-01   1.552887e-02
3.304406000000000176e+00   3.014265e-01   1.550983e-02
3.309117000000000086e+00   3.085280e-01   1.551131e-02
3.313829000000000136e+00   2.946011e-01   1.550594e-02
3.318540000000000045e+00   2.762931e-01   1.546049e-02
3.323250999999999955e+00   2.808921e-01   1.545344e-02
3.327961999999999865e+00   2.921328e-01   1.544969e-02
3.332673999999999914e+00   2.920889e-01   1.543428e-02
3.337384999999999824e+00   2.811783e-01   1.540568e-02
3.342096000000000178e+00   3.043365e-01   1.541326e-02
3.346807000000000087e+00   2.759356e-01   1.539035e-02
3.351519000000000137e+00   2.708984e-01   1.537876e-02
3.356230000000000047e+00   2.678886e-01   1.537036e-02
3.360940999999999956e+00   2.879759e-01   1.536728e-02
3.365653000000000006e+00   2.825662e-01   1.536886e-02
3.370363999999999916e+00   2.870565e-01   1.534727e-02
3.375074999999999825e+00   2.751597e-01   1.532316e-02
3.379786000000000179e+00   2.727270e-01   1.530946e-02
3.384497999999999784e+00   2.662287e-01   1.529574e-02
3.389209000000000138e+00   2.848186e-01   1.540619e-02
3.393920000000000048e+00   2.642745e-01   1.574754e-02
3.398630999999999958e+00   2.580924e-01   1.596869e-02
3.403343000000000007e+00   2.770861e-01   1.613802e-02
3.408053999999999917e+00   2.730781e-01   1.627379e-02
3.412764999999999826e+00   2.716762e-01   1.630596e-02
3.417476000000000180e+00   2.651147e-01   1.629625e-02
3.422187999999999786e+00   2.728687e-01   1.630780e-02
3.426899000000000139e+00   2.801772e-01   1.635701e-02
3.431610000000000049e+00   2.645609e-01   1.637711e-02
3.436320999999999959e+00   2.689917e-01   1.642829e-02
3.441033000000000008e+00   2.602075e-01   1.645207e-02
3.445743999999999918e+00   2.572340e-01   1.648131e-02
3.450454999999999828e+00   2.499697e-01   1.649053e-02
3.455166000000000182e+00   2.682001e-01   1.653588e-02
3.459877999999999787e+00   2.767918e-01   1.657671e-02
3.464589000000000141e+00   2.454583e-01   1.658571e-02
3.469300000000000050e+00   2.581063e-01   1.662252e-02
3.474010999999999960e+00   2.509291e-01   1.664202e-02
3.478723000000000010e+00   2.398564e-01   1.664791e-02
3.483433999999999919e+00   2.610905e-01   1.668479e-02
3.488144999999999829e+00   2.529254e-01   1.671832e-02
3.492856000000000183e+00   2.420619e-01   1.672427e-02
3.497567999999999788e+00   2.578368e-01   1.676273e-02
3.502279000000000142e+00   2.699290e-01   1.676729e-02
3.506990000000000052e+00   2.744607e-01   1.677328e-02
3.511700999999999961e+00   2.609176e-01   1.680082e-02
3.516413000000000011e+00   2.452886e-01   1.680693e-02
3.521123999999999921e+00   2.468667e-01   1.683554e-02
3.525834999999999830e+00   2.537931e-01   1.686154e-02
3.530546000000000184e+00   2.590770e-01   1.687178e-02
3.535257999999999790e+00   2.619638e-01   1.689224e-02
3.539969000000000143e+00   2.617428e-01   1.691528e-02
3.544680000000000053e+00   2.783223e-01   1.693652e-02
3.549392000000000102e+00   2.488711e-01   1.694888e-02
3.554103000000000012e+00   2.529216e-01   1.694775e-02
3.558813999999999922e+00   2.388993e-01   1.696527e-02
3.563524999999999832e+00   2.209131e-01   1.696712e-02
3.568236999999999881e+00   2.489149e-01   1.698883e-02
3.572947999999999791e+00   2.506795e-01   1.701386e-02
3.577659000000000145e+00   2.247325e-01   1.699482e-02
3.582370000000000054e+00   2.424558e-01   1.703313e-02
3.587082000000000104e+00   2.462459e-01   1.705785e-02
3.591793000000000013e+00   2.519534e-01   1.707697e-02
3.596503999999999923e+00   2.353643e-01   1.705243e-02
3.601214999999999833e+00   2.604398e-01   1.705299e-02
3.605926999999999882e+00   2.732345e-01   1.707136e-02
3.610637999999999792e+00   2.411619e-01   1.737261e-02
3.615349000000000146e+00   2.205582e-01   1.787112e-02
3.620060000000000056e+00   2.318559e-01   1.817460e-02
3.624772000000000105e+00   2.489938e-01   1.842414e-02
3.629483000000000015e+00   2.315023e-01   1.856042e-02
3.634193999999999924e+00   2.426814e-01   1.869866e-02
3.638904999999999834e+00   2.244205e-01   1.880314e-02
3.643616999999999884e+00   2.318140e-01   1.892453e-02
3.648327999999999793e+00   2.411803e-01   1.901261e-02
3.653039000000000147e+00   2.587729e-01   1.911070e-02
3.657750000000000057e+00   2.585357e-01   1.923082e-02
3.662462000000000106e+00   2.197751e-01   1.927964e-02
3.667173000000000016e+00   2.400163e-01   1.938950e-02
3.671883999999999926e+00   2.489445e-01   1.948848e-02
3.676594999999999835e+00   2.409642e-01   1.954758e-02
3.681306999999999885e+00   2.680846e-01   1.967103e-02
3.686017999999999795e+00   2.353104e-01   1.974701e-02
3.690729000000000148e+00   2.466978e-01   1.983366e-02
3.695440000000000058e+00   2.286724e-01   1.990628e-02
3.700152000000000108e+00   2.416884e-01   1.998715e-02
3.704863000000000017e+00   2.053821e-01   2.003870e-02
3.709573999999999927e+00   2.338114e-01   2.015848e-02
3.714284999999999837e+00   2.317120e-01   2.024104e-02
3.718996999999999886e+00   2.166763e-01   2.028923e-02
3.723707999999999796e+00   2.274055e-01   2.037153e-02
3.728419000000000150e+00   2.313514e-01   2.044475e-02
3.733131000000000199e+00   2.440522e-01   2.055432e-02
3.737842000000000109e+00   2.225110e-01   2.061746e-02
3.742553000000000019e+00   2.022036e-01   2.068034e-02
3.747263999999999928e+00   1.898110e-01   2.073429e-02
3.751975999999999978e+00   1.761779e-01   2.079734e-02
3.756686999999999887e+00   2.020148e-01   2.089225e-02
3.761397999999999797e+00   2.224343e-01   2.098185e-02
3.766109000000000151e+00   2.131427e-01   2.103306e-02
3.770821000000000200e+00   2.436039e-01   2.115529e-02
3.775532000000000110e+00   2.111380e-01   2.118138e-02
3.780243000000000020e+00   2.182718e-01   2.132142e-02
3.784953999999999930e+00   2.125014e-01   2.136336e-02
3.789665999999999979e+00   2.090893e-01   2.143832e-02
3.794376999999999889e+00   2.213924e-01   2.155147e-02
3.799087999999999798e+00   2.272307e-01   2.163428e-02
3.803799000000000152e+00   2.451014e-01   2.169633e-02
3.808511000000000202e+00   2.354145e-01   2.179241e-02
3.813222000000000111e+00   2.220730e-01   2.183139e-02
3.817933000000000021e+00   2.075535e-01   2.189507e-02
3.822643999999999931e+00   2.092255e-01   2.197928e-02
3.827355999999999980e+00   2.132051e-01   2.206734e-02
3.832066999999999890e+00   2.031784e-01   2.212926e-02
3.836777999999999800e+00   2.088408e-01   2.222862e-02
3.841489000000000154e+00   2.257669e-01   2.231236e-02
3.846201000000000203e+00   2.240660e-01   2.236853e-02
3.850912000000000113e+00   2.076930e-01   2.241533e-02
3.855623000000000022e+00   2.333657e-01   2.251926e-02
3.860333999999999932e+00   2.306987e-01   2.261172e-02
3.865045999999999982e+00   2.075846e-01   2.269162e-02
3.869756999999999891e+00   1.859236e-01   2.274175e-02
3.874467999999999801e+00   2.210731e-01   2.283687e-02
3.879179000000000155e+00   1.975653e-01   2.292085e-02
3.883891000000000204e+00   1.999505e-01   2.299929e-02
3.888602000000000114e+00   1.793915e-01   2.302095e-02
3.893313000000000024e+00   1.763058e-01   2.312299e-02
3.898023999999999933e+00   1.983818e-01   2.321197e-02
3.902735999999999983e+00   2.172456e-01   2.330828e-02
3.907446999999999893e+00   2.001834e-01   2.335966e-02
3.912157999999999802e+00   1.626982e-01   2.340363e-02
3.916869999999999852e+00   1.354221e-01   2.342812e-02
3.921581000000000206e+00   1.726221e-01   2.346239e-02
3.926292000000000115e+00   2.048173e-01   2.354535e-02
3.931003000000000025e+00   2.054997e-01   2.362666e-02
3.935715000000000074e+00   2.315083e-01   2.367467e-02
3.940425999999999984e+00   2.019735e-01   2.371442e-02
3.945136999999999894e+00   1.636778e-01   2.368935e-02
3.949847999999999804e+00   1.886871e-01   2.370006e-02
3.954559999999999853e+00   2.119349e-01   2.381155e-02
3.959271000000000207e+00   2.153063e-01   2.387289e-02
3.963982000000000117e+00   2.197451e-01   2.385606e-02
3.968693000000000026e+00   2.059151e-01   2.391172e-02
3.973405000000000076e+00   1.994657e-01   2.397687e-02
3.978115999999999985e+00   1.860102e-01   2.402744e-02
3.982826999999999895e+00   1.855400e-01   2.411787e-02
3.987537999999999805e+00   2.025505e-01   2.418192e-02
3.992249999999999854e+00   2.286000e-01   2.428649e-02
3.996961000000000208e+00   1.900428e-01   2.430967e-02
4.001672000000000118e+00   2.026767e-01   2.442888e-02
4.006382999999999583e+00   1.941282e-01   2.451403e-02
4.011095000000000077e+00   1.888136e-01   2.456242e-02
4.015806000000000431e+00   2.002514e-01   2.465969e-02
4.020516999999999896e+00   1.613531e-01   2.473043e-02
4.025228000000000250e+00   1.683089e-01   2.480282e-02
4.029939999999999856e+00   2.005445e-01   2.492165e-02
4.034651000000000209e+00   1.660851e-01   2.495578e-02
4.039361999999999675e+00   1.433665e-01   2.503864e-02
4.044073000000000029e+00   1.323685e-01   2.509972e-02
4.048784999999999634e+00   1.936783e-01   2.524957e-02
4.053495999999999988e+00   2.330997e-01   2.539707e-02
4.058207000000000342e+00   1.984924e-01   2.546120e-02
4.062917999999999807e+00   1.746781e-01   2.550241e-02
4.067630000000000301e+00   1.602591e-01   2.559541e-02
4.072340999999999767e+00   1.780569e-01   2.569247e-02
4.077052000000000120e+00   2.044741e-01   2.581482e-02
4.081762999999999586e+00   1.670803e-01   2.585453e-02
4.086475000000000080e+00   2.016320e-01   2.600268e-02
4.091186000000000433e+00   1.739379e-01   2.603987e-02
4.095896999999999899e+00   1.699242e-01   2.613230e-02
4.100609000000000393e+00   1.944411e-01   2.623688e-02
4.105319999999999858e+00   1.785184e-01   2.633456e-02
4.110031000000000212e+00   1.350481e-01   2.636759e-02
4.114741999999999678e+00   1.671300e-01   2.653432e-02
4.119454000000000171e+00   1.785172e-01   2.661829e-02
4.124164999999999637e+00   1.854943e-01   2.673373e-02
4.128875999999999991e+00   2.029622e-01   2.679646e-02
4.133587000000000344e+00   1.691631e-01   2.683099e-02
4.138298999999999950e+00   1.271361e-01   2.697625e-02
4.143010000000000304e+00   1.228231e-01   2.702386e-02
4.147720999999999769e+00   1.412467e-01   2.715422e-02
4.152432000000000123e+00   1.353342e-01   2.725205e-02
4.157143999999999728e+00   1.643748e-01   2.735959e-02
4.161855000000000082e+00   1.720125e-01   2.749678e-02
4.166566000000000436e+00   1.631589e-01   2.758108e-02
4.171276999999999902e+00   1.599691e-01   2.767321e-02
4.175989000000000395e+00   1.824244e-01   2.784022e-02
4.180699999999999861e+00   1.493895e-01   2.798676e-02
4.185411000000000215e+00   1.619606e-01   2.800526e-02
4.190121999999999680e+00   1.827005e-01   2.809034e-02
4.194834000000000174e+00   1.620069e-01   2.821022e-02
4.199544999999999639e+00   1.564250e-01   2.832201e-02
4.204255999999999993e+00   1.711668e-01   2.846318e-02
4.208967000000000347e+00   1.760698e-01   2.855573e-02
4.213678999999999952e+00   1.768862e-01   2.863735e-02
4.218390000000000306e+00   1.534013e-01   2.874637e-02
4.223100999999999772e+00   1.486723e-01   2.883578e-02
4.227812000000000126e+00   1.699664e-01   2.898497e-02
4.232523999999999731e+00   1.790488e-01   2.915607e-02
4.237235000000000085e+00   1.927131e-01   2.934960e-02
4.241946000000000438e+00   1.076696e-01   2.928461e-02
4.246656999999999904e+00   1.005129e-01   2.941546e-02
4.251369000000000398e+00   1.803786e-01   2.964571e-02
4.256079999999999863e+00   1.805878e-01   2.977184e-02
4.260791000000000217e+00   1.639454e-01   2.984622e-02
4.265501999999999683e+00   1.736926e-01   2.999300e-02
4.270214000000000176e+00   1.385971e-01   3.006018e-02
4.274924999999999642e+00   1.181266e-01   3.015114e-02
4.279635999999999996e+00   1.363459e-01   3.032035e-02
4.284347999999999601e+00   1.697961e-01   3.049509e-02
4.289058999999999955e+00   1.562529e-01   3.056317e-02
4.293770000000000309e+00   1.679345e-01   3.067670e-02
4.298480999999999774e+00   1.655942e-01   3.085837e-02
4.303193000000000268e+00   1.448106e-01   3.090209e-02
4.307903999999999733e+00   1.625656e-01   3.112622e-02
4.312615000000000087e+00   1.393306e-01   3.130506e-02
4.317326000000000441e+00   1.009720e-01   3.137840e-02
4.322038000000000046e+00   1.324772e-01   3.154667e-02
4.326749000000000400e+00   1.208272e-01   3.167786e-02
4.331459999999999866e+00   1.029005e-01   3.180618e-02
4.336171000000000220e+00   1.537366e-01   3.201590e-02
4.340882999999999825e+00   1.746105e-01   3.214127e-02
4.345594000000000179e+00   1.746025e-01   3.230505e-02
4.350304999999999644e+00   1.543270e-01   3.242382e-02
4.355015999999999998e+00   1.387437e-01   3.258297e-02
4.359727999999999604e+00   1.389310e-01   3.271586e-02
4.364438999999999957e+00   1.147654e-01   3.285103e-02
4.369150000000000311e+00   1.300757e-01   3.303665e-02
4.373860999999999777e+00   1.524656e-01   3.319361e-02
4.378573000000000270e+00   1.692902e-01   3.347052e-02
4.383283999999999736e+00   1.550710e-01   3.359521e-02
4.387995000000000090e+00   1.954267e-01   3.373574e-02
4.392706000000000444e+00   1.529784e-01   3.384992e-02
4.397418000000000049e+00   1.436738e-01   3.395646e-02
4.402129000000000403e+00   1.262828e-01   3.398456e-02
4.406839999999999868e+00   1.349759e-01   3.402125e-02
4.411551000000000222e+00   1.777557e-01   3.409154e-02
4.416262999999999828e+00   1.618652e-01   3.406885e-02
4.420974000000000181e+00   1.816331e-01   3.410826e-02
4.425684999999999647e+00   1.742500e-01   3.416197e-02
4.430396000000000001e+00   1.275218e-01   3.418876e-02
4.435107999999999606e+00   1.600086e-01   3.422398e-02
4.439818999999999960e+00   1.681159e-01   3.430986e-02
4.444530000000000314e+00   1.324911e-01   3.444733e-02
4.449240999999999779e+00   1.559968e-01   3.461410e-02
4.453953000000000273e+00   1.649341e-01   3.478626e-02
4.458663999999999739e+00   1.473521e-01   3.494146e-02
4.463375000000000092e+00   1.613492e-01   3.514000e-02
4.468086999999999698e+00   1.798113e-01   3.538074e-02
4.472798000000000052e+00   1.873343e-01   3.563696e-02
4.477509000000000405e+00   1.085425e-01   3.569189e-02
4.482219999999999871e+00   1.374653e-01   3.595371e-02
4.486932000000000365e+00   1.520329e-01   3.612333e-02
4.491642999999999830e+00   1.856513e-01   3.638649e-02
4.496354000000000184e+00   1.198204e-01   3.640304e-02
4.501064999999999650e+00   8.925344e-02   3.654519e-02
4.505777000000000143e+00   1.225254e-01   3.681629e-02
4.510487999999999609e+00   1.335539e-01   3.711691e-02
4.515198999999999963e+00   1.447515e-01   3.736303e-02
4.519910000000000316e+00   1.041767e-01   3.752652e-02
4.524621999999999922e+00   1.617881e-01   3.787830e-02
4.529333000000000276e+00   1.746030e-01   3.811878e-02
4.534043999999999741e+00   1.601102e-01   3.826261e-02
4.538755000000000095e+00   8.001393e-02   3.838910e-02
4.543466999999999700e+00   8.352080e-02   3.863615e-02
4.548178000000000054e+00   1.188104e-01   3.892579e-02
4.552889000000000408e+00   9.811410e-02   3.920559e-02
4.557599999999999874e+00   1.023498e-01   3.947096e-02
4.562312000000000367e+00   1.537699e-01   3.973815e-02
4.567022999999999833e+00   9.352707e-02   3.990157e-02
4.571734000000000187e+00   9.969714e-02   4.025790e-02
4.576444999999999652e+00   2.131682e-01   4.074821e-02
4.581157000000000146e+00   1.789136e-01   4.084255e-02
4.585867999999999611e+00   1.295187e-01   4.102282e-02
4.590578999999999965e+00   1.522536e-01   4.138775e-02
4.595290000000000319e+00   1.089441e-01   4.171773e-02
4.600001999999999924e+00   9.913639e-02   4.184512e-02
4.604713000000000278e+00   1.612282e-01   4.225705e-02
4.609423999999999744e+00   1.020040e-01   4.252815e-02
4.614135000000000097e+00   1.296890e-01   4.282230e-02
4.618846999999999703e+00   7.974685e-02   4.313391e-02
4.623558000000000057e+00   1.309292e-01   4.346145e-02
4.628269000000000410e+00   6.753716e-02   4.376528e-02
4.632979999999999876e+00   1.132352e-01   4.414153e-02
4.637692000000000370e+00   1.157439e-01   4.443553e-02
4.642402999999999835e+00   1.115809e-01   4.488945e-02
4.647114000000000189e+00   1.444390e-01   4.531598e-02
4.651825999999999794e+00   1.677739e-01   4.577181e-02
4.656537000000000148e+00   1.113478e-01   4.609454e-02
4.661247999999999614e+00   1.295490e-01   4.649730e-02
4.665958999999999968e+00   1.754312e-01   4.685810e-02
4.670670999999999573e+00   1.260239e-01   4.715989e-02
4.675381999999999927e+00   9.501378e-02   4.768567e-02
4.680093000000000281e+00   1.815354e-01   4.829386e-02
4.684803999999999746e+00   1.566194e-01   4.857677e-02
4.689516000000000240e+00   1.410891e-01   4.903194e-02
4.694226999999999705e+00   8.822131e-02   4.928214e-02
4.698938000000000059e+00   1.697328e-01   4.998964e-02
4.703649000000000413e+00   1.375505e-01   5.033383e-02
4.708361000000000018e+00   1.227399e-01   5.085208e-02
4.713072000000000372e+00   9.910162e-02   5.144621e-02
4.717782999999999838e+00   1.409180e-01   5.213706e-02
4.722494000000000192e+00   2.256327e-01   5.289255e-02
4.727205999999999797e+00   1.461213e-01   5.334755e-02
4.731917000000000151e+00   1.543896e-01   5.385546e-02
4.736627999999999616e+00   7.146253e-02   5.433327e-02
4.741338999999999970e+00   1.491253e-01   5.511396e-02
4.746050999999999576e+00   1.205887e-01   5.591980e-02
4.750761999999999929e+00   1.320279e-01   5.629492e-02
4.755473000000000283e+00   1.431755e-01   5.711785e-02
4.760183999999999749e+00   1.891141e-01   5.798836e-02
4.764896000000000242e+00   2.135459e-01   5.882636e-02
4.769606999999999708e+00   1.475334e-01   5.946958e-02
4.774318000000000062e+00   1.317654e-01   6.033893e-02
4.779029000000000416e+00   1.477587e-01   6.132175e-02
4.783741000000000021e+00   2.504947e-01   6.242303e-02
4.788452000000000375e+00   1.186537e-01   6.315174e-02
4.793162999999999840e+00   1.514891e-01   6.398084e-02
4.797874000000000194e+00   5.206264e-02   6.481786e-02
4.802585999999999800e+00   1.216769e-01   6.593341e-02
4.807297000000000153e+00   1.421121e-01   6.730092e-02
4.812007999999999619e+00   1.467940e-01   6.841481e-02
4.816718999999999973e+00   1.426344e-01   6.971283e-02
4.821430999999999578e+00   1.283660e-01   7.107398e-02
4.826141999999999932e+00   1.454001e-01   7.261891e-02
4.830853000000000286e+00   1.324497e-01   7.418751e-02
4.835564999999999891e+00   2.179885e-01   7.584901e-02
4.840276000000000245e+00   1.838979e-01   7.747027e-02
4.844986999999999711e+00   1.199937e-01   7.852669e-02
4.849698000000000064e+00   8.655594e-02   8.047184e-02
4.854409999999999670e+00   3.857236e-02   8.244200e-02
4.859121000000000024e+00  -2.822874e-02   8.474222e-02
4.863832000000000377e+00   1.136066e-01   8.793229e-02
4.868542999999999843e+00   3.671796e-02   9.016299e-02
4.873255000000000337e+00   6.909551e-02   9.285303e-02
4.877965999999999802e+00   1.529702e-01   9.630350e-02
4.882677000000000156e+00   4.907468e-02   1.000679e-01
4.887387999999999622e+00   1.043395e-01   1.038594e-01
4.892100000000000115e+00   2.336826e-01   1.089460e-01
4.896810999999999581e+00   2.434823e-01   1.145791e-01
4.901521999999999935e+00   1.566611e-01   1.201341e-01
4.906233000000000288e+00   2.224446e-01   1.278650e-01
4.910944999999999894e+00   2.827418e-01   1.366591e-01
4.915656000000000247e+00   2.288454e-01   1.457205e-01
4.920366999999999713e+00   1.767236e-01   1.577252e-01
4.925078000000000067e+00   9.211214e-02   1.738122e-01
4.929789999999999672e+00   2.888945e-01   2.002935e-01
4.934501000000000026e+00   3.231183e-01   2.415408e-01
4.939212000000000380e+00   1.767606e-01   3.144777e-01
4.943922999999999845e+00   8.413957e-01   5.713603e-01