# [1]
# Sample c= 3.35 mg/ml
# Intensity scaled by concentration
# Buffer subtracted data file:
# Protein DatFile = /data/visitor/mx1908/bm29/20161119/giulio/1d/mM60_011_ave.dat
# Buffer DatFile = /data/visitor/mx1908/bm29/20161119/giulio/ednaSub/mM60_011_ave_averbuffer.dat
# 
# AutoRg: Rg   =   0.8889 +/- 0.09 ( 9.8%)
# AutoRg: I(0) =   3.47 +/- 0.0091
# AutoRg: Points   188 to 303 ( 116 total)
# AutoRg: Quality: 68.0%
# 
# 
# Sample Information:
# Storage Temperature (degrees C): 20.0
# Measurement Temperature (degrees C): 19.99
# Concentration: 3.35
# Code: 
3.479420999999999903e-02  -5.666439e-01   1.766268e+00
3.950545999999999919e-02   9.048913e-01   6.984147e-01
4.421672000000000102e-02   2.036469e+00   4.560935e-01
4.892798000000000286e-02   1.748349e+00   3.488232e-01
5.363923000000000302e-02   2.230182e+00   2.794146e-01
5.835048999999999791e-02   2.344992e+00   2.291879e-01
6.306174999999999975e-02   2.550980e+00   1.901611e-01
6.777299999999999991e-02   2.559430e+00   1.617602e-01
7.248425999999999481e-02   2.756091e+00   1.401598e-01
7.719552000000000358e-02   2.901170e+00   1.236504e-01
8.190677000000000374e-02   2.782702e+00   1.096942e-01
8.661802999999999864e-02   2.846112e+00   9.869747e-02
9.132928999999999353e-02   2.968524e+00   9.010902e-02
9.604053999999999369e-02   2.995640e+00   8.302448e-02
1.007518000000000025e-01   2.860991e+00   7.661608e-02
1.054631000000000041e-01   2.987410e+00   7.131250e-02
1.101743000000000028e-01   3.020674e+00   6.682784e-02
1.148856000000000044e-01   3.027900e+00   6.289544e-02
1.195968000000000031e-01   3.040588e+00   5.958049e-02
1.243081000000000047e-01   3.028348e+00   5.650712e-02
1.290193000000000034e-01   3.034984e+00   5.396743e-02
1.337306000000000050e-01   3.054537e+00   5.176407e-02
1.384419000000000066e-01   3.049858e+00   4.972174e-02
1.431531000000000053e-01   3.049842e+00   4.778988e-02
1.478644000000000069e-01   3.094833e+00   4.621498e-02
1.525756000000000057e-01   3.079140e+00   4.484017e-02
1.572869000000000073e-01   3.072427e+00   4.353829e-02
1.619981000000000060e-01   3.091669e+00   4.222005e-02
1.667094000000000076e-01   3.071012e+00   4.113213e-02
1.714206000000000063e-01   3.078675e+00   4.012535e-02
1.761319000000000079e-01   3.118127e+00   3.920179e-02
1.808432000000000095e-01   3.096753e+00   3.826114e-02
1.855544000000000082e-01   3.110973e+00   3.751878e-02
1.902657000000000098e-01   3.117068e+00   3.677616e-02
1.949769000000000085e-01   3.111671e+00   3.607873e-02
1.996882000000000101e-01   3.089313e+00   3.540392e-02
2.043994000000000089e-01   3.139864e+00   3.480655e-02
2.091107000000000105e-01   3.137445e+00   3.424813e-02
2.138220000000000121e-01   3.113165e+00   3.369679e-02
2.185332000000000108e-01   3.116522e+00   3.319861e-02
2.232445000000000124e-01   3.089970e+00   3.267717e-02
2.279557000000000111e-01   3.124034e+00   3.222690e-02
2.326670000000000127e-01   3.087121e+00   3.176061e-02
2.373782000000000114e-01   3.141675e+00   3.139150e-02
2.420895000000000130e-01   3.155681e+00   3.095400e-02
2.468007000000000117e-01   3.091456e+00   3.053217e-02
2.515120000000000133e-01   3.088956e+00   3.019938e-02
2.562232999999999872e-01   3.097156e+00   2.984475e-02
2.609345000000000137e-01   3.101468e+00   2.947587e-02
2.656457999999999875e-01   3.118235e+00   2.916291e-02
2.703570000000000140e-01   3.165909e+00   2.891290e-02
2.750682999999999878e-01   3.117278e+00   2.861269e-02
2.797795000000000143e-01   3.135263e+00   2.827909e-02
2.844907999999999881e-01   3.122707e+00   2.796648e-02
2.892021000000000175e-01   3.098913e+00   2.771080e-02
2.939132999999999885e-01   3.112766e+00   2.749522e-02
2.986246000000000178e-01   3.086916e+00   2.717944e-02
3.033357999999999888e-01   3.104660e+00   2.695534e-02
3.080471000000000181e-01   3.121634e+00   2.673486e-02
3.127582999999999891e-01   3.159083e+00   2.652673e-02
3.174696000000000184e-01   3.102617e+00   2.626118e-02
3.221808999999999923e-01   3.067628e+00   2.600257e-02
3.268921000000000188e-01   3.119000e+00   2.584272e-02
3.316033999999999926e-01   3.129773e+00   2.569818e-02
3.363146000000000191e-01   3.155068e+00   2.591305e-02
3.410258999999999929e-01   3.148641e+00   2.612077e-02
3.457371000000000194e-01   3.118806e+00   2.619615e-02
3.504483999999999932e-01   3.129891e+00   2.654824e-02
3.551596000000000197e-01   3.158472e+00   2.713819e-02
3.598708999999999936e-01   3.145142e+00   2.744019e-02
3.645822000000000229e-01   3.108219e+00   2.770073e-02
3.692933999999999939e-01   3.102360e+00   2.790044e-02
3.740047000000000232e-01   3.133419e+00   2.812152e-02
3.787158999999999942e-01   3.149775e+00   2.829783e-02
3.834272000000000236e-01   3.136273e+00   2.842734e-02
3.881383999999999945e-01   3.150452e+00   2.858251e-02
3.928497000000000239e-01   3.148053e+00   2.926778e-02
3.975609999999999977e-01   3.118300e+00   3.008265e-02
4.022722000000000242e-01   3.152756e+00   3.081625e-02
4.069834999999999980e-01   3.130575e+00   3.138154e-02
4.116947000000000245e-01   3.157804e+00   3.188133e-02
4.164059999999999984e-01   3.135085e+00   3.232690e-02
4.211172000000000248e-01   3.092620e+00   3.278494e-02
4.258284999999999987e-01   3.118584e+00   3.327193e-02
4.305397000000000252e-01   3.127895e+00   3.376632e-02
4.352509999999999990e-01   3.125584e+00   3.421559e-02
4.399622999999999728e-01   3.161238e+00   3.476443e-02
4.446734999999999993e-01   3.077976e+00   3.532234e-02
4.493847999999999732e-01   3.100115e+00   3.582769e-02
4.540959999999999996e-01   3.157477e+00   3.615089e-02
4.588072999999999735e-01   3.181058e+00   3.490171e-02
4.635185000000000000e-01   3.101045e+00   3.403563e-02
4.682297999999999738e-01   3.090756e+00   3.352780e-02
4.729411000000000032e-01   3.121777e+00   3.318342e-02
4.776522999999999741e-01   3.118998e+00   3.290572e-02
4.823636000000000035e-01   3.124653e+00   3.264380e-02
4.870747999999999744e-01   3.119497e+00   3.238494e-02
4.917861000000000038e-01   3.136146e+00   3.219557e-02
4.964972999999999748e-01   3.119783e+00   3.205829e-02
5.012086000000000041e-01   3.096384e+00   3.184159e-02
5.059198999999999780e-01   3.078385e+00   3.167982e-02
5.106311000000000044e-01   3.111826e+00   3.154632e-02
5.153423999999999783e-01   3.107155e+00   3.135083e-02
5.200536000000000048e-01   3.098066e+00   3.113075e-02
5.247648999999999786e-01   3.088494e+00   3.088597e-02
5.294761000000000051e-01   3.085245e+00   3.069222e-02
5.341873999999999789e-01   3.081166e+00   3.046072e-02
5.388986000000000054e-01   3.147214e+00   3.033220e-02
5.436098999999999792e-01   3.124636e+00   3.006676e-02
5.483211999999999531e-01   3.104416e+00   2.990296e-02
5.530323999999999796e-01   3.076646e+00   2.970079e-02
5.577436999999999534e-01   3.048498e+00   2.946796e-02
5.624548999999999799e-01   3.072920e+00   2.934029e-02
5.671661999999999537e-01   3.055749e+00   2.920301e-02
5.718773999999999802e-01   3.051252e+00   2.907755e-02
5.765886999999999540e-01   3.076726e+00   2.904786e-02
5.813000000000000389e-01   3.079774e+00   2.895863e-02
5.860111999999999544e-01   3.080671e+00   2.891683e-02
5.907225000000000392e-01   3.064658e+00   2.883296e-02
5.954336999999999547e-01   3.042456e+00   2.877917e-02
6.001450000000000395e-01   3.042578e+00   2.868484e-02
6.048561999999999550e-01   3.075354e+00   2.863995e-02
6.095675000000000399e-01   3.093950e+00   2.860586e-02
6.142788000000000137e-01   3.079799e+00   2.855083e-02
6.189900000000000402e-01   3.059108e+00   2.843492e-02
6.237013000000000140e-01   3.032870e+00   2.833961e-02
6.284125000000000405e-01   3.060042e+00   2.830286e-02
6.331238000000000143e-01   3.050147e+00   2.821386e-02
6.378350000000000408e-01   3.056138e+00   2.815161e-02
6.425463000000000147e-01   2.990755e+00   2.805171e-02
6.472575000000000411e-01   2.983437e+00   2.797719e-02
6.519688000000000150e-01   3.052272e+00   2.794249e-02
6.566800999999999888e-01   3.037111e+00   2.789200e-02
6.613913000000000153e-01   3.066449e+00   2.783614e-02
6.661025999999999891e-01   3.004237e+00   2.775734e-02
6.708138000000000156e-01   3.003118e+00   2.766009e-02
6.755250999999999895e-01   2.987643e+00   2.758817e-02
6.802363000000000159e-01   3.022373e+00   2.756740e-02
6.849475999999999898e-01   2.971283e+00   2.747358e-02
6.896588999999999636e-01   2.962382e+00   2.737937e-02
6.943700999999999901e-01   2.991604e+00   2.735868e-02
6.990813999999999639e-01   2.999977e+00   2.729500e-02
7.037925999999999904e-01   2.963405e+00   2.720865e-02
7.085038999999999643e-01   2.985075e+00   2.716123e-02
7.132150999999999907e-01   2.956658e+00   2.710173e-02
7.179263999999999646e-01   2.951449e+00   2.703898e-02
7.226375999999999911e-01   2.961684e+00   2.698946e-02
7.273488999999999649e-01   2.985159e+00   2.693036e-02
7.320602000000000498e-01   2.989513e+00   2.686347e-02
7.367713999999999652e-01   2.985181e+00   2.681171e-02
7.414827000000000501e-01   2.935181e+00   2.674691e-02
7.461938999999999655e-01   2.946432e+00   2.668808e-02
7.509052000000000504e-01   2.956474e+00   2.664030e-02
7.556163999999999659e-01   2.934706e+00   2.655240e-02
7.603277000000000507e-01   2.921166e+00   2.649733e-02
7.650390000000000246e-01   2.938981e+00   2.645569e-02
7.697502000000000510e-01   2.883292e+00   2.634634e-02
7.744615000000000249e-01   2.907886e+00   2.633072e-02
7.791727000000000514e-01   2.878287e+00   2.625126e-02
7.838840000000000252e-01   2.897361e+00   2.621334e-02
7.885952000000000517e-01   2.923275e+00   2.616664e-02
7.933065000000000255e-01   2.932869e+00   2.613709e-02
7.980177999999999994e-01   2.908860e+00   2.609561e-02
8.027290000000000258e-01   2.899105e+00   2.601146e-02
8.074402999999999997e-01   2.885627e+00   2.595729e-02
8.121515000000000262e-01   2.880389e+00   2.586778e-02
8.168628000000000000e-01   2.872086e+00   2.581237e-02
8.215740000000000265e-01   2.873447e+00   2.577805e-02
8.262853000000000003e-01   2.894712e+00   2.577373e-02
8.309965000000000268e-01   2.870762e+00   2.569307e-02
8.357078000000000007e-01   2.834157e+00   2.559486e-02
8.404190999999999745e-01   2.862625e+00   2.556748e-02
8.451303000000000010e-01   2.854515e+00   2.550724e-02
8.498415999999999748e-01   2.853378e+00   2.544912e-02
8.545528000000000013e-01   2.880752e+00   2.540944e-02
8.592640999999999751e-01   2.841110e+00   2.534029e-02
8.639753000000000016e-01   2.854924e+00   2.532209e-02
8.686865999999999755e-01   2.860061e+00   2.525075e-02
8.733978999999999493e-01   2.792013e+00   2.515581e-02
8.781090999999999758e-01   2.791750e+00   2.512532e-02
8.828203999999999496e-01   2.822598e+00   2.509361e-02
8.875315999999999761e-01   2.795489e+00   2.500281e-02
8.922428999999999499e-01   2.787685e+00   2.496528e-02
8.969540999999999764e-01   2.805058e+00   2.492468e-02
9.016653999999999503e-01   2.791503e+00   2.489662e-02
9.063767000000000351e-01   2.746368e+00   2.479320e-02
9.110878999999999506e-01   2.720909e+00   2.471657e-02
9.157992000000000354e-01   2.779118e+00   2.472271e-02
9.205103999999999509e-01   2.775931e+00   2.469554e-02
9.252217000000000358e-01   2.768196e+00   2.463128e-02
9.299328999999999512e-01   2.775630e+00   2.458638e-02
9.346442000000000361e-01   2.748520e+00   2.452792e-02
9.393553999999999515e-01   2.769177e+00   2.449416e-02
9.440667000000000364e-01   2.731763e+00   2.441198e-02
9.487780000000000102e-01   2.777734e+00   2.438679e-02
9.534892000000000367e-01   2.719371e+00   2.432212e-02
9.582005000000000106e-01   2.708313e+00   2.427810e-02
9.629117000000000370e-01   2.740528e+00   2.424330e-02
9.676230000000000109e-01   2.684287e+00   2.416782e-02
9.723342000000000374e-01   2.696682e+00   2.414177e-02
9.770455000000000112e-01   2.701309e+00   2.408204e-02
9.817567999999999850e-01   2.721810e+00   2.407198e-02
9.864680000000000115e-01   2.726435e+00   2.398937e-02
9.911792999999999854e-01   2.680766e+00   2.394436e-02
9.958905000000000118e-01   2.666663e+00   2.389383e-02
1.000601999999999991e+00   2.645557e+00   2.383034e-02
1.005312999999999901e+00   2.653036e+00   2.379010e-02
1.010024000000000033e+00   2.643823e+00   2.375244e-02
1.014736000000000082e+00   2.667294e+00   2.374112e-02
1.019446999999999992e+00   2.616765e+00   2.366704e-02
1.024157999999999902e+00   2.617004e+00   2.359417e-02
1.028869000000000034e+00   2.612798e+00   2.355245e-02
1.033581000000000083e+00   2.611795e+00   2.351897e-02
1.038291999999999993e+00   2.593835e+00   2.345321e-02
1.043002999999999902e+00   2.619335e+00   2.343770e-02
1.047714000000000034e+00   2.601622e+00   2.338889e-02
1.052426000000000084e+00   2.587749e+00   2.335628e-02
1.057136999999999993e+00   2.618932e+00   2.332689e-02
1.061847999999999903e+00   2.621961e+00   2.327506e-02
1.066559000000000035e+00   2.591867e+00   2.322451e-02
1.071271000000000084e+00   2.578258e+00   2.318164e-02
1.075981999999999994e+00   2.545627e+00   2.312417e-02
1.080692999999999904e+00   2.560107e+00   2.311039e-02
1.085404000000000035e+00   2.570845e+00   2.307095e-02
1.090116000000000085e+00   2.499771e+00   2.299361e-02
1.094826999999999995e+00   2.543817e+00   2.294099e-02
1.099537999999999904e+00   2.518826e+00   2.290221e-02
1.104249000000000036e+00   2.536020e+00   2.286609e-02
1.108961000000000086e+00   2.484536e+00   2.281108e-02
1.113671999999999995e+00   2.486155e+00   2.277533e-02
1.118382999999999905e+00   2.485815e+00   2.273143e-02
1.123094000000000037e+00   2.506275e+00   2.270687e-02
1.127806000000000086e+00   2.465920e+00   2.264621e-02
1.132516999999999996e+00   2.487556e+00   2.261758e-02
1.137227999999999906e+00   2.479200e+00   2.257540e-02
1.141939000000000037e+00   2.476078e+00   2.253688e-02
1.146651000000000087e+00   2.453351e+00   2.249705e-02
1.151361999999999997e+00   2.430126e+00   2.244467e-02
1.156072999999999906e+00   2.434882e+00   2.240119e-02
1.160784000000000038e+00   2.419078e+00   2.235976e-02
1.165496000000000087e+00   2.401030e+00   2.230920e-02
1.170206999999999997e+00   2.400117e+00   2.225019e-02
1.174917999999999907e+00   2.449588e+00   2.225512e-02
1.179629999999999956e+00   2.407347e+00   2.220380e-02
1.184341000000000088e+00   2.398956e+00   2.214645e-02
1.189051999999999998e+00   2.396940e+00   2.212115e-02
1.193762999999999908e+00   2.396182e+00   2.213940e-02
1.198474999999999957e+00   2.390491e+00   2.258996e-02
1.203186000000000089e+00   2.348613e+00   2.316826e-02
1.207896999999999998e+00   2.350705e+00   2.356144e-02
1.212607999999999908e+00   2.362615e+00   2.389018e-02
1.217319999999999958e+00   2.333050e+00   2.412968e-02
1.222031000000000089e+00   2.317927e+00   2.434913e-02
1.226741999999999999e+00   2.323799e+00   2.460862e-02
1.231452999999999909e+00   2.331489e+00   2.482807e-02
1.236164999999999958e+00   2.305175e+00   2.502004e-02
1.240876000000000090e+00   2.312177e+00   2.519101e-02
1.245587000000000000e+00   2.331016e+00   2.532390e-02
1.250297999999999909e+00   2.269823e+00   2.535439e-02
1.255009999999999959e+00   2.328202e+00   2.543879e-02
1.259721000000000091e+00   2.272111e+00   2.542847e-02
1.264432000000000000e+00   2.272073e+00   2.454678e-02
1.269142999999999910e+00   2.289943e+00   2.392040e-02
1.273854999999999960e+00   2.248006e+00   2.350003e-02
1.278566000000000091e+00   2.267623e+00   2.317480e-02
1.283277000000000001e+00   2.267289e+00   2.294903e-02
1.287987999999999911e+00   2.259492e+00   2.272841e-02
1.292699999999999960e+00   2.248129e+00   2.253917e-02
1.297411000000000092e+00   2.271195e+00   2.234309e-02
1.302122000000000002e+00   2.236113e+00   2.215235e-02
1.306832999999999911e+00   2.193276e+00   2.201307e-02
1.311544999999999961e+00   2.198180e+00   2.195925e-02
1.316256000000000093e+00   2.206062e+00   2.190645e-02
1.320967000000000002e+00   2.206369e+00   2.185121e-02
1.325677999999999912e+00   2.192954e+00   2.178300e-02
1.330389999999999961e+00   2.157260e+00   2.170724e-02
1.335101000000000093e+00   2.157469e+00   2.167292e-02
1.339812000000000003e+00   2.151817e+00   2.161829e-02
1.344522999999999913e+00   2.134138e+00   2.155625e-02
1.349234999999999962e+00   2.135024e+00   2.151783e-02
1.353946000000000094e+00   2.123195e+00   2.145976e-02
1.358657000000000004e+00   2.125683e+00   2.141253e-02
1.363369000000000053e+00   2.117392e+00   2.136414e-02
1.368079999999999963e+00   2.140509e+00   2.134685e-02
1.372791000000000095e+00   2.109161e+00   2.128363e-02
1.377502000000000004e+00   2.088551e+00   2.123803e-02
1.382214000000000054e+00   2.098602e+00   2.119594e-02
1.386924999999999963e+00   2.115320e+00   2.118333e-02
1.391636000000000095e+00   2.114427e+00   2.114295e-02
1.396347000000000005e+00   2.077830e+00   2.109390e-02
1.401059000000000054e+00   2.056481e+00   2.101836e-02
1.405769999999999964e+00   2.040859e+00   2.097180e-02
1.410481000000000096e+00   2.081402e+00   2.097814e-02
1.415192000000000005e+00   2.032347e+00   2.090812e-02
1.419904000000000055e+00   2.034270e+00   2.085339e-02
1.424614999999999965e+00   2.042321e+00   2.083684e-02
1.429326000000000096e+00   2.016287e+00   2.078341e-02
1.434037000000000006e+00   2.043513e+00   2.075860e-02
1.438749000000000056e+00   2.009904e+00   2.070836e-02
1.443459999999999965e+00   2.005417e+00   2.067492e-02
1.448171000000000097e+00   1.990069e+00   2.063278e-02
1.452882000000000007e+00   2.003879e+00   2.059236e-02
1.457594000000000056e+00   1.998590e+00   2.057712e-02
1.462304999999999966e+00   1.949229e+00   2.050989e-02
1.467016000000000098e+00   1.963520e+00   2.047574e-02
1.471727000000000007e+00   1.934253e+00   2.042081e-02
1.476439000000000057e+00   1.964378e+00   2.039812e-02
1.481149999999999967e+00   1.953675e+00   2.036111e-02
1.485861000000000098e+00   1.916020e+00   2.031427e-02
1.490572000000000008e+00   1.930413e+00   2.029218e-02
1.495284000000000058e+00   1.914903e+00   2.024850e-02
1.499994999999999967e+00   1.909212e+00   2.022235e-02
1.504706000000000099e+00   1.892691e+00   2.019815e-02
1.509417000000000009e+00   1.898999e+00   2.017277e-02
1.514129000000000058e+00   1.901407e+00   2.020826e-02
1.518839999999999968e+00   1.895559e+00   2.079652e-02
1.523551000000000100e+00   1.864505e+00   2.120923e-02
1.528262999999999927e+00   1.876124e+00   2.152465e-02
1.532974000000000059e+00   1.864952e+00   2.177442e-02
1.537684999999999969e+00   1.857061e+00   2.198745e-02
1.542396000000000100e+00   1.850746e+00   2.194283e-02
1.547107999999999928e+00   1.875836e+00   2.144649e-02
1.551819000000000059e+00   1.868385e+00   2.114712e-02
1.556529999999999969e+00   1.856502e+00   2.092944e-02
1.561241000000000101e+00   1.836801e+00   2.069462e-02
1.565952999999999928e+00   1.824971e+00   2.050183e-02
1.570664000000000060e+00   1.823242e+00   2.026594e-02
1.575374999999999970e+00   1.804782e+00   2.005089e-02
1.580086000000000102e+00   1.805751e+00   1.985980e-02
1.584797999999999929e+00   1.802178e+00   1.975403e-02
1.589509000000000061e+00   1.779473e+00   1.971517e-02
1.594219999999999970e+00   1.765040e+00   1.968838e-02
1.598931000000000102e+00   1.762154e+00   1.972125e-02
1.603642999999999930e+00   1.768187e+00   1.974634e-02
1.608354000000000061e+00   1.749378e+00   1.975064e-02
1.613064999999999971e+00   1.732979e+00   1.970058e-02
1.617776000000000103e+00   1.741631e+00   1.969316e-02
1.622487999999999930e+00   1.738095e+00   1.964403e-02
1.627199000000000062e+00   1.735087e+00   1.961017e-02
1.631909999999999972e+00   1.744658e+00   1.960315e-02
1.636621000000000103e+00   1.736591e+00   1.956319e-02
1.641332999999999931e+00   1.722967e+00   1.950439e-02
1.646044000000000063e+00   1.694856e+00   1.946658e-02
1.650754999999999972e+00   1.708413e+00   1.943634e-02
1.655466000000000104e+00   1.701550e+00   1.939525e-02
1.660177999999999932e+00   1.665214e+00   1.935342e-02
1.664889000000000063e+00   1.653778e+00   1.931449e-02
1.669599999999999973e+00   1.674603e+00   1.929509e-02
1.674311000000000105e+00   1.683087e+00   1.928038e-02
1.679022999999999932e+00   1.670400e+00   1.923666e-02
1.683734000000000064e+00   1.652741e+00   1.919645e-02
1.688444999999999974e+00   1.682696e+00   1.918117e-02
1.693156000000000105e+00   1.645836e+00   1.912408e-02
1.697867999999999933e+00   1.620433e+00   1.909155e-02
1.702579000000000065e+00   1.603105e+00   1.906951e-02
1.707289999999999974e+00   1.627460e+00   1.904917e-02
1.712002000000000024e+00   1.628537e+00   1.900964e-02
1.716712999999999933e+00   1.619834e+00   1.895842e-02
1.721424000000000065e+00   1.624481e+00   1.896286e-02
1.726134999999999975e+00   1.590638e+00   1.891884e-02
1.730847000000000024e+00   1.596013e+00   1.888810e-02
1.735557999999999934e+00   1.592077e+00   1.885396e-02
1.740269000000000066e+00   1.572956e+00   1.881488e-02
1.744979999999999976e+00   1.547859e+00   1.878621e-02
1.749692000000000025e+00   1.559850e+00   1.876854e-02
1.754402999999999935e+00   1.560488e+00   1.874316e-02
1.759114000000000066e+00   1.556802e+00   1.871744e-02
1.763824999999999976e+00   1.525267e+00   1.865876e-02
1.768537000000000026e+00   1.527789e+00   1.864642e-02
1.773247999999999935e+00   1.521402e+00   1.861022e-02
1.777959000000000067e+00   1.511419e+00   1.860206e-02
1.782669999999999977e+00   1.517108e+00   1.856732e-02
1.787382000000000026e+00   1.502209e+00   1.853777e-02
1.792092999999999936e+00   1.510351e+00   1.852417e-02
1.796804000000000068e+00   1.521317e+00   1.850597e-02
1.801514999999999977e+00   1.508836e+00   1.844414e-02
1.806227000000000027e+00   1.513079e+00   1.843439e-02
1.810937999999999937e+00   1.524329e+00   1.841322e-02
1.815649000000000068e+00   1.510730e+00   1.838542e-02
1.820359999999999978e+00   1.483496e+00   1.834779e-02
1.825072000000000028e+00   1.450491e+00   1.829790e-02
1.829782999999999937e+00   1.421300e+00   1.827238e-02
1.834494000000000069e+00   1.464914e+00   1.826720e-02
1.839204999999999979e+00   1.434954e+00   1.824249e-02
1.843917000000000028e+00   1.440800e+00   1.820432e-02
1.848627999999999938e+00   1.455330e+00   1.817920e-02
1.853339000000000070e+00   1.425227e+00   1.815104e-02
1.858049999999999979e+00   1.419941e+00   1.812140e-02
1.862762000000000029e+00   1.441439e+00   1.811697e-02
1.867472999999999939e+00   1.394059e+00   1.806863e-02
1.872184000000000070e+00   1.400235e+00   1.805354e-02
1.876894999999999980e+00   1.393920e+00   1.801302e-02
1.881607000000000030e+00   1.379702e+00   1.797190e-02
1.886317999999999939e+00   1.401952e+00   1.797395e-02
1.891029000000000071e+00   1.385155e+00   1.794312e-02
1.895740999999999898e+00   1.397893e+00   1.792892e-02
1.900452000000000030e+00   1.387035e+00   1.789326e-02
1.905162999999999940e+00   1.352846e+00   1.786088e-02
1.909874000000000072e+00   1.356165e+00   1.784332e-02
1.914585999999999899e+00   1.359479e+00   1.780764e-02
1.919297000000000031e+00   1.352949e+00   1.779269e-02
1.924007999999999940e+00   1.346593e+00   1.776879e-02
1.928719000000000072e+00   1.336374e+00   1.774510e-02
1.933430999999999900e+00   1.332189e+00   1.770963e-02
1.938142000000000031e+00   1.339891e+00   1.764479e-02
1.942852999999999941e+00   1.306916e+00   1.759902e-02
1.947564000000000073e+00   1.309068e+00   1.755213e-02
1.952275999999999900e+00   1.329380e+00   1.751690e-02
1.956987000000000032e+00   1.309605e+00   1.749088e-02
1.961697999999999942e+00   1.306273e+00   1.746605e-02
1.966409000000000074e+00   1.301390e+00   1.744472e-02
1.971120999999999901e+00   1.296146e+00   1.743069e-02
1.975832000000000033e+00   1.284904e+00   1.742047e-02
1.980542999999999942e+00   1.263896e+00   1.741458e-02
1.985254000000000074e+00   1.268424e+00   1.740010e-02
1.989965999999999902e+00   1.294813e+00   1.743026e-02
1.994677000000000033e+00   1.283458e+00   1.741818e-02
1.999387999999999943e+00   1.258327e+00   1.742557e-02
2.004099000000000075e+00   1.261473e+00   1.784019e-02
2.008811000000000124e+00   1.255570e+00   1.822998e-02
2.013522000000000034e+00   1.255259e+00   1.846882e-02
2.018232999999999944e+00   1.243338e+00   1.866478e-02
2.022943999999999853e+00   1.250557e+00   1.885824e-02
2.027655999999999903e+00   1.243524e+00   1.902219e-02
2.032366999999999813e+00   1.234528e+00   1.910423e-02
2.037078000000000166e+00   1.231003e+00   1.913588e-02
2.041789000000000076e+00   1.219819e+00   1.920046e-02
2.046501000000000126e+00   1.214019e+00   1.925730e-02
2.051212000000000035e+00   1.190707e+00   1.930043e-02
2.055922999999999945e+00   1.186190e+00   1.932449e-02
2.060633999999999855e+00   1.194173e+00   1.937324e-02
2.065345999999999904e+00   1.210766e+00   1.935113e-02
2.070056999999999814e+00   1.191372e+00   1.877274e-02
2.074768000000000168e+00   1.171163e+00   1.838580e-02
2.079480000000000217e+00   1.181771e+00   1.813552e-02
2.084191000000000127e+00   1.191306e+00   1.794817e-02
2.088902000000000037e+00   1.173950e+00   1.777101e-02
2.093612999999999946e+00   1.174099e+00   1.763520e-02
2.098324999999999996e+00   1.177516e+00   1.758174e-02
2.103035999999999905e+00   1.186837e+00   1.753065e-02
2.107746999999999815e+00   1.173408e+00   1.748499e-02
2.112458000000000169e+00   1.158317e+00   1.744326e-02
2.117170000000000218e+00   1.143090e+00   1.740177e-02
2.121881000000000128e+00   1.135535e+00   1.734124e-02
2.126592000000000038e+00   1.114944e+00   1.730959e-02
2.131302999999999948e+00   1.113127e+00   1.727303e-02
2.136014999999999997e+00   1.115623e+00   1.724910e-02
2.140725999999999907e+00   1.106036e+00   1.720994e-02
2.145436999999999816e+00   1.118250e+00   1.718810e-02
2.150148000000000170e+00   1.099394e+00   1.713098e-02
2.154860000000000220e+00   1.092128e+00   1.710581e-02
2.159571000000000129e+00   1.120943e+00   1.709414e-02
2.164282000000000039e+00   1.119889e+00   1.705644e-02
2.168992999999999949e+00   1.074921e+00   1.701747e-02
2.173704999999999998e+00   1.078723e+00   1.698620e-02
2.178415999999999908e+00   1.078550e+00   1.696852e-02
2.183126999999999818e+00   1.072537e+00   1.692881e-02
2.187838000000000171e+00   1.061335e+00   1.689877e-02
2.192550000000000221e+00   1.058210e+00   1.688260e-02
2.197261000000000131e+00   1.075975e+00   1.685448e-02
2.201972000000000040e+00   1.081958e+00   1.684447e-02
2.206682999999999950e+00   1.063297e+00   1.681733e-02
2.211395000000000000e+00   1.019552e+00   1.677739e-02
2.216105999999999909e+00   1.034830e+00   1.675927e-02
2.220816999999999819e+00   1.015111e+00   1.671812e-02
2.225528000000000173e+00   9.993621e-01   1.667987e-02
2.230239999999999778e+00   1.022910e+00   1.666083e-02
2.234951000000000132e+00   1.039124e+00   1.665680e-02
2.239662000000000042e+00   1.043428e+00   1.665580e-02
2.244372999999999951e+00   1.034703e+00   1.661689e-02
2.249085000000000001e+00   1.018482e+00   1.659788e-02
2.253795999999999911e+00   1.001633e+00   1.657044e-02
2.258506999999999820e+00   9.944461e-01   1.652894e-02
2.263218999999999870e+00   1.008883e+00   1.653060e-02
2.267929999999999779e+00   1.009795e+00   1.650018e-02
2.272641000000000133e+00   9.825862e-01   1.647012e-02
2.277352000000000043e+00   9.805070e-01   1.645366e-02
2.282064000000000092e+00   1.005633e+00   1.642586e-02
2.286775000000000002e+00   9.946254e-01   1.641664e-02
2.291485999999999912e+00   9.873041e-01   1.639436e-02
2.296196999999999822e+00   9.876245e-01   1.637698e-02
2.300908999999999871e+00   9.643585e-01   1.632889e-02
2.305619999999999781e+00   9.665276e-01   1.631465e-02
2.310331000000000135e+00   9.696371e-01   1.630286e-02
2.315042000000000044e+00   9.813997e-01   1.628706e-02
2.319754000000000094e+00   9.573028e-01   1.624489e-02
2.324465000000000003e+00   9.539757e-01   1.623423e-02
2.329175999999999913e+00   9.443122e-01   1.622414e-02
2.333886999999999823e+00   9.455531e-01   1.620409e-02
2.338598999999999872e+00   9.341079e-01   1.617676e-02
2.343309999999999782e+00   9.401612e-01   1.615247e-02
2.348021000000000136e+00   9.397995e-01   1.613708e-02
2.352732000000000046e+00   9.368335e-01   1.612215e-02
2.357444000000000095e+00   9.351732e-01   1.609374e-02
2.362155000000000005e+00   9.183740e-01   1.605922e-02
2.366865999999999914e+00   9.145560e-01   1.605579e-02
2.371576999999999824e+00   9.075768e-01   1.604064e-02
2.376288999999999874e+00   9.177469e-01   1.601716e-02
2.380999999999999783e+00   9.112320e-01   1.599268e-02
2.385711000000000137e+00   9.092027e-01   1.597449e-02
2.390422000000000047e+00   9.124610e-01   1.596407e-02
2.395134000000000096e+00   8.813896e-01   1.592353e-02
2.399845000000000006e+00   8.919811e-01   1.591315e-02
2.404555999999999916e+00   8.839807e-01   1.590132e-02
2.409266999999999825e+00   8.958781e-01   1.588495e-02
2.413978999999999875e+00   8.807611e-01   1.585481e-02
2.418689999999999785e+00   8.764325e-01   1.582884e-02
2.423401000000000138e+00   8.763184e-01   1.582754e-02
2.428112000000000048e+00   8.619967e-01   1.579381e-02
2.432824000000000098e+00   8.583216e-01   1.578550e-02
2.437535000000000007e+00   8.867770e-01   1.578382e-02
2.442245999999999917e+00   8.642835e-01   1.576006e-02
2.446957999999999966e+00   8.458314e-01   1.573003e-02
2.451668999999999876e+00   8.334087e-01   1.570652e-02
2.456379999999999786e+00   8.439358e-01   1.568356e-02
2.461091000000000140e+00   8.661123e-01   1.567725e-02
2.465803000000000189e+00   8.456595e-01   1.566095e-02
2.470514000000000099e+00   8.257875e-01   1.563933e-02
2.475225000000000009e+00   8.415635e-01   1.562198e-02
2.479935999999999918e+00   8.282228e-01   1.560785e-02
2.484647999999999968e+00   8.215050e-01   1.559659e-02
2.489358999999999877e+00   8.268305e-01   1.557255e-02
2.494069999999999787e+00   8.110653e-01   1.554901e-02
2.498781000000000141e+00   8.093788e-01   1.553155e-02
2.503493000000000190e+00   8.122119e-01   1.551843e-02
2.508204000000000100e+00   8.008968e-01   1.550000e-02
2.512915000000000010e+00   8.254245e-01   1.548465e-02
2.517625999999999920e+00   7.869494e-01   1.544035e-02
2.522337999999999969e+00   8.109954e-01   1.540813e-02
2.527048999999999879e+00   8.117364e-01   1.538481e-02
2.531759999999999788e+00   7.811769e-01   1.534620e-02
2.536471000000000142e+00   7.909831e-01   1.533139e-02
2.541183000000000192e+00   7.679621e-01   1.530603e-02
2.545894000000000101e+00   7.765731e-01   1.529636e-02
2.550605000000000011e+00   7.966980e-01   1.529705e-02
2.555315999999999921e+00   7.831542e-01   1.527317e-02
2.560027999999999970e+00   7.849852e-01   1.525686e-02
2.564738999999999880e+00   7.765056e-01   1.525257e-02
2.569449999999999790e+00   7.861995e-01   1.524847e-02
2.574161000000000143e+00   7.722657e-01   1.524946e-02
2.578873000000000193e+00   7.583574e-01   1.524465e-02
2.583584000000000103e+00   7.539705e-01   1.522687e-02
2.588295000000000012e+00   7.390039e-01   1.520847e-02
2.593005999999999922e+00   7.391020e-01   1.519414e-02
2.597717999999999972e+00   7.518322e-01   1.517736e-02
2.602428999999999881e+00   7.539766e-01   1.516409e-02
2.607139999999999791e+00   7.548828e-01   1.515923e-02
2.611851000000000145e+00   7.433959e-01   1.514032e-02
2.616563000000000194e+00   7.438528e-01   1.513209e-02
2.621274000000000104e+00   6.945613e-01   1.508360e-02
2.625985000000000014e+00   7.002371e-01   1.507741e-02
2.630697000000000063e+00   7.279295e-01   1.506130e-02
2.635407999999999973e+00   7.285529e-01   1.504953e-02
2.640118999999999883e+00   7.178957e-01   1.504450e-02
2.644829999999999792e+00   6.943397e-01   1.501857e-02
2.649541999999999842e+00   7.378142e-01   1.501214e-02
2.654253000000000196e+00   7.211129e-01   1.498995e-02
2.658964000000000105e+00   7.070738e-01   1.496578e-02
2.663675000000000015e+00   7.109902e-01   1.497212e-02
2.668387000000000064e+00   7.102931e-01   1.494154e-02
2.673097999999999974e+00   7.250733e-01   1.494020e-02
2.677808999999999884e+00   7.205787e-01   1.492822e-02
2.682519999999999794e+00   6.984088e-01   1.491033e-02
2.687231999999999843e+00   6.824403e-01   1.488281e-02
2.691943000000000197e+00   6.784647e-01   1.487055e-02
2.696654000000000106e+00   7.057827e-01   1.487606e-02
2.701365000000000016e+00   6.957092e-01   1.486799e-02
2.706077000000000066e+00   7.176604e-01   1.484771e-02
2.710787999999999975e+00   7.069246e-01   1.482189e-02
2.715498999999999885e+00   7.011091e-01   1.481289e-02
2.720209999999999795e+00   7.006806e-01   1.480458e-02
2.724921999999999844e+00   6.965962e-01   1.478068e-02
2.729633000000000198e+00   6.882462e-01   1.476880e-02
2.734344000000000108e+00   6.794091e-01   1.474761e-02
2.739055000000000017e+00   6.613284e-01   1.472291e-02
2.743767000000000067e+00   6.552452e-01   1.470833e-02
2.748477999999999977e+00   6.540835e-01   1.469377e-02
2.753188999999999886e+00   6.653347e-01   1.469961e-02
2.757899999999999796e+00   6.696004e-01   1.467400e-02
2.762611999999999846e+00   6.545916e-01   1.466495e-02
2.767323000000000199e+00   6.533033e-01   1.464241e-02
2.772034000000000109e+00   6.433972e-01   1.463428e-02
2.776745000000000019e+00   6.392847e-01   1.461693e-02
2.781457000000000068e+00   6.480443e-01   1.459922e-02
2.786167999999999978e+00   6.418926e-01   1.458828e-02
2.790878999999999888e+00   6.352784e-01   1.456462e-02
2.795589999999999797e+00   6.241871e-01   1.455259e-02
2.800301999999999847e+00   6.599448e-01   1.456413e-02
2.805013000000000201e+00   6.415483e-01   1.460967e-02
2.809724000000000110e+00   6.324012e-01   1.497499e-02
2.814436000000000160e+00   6.599483e-01   1.523401e-02
2.819147000000000070e+00   6.335472e-01   1.540829e-02
2.823857999999999979e+00   6.383612e-01   1.554971e-02
2.828568999999999889e+00   6.347104e-01   1.562858e-02
2.833280999999999938e+00   6.301224e-01   1.567488e-02
2.837991999999999848e+00   6.198101e-01   1.572226e-02
2.842703000000000202e+00   6.127205e-01   1.577593e-02
2.847414000000000112e+00   6.158155e-01   1.580427e-02
2.852126000000000161e+00   6.252688e-01   1.584488e-02
2.856837000000000071e+00   6.094831e-01   1.586704e-02
2.861547999999999981e+00   5.993526e-01   1.589016e-02
2.866258999999999890e+00   5.954099e-01   1.592144e-02
2.870970999999999940e+00   6.256955e-01   1.582021e-02
2.875681999999999849e+00   6.103456e-01   1.541433e-02
2.880393000000000203e+00   6.198669e-01   1.519023e-02
2.885104000000000113e+00   6.128707e-01   1.500646e-02
2.889816000000000162e+00   5.998393e-01   1.488862e-02
2.894527000000000072e+00   6.009245e-01   1.482497e-02
2.899237999999999982e+00   5.944673e-01   1.477234e-02
2.903948999999999891e+00   5.830188e-01   1.473765e-02
2.908660999999999941e+00   5.780099e-01   1.470429e-02
2.913371999999999851e+00   5.994250e-01   1.467907e-02
2.918083000000000204e+00   5.865317e-01   1.465406e-02
2.922794000000000114e+00   5.862280e-01   1.462892e-02
2.927506000000000164e+00   5.889591e-01   1.459526e-02
2.932217000000000073e+00   5.859747e-01   1.457960e-02
2.936927999999999983e+00   5.804694e-01   1.455380e-02
2.941638999999999893e+00   5.781169e-01   1.452668e-02
2.946350999999999942e+00   5.700064e-01   1.450220e-02
2.951061999999999852e+00   5.893250e-01   1.448836e-02
2.955773000000000206e+00   5.867258e-01   1.447018e-02
2.960484000000000115e+00   5.504222e-01   1.443027e-02
2.965196000000000165e+00   5.824237e-01   1.442902e-02
2.969907000000000075e+00   5.806980e-01   1.440609e-02
2.974617999999999984e+00   5.626286e-01   1.438480e-02
2.979328999999999894e+00   5.535960e-01   1.435668e-02
2.984040999999999944e+00   5.388108e-01   1.433854e-02
2.988751999999999853e+00   5.465348e-01   1.433445e-02
2.993463000000000207e+00   5.567077e-01   1.431607e-02
2.998174999999999812e+00   5.537058e-01   1.429373e-02
3.002886000000000166e+00   5.483924e-01   1.429178e-02
3.007597000000000076e+00   5.441484e-01   1.427082e-02
3.012307999999999986e+00   5.419093e-01   1.425631e-02
3.017020000000000035e+00   5.514063e-01   1.423856e-02
3.021730999999999945e+00   5.342997e-01   1.421208e-02
3.026441999999999855e+00   5.562712e-01   1.420357e-02
3.031153000000000208e+00   5.391322e-01   1.419862e-02
3.035864999999999814e+00   5.417161e-01   1.417664e-02
3.040576000000000167e+00   5.371839e-01   1.414590e-02
3.045287000000000077e+00   5.369081e-01   1.414013e-02
3.049997999999999987e+00   5.368500e-01   1.412405e-02
3.054710000000000036e+00   5.455419e-01   1.411109e-02
3.059420999999999946e+00   5.430812e-01   1.409991e-02
3.064131999999999856e+00   5.376069e-01   1.407392e-02
3.068843000000000210e+00   5.184537e-01   1.406568e-02
3.073554999999999815e+00   5.205072e-01   1.405810e-02
3.078266000000000169e+00   5.108389e-01   1.402815e-02
3.082977000000000078e+00   5.171613e-01   1.401785e-02
3.087687999999999988e+00   5.193155e-01   1.400683e-02
3.092400000000000038e+00   5.200375e-01   1.400103e-02
3.097110999999999947e+00   5.040004e-01   1.397718e-02
3.101821999999999857e+00   5.142906e-01   1.396125e-02
3.106533000000000211e+00   5.273996e-01   1.395950e-02
3.111244999999999816e+00   5.352160e-01   1.395001e-02
3.115956000000000170e+00   4.999271e-01   1.392715e-02
3.120667000000000080e+00   5.104304e-01   1.391364e-02
3.125377999999999989e+00   5.174239e-01   1.390659e-02
3.130090000000000039e+00   5.123508e-01   1.388883e-02
3.134800999999999949e+00   4.866301e-01   1.386307e-02
3.139511999999999858e+00   5.103716e-01   1.386825e-02
3.144223000000000212e+00   5.104644e-01   1.385478e-02
3.148934999999999818e+00   5.304109e-01   1.384992e-02
3.153646000000000171e+00   5.141969e-01   1.381994e-02
3.158357000000000081e+00   4.936312e-01   1.380427e-02
3.163067999999999991e+00   4.848693e-01   1.379288e-02
3.167780000000000040e+00   4.860856e-01   1.378391e-02
3.172490999999999950e+00   4.620402e-01   1.375768e-02
3.177201999999999860e+00   4.690274e-01   1.374936e-02
3.181913999999999909e+00   4.758445e-01   1.375110e-02
3.186624999999999819e+00   4.922458e-01   1.374443e-02
3.191336000000000173e+00   4.821182e-01   1.372308e-02
3.196047000000000082e+00   4.900066e-01   1.369037e-02
3.200759000000000132e+00   4.908322e-01   1.367271e-02
3.205470000000000041e+00   4.762614e-01   1.364286e-02
3.210180999999999951e+00   4.759241e-01   1.363500e-02
3.214891999999999861e+00   4.629734e-01   1.361429e-02
3.219603999999999910e+00   4.533925e-01   1.360784e-02
3.224314999999999820e+00   4.713310e-01   1.360755e-02
3.229026000000000174e+00   4.773070e-01   1.358684e-02
3.233737000000000084e+00   4.820742e-01   1.357192e-02
3.238449000000000133e+00   4.799654e-01   1.356843e-02
3.243160000000000043e+00   4.764241e-01   1.356526e-02
3.247870999999999952e+00   4.761424e-01   1.355804e-02
3.252581999999999862e+00   4.667310e-01   1.354758e-02
3.257293999999999912e+00   4.630248e-01   1.354793e-02
3.262004999999999821e+00   4.510942e-01   1.354175e-02
3.266716000000000175e+00   4.299722e-01   1.352591e-02
3.271427000000000085e+00   4.748729e-01   1.353115e-02
3.276139000000000134e+00   4.624997e-01   1.351456e-02
3.280850000000000044e+00   4.562292e-01   1.350260e-02
3.285560999999999954e+00   4.558328e-01   1.349876e-02
3.290271999999999863e+00   4.443943e-01   1.347270e-02
3.294983999999999913e+00   4.492075e-01   1.345135e-02
3.299694999999999823e+00   4.439879e-01   1.345399e-02
3.304406000000000176e+00   4.269568e-01   1.344438e-02
3.309117000000000086e+00   4.491484e-01   1.343775e-02
3.313829000000000136e+00   4.308455e-01   1.341433e-02
3.318540000000000045e+00   4.420428e-01   1.340975e-02
3.323250999999999955e+00   4.433438e-01   1.339945e-02
3.327961999999999865e+00   4.454345e-01   1.339167e-02
3.332673999999999914e+00   4.375939e-01   1.338656e-02
3.337384999999999824e+00   4.212170e-01   1.335443e-02
3.342096000000000178e+00   4.345445e-01   1.334737e-02
3.346807000000000087e+00   4.230272e-01   1.333893e-02
3.351519000000000137e+00   4.335482e-01   1.333960e-02
3.356230000000000047e+00   4.266760e-01   1.332854e-02
3.360940999999999956e+00   4.438687e-01   1.332691e-02
3.365653000000000006e+00   4.485740e-01   1.331070e-02
3.370363999999999916e+00   4.325322e-01   1.328671e-02
3.375074999999999825e+00   4.109853e-01   1.327620e-02
3.379786000000000179e+00   4.271308e-01   1.327661e-02
3.384497999999999784e+00   4.296264e-01   1.326156e-02
3.389209000000000138e+00   4.420515e-01   1.334635e-02
3.393920000000000048e+00   4.329059e-01   1.365205e-02
3.398630999999999958e+00   4.217384e-01   1.383638e-02
3.403343000000000007e+00   4.294336e-01   1.398141e-02
3.408053999999999917e+00   4.223091e-01   1.409296e-02
3.412764999999999826e+00   4.267598e-01   1.412773e-02
3.417476000000000180e+00   4.329100e-01   1.412404e-02
3.422187999999999786e+00   4.150981e-01   1.412401e-02
3.426899000000000139e+00   4.013554e-01   1.415833e-02
3.431610000000000049e+00   3.921333e-01   1.418840e-02
3.436320999999999959e+00   4.151780e-01   1.423520e-02
3.441033000000000008e+00   4.120130e-01   1.425619e-02
3.445743999999999918e+00   4.096241e-01   1.427536e-02
3.450454999999999828e+00   4.206331e-01   1.431073e-02
3.455166000000000182e+00   4.164076e-01   1.433375e-02
3.459877999999999787e+00   4.150538e-01   1.435542e-02
3.464589000000000141e+00   4.208949e-01   1.437322e-02
3.469300000000000050e+00   4.064023e-01   1.439424e-02
3.474010999999999960e+00   4.145825e-01   1.441925e-02
3.478723000000000010e+00   4.069231e-01   1.444002e-02
3.483433999999999919e+00   3.872533e-01   1.445189e-02
3.488144999999999829e+00   4.172636e-01   1.448956e-02
3.492856000000000183e+00   3.927193e-01   1.449393e-02
3.497567999999999788e+00   3.766894e-01   1.450705e-02
3.502279000000000142e+00   3.841336e-01   1.452138e-02
3.506990000000000052e+00   3.806485e-01   1.453164e-02
3.511700999999999961e+00   3.890733e-01   1.455661e-02
3.516413000000000011e+00   4.073405e-01   1.458171e-02
3.521123999999999921e+00   4.105027e-01   1.460406e-02
3.525834999999999830e+00   4.001321e-01   1.461580e-02
3.530546000000000184e+00   3.902890e-01   1.462192e-02
3.535257999999999790e+00   4.015881e-01   1.464843e-02
3.539969000000000143e+00   3.979635e-01   1.465414e-02
3.544680000000000053e+00   3.951097e-01   1.465837e-02
3.549392000000000102e+00   3.953212e-01   1.467957e-02
3.554103000000000012e+00   3.925077e-01   1.469588e-02
3.558813999999999922e+00   3.875473e-01   1.470037e-02
3.563524999999999832e+00   3.897918e-01   1.473141e-02
3.568236999999999881e+00   3.893012e-01   1.473836e-02
3.572947999999999791e+00   3.807565e-01   1.474998e-02
3.577659000000000145e+00   3.869756e-01   1.475174e-02
3.582370000000000054e+00   3.881683e-01   1.475951e-02
3.587082000000000104e+00   3.814888e-01   1.477264e-02
3.591793000000000013e+00   3.704284e-01   1.476978e-02
3.596503999999999923e+00   3.791824e-01   1.477534e-02
3.601214999999999833e+00   3.862558e-01   1.477935e-02
3.605926999999999882e+00   3.891039e-01   1.479830e-02
3.610637999999999792e+00   3.663790e-01   1.505749e-02
3.615349000000000146e+00   3.728706e-01   1.551472e-02
3.620060000000000056e+00   3.736142e-01   1.577706e-02
3.624772000000000105e+00   3.809617e-01   1.595817e-02
3.629483000000000015e+00   3.736301e-01   1.607798e-02
3.634193999999999924e+00   3.866959e-01   1.618204e-02
3.638904999999999834e+00   3.571986e-01   1.627808e-02
3.643616999999999884e+00   3.495935e-01   1.638178e-02
3.648327999999999793e+00   3.640913e-01   1.646770e-02
3.653039000000000147e+00   3.590802e-01   1.653810e-02
3.657750000000000057e+00   3.483908e-01   1.662085e-02
3.662462000000000106e+00   3.568868e-01   1.670434e-02
3.667173000000000016e+00   3.728677e-01   1.679968e-02
3.671883999999999926e+00   3.640096e-01   1.686709e-02
3.676594999999999835e+00   3.708585e-01   1.694653e-02
3.681306999999999885e+00   3.396989e-01   1.701127e-02
3.686017999999999795e+00   3.683351e-01   1.711012e-02
3.690729000000000148e+00   3.651014e-01   1.717990e-02
3.695440000000000058e+00   3.529254e-01   1.724859e-02
3.700152000000000108e+00   3.390474e-01   1.731568e-02
3.704863000000000017e+00   3.410189e-01   1.737826e-02
3.709573999999999927e+00   3.426038e-01   1.745721e-02
3.714284999999999837e+00   3.713554e-01   1.753695e-02
3.718996999999999886e+00   3.676033e-01   1.760420e-02
3.723707999999999796e+00   3.438208e-01   1.766807e-02
3.728419000000000150e+00   3.428181e-01   1.774062e-02
3.733131000000000199e+00   3.615757e-01   1.780642e-02
3.737842000000000109e+00   3.641941e-01   1.787057e-02
3.742553000000000019e+00   3.640845e-01   1.794016e-02
3.747263999999999928e+00   3.497443e-01   1.800740e-02
3.751975999999999978e+00   3.400899e-01   1.805650e-02
3.756686999999999887e+00   3.303300e-01   1.811685e-02
3.761397999999999797e+00   3.504834e-01   1.820145e-02
3.766109000000000151e+00   3.556652e-01   1.826389e-02
3.770821000000000200e+00   3.633521e-01   1.834253e-02
3.775532000000000110e+00   3.465201e-01   1.840473e-02
3.780243000000000020e+00   3.387532e-01   1.844783e-02
3.784953999999999930e+00   3.383358e-01   1.852278e-02
3.789665999999999979e+00   3.474147e-01   1.860713e-02
3.794376999999999889e+00   3.381498e-01   1.865639e-02
3.799087999999999798e+00   3.533849e-01   1.872929e-02
3.803799000000000152e+00   3.455455e-01   1.879474e-02
3.808511000000000202e+00   3.250629e-01   1.885632e-02
3.813222000000000111e+00   3.288662e-01   1.891733e-02
3.817933000000000021e+00   3.008463e-01   1.897228e-02
3.822643999999999931e+00   3.267736e-01   1.905671e-02
3.827355999999999980e+00   3.303662e-01   1.913391e-02
3.832066999999999890e+00   3.135796e-01   1.917937e-02
3.836777999999999800e+00   3.255754e-01   1.925766e-02
3.841489000000000154e+00   3.423389e-01   1.933401e-02
3.846201000000000203e+00   3.311280e-01   1.938533e-02
3.850912000000000113e+00   3.208111e-01   1.946815e-02
3.855623000000000022e+00   3.285580e-01   1.953241e-02
3.860333999999999932e+00   3.372628e-01   1.958444e-02
3.865045999999999982e+00   3.433910e-01   1.966171e-02
3.869756999999999891e+00   3.101374e-01   1.972146e-02
3.874467999999999801e+00   3.044162e-01   1.978674e-02
3.879179000000000155e+00   3.360281e-01   1.986917e-02
3.883891000000000204e+00   3.377797e-01   1.990798e-02
3.888602000000000114e+00   3.232239e-01   1.997390e-02
3.893313000000000024e+00   3.305609e-01   2.005658e-02
3.898023999999999933e+00   3.152829e-01   2.012373e-02
3.902735999999999983e+00   3.155171e-01   2.017812e-02
3.907446999999999893e+00   3.294873e-01   2.026666e-02
3.912157999999999802e+00   3.254607e-01   2.032412e-02
3.916869999999999852e+00   3.139448e-01   2.034711e-02
3.921581000000000206e+00   3.079559e-01   2.037366e-02
3.926292000000000115e+00   3.180364e-01   2.042410e-02
3.931003000000000025e+00   3.058352e-01   2.049355e-02
3.935715000000000074e+00   3.187713e-01   2.054601e-02
3.940425999999999984e+00   3.222318e-01   2.055702e-02
3.945136999999999894e+00   3.145107e-01   2.056959e-02
3.949847999999999804e+00   3.243224e-01   2.058728e-02
3.954559999999999853e+00   2.890293e-01   2.062485e-02
3.959271000000000207e+00   3.081149e-01   2.063311e-02
3.963982000000000117e+00   3.145448e-01   2.064339e-02
3.968693000000000026e+00   3.247096e-01   2.069110e-02
3.973405000000000076e+00   3.495446e-01   2.076900e-02
3.978115999999999985e+00   3.360375e-01   2.081497e-02
3.982826999999999895e+00   3.317055e-01   2.089422e-02
3.987537999999999805e+00   3.038753e-01   2.094357e-02
3.992249999999999854e+00   3.027732e-01   2.103053e-02
3.996961000000000208e+00   3.079858e-01   2.110394e-02
4.001672000000000118e+00   3.167129e-01   2.118196e-02
4.006382999999999583e+00   2.992800e-01   2.124448e-02
4.011095000000000077e+00   2.740752e-01   2.127711e-02
4.015806000000000431e+00   3.009954e-01   2.139867e-02
4.020516999999999896e+00   3.077065e-01   2.148740e-02
4.025228000000000250e+00   2.709919e-01   2.151753e-02
4.029939999999999856e+00   2.914913e-01   2.159393e-02
4.034651000000000209e+00   2.884449e-01   2.166777e-02
4.039361999999999675e+00   2.982886e-01   2.174052e-02
4.044073000000000029e+00   2.907826e-01   2.181369e-02
4.048784999999999634e+00   3.060652e-01   2.191178e-02
4.053495999999999988e+00   2.847931e-01   2.198205e-02
4.058207000000000342e+00   2.718406e-01   2.202610e-02
4.062917999999999807e+00   3.074233e-01   2.212052e-02
4.067630000000000301e+00   3.063100e-01   2.222540e-02
4.072340999999999767e+00   3.053783e-01   2.226900e-02
4.077052000000000120e+00   2.826451e-01   2.234015e-02
4.081762999999999586e+00   2.670590e-01   2.242624e-02
4.086475000000000080e+00   2.727476e-01   2.252100e-02
4.091186000000000433e+00   2.738817e-01   2.260502e-02
4.095896999999999899e+00   2.919508e-01   2.267084e-02
4.100609000000000393e+00   2.828832e-01   2.273706e-02
4.105319999999999858e+00   2.972241e-01   2.282984e-02
4.110031000000000212e+00   3.121190e-01   2.291944e-02
4.114741999999999678e+00   3.182789e-01   2.302592e-02
4.119454000000000171e+00   3.064081e-01   2.310102e-02
4.124164999999999637e+00   2.974199e-01   2.319390e-02
4.128875999999999991e+00   2.644473e-01   2.323312e-02
4.133587000000000344e+00   2.736759e-01   2.333380e-02
4.138298999999999950e+00   2.893596e-01   2.342414e-02
4.143010000000000304e+00   2.752888e-01   2.350117e-02
4.147720999999999769e+00   2.968435e-01   2.360582e-02
4.152432000000000123e+00   2.888327e-01   2.368771e-02
4.157143999999999728e+00   2.958068e-01   2.379062e-02
4.161855000000000082e+00   2.777348e-01   2.386516e-02
4.166566000000000436e+00   2.834869e-01   2.396047e-02
4.171276999999999902e+00   2.912880e-01   2.404203e-02
4.175989000000000395e+00   3.067065e-01   2.412664e-02
4.180699999999999861e+00   2.583680e-01   2.422636e-02
4.185411000000000215e+00   2.704263e-01   2.432185e-02
4.190121999999999680e+00   2.990216e-01   2.441199e-02
4.194834000000000174e+00   2.924483e-01   2.448154e-02
4.199544999999999639e+00   2.780328e-01   2.457953e-02
4.204255999999999993e+00   3.305997e-01   2.474335e-02
4.208967000000000347e+00   3.086469e-01   2.481073e-02
4.213678999999999952e+00   2.894862e-01   2.486565e-02
4.218390000000000306e+00   3.005299e-01   2.499233e-02
4.223100999999999772e+00   2.746814e-01   2.509775e-02
4.227812000000000126e+00   2.682582e-01   2.517681e-02
4.232523999999999731e+00   2.381258e-01   2.524905e-02
4.237235000000000085e+00   2.291251e-01   2.535235e-02
4.241946000000000438e+00   2.463988e-01   2.547997e-02
4.246656999999999904e+00   3.191015e-01   2.560886e-02
4.251369000000000398e+00   2.902919e-01   2.572271e-02
4.256079999999999863e+00   2.674907e-01   2.582196e-02
4.260791000000000217e+00   2.515999e-01   2.589650e-02
4.265501999999999683e+00   2.498072e-01   2.599257e-02
4.270214000000000176e+00   2.507543e-01   2.609597e-02
4.274924999999999642e+00   2.395561e-01   2.619805e-02
4.279635999999999996e+00   3.016004e-01   2.635243e-02
4.284347999999999601e+00   2.771361e-01   2.646727e-02
4.289058999999999955e+00   2.532422e-01   2.659357e-02
4.293770000000000309e+00   2.814560e-01   2.669617e-02
4.298480999999999774e+00   2.706922e-01   2.677799e-02
4.303193000000000268e+00   2.390716e-01   2.689226e-02
4.307903999999999733e+00   2.818327e-01   2.705519e-02
4.312615000000000087e+00   2.830393e-01   2.716671e-02
4.317326000000000441e+00   2.806486e-01   2.728101e-02
4.322038000000000046e+00   2.458007e-01   2.737923e-02
4.326749000000000400e+00   2.412229e-01   2.752085e-02
4.331459999999999866e+00   2.304392e-01   2.757265e-02
4.336171000000000220e+00   2.876875e-01   2.776987e-02
4.340882999999999825e+00   3.035075e-01   2.793253e-02
4.345594000000000179e+00   2.565798e-01   2.803710e-02
4.350304999999999644e+00   2.586470e-01   2.816940e-02
4.355015999999999998e+00   3.160233e-01   2.835718e-02
4.359727999999999604e+00   2.708708e-01   2.844658e-02
4.364438999999999957e+00   2.672470e-01   2.854300e-02
4.369150000000000311e+00   2.721006e-01   2.870640e-02
4.373860999999999777e+00   2.754524e-01   2.887449e-02
4.378573000000000270e+00   2.425507e-01   2.900991e-02
4.383283999999999736e+00   2.442467e-01   2.912937e-02
4.387995000000000090e+00   2.794719e-01   2.925189e-02
4.392706000000000444e+00   2.439333e-01   2.942035e-02
4.397418000000000049e+00   2.592206e-01   2.949185e-02
4.402129000000000403e+00   2.715864e-01   2.955953e-02
4.406839999999999868e+00   2.309698e-01   2.955331e-02
4.411551000000000222e+00   2.618338e-01   2.955466e-02
4.416262999999999828e+00   2.675331e-01   2.958547e-02
4.420974000000000181e+00   2.775604e-01   2.964367e-02
4.425684999999999647e+00   2.367231e-01   2.966842e-02
4.430396000000000001e+00   2.470736e-01   2.966424e-02
4.435107999999999606e+00   2.440815e-01   2.966942e-02
4.439818999999999960e+00   2.592425e-01   2.974117e-02
4.444530000000000314e+00   2.798981e-01   2.990801e-02
4.449240999999999779e+00   2.324217e-01   3.001608e-02
4.453953000000000273e+00   2.337589e-01   3.024587e-02
4.458663999999999739e+00   2.687941e-01   3.039038e-02
4.463375000000000092e+00   2.775137e-01   3.053266e-02
4.468086999999999698e+00   2.666671e-01   3.071460e-02
4.472798000000000052e+00   2.286725e-01   3.085297e-02
4.477509000000000405e+00   2.298176e-01   3.099401e-02
4.482219999999999871e+00   2.477121e-01   3.119923e-02
4.486932000000000365e+00   2.548478e-01   3.140586e-02
4.491642999999999830e+00   2.641645e-01   3.155982e-02
4.496354000000000184e+00   2.789662e-01   3.174380e-02
4.501064999999999650e+00   2.487094e-01   3.189279e-02
4.505777000000000143e+00   2.513550e-01   3.208390e-02
4.510487999999999609e+00   2.244767e-01   3.226158e-02
4.515198999999999963e+00   2.623247e-01   3.248558e-02
4.519910000000000316e+00   2.385429e-01   3.267413e-02
4.524621999999999922e+00   2.596743e-01   3.289575e-02
4.529333000000000276e+00   2.177921e-01   3.303799e-02
4.534043999999999741e+00   2.714596e-01   3.323126e-02
4.538755000000000095e+00   2.679440e-01   3.343005e-02
4.543466999999999700e+00   2.419676e-01   3.365730e-02
4.548178000000000054e+00   2.383301e-01   3.392016e-02
4.552889000000000408e+00   2.424108e-01   3.408724e-02
4.557599999999999874e+00   3.019123e-01   3.429737e-02
4.562312000000000367e+00   2.309144e-01   3.449787e-02
4.567022999999999833e+00   2.668952e-01   3.480214e-02
4.571734000000000187e+00   2.696811e-01   3.497810e-02
4.576444999999999652e+00   2.175945e-01   3.514303e-02
4.581157000000000146e+00   1.427639e-01   3.535497e-02
4.585867999999999611e+00   2.374177e-01   3.564219e-02
4.590578999999999965e+00   1.994196e-01   3.591575e-02
4.595290000000000319e+00   2.283535e-01   3.615291e-02
4.600001999999999924e+00   1.920625e-01   3.639944e-02
4.604713000000000278e+00   2.007453e-01   3.667034e-02
4.609423999999999744e+00   2.274019e-01   3.697990e-02
4.614135000000000097e+00   2.201625e-01   3.726834e-02
4.618846999999999703e+00   2.505617e-01   3.756233e-02
4.623558000000000057e+00   2.201602e-01   3.780765e-02
4.628269000000000410e+00   1.942639e-01   3.808596e-02
4.632979999999999876e+00   2.076694e-01   3.841071e-02
4.637692000000000370e+00   1.624761e-01   3.862121e-02
4.642402999999999835e+00   1.893487e-01   3.896911e-02
4.647114000000000189e+00   2.167992e-01   3.931244e-02
4.651825999999999794e+00   2.247209e-01   3.968717e-02
4.656537000000000148e+00   2.606244e-01   4.003133e-02
4.661247999999999614e+00   2.407515e-01   4.026579e-02
4.665958999999999968e+00   2.539236e-01   4.067072e-02
4.670670999999999573e+00   2.380863e-01   4.107052e-02
4.675381999999999927e+00   2.323021e-01   4.147915e-02
4.680093000000000281e+00   2.123252e-01   4.186787e-02
4.684803999999999746e+00   2.380748e-01   4.229983e-02
4.689516000000000240e+00   2.176678e-01   4.263883e-02
4.694226999999999705e+00   2.464677e-01   4.307465e-02
4.698938000000000059e+00   2.553702e-01   4.343797e-02
4.703649000000000413e+00   2.549611e-01   4.384798e-02
4.708361000000000018e+00   2.349555e-01   4.428539e-02
4.713072000000000372e+00   2.200816e-01   4.473553e-02
4.717782999999999838e+00   2.235731e-01   4.530335e-02
4.722494000000000192e+00   1.910112e-01   4.577515e-02
4.727205999999999797e+00   1.985914e-01   4.630587e-02
4.731917000000000151e+00   2.201399e-01   4.684371e-02
4.736627999999999616e+00   1.637305e-01   4.721365e-02
4.741338999999999970e+00   1.993392e-01   4.782745e-02
4.746050999999999576e+00   1.086134e-01   4.826049e-02
4.750761999999999929e+00   2.692149e-01   4.906583e-02
4.755473000000000283e+00   2.435386e-01   4.958566e-02
4.760183999999999749e+00   2.449061e-01   5.038475e-02
4.764896000000000242e+00   1.572142e-01   5.088345e-02
4.769606999999999708e+00   1.979872e-01   5.161901e-02
4.774318000000000062e+00   1.714925e-01   5.236884e-02
4.779029000000000416e+00   1.990423e-01   5.314780e-02
4.783741000000000021e+00   1.850662e-01   5.387541e-02
4.788452000000000375e+00   2.212945e-01   5.484647e-02
4.793162999999999840e+00   2.431160e-01   5.564593e-02
4.797874000000000194e+00   2.275017e-01   5.635564e-02
4.802585999999999800e+00   1.869445e-01   5.714275e-02
4.807297000000000153e+00   1.634672e-01   5.803077e-02
4.812007999999999619e+00   1.989326e-01   5.941410e-02
4.816718999999999973e+00   2.242462e-01   6.063858e-02
4.821430999999999578e+00   1.948165e-01   6.175221e-02
4.826141999999999932e+00   1.850452e-01   6.291934e-02
4.830853000000000286e+00   2.203877e-01   6.411489e-02
4.835564999999999891e+00   2.080532e-01   6.564490e-02
4.840276000000000245e+00   1.934336e-01   6.699819e-02
4.844986999999999711e+00   1.909703e-01   6.846450e-02
4.849698000000000064e+00   2.633847e-01   7.039290e-02
4.854409999999999670e+00   2.283130e-01   7.218368e-02
4.859121000000000024e+00   2.453663e-01   7.421113e-02
4.863832000000000377e+00   3.161257e-01   7.647866e-02
4.868542999999999843e+00   2.297022e-01   7.875509e-02
4.873255000000000337e+00   2.040922e-01   8.114884e-02
4.877965999999999802e+00   2.285049e-01   8.390534e-02
4.882677000000000156e+00   2.320877e-01   8.700524e-02
4.887387999999999622e+00   1.624899e-01   9.022313e-02
4.892100000000000115e+00   1.846109e-01   9.432193e-02
4.896810999999999581e+00   9.473638e-02   9.875112e-02
4.901521999999999935e+00   1.145190e-01   1.038785e-01
4.906233000000000288e+00   1.487166e-02   1.093489e-01
4.910944999999999894e+00   2.034556e-01   1.173991e-01
4.915656000000000247e+00   1.343635e-01   1.264592e-01
4.920366999999999713e+00   3.925611e-01   1.386716e-01
4.925078000000000067e+00   3.821853e-01   1.534422e-01
4.929789999999999672e+00   2.613595e-01   1.743552e-01
4.934501000000000026e+00   3.959141e-01   2.087892e-01
4.939212000000000380e+00   6.299809e-01   2.728587e-01
4.943922999999999845e+00  -4.303970e-02   4.726835e-01