# [1]
# Sample c= 13.11 mg/ml
# Intensity scaled by concentration
# Buffer subtracted data file:
# Protein DatFile = /data/visitor/mx1908/bm29/20161119/giulio/1d/mM60_023_ave.dat
# Buffer DatFile = /data/visitor/mx1908/bm29/20161119/giulio/1d/mM60_022_ave.dat
# 
# AutoRg: Rg   =   0.8839 +/- 0.23 ( 25.5%)
# AutoRg: I(0) =   3.95 +/- 0.0083
# AutoRg: Points   182 to 255 ( 74 total)
# AutoRg: Quality: 63.8%
# 
# 
# Sample Information:
# Storage Temperature (degrees C): 20.0
# Measurement Temperature (degrees C): 20.11
# Concentration: 13.11
# Code: 
3.479420999999999903e-02   3.334561e+00   7.102556e-01
3.950545999999999919e-02   3.543577e+00   2.824707e-01
4.421672000000000102e-02   3.451102e+00   1.854525e-01
4.892798000000000286e-02   3.202021e+00   1.426010e-01
5.363923000000000302e-02   3.233739e+00   1.149896e-01
5.835048999999999791e-02   3.233642e+00   9.483881e-02
6.306174999999999975e-02   3.177988e+00   7.933101e-02
6.777299999999999991e-02   3.303196e+00   6.805420e-02
7.248425999999999481e-02   3.239537e+00   5.952008e-02
7.719552000000000358e-02   3.202232e+00   5.310019e-02
8.190677000000000374e-02   3.246081e+00   4.760019e-02
8.661802999999999864e-02   3.267735e+00   4.335702e-02
9.132928999999999353e-02   3.256928e+00   3.997776e-02
9.604053999999999369e-02   3.294400e+00   3.725354e-02
1.007518000000000025e-01   3.316253e+00   3.484235e-02
1.054631000000000041e-01   3.318028e+00   3.276361e-02
1.101743000000000028e-01   3.312442e+00   3.095770e-02
1.148856000000000044e-01   3.327932e+00   2.945633e-02
1.195968000000000031e-01   3.337149e+00   2.814183e-02
1.243081000000000047e-01   3.338263e+00   2.696349e-02
1.290193000000000034e-01   3.362789e+00   2.599032e-02
1.337306000000000050e-01   3.341397e+00   2.505410e-02
1.384419000000000066e-01   3.341648e+00   2.427659e-02
1.431531000000000053e-01   3.347891e+00   2.348562e-02
1.478644000000000069e-01   3.339564e+00   2.282804e-02
1.525756000000000057e-01   3.370578e+00   2.225501e-02
1.572869000000000073e-01   3.370148e+00   2.173367e-02
1.619981000000000060e-01   3.362535e+00   2.114979e-02
1.667094000000000076e-01   3.375811e+00   2.074255e-02
1.714206000000000063e-01   3.370677e+00   2.030441e-02
1.761319000000000079e-01   3.330198e+00   1.982969e-02
1.808432000000000095e-01   3.317477e+00   1.944416e-02
1.855544000000000082e-01   3.340762e+00   1.914677e-02
1.902657000000000098e-01   3.353156e+00   1.885882e-02
1.949769000000000085e-01   3.384534e+00   1.854892e-02
1.996882000000000101e-01   3.375260e+00   1.822637e-02
2.043994000000000089e-01   3.368997e+00   1.793431e-02
2.091107000000000105e-01   3.361768e+00   1.769543e-02
2.138220000000000121e-01   3.379262e+00   1.743834e-02
2.185332000000000108e-01   3.406586e+00   1.723928e-02
2.232445000000000124e-01   3.365509e+00   1.695722e-02
2.279557000000000111e-01   3.387548e+00   1.675998e-02
2.326670000000000127e-01   3.394624e+00   1.658554e-02
2.373782000000000114e-01   3.380860e+00   1.637471e-02
2.420895000000000130e-01   3.395292e+00   1.619142e-02
2.468007000000000117e-01   3.380295e+00   1.599510e-02
2.515120000000000133e-01   3.372324e+00   1.581561e-02
2.562232999999999872e-01   3.381535e+00   1.563657e-02
2.609345000000000137e-01   3.400183e+00   1.548652e-02
2.656457999999999875e-01   3.413436e+00   1.534335e-02
2.703570000000000140e-01   3.383334e+00   1.518157e-02
2.750682999999999878e-01   3.382180e+00   1.504585e-02
2.797795000000000143e-01   3.374278e+00   1.485361e-02
2.844907999999999881e-01   3.393130e+00   1.474380e-02
2.892021000000000175e-01   3.386670e+00   1.461185e-02
2.939132999999999885e-01   3.388022e+00   1.450062e-02
2.986246000000000178e-01   3.412451e+00   1.436987e-02
3.033357999999999888e-01   3.414182e+00   1.424926e-02
3.080471000000000181e-01   3.387417e+00   1.411141e-02
3.127582999999999891e-01   3.402961e+00   1.400899e-02
3.174696000000000184e-01   3.392548e+00   1.388843e-02
3.221808999999999923e-01   3.389372e+00   1.377501e-02
3.268921000000000188e-01   3.418000e+00   1.369402e-02
3.316033999999999926e-01   3.404017e+00   1.360523e-02
3.363146000000000191e-01   3.405381e+00   1.370652e-02
3.410258999999999929e-01   3.423924e+00   1.384444e-02
3.457371000000000194e-01   3.419067e+00   1.389329e-02
3.504483999999999932e-01   3.421882e+00   1.409417e-02
3.551596000000000197e-01   3.416224e+00   1.439409e-02
3.598708999999999936e-01   3.419664e+00   1.456573e-02
3.645822000000000229e-01   3.412247e+00   1.471575e-02
3.692933999999999939e-01   3.417484e+00   1.482315e-02
3.740047000000000232e-01   3.431533e+00   1.493279e-02
3.787158999999999942e-01   3.433398e+00   1.503380e-02
3.834272000000000236e-01   3.427922e+00   1.509334e-02
3.881383999999999945e-01   3.447101e+00   1.521155e-02
3.928497000000000239e-01   3.465343e+00   1.557172e-02
3.975609999999999977e-01   3.436321e+00   1.601866e-02
4.022722000000000242e-01   3.423125e+00   1.633837e-02
4.069834999999999980e-01   3.427295e+00   1.667367e-02
4.116947000000000245e-01   3.425886e+00   1.694302e-02
4.164059999999999984e-01   3.449496e+00   1.722149e-02
4.211172000000000248e-01   3.423306e+00   1.745849e-02
4.258284999999999987e-01   3.441961e+00   1.774588e-02
4.305397000000000252e-01   3.461932e+00   1.800060e-02
4.352509999999999990e-01   3.431719e+00   1.820358e-02
4.399622999999999728e-01   3.429097e+00   1.849805e-02
4.446734999999999993e-01   3.449402e+00   1.887616e-02
4.493847999999999732e-01   3.440227e+00   1.910989e-02
4.540959999999999996e-01   3.407142e+00   1.922745e-02
4.588072999999999735e-01   3.490266e+00   1.865358e-02
4.635185000000000000e-01   3.448438e+00   1.816883e-02
4.682297999999999738e-01   3.412922e+00   1.786097e-02
4.729411000000000032e-01   3.428060e+00   1.767561e-02
4.776522999999999741e-01   3.401529e+00   1.748202e-02
4.823636000000000035e-01   3.434154e+00   1.738629e-02
4.870747999999999744e-01   3.438885e+00   1.728421e-02
4.917861000000000038e-01   3.421624e+00   1.716647e-02
4.964972999999999748e-01   3.442640e+00   1.708757e-02
5.012086000000000041e-01   3.441257e+00   1.699564e-02
5.059198999999999780e-01   3.426291e+00   1.688964e-02
5.106311000000000044e-01   3.440475e+00   1.684072e-02
5.153423999999999783e-01   3.440510e+00   1.674398e-02
5.200536000000000048e-01   3.418159e+00   1.660795e-02
5.247648999999999786e-01   3.409929e+00   1.651163e-02
5.294761000000000051e-01   3.443674e+00   1.642872e-02
5.341873999999999789e-01   3.406724e+00   1.625720e-02
5.388986000000000054e-01   3.416825e+00   1.613566e-02
5.436098999999999792e-01   3.421423e+00   1.605090e-02
5.483211999999999531e-01   3.435901e+00   1.597069e-02
5.530323999999999796e-01   3.435297e+00   1.586934e-02
5.577436999999999534e-01   3.450569e+00   1.579335e-02
5.624548999999999799e-01   3.437733e+00   1.566988e-02
5.671661999999999537e-01   3.427262e+00   1.559802e-02
5.718773999999999802e-01   3.413081e+00   1.555748e-02
5.765886999999999540e-01   3.429749e+00   1.554506e-02
5.813000000000000389e-01   3.408414e+00   1.548917e-02
5.860111999999999544e-01   3.404123e+00   1.544289e-02
5.907225000000000392e-01   3.405654e+00   1.540188e-02
5.954336999999999547e-01   3.413738e+00   1.536529e-02
6.001450000000000395e-01   3.395475e+00   1.531889e-02
6.048561999999999550e-01   3.430467e+00   1.531201e-02
6.095675000000000399e-01   3.426910e+00   1.528238e-02
6.142788000000000137e-01   3.402330e+00   1.522603e-02
6.189900000000000402e-01   3.413252e+00   1.517952e-02
6.237013000000000140e-01   3.422833e+00   1.516719e-02
6.284125000000000405e-01   3.423152e+00   1.515381e-02
6.331238000000000143e-01   3.403353e+00   1.506991e-02
6.378350000000000408e-01   3.395310e+00   1.503614e-02
6.425463000000000147e-01   3.392762e+00   1.499900e-02
6.472575000000000411e-01   3.381085e+00   1.494514e-02
6.519688000000000150e-01   3.386430e+00   1.490979e-02
6.566800999999999888e-01   3.388597e+00   1.488493e-02
6.613913000000000153e-01   3.401503e+00   1.486468e-02
6.661025999999999891e-01   3.383831e+00   1.480763e-02
6.708138000000000156e-01   3.380973e+00   1.478823e-02
6.755250999999999895e-01   3.409583e+00   1.477519e-02
6.802363000000000159e-01   3.396679e+00   1.474284e-02
6.849475999999999898e-01   3.366994e+00   1.467044e-02
6.896588999999999636e-01   3.367244e+00   1.464771e-02
6.943700999999999901e-01   3.386274e+00   1.461786e-02
6.990813999999999639e-01   3.371157e+00   1.457954e-02
7.037925999999999904e-01   3.363125e+00   1.455417e-02
7.085038999999999643e-01   3.359743e+00   1.450916e-02
7.132150999999999907e-01   3.394323e+00   1.450586e-02
7.179263999999999646e-01   3.373629e+00   1.446123e-02
7.226375999999999911e-01   3.361295e+00   1.442207e-02
7.273488999999999649e-01   3.366298e+00   1.438285e-02
7.320602000000000498e-01   3.354096e+00   1.433431e-02
7.367713999999999652e-01   3.355378e+00   1.431083e-02
7.414827000000000501e-01   3.347875e+00   1.428272e-02
7.461938999999999655e-01   3.347771e+00   1.425654e-02
7.509052000000000504e-01   3.324343e+00   1.418664e-02
7.556163999999999659e-01   3.348248e+00   1.418776e-02
7.603277000000000507e-01   3.343391e+00   1.415771e-02
7.650390000000000246e-01   3.310937e+00   1.409996e-02
7.697502000000000510e-01   3.307586e+00   1.405632e-02
7.744615000000000249e-01   3.322247e+00   1.405199e-02
7.791727000000000514e-01   3.314986e+00   1.401555e-02
7.838840000000000252e-01   3.321909e+00   1.400274e-02
7.885952000000000517e-01   3.320115e+00   1.396881e-02
7.933065000000000255e-01   3.326133e+00   1.394516e-02
7.980177999999999994e-01   3.296505e+00   1.389775e-02
8.027290000000000258e-01   3.285210e+00   1.384226e-02
8.074402999999999997e-01   3.303222e+00   1.383541e-02
8.121515000000000262e-01   3.274876e+00   1.378754e-02
8.168628000000000000e-01   3.294342e+00   1.377851e-02
8.215740000000000265e-01   3.289725e+00   1.374538e-02
8.262853000000000003e-01   3.279463e+00   1.371470e-02
8.309965000000000268e-01   3.263706e+00   1.365904e-02
8.357078000000000007e-01   3.266925e+00   1.363688e-02
8.404190999999999745e-01   3.264018e+00   1.360998e-02
8.451303000000000010e-01   3.256582e+00   1.357946e-02
8.498415999999999748e-01   3.248304e+00   1.354734e-02
8.545528000000000013e-01   3.249056e+00   1.352492e-02
8.592640999999999751e-01   3.247034e+00   1.349652e-02
8.639753000000000016e-01   3.246965e+00   1.347290e-02
8.686865999999999755e-01   3.227789e+00   1.341875e-02
8.733978999999999493e-01   3.207801e+00   1.337620e-02
8.781090999999999758e-01   3.212757e+00   1.335376e-02
8.828203999999999496e-01   3.215320e+00   1.332548e-02
8.875315999999999761e-01   3.210479e+00   1.330897e-02
8.922428999999999499e-01   3.199320e+00   1.326935e-02
8.969540999999999764e-01   3.198951e+00   1.323810e-02
9.016653999999999503e-01   3.203870e+00   1.322298e-02
9.063767000000000351e-01   3.185731e+00   1.317837e-02
9.110878999999999506e-01   3.178187e+00   1.314877e-02
9.157992000000000354e-01   3.166256e+00   1.311504e-02
9.205103999999999509e-01   3.158956e+00   1.307241e-02
9.252217000000000358e-01   3.152262e+00   1.305649e-02
9.299328999999999512e-01   3.158518e+00   1.302576e-02
9.346442000000000361e-01   3.152044e+00   1.300451e-02
9.393553999999999515e-01   3.122447e+00   1.295407e-02
9.440667000000000364e-01   3.127640e+00   1.293876e-02
9.487780000000000102e-01   3.132427e+00   1.290313e-02
9.534892000000000367e-01   3.116836e+00   1.286815e-02
9.582005000000000106e-01   3.095053e+00   1.283247e-02
9.629117000000000370e-01   3.091366e+00   1.281729e-02
9.676230000000000109e-01   3.089735e+00   1.277633e-02
9.723342000000000374e-01   3.088037e+00   1.276153e-02
9.770455000000000112e-01   3.098881e+00   1.275103e-02
9.817567999999999850e-01   3.084337e+00   1.270046e-02
9.864680000000000115e-01   3.075387e+00   1.264933e-02
9.911792999999999854e-01   3.067272e+00   1.264255e-02
9.958905000000000118e-01   3.049852e+00   1.260802e-02
1.000601999999999991e+00   3.058216e+00   1.259345e-02
1.005312999999999901e+00   3.045401e+00   1.255644e-02
1.010024000000000033e+00   3.022247e+00   1.251855e-02
1.014736000000000082e+00   3.033828e+00   1.250263e-02
1.019446999999999992e+00   3.029033e+00   1.248342e-02
1.024157999999999902e+00   3.014582e+00   1.244210e-02
1.028869000000000034e+00   3.005477e+00   1.240893e-02
1.033581000000000083e+00   2.990145e+00   1.238593e-02
1.038291999999999993e+00   2.994305e+00   1.236506e-02
1.043002999999999902e+00   2.982288e+00   1.233488e-02
1.047714000000000034e+00   2.972570e+00   1.228805e-02
1.052426000000000084e+00   2.960312e+00   1.226429e-02
1.057136999999999993e+00   2.971729e+00   1.225895e-02
1.061847999999999903e+00   2.939329e+00   1.220740e-02
1.066559000000000035e+00   2.946510e+00   1.218412e-02
1.071271000000000084e+00   2.938914e+00   1.216254e-02
1.075981999999999994e+00   2.924319e+00   1.212233e-02
1.080692999999999904e+00   2.902691e+00   1.208949e-02
1.085404000000000035e+00   2.900127e+00   1.206381e-02
1.090116000000000085e+00   2.903285e+00   1.204744e-02
1.094826999999999995e+00   2.894064e+00   1.201375e-02
1.099537999999999904e+00   2.900212e+00   1.199492e-02
1.104249000000000036e+00   2.883092e+00   1.195078e-02
1.108961000000000086e+00   2.868749e+00   1.192954e-02
1.113671999999999995e+00   2.863642e+00   1.190501e-02
1.118382999999999905e+00   2.845647e+00   1.187439e-02
1.123094000000000037e+00   2.852561e+00   1.186242e-02
1.127806000000000086e+00   2.835816e+00   1.182098e-02
1.132516999999999996e+00   2.833696e+00   1.180592e-02
1.137227999999999906e+00   2.829475e+00   1.177425e-02
1.141939000000000037e+00   2.807882e+00   1.174963e-02
1.146651000000000087e+00   2.807254e+00   1.172218e-02
1.151361999999999997e+00   2.790340e+00   1.168861e-02
1.156072999999999906e+00   2.773473e+00   1.164988e-02
1.160784000000000038e+00   2.766016e+00   1.163435e-02
1.165496000000000087e+00   2.756004e+00   1.159701e-02
1.170206999999999997e+00   2.755755e+00   1.158225e-02
1.174917999999999907e+00   2.757059e+00   1.155796e-02
1.179629999999999956e+00   2.741508e+00   1.152588e-02
1.184341000000000088e+00   2.753825e+00   1.151679e-02
1.189051999999999998e+00   2.738345e+00   1.149498e-02
1.193762999999999908e+00   2.739665e+00   1.149445e-02
1.198474999999999957e+00   2.745467e+00   1.173254e-02
1.203186000000000089e+00   2.695675e+00   1.201555e-02
1.207896999999999998e+00   2.700769e+00   1.222886e-02
1.212607999999999908e+00   2.697054e+00   1.238719e-02
1.217319999999999958e+00   2.677180e+00   1.248851e-02
1.222031000000000089e+00   2.665251e+00   1.261571e-02
1.226741999999999999e+00   2.665860e+00   1.272797e-02
1.231452999999999909e+00   2.654431e+00   1.283128e-02
1.236164999999999958e+00   2.639073e+00   1.290902e-02
1.240876000000000090e+00   2.625165e+00   1.298776e-02
1.245587000000000000e+00   2.612037e+00   1.304282e-02
1.250297999999999909e+00   2.628350e+00   1.309492e-02
1.255009999999999959e+00   2.598817e+00   1.309330e-02
1.259721000000000091e+00   2.594576e+00   1.311004e-02
1.264432000000000000e+00   2.597359e+00   1.264095e-02
1.269142999999999910e+00   2.590569e+00   1.230410e-02
1.273854999999999960e+00   2.586174e+00   1.209921e-02
1.278566000000000091e+00   2.552721e+00   1.190720e-02
1.283277000000000001e+00   2.547501e+00   1.176475e-02
1.287987999999999911e+00   2.552202e+00   1.166939e-02
1.292699999999999960e+00   2.531672e+00   1.154849e-02
1.297411000000000092e+00   2.518080e+00   1.144025e-02
1.302122000000000002e+00   2.513294e+00   1.135202e-02
1.306832999999999911e+00   2.511418e+00   1.128958e-02
1.311544999999999961e+00   2.500743e+00   1.125322e-02
1.316256000000000093e+00   2.501913e+00   1.122300e-02
1.320967000000000002e+00   2.493284e+00   1.117261e-02
1.325677999999999912e+00   2.503245e+00   1.115514e-02
1.330389999999999961e+00   2.483549e+00   1.111800e-02
1.335101000000000093e+00   2.462857e+00   1.107827e-02
1.339812000000000003e+00   2.452503e+00   1.105004e-02
1.344522999999999913e+00   2.425079e+00   1.100802e-02
1.349234999999999962e+00   2.412156e+00   1.096364e-02
1.353946000000000094e+00   2.416029e+00   1.094349e-02
1.358657000000000004e+00   2.397839e+00   1.090084e-02
1.363369000000000053e+00   2.397600e+00   1.088893e-02
1.368079999999999963e+00   2.390869e+00   1.085811e-02
1.372791000000000095e+00   2.384854e+00   1.082938e-02
1.377502000000000004e+00   2.362867e+00   1.078905e-02
1.382214000000000054e+00   2.361312e+00   1.076191e-02
1.386924999999999963e+00   2.344578e+00   1.073062e-02
1.391636000000000095e+00   2.336886e+00   1.071517e-02
1.396347000000000005e+00   2.327151e+00   1.068157e-02
1.401059000000000054e+00   2.314106e+00   1.064688e-02
1.405769999999999964e+00   2.309834e+00   1.062105e-02
1.410481000000000096e+00   2.295781e+00   1.059857e-02
1.415192000000000005e+00   2.296326e+00   1.058143e-02
1.419904000000000055e+00   2.299685e+00   1.055543e-02
1.424614999999999965e+00   2.279826e+00   1.052417e-02
1.429326000000000096e+00   2.264941e+00   1.050139e-02
1.434037000000000006e+00   2.262511e+00   1.047114e-02
1.438749000000000056e+00   2.258721e+00   1.045743e-02
1.443459999999999965e+00   2.244533e+00   1.043161e-02
1.448171000000000097e+00   2.248047e+00   1.041054e-02
1.452882000000000007e+00   2.237177e+00   1.038448e-02
1.457594000000000056e+00   2.209020e+00   1.034032e-02
1.462304999999999966e+00   2.221947e+00   1.033094e-02
1.467016000000000098e+00   2.198541e+00   1.030217e-02
1.471727000000000007e+00   2.191902e+00   1.027604e-02
1.476439000000000057e+00   2.173094e+00   1.024663e-02
1.481149999999999967e+00   2.171603e+00   1.022716e-02
1.485861000000000098e+00   2.162134e+00   1.020912e-02
1.490572000000000008e+00   2.161973e+00   1.018493e-02
1.495284000000000058e+00   2.144852e+00   1.014692e-02
1.499994999999999967e+00   2.131609e+00   1.011646e-02
1.504706000000000099e+00   2.137330e+00   1.012353e-02
1.509417000000000009e+00   2.132174e+00   1.010972e-02
1.514129000000000058e+00   2.124537e+00   1.011395e-02
1.518839999999999968e+00   2.107753e+00   1.039751e-02
1.523551000000000100e+00   2.110729e+00   1.060907e-02
1.528262999999999927e+00   2.097219e+00   1.075392e-02
1.532974000000000059e+00   2.087651e+00   1.086868e-02
1.537684999999999969e+00   2.075722e+00   1.097006e-02
1.542396000000000100e+00   2.064931e+00   1.096168e-02
1.547107999999999928e+00   2.055410e+00   1.067182e-02
1.551819000000000059e+00   2.043781e+00   1.051406e-02
1.556529999999999969e+00   2.052733e+00   1.041896e-02
1.561241000000000101e+00   2.028010e+00   1.029257e-02
1.565952999999999928e+00   2.026858e+00   1.019421e-02
1.570664000000000060e+00   2.011950e+00   1.007025e-02
1.575374999999999970e+00   2.007989e+00   9.960878e-03
1.580086000000000102e+00   1.995798e+00   9.870038e-03
1.584797999999999929e+00   1.973226e+00   9.798167e-03
1.589509000000000061e+00   1.972307e+00   9.774731e-03
1.594219999999999970e+00   1.966023e+00   9.759257e-03
1.598931000000000102e+00   1.962347e+00   9.765214e-03
1.603642999999999930e+00   1.953659e+00   9.765709e-03
1.608354000000000061e+00   1.948579e+00   9.776758e-03
1.613064999999999971e+00   1.935444e+00   9.749524e-03
1.617776000000000103e+00   1.938703e+00   9.739357e-03
1.622487999999999930e+00   1.923926e+00   9.707335e-03
1.627199000000000062e+00   1.921822e+00   9.687623e-03
1.631909999999999972e+00   1.895903e+00   9.660290e-03
1.636621000000000103e+00   1.898075e+00   9.620060e-03
1.641332999999999931e+00   1.888202e+00   9.605172e-03
1.646044000000000063e+00   1.881444e+00   9.593263e-03
1.650754999999999972e+00   1.862674e+00   9.561955e-03
1.655466000000000104e+00   1.876513e+00   9.545875e-03
1.660177999999999932e+00   1.859958e+00   9.530456e-03
1.664889000000000063e+00   1.845572e+00   9.502530e-03
1.669599999999999973e+00   1.838393e+00   9.472721e-03
1.674311000000000105e+00   1.835530e+00   9.458819e-03
1.679022999999999932e+00   1.810671e+00   9.426920e-03
1.683734000000000064e+00   1.794826e+00   9.400582e-03
1.688444999999999974e+00   1.804208e+00   9.397902e-03
1.693156000000000105e+00   1.781860e+00   9.353813e-03
1.697867999999999933e+00   1.790849e+00   9.343387e-03
1.702579000000000065e+00   1.783070e+00   9.331188e-03
1.707289999999999974e+00   1.784589e+00   9.321164e-03
1.712002000000000024e+00   1.777468e+00   9.291464e-03
1.716712999999999933e+00   1.758355e+00   9.264054e-03
1.721424000000000065e+00   1.752142e+00   9.245571e-03
1.726134999999999975e+00   1.754792e+00   9.235538e-03
1.730847000000000024e+00   1.730362e+00   9.205779e-03
1.735557999999999934e+00   1.734377e+00   9.188069e-03
1.740269000000000066e+00   1.719257e+00   9.166899e-03
1.744979999999999976e+00   1.710141e+00   9.150390e-03
1.749692000000000025e+00   1.703971e+00   9.132999e-03
1.754402999999999935e+00   1.700307e+00   9.106856e-03
1.759114000000000066e+00   1.679858e+00   9.086952e-03
1.763824999999999976e+00   1.690357e+00   9.086154e-03
1.768537000000000026e+00   1.663985e+00   9.052032e-03
1.773247999999999935e+00   1.661558e+00   9.030247e-03
1.777959000000000067e+00   1.656018e+00   9.021386e-03
1.782669999999999977e+00   1.657660e+00   9.002429e-03
1.787382000000000026e+00   1.643090e+00   8.976917e-03
1.792092999999999936e+00   1.638207e+00   8.955715e-03
1.796804000000000068e+00   1.633109e+00   8.947291e-03
1.801514999999999977e+00   1.627684e+00   8.924413e-03
1.806227000000000027e+00   1.612084e+00   8.908999e-03
1.810937999999999937e+00   1.609715e+00   8.893199e-03
1.815649000000000068e+00   1.599160e+00   8.875506e-03
1.820359999999999978e+00   1.606457e+00   8.865010e-03
1.825072000000000028e+00   1.602402e+00   8.851154e-03
1.829782999999999937e+00   1.580913e+00   8.817137e-03
1.834494000000000069e+00   1.569116e+00   8.801482e-03
1.839204999999999979e+00   1.568797e+00   8.791152e-03
1.843917000000000028e+00   1.562083e+00   8.769987e-03
1.848627999999999938e+00   1.549726e+00   8.739459e-03
1.853339000000000070e+00   1.547806e+00   8.731503e-03
1.858049999999999979e+00   1.530887e+00   8.708190e-03
1.862762000000000029e+00   1.520643e+00   8.695948e-03
1.867472999999999939e+00   1.528510e+00   8.684899e-03
1.872184000000000070e+00   1.521942e+00   8.669357e-03
1.876894999999999980e+00   1.512831e+00   8.647861e-03
1.881607000000000030e+00   1.506483e+00   8.634619e-03
1.886317999999999939e+00   1.505013e+00   8.609414e-03
1.891029000000000071e+00   1.495703e+00   8.594996e-03
1.895740999999999898e+00   1.492966e+00   8.577787e-03
1.900452000000000030e+00   1.476653e+00   8.560838e-03
1.905162999999999940e+00   1.458312e+00   8.531604e-03
1.909874000000000072e+00   1.461839e+00   8.519512e-03
1.914585999999999899e+00   1.462273e+00   8.524111e-03
1.919297000000000031e+00   1.463762e+00   8.506606e-03
1.924007999999999940e+00   1.427162e+00   8.471790e-03
1.928719000000000072e+00   1.434832e+00   8.464330e-03
1.933430999999999900e+00   1.441646e+00   8.451674e-03
1.938142000000000031e+00   1.424137e+00   8.419854e-03
1.942852999999999941e+00   1.417255e+00   8.396543e-03
1.947564000000000073e+00   1.404692e+00   8.349276e-03
1.952275999999999900e+00   1.391186e+00   8.327898e-03
1.956987000000000032e+00   1.389015e+00   8.306265e-03
1.961697999999999942e+00   1.391780e+00   8.313697e-03
1.966409000000000074e+00   1.392403e+00   8.297708e-03
1.971120999999999901e+00   1.390118e+00   8.284577e-03
1.975832000000000033e+00   1.392235e+00   8.279969e-03
1.980542999999999942e+00   1.370099e+00   8.273672e-03
1.985254000000000074e+00   1.363998e+00   8.265007e-03
1.989965999999999902e+00   1.360674e+00   8.266723e-03
1.994677000000000033e+00   1.359977e+00   8.250739e-03
1.999387999999999943e+00   1.352513e+00   8.246914e-03
2.004099000000000075e+00   1.342575e+00   8.438053e-03
2.008811000000000124e+00   1.344760e+00   8.625638e-03
2.013522000000000034e+00   1.322615e+00   8.722226e-03
2.018232999999999944e+00   1.329987e+00   8.828828e-03
2.022943999999999853e+00   1.320442e+00   8.903373e-03
2.027655999999999903e+00   1.300678e+00   8.963989e-03
2.032366999999999813e+00   1.298888e+00   9.016543e-03
2.037078000000000166e+00   1.289341e+00   9.026646e-03
2.041789000000000076e+00   1.293953e+00   9.056139e-03
2.046501000000000126e+00   1.292402e+00   9.081006e-03
2.051212000000000035e+00   1.283944e+00   9.100228e-03
2.055922999999999945e+00   1.275753e+00   9.117428e-03
2.060633999999999855e+00   1.271433e+00   9.128295e-03
2.065345999999999904e+00   1.268038e+00   9.101871e-03
2.070056999999999814e+00   1.282195e+00   8.832315e-03
2.074768000000000168e+00   1.257719e+00   8.646433e-03
2.079480000000000217e+00   1.245822e+00   8.521383e-03
2.084191000000000127e+00   1.233360e+00   8.423861e-03
2.088902000000000037e+00   1.237184e+00   8.341623e-03
2.093612999999999946e+00   1.218029e+00   8.275763e-03
2.098324999999999996e+00   1.225006e+00   8.238026e-03
2.103035999999999905e+00   1.215397e+00   8.209506e-03
2.107746999999999815e+00   1.208260e+00   8.184338e-03
2.112458000000000169e+00   1.191223e+00   8.167559e-03
2.117170000000000218e+00   1.196272e+00   8.138073e-03
2.121881000000000128e+00   1.192513e+00   8.118531e-03
2.126592000000000038e+00   1.185097e+00   8.088370e-03
2.131302999999999948e+00   1.164027e+00   8.066883e-03
2.136014999999999997e+00   1.164087e+00   8.045176e-03
2.140725999999999907e+00   1.168486e+00   8.034791e-03
2.145436999999999816e+00   1.173285e+00   8.024584e-03
2.150148000000000170e+00   1.169947e+00   8.007306e-03
2.154860000000000220e+00   1.162143e+00   7.989398e-03
2.159571000000000129e+00   1.153586e+00   7.962480e-03
2.164282000000000039e+00   1.137565e+00   7.939705e-03
2.168992999999999949e+00   1.131036e+00   7.933702e-03
2.173704999999999998e+00   1.141144e+00   7.922133e-03
2.178415999999999908e+00   1.137712e+00   7.907767e-03
2.183126999999999818e+00   1.127910e+00   7.885151e-03
2.187838000000000171e+00   1.119241e+00   7.866263e-03
2.192550000000000221e+00   1.110007e+00   7.847011e-03
2.197261000000000131e+00   1.109818e+00   7.830695e-03
2.201972000000000040e+00   1.103281e+00   7.815805e-03
2.206682999999999950e+00   1.090814e+00   7.798571e-03
2.211395000000000000e+00   1.083894e+00   7.782411e-03
2.216105999999999909e+00   1.079701e+00   7.765221e-03
2.220816999999999819e+00   1.075920e+00   7.759726e-03
2.225528000000000173e+00   1.078996e+00   7.737840e-03
2.230239999999999778e+00   1.075931e+00   7.724477e-03
2.234951000000000132e+00   1.063846e+00   7.715417e-03
2.239662000000000042e+00   1.069589e+00   7.701299e-03
2.244372999999999951e+00   1.062626e+00   7.688751e-03
2.249085000000000001e+00   1.048840e+00   7.674045e-03
2.253795999999999911e+00   1.046341e+00   7.660080e-03
2.258506999999999820e+00   1.041237e+00   7.639645e-03
2.263218999999999870e+00   1.033749e+00   7.631386e-03
2.267929999999999779e+00   1.027560e+00   7.619861e-03
2.272641000000000133e+00   1.017370e+00   7.597192e-03
2.277352000000000043e+00   1.027447e+00   7.594846e-03
2.282064000000000092e+00   1.016885e+00   7.577223e-03
2.286775000000000002e+00   1.019299e+00   7.579163e-03
2.291485999999999912e+00   1.016733e+00   7.561900e-03
2.296196999999999822e+00   9.993313e-01   7.536159e-03
2.300908999999999871e+00   1.004696e+00   7.520692e-03
2.305619999999999781e+00   9.992153e-01   7.514440e-03
2.310331000000000135e+00   9.929283e-01   7.505055e-03
2.315042000000000044e+00   9.814122e-01   7.484765e-03
2.319754000000000094e+00   9.760572e-01   7.473101e-03
2.324465000000000003e+00   9.773327e-01   7.464814e-03
2.329175999999999913e+00   9.742926e-01   7.458464e-03
2.333886999999999823e+00   9.668831e-01   7.430260e-03
2.338598999999999872e+00   9.508586e-01   7.409199e-03
2.343309999999999782e+00   9.639948e-01   7.411500e-03
2.348021000000000136e+00   9.715638e-01   7.411716e-03
2.352732000000000046e+00   9.621900e-01   7.399100e-03
2.357444000000000095e+00   9.484649e-01   7.376009e-03
2.362155000000000005e+00   9.530917e-01   7.371499e-03
2.366865999999999914e+00   9.444998e-01   7.364652e-03
2.371576999999999824e+00   9.402483e-01   7.349186e-03
2.376288999999999874e+00   9.406495e-01   7.335297e-03
2.380999999999999783e+00   9.250742e-01   7.322161e-03
2.385711000000000137e+00   9.307457e-01   7.321191e-03
2.390422000000000047e+00   9.277516e-01   7.305314e-03
2.395134000000000096e+00   9.213830e-01   7.281107e-03
2.399845000000000006e+00   9.159954e-01   7.274028e-03
2.404555999999999916e+00   9.149692e-01   7.274553e-03
2.409266999999999825e+00   9.053888e-01   7.254506e-03
2.413978999999999875e+00   8.986988e-01   7.239732e-03
2.418689999999999785e+00   8.964425e-01   7.230498e-03
2.423401000000000138e+00   8.934326e-01   7.210878e-03
2.428112000000000048e+00   8.900371e-01   7.206782e-03
2.432824000000000098e+00   8.842438e-01   7.198248e-03
2.437535000000000007e+00   8.799067e-01   7.187376e-03
2.442245999999999917e+00   8.798445e-01   7.181840e-03
2.446957999999999966e+00   8.835521e-01   7.169755e-03
2.451668999999999876e+00   8.727472e-01   7.158654e-03
2.456379999999999786e+00   8.646857e-01   7.140978e-03
2.461091000000000140e+00   8.607286e-01   7.123241e-03
2.465803000000000189e+00   8.644249e-01   7.123733e-03
2.470514000000000099e+00   8.451117e-01   7.100620e-03
2.475225000000000009e+00   8.503515e-01   7.102028e-03
2.479935999999999918e+00   8.520762e-01   7.092550e-03
2.484647999999999968e+00   8.498146e-01   7.083659e-03
2.489358999999999877e+00   8.433371e-01   7.070920e-03
2.494069999999999787e+00   8.421183e-01   7.057188e-03
2.498781000000000141e+00   8.303390e-01   7.041935e-03
2.503493000000000190e+00   8.249131e-01   7.033679e-03
2.508204000000000100e+00   8.327279e-01   7.036892e-03
2.512915000000000010e+00   8.270173e-01   7.016579e-03
2.517625999999999920e+00   8.122433e-01   6.995122e-03
2.522337999999999969e+00   8.141117e-01   6.988018e-03
2.527048999999999879e+00   8.116659e-01   6.962491e-03
2.531759999999999788e+00   8.136960e-01   6.954925e-03
2.536471000000000142e+00   8.011042e-01   6.935962e-03
2.541183000000000192e+00   8.072974e-01   6.924001e-03
2.545894000000000101e+00   7.882732e-01   6.911071e-03
2.550605000000000011e+00   7.972010e-01   6.911560e-03
2.555315999999999921e+00   7.937761e-01   6.906221e-03
2.560027999999999970e+00   7.842352e-01   6.896449e-03
2.564738999999999880e+00   7.757517e-01   6.887486e-03
2.569449999999999790e+00   7.685120e-01   6.876262e-03
2.574161000000000143e+00   7.687541e-01   6.880961e-03
2.578873000000000193e+00   7.678776e-01   6.880446e-03
2.583584000000000103e+00   7.679068e-01   6.877970e-03
2.588295000000000012e+00   7.647626e-01   6.859776e-03
2.593005999999999922e+00   7.655655e-01   6.853069e-03
2.597717999999999972e+00   7.689205e-01   6.847650e-03
2.602428999999999881e+00   7.584014e-01   6.836961e-03
2.607139999999999791e+00   7.541022e-01   6.834038e-03
2.611851000000000145e+00   7.579884e-01   6.821486e-03
2.616563000000000194e+00   7.438347e-01   6.805936e-03
2.621274000000000104e+00   7.413303e-01   6.799616e-03
2.625985000000000014e+00   7.422667e-01   6.788218e-03
2.630697000000000063e+00   7.266237e-01   6.771723e-03
2.635407999999999973e+00   7.311898e-01   6.767813e-03
2.640118999999999883e+00   7.397346e-01   6.761624e-03
2.644829999999999792e+00   7.295973e-01   6.760764e-03
2.649541999999999842e+00   7.213423e-01   6.745751e-03
2.654253000000000196e+00   7.201395e-01   6.736699e-03
2.658964000000000105e+00   7.137698e-01   6.731760e-03
2.663675000000000015e+00   7.121964e-01   6.719076e-03
2.668387000000000064e+00   7.092949e-01   6.710052e-03
2.673097999999999974e+00   7.134705e-01   6.701073e-03
2.677808999999999884e+00   7.188539e-01   6.695752e-03
2.682519999999999794e+00   7.064341e-01   6.686964e-03
2.687231999999999843e+00   6.979019e-01   6.673993e-03
2.691943000000000197e+00   7.025544e-01   6.671751e-03
2.696654000000000106e+00   7.097519e-01   6.674322e-03
2.701365000000000016e+00   6.975279e-01   6.654900e-03
2.706077000000000066e+00   6.960362e-01   6.648383e-03
2.710787999999999975e+00   6.875452e-01   6.637982e-03
2.715498999999999885e+00   6.868392e-01   6.626405e-03
2.720209999999999795e+00   6.847197e-01   6.618201e-03
2.724921999999999844e+00   6.753494e-01   6.600270e-03
2.729633000000000198e+00   6.802984e-01   6.601496e-03
2.734344000000000108e+00   6.765775e-01   6.591932e-03
2.739055000000000017e+00   6.765528e-01   6.593000e-03
2.743767000000000067e+00   6.767783e-01   6.580781e-03
2.748477999999999977e+00   6.672848e-01   6.570516e-03
2.753188999999999886e+00   6.708361e-01   6.561821e-03
2.757899999999999796e+00   6.638728e-01   6.552958e-03
2.762611999999999846e+00   6.629626e-01   6.548986e-03
2.767323000000000199e+00   6.520534e-01   6.538960e-03
2.772034000000000109e+00   6.516184e-01   6.527070e-03
2.776745000000000019e+00   6.516540e-01   6.520342e-03
2.781457000000000068e+00   6.568872e-01   6.518344e-03
2.786167999999999978e+00   6.458783e-01   6.510101e-03
2.790878999999999888e+00   6.390839e-01   6.498705e-03
2.795589999999999797e+00   6.368460e-01   6.485997e-03
2.800301999999999847e+00   6.328835e-01   6.479308e-03
2.805013000000000201e+00   6.407051e-01   6.505573e-03
2.809724000000000110e+00   6.352515e-01   6.666028e-03
2.814436000000000160e+00   6.292805e-01   6.770160e-03
2.819147000000000070e+00   6.319641e-01   6.853096e-03
2.823857999999999979e+00   6.270255e-01   6.919006e-03
2.828568999999999889e+00   6.314601e-01   6.951259e-03
2.833280999999999938e+00   6.255679e-01   6.969769e-03
2.837991999999999848e+00   6.196696e-01   6.988834e-03
2.842703000000000202e+00   6.198062e-01   7.011364e-03
2.847414000000000112e+00   6.206827e-01   7.023725e-03
2.852126000000000161e+00   6.081020e-01   7.026099e-03
2.856837000000000071e+00   6.042215e-01   7.051737e-03
2.861547999999999981e+00   6.134232e-01   7.072813e-03
2.866258999999999890e+00   6.083071e-01   7.078897e-03
2.870970999999999940e+00   6.077128e-01   7.017600e-03
2.875681999999999849e+00   6.073929e-01   6.838966e-03
2.880393000000000203e+00   5.972987e-01   6.735429e-03
2.885104000000000113e+00   5.934256e-01   6.656689e-03
2.889816000000000162e+00   5.782261e-01   6.596809e-03
2.894527000000000072e+00   5.846152e-01   6.569754e-03
2.899237999999999982e+00   5.915469e-01   6.545629e-03
2.903948999999999891e+00   5.884516e-01   6.530825e-03
2.908660999999999941e+00   5.759052e-01   6.517694e-03
2.913371999999999851e+00   5.831588e-01   6.507674e-03
2.918083000000000204e+00   5.753437e-01   6.485753e-03
2.922794000000000114e+00   5.751472e-01   6.468182e-03
2.927506000000000164e+00   5.690071e-01   6.461925e-03
2.932217000000000073e+00   5.747117e-01   6.451989e-03
2.936927999999999983e+00   5.724081e-01   6.442812e-03
2.941638999999999893e+00   5.583481e-01   6.420807e-03
2.946350999999999942e+00   5.587724e-01   6.416072e-03
2.951061999999999852e+00   5.631556e-01   6.408430e-03
2.955773000000000206e+00   5.703766e-01   6.398146e-03
2.960484000000000115e+00   5.581670e-01   6.383875e-03
2.965196000000000165e+00   5.539950e-01   6.375843e-03
2.969907000000000075e+00   5.564024e-01   6.368082e-03
2.974617999999999984e+00   5.495669e-01   6.349016e-03
2.979328999999999894e+00   5.437239e-01   6.336957e-03
2.984040999999999944e+00   5.584875e-01   6.341262e-03
2.988751999999999853e+00   5.385340e-01   6.319448e-03
2.993463000000000207e+00   5.372509e-01   6.315564e-03
2.998174999999999812e+00   5.368942e-01   6.303193e-03
3.002886000000000166e+00   5.452692e-01   6.306208e-03
3.007597000000000076e+00   5.418413e-01   6.301807e-03
3.012307999999999986e+00   5.342370e-01   6.288022e-03
3.017020000000000035e+00   5.375380e-01   6.276396e-03
3.021730999999999945e+00   5.333653e-01   6.266559e-03
3.026441999999999855e+00   5.274066e-01   6.255686e-03
3.031153000000000208e+00   5.349143e-01   6.254413e-03
3.035864999999999814e+00   5.297715e-01   6.241065e-03
3.040576000000000167e+00   5.245814e-01   6.229989e-03
3.045287000000000077e+00   5.217937e-01   6.229085e-03
3.049997999999999987e+00   5.240926e-01   6.220951e-03
3.054710000000000036e+00   5.249064e-01   6.212367e-03
3.059420999999999946e+00   5.170421e-01   6.200216e-03
3.064131999999999856e+00   5.098677e-01   6.190777e-03
3.068843000000000210e+00   5.119032e-01   6.188276e-03
3.073554999999999815e+00   5.161982e-01   6.183707e-03
3.078266000000000169e+00   5.086307e-01   6.177381e-03
3.082977000000000078e+00   5.092624e-01   6.159089e-03
3.087687999999999988e+00   4.979269e-01   6.148664e-03
3.092400000000000038e+00   5.007902e-01   6.153308e-03
3.097110999999999947e+00   4.979590e-01   6.143900e-03
3.101821999999999857e+00   4.944483e-01   6.133196e-03
3.106533000000000211e+00   4.967071e-01   6.129441e-03
3.111244999999999816e+00   4.906372e-01   6.122815e-03
3.115956000000000170e+00   4.946393e-01   6.118610e-03
3.120667000000000080e+00   4.912610e-01   6.105149e-03
3.125377999999999989e+00   4.970183e-01   6.104810e-03
3.130090000000000039e+00   4.910065e-01   6.094812e-03
3.134800999999999949e+00   4.887820e-01   6.091025e-03
3.139511999999999858e+00   4.868748e-01   6.079743e-03
3.144223000000000212e+00   4.892491e-01   6.076759e-03
3.148934999999999818e+00   4.805960e-01   6.070690e-03
3.153646000000000171e+00   4.838141e-01   6.059854e-03
3.158357000000000081e+00   4.726437e-01   6.050334e-03
3.163067999999999991e+00   4.739756e-01   6.053283e-03
3.167780000000000040e+00   4.798779e-01   6.046097e-03
3.172490999999999950e+00   4.780818e-01   6.034826e-03
3.177201999999999860e+00   4.722102e-01   6.029332e-03
3.181913999999999909e+00   4.747848e-01   6.026741e-03
3.186624999999999819e+00   4.717515e-01   6.011107e-03
3.191336000000000173e+00   4.603516e-01   5.994663e-03
3.196047000000000082e+00   4.632952e-01   5.993753e-03
3.200759000000000132e+00   4.614502e-01   5.982657e-03
3.205470000000000041e+00   4.561559e-01   5.970683e-03
3.210180999999999951e+00   4.514600e-01   5.964714e-03
3.214891999999999861e+00   4.528153e-01   5.952905e-03
3.219603999999999910e+00   4.606248e-01   5.954424e-03
3.224314999999999820e+00   4.494884e-01   5.946642e-03
3.229026000000000174e+00   4.495536e-01   5.937903e-03
3.233737000000000084e+00   4.586354e-01   5.935715e-03
3.238449000000000133e+00   4.559220e-01   5.939929e-03
3.243160000000000043e+00   4.546629e-01   5.934933e-03
3.247870999999999952e+00   4.488355e-01   5.925696e-03
3.252581999999999862e+00   4.436271e-01   5.924675e-03
3.257293999999999912e+00   4.522157e-01   5.927024e-03
3.262004999999999821e+00   4.454614e-01   5.917490e-03
3.266716000000000175e+00   4.379986e-01   5.914291e-03
3.271427000000000085e+00   4.425213e-01   5.907383e-03
3.276139000000000134e+00   4.410914e-01   5.899726e-03
3.280850000000000044e+00   4.405985e-01   5.894196e-03
3.285560999999999954e+00   4.384406e-01   5.890497e-03
3.290271999999999863e+00   4.393603e-01   5.883968e-03
3.294983999999999913e+00   4.408555e-01   5.882572e-03
3.299694999999999823e+00   4.410980e-01   5.878816e-03
3.304406000000000176e+00   4.359242e-01   5.873963e-03
3.309117000000000086e+00   4.334228e-01   5.864075e-03
3.313829000000000136e+00   4.263314e-01   5.853299e-03
3.318540000000000045e+00   4.170557e-01   5.851209e-03
3.323250999999999955e+00   4.236558e-01   5.840138e-03
3.327961999999999865e+00   4.205562e-01   5.834005e-03
3.332673999999999914e+00   4.178096e-01   5.830489e-03
3.337384999999999824e+00   4.096944e-01   5.823544e-03
3.342096000000000178e+00   4.138314e-01   5.818354e-03
3.346807000000000087e+00   4.251692e-01   5.819818e-03
3.351519000000000137e+00   4.216036e-01   5.809590e-03
3.356230000000000047e+00   4.125730e-01   5.796273e-03
3.360940999999999956e+00   4.141626e-01   5.794338e-03
3.365653000000000006e+00   4.072922e-01   5.796018e-03
3.370363999999999916e+00   4.030321e-01   5.782650e-03
3.375074999999999825e+00   4.039244e-01   5.783492e-03
3.379786000000000179e+00   4.066425e-01   5.774449e-03
3.384497999999999784e+00   4.080847e-01   5.775281e-03
3.389209000000000138e+00   4.087505e-01   5.808249e-03
3.393920000000000048e+00   4.035735e-01   5.948215e-03
3.398630999999999958e+00   4.110728e-01   6.025942e-03
3.403343000000000007e+00   4.035694e-01   6.079897e-03
3.408053999999999917e+00   4.028310e-01   6.132145e-03
3.412764999999999826e+00   4.012688e-01   6.151505e-03
3.417476000000000180e+00   3.999436e-01   6.134803e-03
3.422187999999999786e+00   3.994601e-01   6.141573e-03
3.426899000000000139e+00   3.993739e-01   6.156264e-03
3.431610000000000049e+00   3.952990e-01   6.173734e-03
3.436320999999999959e+00   3.939216e-01   6.190191e-03
3.441033000000000008e+00   3.985998e-01   6.204506e-03
3.445743999999999918e+00   3.886712e-01   6.203538e-03
3.450454999999999828e+00   3.900151e-01   6.215497e-03
3.455166000000000182e+00   3.787858e-01   6.228592e-03
3.459877999999999787e+00   3.908333e-01   6.237542e-03
3.464589000000000141e+00   3.851790e-01   6.241504e-03
3.469300000000000050e+00   3.840397e-01   6.254987e-03
3.474010999999999960e+00   3.863693e-01   6.264809e-03
3.478723000000000010e+00   3.831942e-01   6.274028e-03
3.483433999999999919e+00   3.876138e-01   6.277550e-03
3.488144999999999829e+00   3.877834e-01   6.290466e-03
3.492856000000000183e+00   3.782032e-01   6.293348e-03
3.497567999999999788e+00   3.761784e-01   6.298133e-03
3.502279000000000142e+00   3.747779e-01   6.304939e-03
3.506990000000000052e+00   3.723483e-01   6.310001e-03
3.511700999999999961e+00   3.735762e-01   6.313371e-03
3.516413000000000011e+00   3.776248e-01   6.328019e-03
3.521123999999999921e+00   3.764296e-01   6.331952e-03
3.525834999999999830e+00   3.648455e-01   6.337361e-03
3.530546000000000184e+00   3.681801e-01   6.339889e-03
3.535257999999999790e+00   3.599766e-01   6.340977e-03
3.539969000000000143e+00   3.672053e-01   6.352588e-03
3.544680000000000053e+00   3.710898e-01   6.357482e-03
3.549392000000000102e+00   3.679346e-01   6.360343e-03
3.554103000000000012e+00   3.613117e-01   6.368562e-03
3.558813999999999922e+00   3.682041e-01   6.377779e-03
3.563524999999999832e+00   3.789938e-01   6.390315e-03
3.568236999999999881e+00   3.767617e-01   6.386667e-03
3.572947999999999791e+00   3.687093e-01   6.399517e-03
3.577659000000000145e+00   3.601052e-01   6.391808e-03
3.582370000000000054e+00   3.611643e-01   6.389809e-03
3.587082000000000104e+00   3.543621e-01   6.395478e-03
3.591793000000000013e+00   3.573788e-01   6.402159e-03
3.596503999999999923e+00   3.519609e-01   6.394503e-03
3.601214999999999833e+00   3.568862e-01   6.398663e-03
3.605926999999999882e+00   3.597040e-01   6.404756e-03
3.610637999999999792e+00   3.572227e-01   6.514328e-03
3.615349000000000146e+00   3.606632e-01   6.716723e-03
3.620060000000000056e+00   3.507491e-01   6.827606e-03
3.624772000000000105e+00   3.476409e-01   6.900891e-03
3.629483000000000015e+00   3.481662e-01   6.963317e-03
3.634193999999999924e+00   3.528371e-01   7.009859e-03
3.638904999999999834e+00   3.453538e-01   7.052336e-03
3.643616999999999884e+00   3.491449e-01   7.085285e-03
3.648327999999999793e+00   3.413852e-01   7.121576e-03
3.653039000000000147e+00   3.427234e-01   7.156790e-03
3.657750000000000057e+00   3.526573e-01   7.204563e-03
3.662462000000000106e+00   3.389826e-01   7.235878e-03
3.667173000000000016e+00   3.454498e-01   7.260788e-03
3.671883999999999926e+00   3.373002e-01   7.286196e-03
3.676594999999999835e+00   3.403548e-01   7.328246e-03
3.681306999999999885e+00   3.415471e-01   7.357050e-03
3.686017999999999795e+00   3.380033e-01   7.391589e-03
3.690729000000000148e+00   3.474532e-01   7.419662e-03
3.695440000000000058e+00   3.492863e-01   7.448857e-03
3.700152000000000108e+00   3.306965e-01   7.468150e-03
3.704863000000000017e+00   3.329059e-01   7.515044e-03
3.709573999999999927e+00   3.359970e-01   7.548114e-03
3.714284999999999837e+00   3.296227e-01   7.574491e-03
3.718996999999999886e+00   3.351140e-01   7.605746e-03
3.723707999999999796e+00   3.367081e-01   7.636924e-03
3.728419000000000150e+00   3.314193e-01   7.668640e-03
3.733131000000000199e+00   3.254954e-01   7.681232e-03
3.737842000000000109e+00   3.200223e-01   7.708423e-03
3.742553000000000019e+00   3.262437e-01   7.749239e-03
3.747263999999999928e+00   3.143906e-01   7.766101e-03
3.751975999999999978e+00   3.186731e-01   7.799908e-03
3.756686999999999887e+00   3.212374e-01   7.829191e-03
3.761397999999999797e+00   3.294650e-01   7.853002e-03
3.766109000000000151e+00   3.259119e-01   7.884525e-03
3.770821000000000200e+00   3.289411e-01   7.903725e-03
3.775532000000000110e+00   3.350413e-01   7.938870e-03
3.780243000000000020e+00   3.258741e-01   7.960306e-03
3.784953999999999930e+00   3.186893e-01   7.982580e-03
3.789665999999999979e+00   3.054303e-01   7.995678e-03
3.794376999999999889e+00   3.206577e-01   8.049178e-03
3.799087999999999798e+00   3.065647e-01   8.067889e-03
3.803799000000000152e+00   3.095466e-01   8.095124e-03
3.808511000000000202e+00   3.114878e-01   8.127728e-03
3.813222000000000111e+00   3.055414e-01   8.153413e-03
3.817933000000000021e+00   3.067929e-01   8.181857e-03
3.822643999999999931e+00   3.006297e-01   8.203454e-03
3.827355999999999980e+00   3.120487e-01   8.244210e-03
3.832066999999999890e+00   3.089804e-01   8.263678e-03
3.836777999999999800e+00   3.193471e-01   8.298819e-03
3.841489000000000154e+00   3.111618e-01   8.321992e-03
3.846201000000000203e+00   3.070808e-01   8.367267e-03
3.850912000000000113e+00   3.108509e-01   8.394848e-03
3.855623000000000022e+00   3.251722e-01   8.416617e-03
3.860333999999999932e+00   3.209377e-01   8.440805e-03
3.865045999999999982e+00   3.068224e-01   8.474240e-03
3.869756999999999891e+00   3.035504e-01   8.495668e-03
3.874467999999999801e+00   3.007727e-01   8.516235e-03
3.879179000000000155e+00   2.980640e-01   8.552419e-03
3.883891000000000204e+00   2.960266e-01   8.586119e-03
3.888602000000000114e+00   3.020469e-01   8.612750e-03
3.893313000000000024e+00   3.010786e-01   8.625512e-03
3.898023999999999933e+00   2.928133e-01   8.663091e-03
3.902735999999999983e+00   3.005891e-01   8.698022e-03
3.907446999999999893e+00   2.941841e-01   8.722429e-03
3.912157999999999802e+00   2.897971e-01   8.737352e-03
3.916869999999999852e+00   2.941547e-01   8.751007e-03
3.921581000000000206e+00   2.948292e-01   8.752161e-03
3.926292000000000115e+00   2.966454e-01   8.769927e-03
3.931003000000000025e+00   2.969093e-01   8.810240e-03
3.935715000000000074e+00   2.905192e-01   8.828796e-03
3.940425999999999984e+00   2.904201e-01   8.841389e-03
3.945136999999999894e+00   2.936435e-01   8.855846e-03
3.949847999999999804e+00   2.913650e-01   8.854896e-03
3.954559999999999853e+00   2.824323e-01   8.872546e-03
3.959271000000000207e+00   2.847334e-01   8.884686e-03
3.963982000000000117e+00   2.867611e-01   8.884507e-03
3.968693000000000026e+00   2.848395e-01   8.904160e-03
3.973405000000000076e+00   2.918113e-01   8.920462e-03
3.978115999999999985e+00   3.027631e-01   8.955892e-03
3.982826999999999895e+00   2.923964e-01   8.985054e-03
3.987537999999999805e+00   2.741951e-01   9.004892e-03
3.992249999999999854e+00   2.821425e-01   9.037442e-03
3.996961000000000208e+00   2.764830e-01   9.079722e-03
4.001672000000000118e+00   2.687119e-01   9.088630e-03
4.006382999999999583e+00   2.828770e-01   9.126374e-03
4.011095000000000077e+00   2.845914e-01   9.160727e-03
4.015806000000000431e+00   2.824339e-01   9.187919e-03
4.020516999999999896e+00   2.733456e-01   9.210001e-03
4.025228000000000250e+00   2.829416e-01   9.259296e-03
4.029939999999999856e+00   2.756454e-01   9.286643e-03
4.034651000000000209e+00   2.769893e-01   9.303641e-03
4.039361999999999675e+00   2.717184e-01   9.324267e-03
4.044073000000000029e+00   2.802674e-01   9.372962e-03
4.048784999999999634e+00   2.825206e-01   9.414014e-03
4.053495999999999988e+00   2.700240e-01   9.448162e-03
4.058207000000000342e+00   2.804437e-01   9.475541e-03
4.062917999999999807e+00   2.734904e-01   9.489788e-03
4.067630000000000301e+00   2.747758e-01   9.531291e-03
4.072340999999999767e+00   2.738961e-01   9.569215e-03
4.077052000000000120e+00   2.684511e-01   9.580112e-03
4.081762999999999586e+00   2.646504e-01   9.643430e-03
4.086475000000000080e+00   2.665501e-01   9.664699e-03
4.091186000000000433e+00   2.643915e-01   9.684955e-03
4.095896999999999899e+00   2.697652e-01   9.736874e-03
4.100609000000000393e+00   2.774674e-01   9.766614e-03
4.105319999999999858e+00   2.662203e-01   9.778313e-03
4.110031000000000212e+00   2.678768e-01   9.830016e-03
4.114741999999999678e+00   2.707393e-01   9.885198e-03
4.119454000000000171e+00   2.610660e-01   9.905298e-03
4.124164999999999637e+00   2.673720e-01   9.937591e-03
4.128875999999999991e+00   2.662409e-01   9.984022e-03
4.133587000000000344e+00   2.483844e-01   1.000827e-02
4.138298999999999950e+00   2.491919e-01   1.003786e-02
4.143010000000000304e+00   2.489767e-01   1.007180e-02
4.147720999999999769e+00   2.653230e-01   1.012134e-02
4.152432000000000123e+00   2.581612e-01   1.014891e-02
4.157143999999999728e+00   2.641097e-01   1.018579e-02
4.161855000000000082e+00   2.559972e-01   1.022538e-02
4.166566000000000436e+00   2.385817e-01   1.025482e-02
4.171276999999999902e+00   2.445875e-01   1.028466e-02
4.175989000000000395e+00   2.521032e-01   1.034055e-02
4.180699999999999861e+00   2.498238e-01   1.039975e-02
4.185411000000000215e+00   2.535734e-01   1.043292e-02
4.190121999999999680e+00   2.600635e-01   1.045060e-02
4.194834000000000174e+00   2.511283e-01   1.049420e-02
4.199544999999999639e+00   2.447564e-01   1.053681e-02
4.204255999999999993e+00   2.653813e-01   1.058402e-02
4.208967000000000347e+00   2.720831e-01   1.062631e-02
4.213678999999999952e+00   2.710296e-01   1.067211e-02
4.218390000000000306e+00   2.572886e-01   1.069704e-02
4.223100999999999772e+00   2.598248e-01   1.073058e-02
4.227812000000000126e+00   2.566670e-01   1.078132e-02
4.232523999999999731e+00   2.617677e-01   1.083383e-02
4.237235000000000085e+00   2.417029e-01   1.085501e-02
4.241946000000000438e+00   2.533186e-01   1.091089e-02
4.246656999999999904e+00   2.405691e-01   1.092686e-02
4.251369000000000398e+00   2.466202e-01   1.099202e-02
4.256079999999999863e+00   2.352665e-01   1.104822e-02
4.260791000000000217e+00   2.431671e-01   1.107099e-02
4.265501999999999683e+00   2.574450e-01   1.115164e-02
4.270214000000000176e+00   2.672598e-01   1.120346e-02
4.274924999999999642e+00   2.434361e-01   1.122361e-02
4.279635999999999996e+00   2.496935e-01   1.126150e-02
4.284347999999999601e+00   2.419367e-01   1.130655e-02
4.289058999999999955e+00   2.385519e-01   1.134788e-02
4.293770000000000309e+00   2.411556e-01   1.141420e-02
4.298480999999999774e+00   2.414435e-01   1.147434e-02
4.303193000000000268e+00   2.524136e-01   1.152170e-02
4.307903999999999733e+00   2.407547e-01   1.154787e-02
4.312615000000000087e+00   2.488658e-01   1.162102e-02
4.317326000000000441e+00   2.501889e-01   1.166527e-02
4.322038000000000046e+00   2.551082e-01   1.172778e-02
4.326749000000000400e+00   2.439994e-01   1.177195e-02
4.331459999999999866e+00   2.378570e-01   1.181221e-02
4.336171000000000220e+00   2.511351e-01   1.189043e-02
4.340882999999999825e+00   2.518393e-01   1.191242e-02
4.345594000000000179e+00   2.237613e-01   1.195014e-02
4.350304999999999644e+00   2.127397e-01   1.199345e-02
4.355015999999999998e+00   2.226280e-01   1.206526e-02
4.359727999999999604e+00   2.331075e-01   1.213707e-02
4.364438999999999957e+00   2.376411e-01   1.220016e-02
4.369150000000000311e+00   2.281541e-01   1.225872e-02
4.373860999999999777e+00   2.212207e-01   1.228939e-02
4.378573000000000270e+00   2.367119e-01   1.238739e-02
4.383283999999999736e+00   2.310943e-01   1.242890e-02
4.387995000000000090e+00   2.233427e-01   1.248724e-02
4.392706000000000444e+00   2.306312e-01   1.258375e-02
4.397418000000000049e+00   2.302752e-01   1.261552e-02
4.402129000000000403e+00   2.259583e-01   1.260577e-02
4.406839999999999868e+00   2.400496e-01   1.263955e-02
4.411551000000000222e+00   2.402353e-01   1.263623e-02
4.416262999999999828e+00   2.339675e-01   1.265635e-02
4.420974000000000181e+00   2.346341e-01   1.267356e-02
4.425684999999999647e+00   2.332497e-01   1.269768e-02
4.430396000000000001e+00   2.229586e-01   1.266496e-02
4.435107999999999606e+00   2.182107e-01   1.263316e-02
4.439818999999999960e+00   2.246172e-01   1.270172e-02
4.444530000000000314e+00   2.120537e-01   1.277547e-02
4.449240999999999779e+00   2.026941e-01   1.280694e-02
4.453953000000000273e+00   2.146616e-01   1.288683e-02
4.458663999999999739e+00   2.112671e-01   1.298395e-02
4.463375000000000092e+00   2.203516e-01   1.302494e-02
4.468086999999999698e+00   2.111991e-01   1.310061e-02
4.472798000000000052e+00   2.070906e-01   1.315274e-02
4.477509000000000405e+00   2.131539e-01   1.321527e-02
4.482219999999999871e+00   2.259555e-01   1.332092e-02
4.486932000000000365e+00   2.208579e-01   1.337598e-02
4.491642999999999830e+00   2.476106e-01   1.347298e-02
4.496354000000000184e+00   2.445895e-01   1.354902e-02
4.501064999999999650e+00   2.186350e-01   1.361422e-02
4.505777000000000143e+00   2.149285e-01   1.370967e-02
4.510487999999999609e+00   2.304533e-01   1.376669e-02
4.515198999999999963e+00   2.295578e-01   1.387507e-02
4.519910000000000316e+00   2.120817e-01   1.391691e-02
4.524621999999999922e+00   2.143025e-01   1.400684e-02
4.529333000000000276e+00   2.119019e-01   1.409575e-02
4.534043999999999741e+00   2.020365e-01   1.415984e-02
4.538755000000000095e+00   2.338808e-01   1.428619e-02
4.543466999999999700e+00   2.251733e-01   1.434808e-02
4.548178000000000054e+00   2.053142e-01   1.439004e-02
4.552889000000000408e+00   2.174716e-01   1.454466e-02
4.557599999999999874e+00   1.972536e-01   1.460867e-02
4.562312000000000367e+00   2.127518e-01   1.472726e-02
4.567022999999999833e+00   2.164032e-01   1.478087e-02
4.571734000000000187e+00   2.074389e-01   1.487798e-02
4.576444999999999652e+00   1.992534e-01   1.500199e-02
4.581157000000000146e+00   2.404977e-01   1.515508e-02
4.585867999999999611e+00   2.338118e-01   1.521944e-02
4.590578999999999965e+00   2.162225e-01   1.531950e-02
4.595290000000000319e+00   2.157123e-01   1.545733e-02
4.600001999999999924e+00   2.137169e-01   1.555163e-02
4.604713000000000278e+00   2.135029e-01   1.565495e-02
4.609423999999999744e+00   2.176512e-01   1.571031e-02
4.614135000000000097e+00   2.020737e-01   1.587473e-02
4.618846999999999703e+00   1.906694e-01   1.596284e-02
4.623558000000000057e+00   2.226847e-01   1.610453e-02
4.628269000000000410e+00   2.296773e-01   1.623882e-02
4.632979999999999876e+00   2.116392e-01   1.634775e-02
4.637692000000000370e+00   2.055251e-01   1.647842e-02
4.642402999999999835e+00   1.899866e-01   1.658378e-02
4.647114000000000189e+00   1.961142e-01   1.670979e-02
4.651825999999999794e+00   2.334211e-01   1.692158e-02
4.656537000000000148e+00   2.190780e-01   1.708770e-02
4.661247999999999614e+00   2.210047e-01   1.722499e-02
4.665958999999999968e+00   2.047999e-01   1.733610e-02
4.670670999999999573e+00   2.063302e-01   1.743986e-02
4.675381999999999927e+00   1.722845e-01   1.759622e-02
4.680093000000000281e+00   2.020808e-01   1.783211e-02
4.684803999999999746e+00   2.119552e-01   1.805769e-02
4.689516000000000240e+00   2.129906e-01   1.816225e-02
4.694226999999999705e+00   2.372902e-01   1.838033e-02
4.698938000000000059e+00   2.167352e-01   1.853282e-02
4.703649000000000413e+00   2.043537e-01   1.866732e-02
4.708361000000000018e+00   1.960259e-01   1.887383e-02
4.713072000000000372e+00   2.084906e-01   1.906940e-02
4.717782999999999838e+00   1.864050e-01   1.924071e-02
4.722494000000000192e+00   1.959992e-01   1.949465e-02
4.727205999999999797e+00   2.009949e-01   1.968121e-02
4.731917000000000151e+00   1.951281e-01   1.992497e-02
4.736627999999999616e+00   2.026008e-01   2.013864e-02
4.741338999999999970e+00   1.907199e-01   2.038067e-02
4.746050999999999576e+00   1.889532e-01   2.059496e-02
4.750761999999999929e+00   2.118425e-01   2.085401e-02
4.755473000000000283e+00   2.308900e-01   2.113114e-02
4.760183999999999749e+00   2.173610e-01   2.148501e-02
4.764896000000000242e+00   2.053321e-01   2.174447e-02
4.769606999999999708e+00   1.984108e-01   2.195834e-02
4.774318000000000062e+00   1.998330e-01   2.227381e-02
4.779029000000000416e+00   1.936755e-01   2.262089e-02
4.783741000000000021e+00   1.831493e-01   2.286930e-02
4.788452000000000375e+00   1.881107e-01   2.325954e-02
4.793162999999999840e+00   1.812927e-01   2.365095e-02
4.797874000000000194e+00   2.143953e-01   2.401792e-02
4.802585999999999800e+00   1.915775e-01   2.434554e-02
4.807297000000000153e+00   2.069407e-01   2.485909e-02
4.812007999999999619e+00   2.268736e-01   2.524453e-02
4.816718999999999973e+00   2.297251e-01   2.576220e-02
4.821430999999999578e+00   2.166986e-01   2.626904e-02
4.826141999999999932e+00   2.128769e-01   2.682956e-02
4.830853000000000286e+00   2.028304e-01   2.741346e-02
4.835564999999999891e+00   2.137900e-01   2.794512e-02
4.840276000000000245e+00   1.718912e-01   2.849751e-02
4.844986999999999711e+00   1.783081e-01   2.901662e-02
4.849698000000000064e+00   2.131672e-01   2.979687e-02
4.854409999999999670e+00   1.672862e-01   3.061955e-02
4.859121000000000024e+00   1.450551e-01   3.158390e-02
4.863832000000000377e+00   1.733316e-01   3.237761e-02
4.868542999999999843e+00   2.026822e-01   3.342759e-02
4.873255000000000337e+00   1.774528e-01   3.445242e-02
4.877965999999999802e+00   1.846124e-01   3.589882e-02
4.882677000000000156e+00   1.857898e-01   3.710861e-02
4.887387999999999622e+00   1.877830e-01   3.837491e-02
4.892100000000000115e+00   2.147266e-01   4.013070e-02
4.896810999999999581e+00   1.520689e-01   4.189804e-02
4.901521999999999935e+00   1.964949e-01   4.418592e-02
4.906233000000000288e+00   1.680025e-01   4.675736e-02
4.910944999999999894e+00   2.176859e-01   5.017049e-02
4.915656000000000247e+00   1.887380e-01   5.359334e-02
4.920366999999999713e+00   1.442190e-01   5.798499e-02
4.925078000000000067e+00   1.620960e-01   6.471239e-02
4.929789999999999672e+00   1.665250e-01   7.327576e-02
4.934501000000000026e+00   1.989408e-01   8.832017e-02
4.939212000000000380e+00   1.725621e-01   1.154160e-01
4.943922999999999845e+00   2.635503e-01   2.111581e-01