# [2]
# Sample c= 1.93 mg/ml
# Intensity scaled by concentration
# Buffer subtracted data file:
# Protein DatFile = /data/visitor/mx1908/bm29/20161119/giulio/1d/mM25_004_ave.dat
# Buffer DatFile = /data/visitor/mx1908/bm29/20161119/giulio/ednaSub/mM25_004_ave_averbuffer.dat
# 
# AutoRg: Rg   =   0.8973 +/- 0.17 ( 19.1%)
# AutoRg: I(0) =   1.89 +/- 0.0175
# AutoRg: Points   177 to 288 ( 112 total)
# AutoRg: Quality: 65.0%
# 
# 
# Sample Information:
# Storage Temperature (degrees C): 20.0
# Measurement Temperature (degrees C): 19.98
# Concentration: 1.93
# Code: 
3.479420999999999903e-02  -1.926252e-01   3.769705e+00
3.950545999999999919e-02   1.389597e+00   1.477421e+00
4.421672000000000102e-02   1.033906e+00   9.575863e-01
4.892798000000000286e-02   1.331080e+00   7.302006e-01
5.363923000000000302e-02   1.089033e+00   5.833220e-01
5.835048999999999791e-02   1.368595e+00   4.774225e-01
6.306174999999999975e-02   1.538364e+00   3.945769e-01
6.777299999999999991e-02   1.304830e+00   3.347862e-01
7.248425999999999481e-02   8.319021e-01   2.890812e-01
7.719552000000000358e-02   1.246079e+00   2.541579e-01
8.190677000000000374e-02   1.582564e+00   2.245137e-01
8.661802999999999864e-02   1.008040e+00   2.004799e-01
9.132928999999999353e-02   1.323400e+00   1.823368e-01
9.604053999999999369e-02   1.100078e+00   1.671327e-01
1.007518000000000025e-01   1.175612e+00   1.537069e-01
1.054631000000000041e-01   1.168571e+00   1.425253e-01
1.101743000000000028e-01   1.139471e+00   1.331812e-01
1.148856000000000044e-01   1.246221e+00   1.247172e-01
1.195968000000000031e-01   1.239024e+00   1.174386e-01
1.243081000000000047e-01   1.124429e+00   1.108955e-01
1.290193000000000034e-01   1.135623e+00   1.057445e-01
1.337306000000000050e-01   1.149294e+00   1.010684e-01
1.384419000000000066e-01   1.166746e+00   9.676670e-02
1.431531000000000053e-01   1.115464e+00   9.281322e-02
1.478644000000000069e-01   1.106283e+00   8.962565e-02
1.525756000000000057e-01   1.191591e+00   8.649389e-02
1.572869000000000073e-01   1.263920e+00   8.397287e-02
1.619981000000000060e-01   1.125169e+00   8.124317e-02
1.667094000000000076e-01   1.125191e+00   7.900131e-02
1.714206000000000063e-01   1.190189e+00   7.703000e-02
1.761319000000000079e-01   1.251625e+00   7.508544e-02
1.808432000000000095e-01   1.136593e+00   7.302875e-02
1.855544000000000082e-01   1.156767e+00   7.157774e-02
1.902657000000000098e-01   1.303982e+00   7.023602e-02
1.949769000000000085e-01   1.272990e+00   6.890423e-02
1.996882000000000101e-01   1.261995e+00   6.749278e-02
2.043994000000000089e-01   1.301044e+00   6.630707e-02
2.091107000000000105e-01   1.294374e+00   6.517536e-02
2.138220000000000121e-01   1.190169e+00   6.406741e-02
2.185332000000000108e-01   1.214817e+00   6.300550e-02
2.232445000000000124e-01   1.212150e+00   6.194448e-02
2.279557000000000111e-01   1.120654e+00   6.097401e-02
2.326670000000000127e-01   1.262632e+00   6.024914e-02
2.373782000000000114e-01   1.322857e+00   5.949718e-02
2.420895000000000130e-01   1.248034e+00   5.854291e-02
2.468007000000000117e-01   1.310771e+00   5.787949e-02
2.515120000000000133e-01   1.288212e+00   5.726169e-02
2.562232999999999872e-01   1.203870e+00   5.641849e-02
2.609345000000000137e-01   1.206634e+00   5.579322e-02
2.656457999999999875e-01   1.316247e+00   5.522291e-02
2.703570000000000140e-01   1.299637e+00   5.455835e-02
2.750682999999999878e-01   1.278295e+00   5.410219e-02
2.797795000000000143e-01   1.311692e+00   5.351769e-02
2.844907999999999881e-01   1.346207e+00   5.297334e-02
2.892021000000000175e-01   1.328192e+00   5.247125e-02
2.939132999999999885e-01   1.289227e+00   5.190470e-02
2.986246000000000178e-01   1.331838e+00   5.142444e-02
3.033357999999999888e-01   1.312862e+00   5.100147e-02
3.080471000000000181e-01   1.295396e+00   5.047950e-02
3.127582999999999891e-01   1.211136e+00   5.001070e-02
3.174696000000000184e-01   1.347037e+00   4.967388e-02
3.221808999999999923e-01   1.396403e+00   4.928414e-02
3.268921000000000188e-01   1.307986e+00   4.884360e-02
3.316033999999999926e-01   1.388702e+00   4.853285e-02
3.363146000000000191e-01   1.425347e+00   4.896512e-02
3.410258999999999929e-01   1.320201e+00   4.929991e-02
3.457371000000000194e-01   1.300074e+00   4.949213e-02
3.504483999999999932e-01   1.305106e+00   5.014145e-02
3.551596000000000197e-01   1.351023e+00   5.121587e-02
3.598708999999999936e-01   1.399500e+00   5.187978e-02
3.645822000000000229e-01   1.304882e+00   5.228527e-02
3.692933999999999939e-01   1.385394e+00   5.273002e-02
3.740047000000000232e-01   1.379042e+00   5.310453e-02
3.787158999999999942e-01   1.327106e+00   5.338143e-02
3.834272000000000236e-01   1.355004e+00   5.365930e-02
3.881383999999999945e-01   1.382468e+00   5.397277e-02
3.928497000000000239e-01   1.463282e+00   5.533139e-02
3.975609999999999977e-01   1.435490e+00   5.699713e-02
4.022722000000000242e-01   1.429879e+00   5.815892e-02
4.069834999999999980e-01   1.506083e+00   5.930348e-02
4.116947000000000245e-01   1.569998e+00   6.026850e-02
4.164059999999999984e-01   1.455344e+00   6.102311e-02
4.211172000000000248e-01   1.347675e+00   6.193396e-02
4.258284999999999987e-01   1.404216e+00   6.291076e-02
4.305397000000000252e-01   1.481677e+00   6.379963e-02
4.352509999999999990e-01   1.447047e+00   6.470340e-02
4.399622999999999728e-01   1.521004e+00   6.565915e-02
4.446734999999999993e-01   1.436319e+00   6.689318e-02
4.493847999999999732e-01   1.482709e+00   6.782784e-02
4.540959999999999996e-01   1.422580e+00   6.822808e-02
4.588072999999999735e-01   1.400455e+00   6.596661e-02
4.635185000000000000e-01   1.425042e+00   6.438973e-02
4.682297999999999738e-01   1.486310e+00   6.346618e-02
4.729411000000000032e-01   1.475330e+00   6.275017e-02
4.776522999999999741e-01   1.410756e+00   6.202928e-02
4.823636000000000035e-01   1.446637e+00   6.165894e-02
4.870747999999999744e-01   1.469253e+00   6.122680e-02
4.917861000000000038e-01   1.554118e+00   6.092697e-02
4.964972999999999748e-01   1.583859e+00   6.063486e-02
5.012086000000000041e-01   1.472349e+00   6.014491e-02
5.059198999999999780e-01   1.500931e+00   5.989481e-02
5.106311000000000044e-01   1.516852e+00   5.968864e-02
5.153423999999999783e-01   1.502724e+00   5.929228e-02
5.200536000000000048e-01   1.541596e+00   5.881850e-02
5.247648999999999786e-01   1.581910e+00   5.854528e-02
5.294761000000000051e-01   1.516285e+00   5.811391e-02
5.341873999999999789e-01   1.547300e+00   5.763264e-02
5.388986000000000054e-01   1.476365e+00   5.725176e-02
5.436098999999999792e-01   1.426063e+00   5.675897e-02
5.483211999999999531e-01   1.567132e+00   5.661190e-02
5.530323999999999796e-01   1.542694e+00   5.626624e-02
5.577436999999999534e-01   1.451744e+00   5.577233e-02
5.624548999999999799e-01   1.461181e+00   5.544281e-02
5.671661999999999537e-01   1.530724e+00   5.528751e-02
5.718773999999999802e-01   1.549257e+00   5.507917e-02
5.765886999999999540e-01   1.537775e+00   5.495414e-02
5.813000000000000389e-01   1.422859e+00   5.467698e-02
5.860111999999999544e-01   1.511723e+00   5.465097e-02
5.907225000000000392e-01   1.503345e+00   5.455739e-02
5.954336999999999547e-01   1.541132e+00   5.442677e-02
6.001450000000000395e-01   1.532035e+00   5.433003e-02
6.048561999999999550e-01   1.580598e+00   5.424947e-02
6.095675000000000399e-01   1.616661e+00   5.414770e-02
6.142788000000000137e-01   1.576963e+00   5.396917e-02
6.189900000000000402e-01   1.510788e+00   5.372092e-02
6.237013000000000140e-01   1.475852e+00   5.353837e-02
6.284125000000000405e-01   1.613287e+00   5.358980e-02
6.331238000000000143e-01   1.661015e+00   5.346592e-02
6.378350000000000408e-01   1.557415e+00   5.324875e-02
6.425463000000000147e-01   1.512413e+00   5.308832e-02
6.472575000000000411e-01   1.582557e+00   5.306427e-02
6.519688000000000150e-01   1.532331e+00   5.290979e-02
6.566800999999999888e-01   1.514493e+00   5.280821e-02
6.613913000000000153e-01   1.543148e+00   5.270877e-02
6.661025999999999891e-01   1.505056e+00   5.253067e-02
6.708138000000000156e-01   1.482446e+00   5.235120e-02
6.755250999999999895e-01   1.629315e+00   5.238441e-02
6.802363000000000159e-01   1.581506e+00   5.227559e-02
6.849475999999999898e-01   1.546338e+00   5.212277e-02
6.896588999999999636e-01   1.515150e+00   5.195730e-02
6.943700999999999901e-01   1.526814e+00   5.184350e-02
6.990813999999999639e-01   1.596853e+00   5.174935e-02
7.037925999999999904e-01   1.556093e+00   5.164142e-02
7.085038999999999643e-01   1.496225e+00   5.153895e-02
7.132150999999999907e-01   1.569360e+00   5.146186e-02
7.179263999999999646e-01   1.600168e+00   5.129357e-02
7.226375999999999911e-01   1.539169e+00   5.118198e-02
7.273488999999999649e-01   1.497889e+00   5.099385e-02
7.320602000000000498e-01   1.542903e+00   5.093632e-02
7.367713999999999652e-01   1.590774e+00   5.087045e-02
7.414827000000000501e-01   1.578185e+00   5.066138e-02
7.461938999999999655e-01   1.499455e+00   5.056566e-02
7.509052000000000504e-01   1.435645e+00   5.041726e-02
7.556163999999999659e-01   1.466309e+00   5.034816e-02
7.603277000000000507e-01   1.573188e+00   5.040315e-02
7.650390000000000246e-01   1.574291e+00   5.028658e-02
7.697502000000000510e-01   1.489356e+00   5.001603e-02
7.744615000000000249e-01   1.506257e+00   4.995357e-02
7.791727000000000514e-01   1.515279e+00   4.986684e-02
7.838840000000000252e-01   1.612133e+00   4.992605e-02
7.885952000000000517e-01   1.587486e+00   4.981085e-02
7.933065000000000255e-01   1.506858e+00   4.963281e-02
7.980177999999999994e-01   1.460368e+00   4.950123e-02
8.027290000000000258e-01   1.495776e+00   4.938262e-02
8.074402999999999997e-01   1.510070e+00   4.929989e-02
8.121515000000000262e-01   1.479027e+00   4.917448e-02
8.168628000000000000e-01   1.459171e+00   4.901274e-02
8.215740000000000265e-01   1.461094e+00   4.893847e-02
8.262853000000000003e-01   1.491347e+00   4.894199e-02
8.309965000000000268e-01   1.515052e+00   4.885640e-02
8.357078000000000007e-01   1.537909e+00   4.870748e-02
8.404190999999999745e-01   1.505480e+00   4.862917e-02
8.451303000000000010e-01   1.516958e+00   4.852577e-02
8.498415999999999748e-01   1.427331e+00   4.829295e-02
8.545528000000000013e-01   1.470552e+00   4.823748e-02
8.592640999999999751e-01   1.472067e+00   4.816296e-02
8.639753000000000016e-01   1.531962e+00   4.815090e-02
8.686865999999999755e-01   1.493636e+00   4.799019e-02
8.733978999999999493e-01   1.517663e+00   4.797581e-02
8.781090999999999758e-01   1.530495e+00   4.797364e-02
8.828203999999999496e-01   1.547170e+00   4.783436e-02
8.875315999999999761e-01   1.534786e+00   4.764720e-02
8.922428999999999499e-01   1.528321e+00   4.759629e-02
8.969540999999999764e-01   1.543873e+00   4.756535e-02
9.016653999999999503e-01   1.452417e+00   4.738965e-02
9.063767000000000351e-01   1.454046e+00   4.728481e-02
9.110878999999999506e-01   1.520813e+00   4.717379e-02
9.157992000000000354e-01   1.525298e+00   4.715212e-02
9.205103999999999509e-01   1.447958e+00   4.702679e-02
9.252217000000000358e-01   1.490411e+00   4.692684e-02
9.299328999999999512e-01   1.484594e+00   4.684144e-02
9.346442000000000361e-01   1.428194e+00   4.672095e-02
9.393553999999999515e-01   1.423278e+00   4.662668e-02
9.440667000000000364e-01   1.525745e+00   4.661836e-02
9.487780000000000102e-01   1.521127e+00   4.653271e-02
9.534892000000000367e-01   1.482176e+00   4.641850e-02
9.582005000000000106e-01   1.480395e+00   4.634691e-02
9.629117000000000370e-01   1.389284e+00   4.618759e-02
9.676230000000000109e-01   1.539805e+00   4.617064e-02
9.723342000000000374e-01   1.488923e+00   4.612853e-02
9.770455000000000112e-01   1.426557e+00   4.592386e-02
9.817567999999999850e-01   1.402454e+00   4.582081e-02
9.864680000000000115e-01   1.461714e+00   4.579914e-02
9.911792999999999854e-01   1.468601e+00   4.574329e-02
9.958905000000000118e-01   1.456782e+00   4.564271e-02
1.000601999999999991e+00   1.442807e+00   4.554403e-02
1.005312999999999901e+00   1.406008e+00   4.546085e-02
1.010024000000000033e+00   1.435233e+00   4.542111e-02
1.014736000000000082e+00   1.409810e+00   4.531418e-02
1.019446999999999992e+00   1.414825e+00   4.525835e-02
1.024157999999999902e+00   1.391210e+00   4.514146e-02
1.028869000000000034e+00   1.396345e+00   4.505293e-02
1.033581000000000083e+00   1.442498e+00   4.500577e-02
1.038291999999999993e+00   1.504214e+00   4.499838e-02
1.043002999999999902e+00   1.461938e+00   4.487990e-02
1.047714000000000034e+00   1.425155e+00   4.475985e-02
1.052426000000000084e+00   1.405327e+00   4.467475e-02
1.057136999999999993e+00   1.460270e+00   4.468369e-02
1.061847999999999903e+00   1.376693e+00   4.449289e-02
1.066559000000000035e+00   1.382108e+00   4.435218e-02
1.071271000000000084e+00   1.385366e+00   4.435932e-02
1.075981999999999994e+00   1.412923e+00   4.429829e-02
1.080692999999999904e+00   1.488943e+00   4.427483e-02
1.085404000000000035e+00   1.379069e+00   4.415456e-02
1.090116000000000085e+00   1.290287e+00   4.404328e-02
1.094826999999999995e+00   1.407296e+00   4.400161e-02
1.099537999999999904e+00   1.425476e+00   4.394286e-02
1.104249000000000036e+00   1.323334e+00   4.385536e-02
1.108961000000000086e+00   1.326859e+00   4.373766e-02
1.113671999999999995e+00   1.333489e+00   4.372806e-02
1.118382999999999905e+00   1.345423e+00   4.360661e-02
1.123094000000000037e+00   1.326590e+00   4.348614e-02
1.127806000000000086e+00   1.330351e+00   4.346619e-02
1.132516999999999996e+00   1.327010e+00   4.336604e-02
1.137227999999999906e+00   1.293168e+00   4.335568e-02
1.141939000000000037e+00   1.287025e+00   4.322642e-02
1.146651000000000087e+00   1.314538e+00   4.314413e-02
1.151361999999999997e+00   1.366290e+00   4.313801e-02
1.156072999999999906e+00   1.350729e+00   4.306144e-02
1.160784000000000038e+00   1.288395e+00   4.297962e-02
1.165496000000000087e+00   1.329292e+00   4.290848e-02
1.170206999999999997e+00   1.344960e+00   4.284301e-02
1.174917999999999907e+00   1.263375e+00   4.273136e-02
1.179629999999999956e+00   1.265634e+00   4.268102e-02
1.184341000000000088e+00   1.239973e+00   4.258043e-02
1.189051999999999998e+00   1.309898e+00   4.253449e-02
1.193762999999999908e+00   1.314983e+00   4.258601e-02
1.198474999999999957e+00   1.326879e+00   4.354201e-02
1.203186000000000089e+00   1.318938e+00   4.465244e-02
1.207896999999999998e+00   1.344837e+00   4.539651e-02
1.212607999999999908e+00   1.252900e+00   4.591208e-02
1.217319999999999958e+00   1.256415e+00   4.649258e-02
1.222031000000000089e+00   1.265613e+00   4.695838e-02
1.226741999999999999e+00   1.273774e+00   4.739159e-02
1.231452999999999909e+00   1.311404e+00   4.778653e-02
1.236164999999999958e+00   1.281256e+00   4.821483e-02
1.240876000000000090e+00   1.267679e+00   4.857061e-02
1.245587000000000000e+00   1.240526e+00   4.869849e-02
1.250297999999999909e+00   1.260231e+00   4.884527e-02
1.255009999999999959e+00   1.225034e+00   4.895137e-02
1.259721000000000091e+00   1.228203e+00   4.899985e-02
1.264432000000000000e+00   1.229944e+00   4.730642e-02
1.269142999999999910e+00   1.205731e+00   4.612094e-02
1.273854999999999960e+00   1.194104e+00   4.530651e-02
1.278566000000000091e+00   1.212599e+00   4.468450e-02
1.283277000000000001e+00   1.237730e+00   4.425644e-02
1.287987999999999911e+00   1.182407e+00   4.383950e-02
1.292699999999999960e+00   1.214421e+00   4.350091e-02
1.297411000000000092e+00   1.187016e+00   4.312238e-02
1.302122000000000002e+00   1.207960e+00   4.275672e-02
1.306832999999999911e+00   1.232157e+00   4.255885e-02
1.311544999999999961e+00   1.157779e+00   4.243532e-02
1.316256000000000093e+00   1.196369e+00   4.232325e-02
1.320967000000000002e+00   1.152813e+00   4.217672e-02
1.325677999999999912e+00   1.151924e+00   4.205734e-02
1.330389999999999961e+00   1.145418e+00   4.197750e-02
1.335101000000000093e+00   1.189174e+00   4.198174e-02
1.339812000000000003e+00   1.111640e+00   4.180503e-02
1.344522999999999913e+00   1.152624e+00   4.173205e-02
1.349234999999999962e+00   1.115564e+00   4.163037e-02
1.353946000000000094e+00   1.126834e+00   4.150015e-02
1.358657000000000004e+00   1.162906e+00   4.147972e-02
1.363369000000000053e+00   1.142949e+00   4.138160e-02
1.368079999999999963e+00   1.142672e+00   4.128844e-02
1.372791000000000095e+00   1.147960e+00   4.119453e-02
1.377502000000000004e+00   1.138745e+00   4.116121e-02
1.382214000000000054e+00   1.098802e+00   4.100797e-02
1.386924999999999963e+00   1.097545e+00   4.093294e-02
1.391636000000000095e+00   1.088837e+00   4.086679e-02
1.396347000000000005e+00   1.046975e+00   4.079882e-02
1.401059000000000054e+00   1.077663e+00   4.070848e-02
1.405769999999999964e+00   1.055035e+00   4.060731e-02
1.410481000000000096e+00   1.141688e+00   4.063223e-02
1.415192000000000005e+00   1.080152e+00   4.055820e-02
1.419904000000000055e+00   1.063790e+00   4.045079e-02
1.424614999999999965e+00   1.128984e+00   4.037740e-02
1.429326000000000096e+00   1.035642e+00   4.029682e-02
1.434037000000000006e+00   1.086358e+00   4.024729e-02
1.438749000000000056e+00   9.951460e-01   4.011742e-02
1.443459999999999965e+00   1.112783e+00   4.013651e-02
1.448171000000000097e+00   1.051412e+00   4.002627e-02
1.452882000000000007e+00   1.046972e+00   3.999672e-02
1.457594000000000056e+00   1.121363e+00   3.997257e-02
1.462304999999999966e+00   1.075605e+00   3.985506e-02
1.467016000000000098e+00   1.066552e+00   3.981684e-02
1.471727000000000007e+00   1.032415e+00   3.973835e-02
1.476439000000000057e+00   9.987072e-01   3.966184e-02
1.481149999999999967e+00   1.054425e+00   3.959092e-02
1.485861000000000098e+00   1.041771e+00   3.956653e-02
1.490572000000000008e+00   1.000360e+00   3.946721e-02
1.495284000000000058e+00   9.841351e-01   3.936316e-02
1.499994999999999967e+00   1.031447e+00   3.934859e-02
1.504706000000000099e+00   1.015002e+00   3.924650e-02
1.509417000000000009e+00   9.481215e-01   3.923538e-02
1.514129000000000058e+00   9.244377e-01   3.934180e-02
1.518839999999999968e+00   9.613460e-01   4.045104e-02
1.523551000000000100e+00   9.513898e-01   4.125244e-02
1.528262999999999927e+00   9.435920e-01   4.185770e-02
1.532974000000000059e+00   9.842484e-01   4.236064e-02
1.537684999999999969e+00   1.028612e+00   4.282097e-02
1.542396000000000100e+00   9.648939e-01   4.278671e-02
1.547107999999999928e+00   1.003903e+00   4.174696e-02
1.551819000000000059e+00   9.651709e-01   4.117885e-02
1.556529999999999969e+00   9.884436e-01   4.074858e-02
1.561241000000000101e+00   9.391231e-01   4.032533e-02
1.565952999999999928e+00   9.621649e-01   3.994852e-02
1.570664000000000060e+00   1.001639e+00   3.956734e-02
1.575374999999999970e+00   9.407150e-01   3.911189e-02
1.580086000000000102e+00   9.229195e-01   3.878648e-02
1.584797999999999929e+00   9.579121e-01   3.859079e-02
1.589509000000000061e+00   9.681440e-01   3.850044e-02
1.594219999999999970e+00   9.644214e-01   3.844399e-02
1.598931000000000102e+00   9.134078e-01   3.849583e-02
1.603642999999999930e+00   9.577150e-01   3.855384e-02
1.608354000000000061e+00   9.191020e-01   3.857672e-02
1.613064999999999971e+00   9.508200e-01   3.851562e-02
1.617776000000000103e+00   9.297493e-01   3.848647e-02
1.622487999999999930e+00   9.455659e-01   3.843487e-02
1.627199000000000062e+00   8.924685e-01   3.835413e-02
1.631909999999999972e+00   8.746490e-01   3.829771e-02
1.636621000000000103e+00   8.960933e-01   3.822657e-02
1.641332999999999931e+00   8.885487e-01   3.814031e-02
1.646044000000000063e+00   8.815802e-01   3.806217e-02
1.650754999999999972e+00   8.998839e-01   3.801719e-02
1.655466000000000104e+00   8.899784e-01   3.796132e-02
1.660177999999999932e+00   8.781764e-01   3.788165e-02
1.664889000000000063e+00   8.449364e-01   3.785091e-02
1.669599999999999973e+00   8.350806e-01   3.776491e-02
1.674311000000000105e+00   8.553990e-01   3.772704e-02
1.679022999999999932e+00   8.579316e-01   3.765670e-02
1.683734000000000064e+00   9.087900e-01   3.764835e-02
1.688444999999999974e+00   8.416980e-01   3.756509e-02
1.693156000000000105e+00   8.571136e-01   3.750325e-02
1.697867999999999933e+00   8.882466e-01   3.746778e-02
1.702579000000000065e+00   8.729542e-01   3.739148e-02
1.707289999999999974e+00   8.744727e-01   3.734096e-02
1.712002000000000024e+00   8.239020e-01   3.722529e-02
1.716712999999999933e+00   8.531017e-01   3.721993e-02
1.721424000000000065e+00   8.508942e-01   3.716721e-02
1.726134999999999975e+00   8.238687e-01   3.714117e-02
1.730847000000000024e+00   7.950985e-01   3.703422e-02
1.735557999999999934e+00   8.239962e-01   3.696610e-02
1.740269000000000066e+00   7.981145e-01   3.693456e-02
1.744979999999999976e+00   7.730830e-01   3.688545e-02
1.749692000000000025e+00   8.544422e-01   3.687236e-02
1.754402999999999935e+00   8.153052e-01   3.679383e-02
1.759114000000000066e+00   8.095991e-01   3.677720e-02
1.763824999999999976e+00   8.239684e-01   3.668522e-02
1.768537000000000026e+00   8.189647e-01   3.664280e-02
1.773247999999999935e+00   8.332266e-01   3.658613e-02
1.777959000000000067e+00   8.217159e-01   3.656136e-02
1.782669999999999977e+00   8.553805e-01   3.653347e-02
1.787382000000000026e+00   8.130404e-01   3.648044e-02
1.792092999999999936e+00   8.027177e-01   3.642945e-02
1.796804000000000068e+00   7.881352e-01   3.636819e-02
1.801514999999999977e+00   7.584799e-01   3.630991e-02
1.806227000000000027e+00   7.507981e-01   3.622716e-02
1.810937999999999937e+00   7.362977e-01   3.617205e-02
1.815649000000000068e+00   6.991946e-01   3.613058e-02
1.820359999999999978e+00   7.414864e-01   3.609409e-02
1.825072000000000028e+00   7.851337e-01   3.606296e-02
1.829782999999999937e+00   7.799768e-01   3.597844e-02
1.834494000000000069e+00   7.948163e-01   3.597288e-02
1.839204999999999979e+00   7.753526e-01   3.595969e-02
1.843917000000000028e+00   7.904271e-01   3.587812e-02
1.848627999999999938e+00   8.048557e-01   3.584665e-02
1.853339000000000070e+00   7.773921e-01   3.579039e-02
1.858049999999999979e+00   7.672075e-01   3.575107e-02
1.862762000000000029e+00   7.696488e-01   3.571595e-02
1.867472999999999939e+00   7.007788e-01   3.563623e-02
1.872184000000000070e+00   7.058738e-01   3.559789e-02
1.876894999999999980e+00   7.520686e-01   3.558102e-02
1.881607000000000030e+00   7.611663e-01   3.553624e-02
1.886317999999999939e+00   7.576319e-01   3.549771e-02
1.891029000000000071e+00   7.212976e-01   3.540009e-02
1.895740999999999898e+00   7.374119e-01   3.536955e-02
1.900452000000000030e+00   6.768628e-01   3.532286e-02
1.905162999999999940e+00   7.282443e-01   3.528147e-02
1.909874000000000072e+00   7.422718e-01   3.522740e-02
1.914585999999999899e+00   7.102258e-01   3.520127e-02
1.919297000000000031e+00   7.383082e-01   3.517927e-02
1.924007999999999940e+00   7.105869e-01   3.512176e-02
1.928719000000000072e+00   6.771785e-01   3.504325e-02
1.933430999999999900e+00   6.628502e-01   3.496545e-02
1.938142000000000031e+00   6.887786e-01   3.489180e-02
1.942852999999999941e+00   6.843192e-01   3.479825e-02
1.947564000000000073e+00   7.459080e-01   3.474027e-02
1.952275999999999900e+00   6.700736e-01   3.460475e-02
1.956987000000000032e+00   6.595554e-01   3.456680e-02
1.961697999999999942e+00   6.957360e-01   3.456345e-02
1.966409000000000074e+00   6.915208e-01   3.451149e-02
1.971120999999999901e+00   6.432863e-01   3.446243e-02
1.975832000000000033e+00   6.586912e-01   3.447865e-02
1.980542999999999942e+00   6.225448e-01   3.447303e-02
1.985254000000000074e+00   6.654828e-01   3.449296e-02
1.989965999999999902e+00   6.812908e-01   3.449038e-02
1.994677000000000033e+00   6.818276e-01   3.454464e-02
1.999387999999999943e+00   6.696520e-01   3.453545e-02
2.004099000000000075e+00   6.500200e-01   3.532183e-02
2.008811000000000124e+00   6.685554e-01   3.610833e-02
2.013522000000000034e+00   6.812433e-01   3.658257e-02
2.018232999999999944e+00   6.441464e-01   3.704067e-02
2.022943999999999853e+00   6.076793e-01   3.733651e-02
2.027655999999999903e+00   6.767015e-01   3.769282e-02
2.032366999999999813e+00   6.558758e-01   3.788559e-02
2.037078000000000166e+00   6.786781e-01   3.795203e-02
2.041789000000000076e+00   6.454024e-01   3.808559e-02
2.046501000000000126e+00   5.711862e-01   3.814977e-02
2.051212000000000035e+00   6.034669e-01   3.825414e-02
2.055922999999999945e+00   6.316158e-01   3.836024e-02
2.060633999999999855e+00   6.337415e-01   3.846504e-02
2.065345999999999904e+00   6.104488e-01   3.839872e-02
2.070056999999999814e+00   5.800357e-01   3.729008e-02
2.074768000000000168e+00   5.818121e-01   3.650339e-02
2.079480000000000217e+00   6.104373e-01   3.599396e-02
2.084191000000000127e+00   6.248731e-01   3.561574e-02
2.088902000000000037e+00   6.081691e-01   3.530411e-02
2.093612999999999946e+00   5.914940e-01   3.506403e-02
2.098324999999999996e+00   5.290488e-01   3.489493e-02
2.103035999999999905e+00   6.131670e-01   3.481885e-02
2.107746999999999815e+00   6.128031e-01   3.472471e-02
2.112458000000000169e+00   5.884582e-01   3.462856e-02
2.117170000000000218e+00   6.033358e-01   3.456020e-02
2.121881000000000128e+00   5.928703e-01   3.449925e-02
2.126592000000000038e+00   5.931377e-01   3.440027e-02
2.131302999999999948e+00   6.036319e-01   3.434450e-02
2.136014999999999997e+00   6.128979e-01   3.431870e-02
2.140725999999999907e+00   5.917556e-01   3.423850e-02
2.145436999999999816e+00   5.510140e-01   3.410961e-02
2.150148000000000170e+00   4.935752e-01   3.405249e-02
2.154860000000000220e+00   5.821161e-01   3.404456e-02
2.159571000000000129e+00   5.542838e-01   3.397054e-02
2.164282000000000039e+00   5.639108e-01   3.391756e-02
2.168992999999999949e+00   5.429543e-01   3.386146e-02
2.173704999999999998e+00   5.480792e-01   3.383894e-02
2.178415999999999908e+00   5.710099e-01   3.379518e-02
2.183126999999999818e+00   5.781936e-01   3.373377e-02
2.187838000000000171e+00   5.674270e-01   3.369774e-02
2.192550000000000221e+00   5.719090e-01   3.361048e-02
2.197261000000000131e+00   5.688826e-01   3.359730e-02
2.201972000000000040e+00   5.259948e-01   3.351724e-02
2.206682999999999950e+00   5.464585e-01   3.347528e-02
2.211395000000000000e+00   5.547270e-01   3.344614e-02
2.216105999999999909e+00   5.567378e-01   3.336850e-02
2.220816999999999819e+00   5.771341e-01   3.337950e-02
2.225528000000000173e+00   5.664715e-01   3.331960e-02
2.230239999999999778e+00   5.664607e-01   3.329641e-02
2.234951000000000132e+00   5.697117e-01   3.324734e-02
2.239662000000000042e+00   5.376111e-01   3.319472e-02
2.244372999999999951e+00   5.122828e-01   3.311882e-02
2.249085000000000001e+00   5.615216e-01   3.311082e-02
2.253795999999999911e+00   5.624215e-01   3.305060e-02
2.258506999999999820e+00   5.832800e-01   3.302210e-02
2.263218999999999870e+00   5.560052e-01   3.301455e-02
2.267929999999999779e+00   5.022941e-01   3.292771e-02
2.272641000000000133e+00   4.992622e-01   3.288758e-02
2.277352000000000043e+00   5.237107e-01   3.288193e-02
2.282064000000000092e+00   5.296435e-01   3.281764e-02
2.286775000000000002e+00   4.982799e-01   3.275091e-02
2.291485999999999912e+00   5.071769e-01   3.270525e-02
2.296196999999999822e+00   4.940534e-01   3.265830e-02
2.300908999999999871e+00   4.575048e-01   3.259432e-02
2.305619999999999781e+00   5.162633e-01   3.260780e-02
2.310331000000000135e+00   5.240727e-01   3.260455e-02
2.315042000000000044e+00   4.937643e-01   3.253901e-02
2.319754000000000094e+00   4.847742e-01   3.247990e-02
2.324465000000000003e+00   4.827705e-01   3.246031e-02
2.329175999999999913e+00   4.822148e-01   3.241158e-02
2.333886999999999823e+00   5.229916e-01   3.241853e-02
2.338598999999999872e+00   5.450513e-01   3.236882e-02
2.343309999999999782e+00   4.816003e-01   3.232721e-02
2.348021000000000136e+00   4.798696e-01   3.231542e-02
2.352732000000000046e+00   4.941943e-01   3.226824e-02
2.357444000000000095e+00   5.200416e-01   3.221709e-02
2.362155000000000005e+00   4.819189e-01   3.216302e-02
2.366865999999999914e+00   4.886600e-01   3.212786e-02
2.371576999999999824e+00   4.703918e-01   3.208241e-02
2.376288999999999874e+00   4.961503e-01   3.206709e-02
2.380999999999999783e+00   4.973818e-01   3.202758e-02
2.385711000000000137e+00   4.226661e-01   3.195658e-02
2.390422000000000047e+00   4.585752e-01   3.192110e-02
2.395134000000000096e+00   4.693895e-01   3.187836e-02
2.399845000000000006e+00   4.825718e-01   3.188231e-02
2.404555999999999916e+00   4.722349e-01   3.184699e-02
2.409266999999999825e+00   4.667271e-01   3.182186e-02
2.413978999999999875e+00   4.380034e-01   3.177287e-02
2.418689999999999785e+00   4.803041e-01   3.176522e-02
2.423401000000000138e+00   5.158049e-01   3.173204e-02
2.428112000000000048e+00   4.606263e-01   3.165046e-02
2.432824000000000098e+00   4.770248e-01   3.162209e-02
2.437535000000000007e+00   4.853430e-01   3.161046e-02
2.442245999999999917e+00   4.399015e-01   3.156842e-02
2.446957999999999966e+00   3.988847e-01   3.151684e-02
2.451668999999999876e+00   4.618481e-01   3.151077e-02
2.456379999999999786e+00   4.600021e-01   3.144616e-02
2.461091000000000140e+00   4.374887e-01   3.142686e-02
2.465803000000000189e+00   4.477543e-01   3.141924e-02
2.470514000000000099e+00   4.203594e-01   3.136349e-02
2.475225000000000009e+00   4.398887e-01   3.134753e-02
2.479935999999999918e+00   4.515477e-01   3.131330e-02
2.484647999999999968e+00   4.289496e-01   3.130436e-02
2.489358999999999877e+00   4.073453e-01   3.124197e-02
2.494069999999999787e+00   4.637882e-01   3.121346e-02
2.498781000000000141e+00   4.651790e-01   3.119645e-02
2.503493000000000190e+00   4.410433e-01   3.115453e-02
2.508204000000000100e+00   3.964306e-01   3.111266e-02
2.512915000000000010e+00   4.035685e-01   3.106024e-02
2.517625999999999920e+00   4.227292e-01   3.099399e-02
2.522337999999999969e+00   4.498568e-01   3.096384e-02
2.527048999999999879e+00   4.272856e-01   3.088588e-02
2.531759999999999788e+00   3.873092e-01   3.082141e-02
2.536471000000000142e+00   4.693851e-01   3.081020e-02
2.541183000000000192e+00   4.444943e-01   3.077488e-02
2.545894000000000101e+00   3.950500e-01   3.074497e-02
2.550605000000000011e+00   4.636847e-01   3.071573e-02
2.555315999999999921e+00   4.287607e-01   3.069983e-02
2.560027999999999970e+00   4.047883e-01   3.066547e-02
2.564738999999999880e+00   4.079001e-01   3.064752e-02
2.569449999999999790e+00   3.751993e-01   3.063829e-02
2.574161000000000143e+00   3.960407e-01   3.065825e-02
2.578873000000000193e+00   4.502436e-01   3.068185e-02
2.583584000000000103e+00   3.847046e-01   3.060371e-02
2.588295000000000012e+00   3.748592e-01   3.059875e-02
2.593005999999999922e+00   3.552423e-01   3.055103e-02
2.597717999999999972e+00   3.961472e-01   3.054971e-02
2.602428999999999881e+00   4.154828e-01   3.054438e-02
2.607139999999999791e+00   3.864440e-01   3.050724e-02
2.611851000000000145e+00   4.055625e-01   3.045410e-02
2.616563000000000194e+00   4.016351e-01   3.041274e-02
2.621274000000000104e+00   3.889245e-01   3.038465e-02
2.625985000000000014e+00   3.796548e-01   3.039275e-02
2.630697000000000063e+00   3.899403e-01   3.034712e-02
2.635407999999999973e+00   4.221300e-01   3.031440e-02
2.640118999999999883e+00   4.105430e-01   3.028650e-02
2.644829999999999792e+00   3.729684e-01   3.025389e-02
2.649541999999999842e+00   4.063868e-01   3.025633e-02
2.654253000000000196e+00   4.276042e-01   3.021578e-02
2.658964000000000105e+00   3.471072e-01   3.012809e-02
2.663675000000000015e+00   2.923878e-01   3.011534e-02
2.668387000000000064e+00   3.654408e-01   3.011564e-02
2.673097999999999974e+00   4.229251e-01   3.010765e-02
2.677808999999999884e+00   4.156886e-01   3.006491e-02
2.682519999999999794e+00   4.119876e-01   3.006301e-02
2.687231999999999843e+00   3.648942e-01   3.001232e-02
2.691943000000000197e+00   4.249807e-01   2.999790e-02
2.696654000000000106e+00   4.025704e-01   2.997782e-02
2.701365000000000016e+00   3.905191e-01   2.993993e-02
2.706077000000000066e+00   3.905674e-01   2.990897e-02
2.710787999999999975e+00   3.764597e-01   2.987646e-02
2.715498999999999885e+00   3.825612e-01   2.984984e-02
2.720209999999999795e+00   3.309904e-01   2.980636e-02
2.724921999999999844e+00   3.722631e-01   2.982017e-02
2.729633000000000198e+00   3.475000e-01   2.976161e-02
2.734344000000000108e+00   3.638503e-01   2.973237e-02
2.739055000000000017e+00   3.707048e-01   2.974226e-02
2.743767000000000067e+00   4.428512e-01   2.971920e-02
2.748477999999999977e+00   3.982492e-01   2.964720e-02
2.753188999999999886e+00   3.690562e-01   2.964155e-02
2.757899999999999796e+00   3.780759e-01   2.960981e-02
2.762611999999999846e+00   3.816491e-01   2.957280e-02
2.767323000000000199e+00   3.558169e-01   2.953994e-02
2.772034000000000109e+00   3.325233e-01   2.950096e-02
2.776745000000000019e+00   3.278825e-01   2.948807e-02
2.781457000000000068e+00   3.386307e-01   2.948269e-02
2.786167999999999978e+00   3.562811e-01   2.945672e-02
2.790878999999999888e+00   3.488012e-01   2.942983e-02
2.795589999999999797e+00   3.405330e-01   2.938712e-02
2.800301999999999847e+00   3.844474e-01   2.940260e-02
2.805013000000000201e+00   3.576334e-01   2.951034e-02
2.809724000000000110e+00   3.496400e-01   3.026654e-02
2.814436000000000160e+00   3.815853e-01   3.076022e-02
2.819147000000000070e+00   3.546185e-01   3.111003e-02
2.823857999999999979e+00   3.132785e-01   3.136123e-02
2.828568999999999889e+00   3.540997e-01   3.159111e-02
2.833280999999999938e+00   3.516549e-01   3.170806e-02
2.837991999999999848e+00   2.981973e-01   3.175494e-02
2.842703000000000202e+00   3.651477e-01   3.183096e-02
2.847414000000000112e+00   3.602794e-01   3.195610e-02
2.852126000000000161e+00   3.200737e-01   3.200081e-02
2.856837000000000071e+00   3.635542e-01   3.210039e-02
2.861547999999999981e+00   2.941038e-01   3.210898e-02
2.866258999999999890e+00   3.909019e-01   3.221628e-02
2.870970999999999940e+00   3.224462e-01   3.196208e-02
2.875681999999999849e+00   3.356585e-01   3.115747e-02
2.880393000000000203e+00   3.303446e-01   3.067505e-02
2.885104000000000113e+00   3.345932e-01   3.037322e-02
2.889816000000000162e+00   3.573303e-01   3.013072e-02
2.894527000000000072e+00   3.331145e-01   2.999365e-02
2.899237999999999982e+00   3.274758e-01   2.989002e-02
2.903948999999999891e+00   3.584240e-01   2.984292e-02
2.908660999999999941e+00   3.240016e-01   2.975272e-02
2.913371999999999851e+00   3.465854e-01   2.970153e-02
2.918083000000000204e+00   3.138855e-01   2.961326e-02
2.922794000000000114e+00   3.375099e-01   2.958228e-02
2.927506000000000164e+00   2.940223e-01   2.954436e-02
2.932217000000000073e+00   3.261582e-01   2.952399e-02
2.936927999999999983e+00   2.986884e-01   2.945327e-02
2.941638999999999893e+00   3.165248e-01   2.938519e-02
2.946350999999999942e+00   3.154158e-01   2.936182e-02
2.951061999999999852e+00   3.606889e-01   2.933905e-02
2.955773000000000206e+00   3.445261e-01   2.929587e-02
2.960484000000000115e+00   2.863750e-01   2.919558e-02
2.965196000000000165e+00   3.219436e-01   2.920499e-02
2.969907000000000075e+00   3.093444e-01   2.916392e-02
2.974617999999999984e+00   3.040902e-01   2.912054e-02
2.979328999999999894e+00   3.180417e-01   2.907837e-02
2.984040999999999944e+00   3.101649e-01   2.903715e-02
2.988751999999999853e+00   2.985963e-01   2.897076e-02
2.993463000000000207e+00   3.129503e-01   2.898484e-02
2.998174999999999812e+00   3.366275e-01   2.896065e-02
3.002886000000000166e+00   3.043123e-01   2.893790e-02
3.007597000000000076e+00   3.014206e-01   2.889575e-02
3.012307999999999986e+00   3.382297e-01   2.886316e-02
3.017020000000000035e+00   3.340452e-01   2.885602e-02
3.021730999999999945e+00   2.968320e-01   2.878737e-02
3.026441999999999855e+00   2.971334e-01   2.876962e-02
3.031153000000000208e+00   2.983575e-01   2.873667e-02
3.035864999999999814e+00   3.359251e-01   2.871117e-02
3.040576000000000167e+00   3.349294e-01   2.869350e-02
3.045287000000000077e+00   3.290504e-01   2.865620e-02
3.049997999999999987e+00   2.803007e-01   2.861408e-02
3.054710000000000036e+00   3.138881e-01   2.857309e-02
3.059420999999999946e+00   2.795223e-01   2.855232e-02
3.064131999999999856e+00   2.547128e-01   2.851097e-02
3.068843000000000210e+00   2.709974e-01   2.851897e-02
3.073554999999999815e+00   2.854986e-01   2.849405e-02
3.078266000000000169e+00   3.087704e-01   2.847379e-02
3.082977000000000078e+00   3.116981e-01   2.845357e-02
3.087687999999999988e+00   3.487931e-01   2.843501e-02
3.092400000000000038e+00   2.875150e-01   2.836238e-02
3.097110999999999947e+00   2.653609e-01   2.832489e-02
3.101821999999999857e+00   2.843138e-01   2.828736e-02
3.106533000000000211e+00   2.803383e-01   2.831332e-02
3.111244999999999816e+00   2.654942e-01   2.827463e-02
3.115956000000000170e+00   2.787523e-01   2.825050e-02
3.120667000000000080e+00   2.811712e-01   2.823661e-02
3.125377999999999989e+00   2.899574e-01   2.819765e-02
3.130090000000000039e+00   3.194060e-01   2.817576e-02
3.134800999999999949e+00   2.806359e-01   2.812387e-02
3.139511999999999858e+00   2.759454e-01   2.810828e-02
3.144223000000000212e+00   2.868669e-01   2.810165e-02
3.148934999999999818e+00   2.285114e-01   2.805886e-02
3.153646000000000171e+00   2.537449e-01   2.802897e-02
3.158357000000000081e+00   2.549092e-01   2.800418e-02
3.163067999999999991e+00   2.672501e-01   2.798008e-02
3.167780000000000040e+00   2.846718e-01   2.798217e-02
3.172490999999999950e+00   2.509700e-01   2.792696e-02
3.177201999999999860e+00   2.713750e-01   2.791622e-02
3.181913999999999909e+00   2.612696e-01   2.791147e-02
3.186624999999999819e+00   2.983628e-01   2.789346e-02
3.191336000000000173e+00   2.663773e-01   2.782834e-02
3.196047000000000082e+00   2.671613e-01   2.776759e-02
3.200759000000000132e+00   2.709612e-01   2.773420e-02
3.205470000000000041e+00   3.053512e-01   2.772896e-02
3.210180999999999951e+00   2.864025e-01   2.768259e-02
3.214891999999999861e+00   2.633824e-01   2.763897e-02
3.219603999999999910e+00   2.857784e-01   2.760501e-02
3.224314999999999820e+00   2.815802e-01   2.761307e-02
3.229026000000000174e+00   2.955501e-01   2.758181e-02
3.233737000000000084e+00   2.567947e-01   2.754933e-02
3.238449000000000133e+00   2.851704e-01   2.754793e-02
3.243160000000000043e+00   2.740371e-01   2.755026e-02
3.247870999999999952e+00   2.619455e-01   2.749631e-02
3.252581999999999862e+00   2.637909e-01   2.752981e-02
3.257293999999999912e+00   2.734277e-01   2.754999e-02
3.262004999999999821e+00   3.085593e-01   2.754409e-02
3.266716000000000175e+00   2.929491e-01   2.751157e-02
3.271427000000000085e+00   2.515249e-01   2.746400e-02
3.276139000000000134e+00   2.017230e-01   2.742276e-02
3.280850000000000044e+00   2.179467e-01   2.743871e-02
3.285560999999999954e+00   2.376439e-01   2.739970e-02
3.290271999999999863e+00   2.115965e-01   2.734520e-02
3.294983999999999913e+00   2.617484e-01   2.735603e-02
3.299694999999999823e+00   2.452639e-01   2.733731e-02
3.304406000000000176e+00   2.499986e-01   2.731663e-02
3.309117000000000086e+00   2.780315e-01   2.732622e-02
3.313829000000000136e+00   2.640249e-01   2.729186e-02
3.318540000000000045e+00   2.580104e-01   2.726317e-02
3.323250999999999955e+00   2.224716e-01   2.721973e-02
3.327961999999999865e+00   2.672218e-01   2.720561e-02
3.332673999999999914e+00   2.784679e-01   2.717301e-02
3.337384999999999824e+00   2.707930e-01   2.716548e-02
3.342096000000000178e+00   2.923558e-01   2.714552e-02
3.346807000000000087e+00   2.504895e-01   2.713572e-02
3.351519000000000137e+00   2.784306e-01   2.711538e-02
3.356230000000000047e+00   2.517125e-01   2.709335e-02
3.360940999999999956e+00   2.157079e-01   2.703701e-02
3.365653000000000006e+00   2.333137e-01   2.702734e-02
3.370363999999999916e+00   2.552534e-01   2.702256e-02
3.375074999999999825e+00   2.587920e-01   2.701211e-02
3.379786000000000179e+00   2.536575e-01   2.699882e-02
3.384497999999999784e+00   2.719959e-01   2.699301e-02
3.389209000000000138e+00   2.474218e-01   2.714683e-02
3.393920000000000048e+00   2.362242e-01   2.773368e-02
3.398630999999999958e+00   2.769374e-01   2.816458e-02
3.403343000000000007e+00   2.811933e-01   2.846430e-02
3.408053999999999917e+00   2.305153e-01   2.863165e-02
3.412764999999999826e+00   2.527830e-01   2.873145e-02
3.417476000000000180e+00   2.161571e-01   2.871368e-02
3.422187999999999786e+00   2.395486e-01   2.871035e-02
3.426899000000000139e+00   2.504488e-01   2.879756e-02
3.431610000000000049e+00   2.494776e-01   2.884660e-02
3.436320999999999959e+00   2.561786e-01   2.896453e-02
3.441033000000000008e+00   2.395465e-01   2.902523e-02
3.445743999999999918e+00   2.499790e-01   2.905226e-02
3.450454999999999828e+00   3.058046e-01   2.913444e-02
3.455166000000000182e+00   2.689385e-01   2.915986e-02
3.459877999999999787e+00   2.515357e-01   2.920680e-02
3.464589000000000141e+00   2.637454e-01   2.923860e-02
3.469300000000000050e+00   2.735256e-01   2.931185e-02
3.474010999999999960e+00   3.085958e-01   2.935979e-02
3.478723000000000010e+00   2.598573e-01   2.940130e-02
3.483433999999999919e+00   2.568509e-01   2.945314e-02
3.488144999999999829e+00   2.353952e-01   2.947076e-02
3.492856000000000183e+00   2.187665e-01   2.950734e-02
3.497567999999999788e+00   2.243032e-01   2.953912e-02
3.502279000000000142e+00   2.347458e-01   2.955202e-02
3.506990000000000052e+00   3.054992e-01   2.961145e-02
3.511700999999999961e+00   2.926290e-01   2.966091e-02
3.516413000000000011e+00   2.806733e-01   2.970354e-02
3.521123999999999921e+00   2.289251e-01   2.969391e-02
3.525834999999999830e+00   2.239906e-01   2.974859e-02
3.530546000000000184e+00   2.140950e-01   2.974222e-02
3.535257999999999790e+00   2.178663e-01   2.979261e-02
3.539969000000000143e+00   1.966448e-01   2.978813e-02
3.544680000000000053e+00   2.199704e-01   2.984170e-02
3.549392000000000102e+00   2.166035e-01   2.985804e-02
3.554103000000000012e+00   1.810977e-01   2.989397e-02
3.558813999999999922e+00   2.457683e-01   2.995946e-02
3.563524999999999832e+00   2.017490e-01   2.996405e-02
3.568236999999999881e+00   2.268062e-01   2.999786e-02
3.572947999999999791e+00   2.142645e-01   3.003662e-02
3.577659000000000145e+00   2.212112e-01   3.002008e-02
3.582370000000000054e+00   2.260415e-01   3.006590e-02
3.587082000000000104e+00   2.473213e-01   3.011118e-02
3.591793000000000013e+00   2.354530e-01   3.013349e-02
3.596503999999999923e+00   2.832235e-01   3.014678e-02
3.601214999999999833e+00   2.539327e-01   3.008914e-02
3.605926999999999882e+00   2.362943e-01   3.012678e-02
3.610637999999999792e+00   2.390455e-01   3.070315e-02
3.615349000000000146e+00   2.650450e-01   3.161035e-02
3.620060000000000056e+00   2.493416e-01   3.213633e-02
3.624772000000000105e+00   2.346609e-01   3.254711e-02
3.629483000000000015e+00   2.527715e-01   3.278528e-02
3.634193999999999924e+00   2.751651e-01   3.301726e-02
3.638904999999999834e+00   2.266991e-01   3.320545e-02
3.643616999999999884e+00   1.954891e-01   3.336963e-02
3.648327999999999793e+00   2.257122e-01   3.358696e-02
3.653039000000000147e+00   2.267759e-01   3.377827e-02
3.657750000000000057e+00   2.269439e-01   3.390659e-02
3.662462000000000106e+00   2.282113e-01   3.408997e-02
3.667173000000000016e+00   2.896701e-01   3.427654e-02
3.671883999999999926e+00   2.345240e-01   3.440549e-02
3.676594999999999835e+00   2.010294e-01   3.452924e-02
3.681306999999999885e+00   1.978027e-01   3.468578e-02
3.686017999999999795e+00   2.233288e-01   3.487184e-02
3.690729000000000148e+00   2.447239e-01   3.500519e-02
3.695440000000000058e+00   2.235309e-01   3.515305e-02
3.700152000000000108e+00   2.037855e-01   3.529278e-02
3.704863000000000017e+00   1.758372e-01   3.544344e-02
3.709573999999999927e+00   2.120816e-01   3.555210e-02
3.714284999999999837e+00   2.280608e-01   3.575258e-02
3.718996999999999886e+00   2.043260e-01   3.586806e-02
3.723707999999999796e+00   2.089894e-01   3.599939e-02
3.728419000000000150e+00   2.423403e-01   3.619090e-02
3.733131000000000199e+00   2.298927e-01   3.628728e-02
3.737842000000000109e+00   2.145174e-01   3.641699e-02
3.742553000000000019e+00   1.900438e-01   3.657120e-02
3.747263999999999928e+00   2.461414e-01   3.675332e-02
3.751975999999999978e+00   2.422714e-01   3.689044e-02
3.756686999999999887e+00   1.496325e-01   3.697562e-02
3.761397999999999797e+00   1.784049e-01   3.709943e-02
3.766109000000000151e+00   1.868059e-01   3.722445e-02
3.770821000000000200e+00   1.369005e-01   3.733898e-02
3.775532000000000110e+00   1.994481e-01   3.750001e-02
3.780243000000000020e+00   2.040553e-01   3.764056e-02
3.784953999999999930e+00   2.104850e-01   3.778766e-02
3.789665999999999979e+00   1.887102e-01   3.791620e-02
3.794376999999999889e+00   1.891043e-01   3.808591e-02
3.799087999999999798e+00   1.806657e-01   3.818726e-02
3.803799000000000152e+00   2.006446e-01   3.831718e-02
3.808511000000000202e+00   1.590407e-01   3.844711e-02
3.813222000000000111e+00   2.235223e-01   3.864236e-02
3.817933000000000021e+00   2.083210e-01   3.875948e-02
3.822643999999999931e+00   1.845775e-01   3.888808e-02
3.827355999999999980e+00   1.936492e-01   3.901416e-02
3.832066999999999890e+00   1.803201e-01   3.910261e-02
3.836777999999999800e+00   2.238251e-01   3.930337e-02
3.841489000000000154e+00   2.029753e-01   3.941531e-02
3.846201000000000203e+00   1.622853e-01   3.951208e-02
3.850912000000000113e+00   1.933038e-01   3.972604e-02
3.855623000000000022e+00   1.885281e-01   3.984588e-02
3.860333999999999932e+00   2.168634e-01   4.001126e-02
3.865045999999999982e+00   2.230788e-01   4.014917e-02
3.869756999999999891e+00   1.713508e-01   4.020651e-02
3.874467999999999801e+00   2.014494e-01   4.035204e-02
3.879179000000000155e+00   1.760353e-01   4.051663e-02
3.883891000000000204e+00   1.780174e-01   4.062022e-02
3.888602000000000114e+00   1.933471e-01   4.077979e-02
3.893313000000000024e+00   2.249784e-01   4.096535e-02
3.898023999999999933e+00   2.109489e-01   4.111772e-02
3.902735999999999983e+00   1.755763e-01   4.119812e-02
3.907446999999999893e+00   1.854607e-01   4.134677e-02
3.912157999999999802e+00   1.999362e-01   4.147904e-02
3.916869999999999852e+00   1.747237e-01   4.159976e-02
3.921581000000000206e+00   1.868684e-01   4.158027e-02
3.926292000000000115e+00   2.098162e-01   4.164654e-02
3.931003000000000025e+00   2.221447e-01   4.182979e-02
3.935715000000000074e+00   1.750055e-01   4.189683e-02
3.940425999999999984e+00   1.318511e-01   4.191489e-02
3.945136999999999894e+00   1.902530e-01   4.200587e-02
3.949847999999999804e+00   2.065553e-01   4.207769e-02
3.954559999999999853e+00   1.678034e-01   4.216899e-02
3.959271000000000207e+00   2.407738e-01   4.225656e-02
3.963982000000000117e+00   1.661538e-01   4.220764e-02
3.968693000000000026e+00   2.113777e-01   4.225537e-02
3.973405000000000076e+00   1.783348e-01   4.241097e-02
3.978115999999999985e+00   2.220655e-01   4.255388e-02
3.982826999999999895e+00   2.326894e-01   4.270916e-02
3.987537999999999805e+00   2.200432e-01   4.286639e-02
3.992249999999999854e+00   2.443883e-01   4.298211e-02
3.996961000000000208e+00   1.638153e-01   4.306315e-02
4.001672000000000118e+00   1.558191e-01   4.321595e-02
4.006382999999999583e+00   1.276353e-01   4.335033e-02
4.011095000000000077e+00   1.844881e-01   4.351253e-02
4.015806000000000431e+00   1.184280e-01   4.365618e-02
4.020516999999999896e+00   2.109830e-01   4.385806e-02
4.025228000000000250e+00   2.281520e-01   4.399170e-02
4.029939999999999856e+00   2.259931e-01   4.414023e-02
4.034651000000000209e+00   2.129226e-01   4.428173e-02
4.039361999999999675e+00   1.580565e-01   4.436498e-02
4.044073000000000029e+00   1.415715e-01   4.452236e-02
4.048784999999999634e+00   1.840384e-01   4.473784e-02
4.053495999999999988e+00   1.319543e-01   4.487330e-02
4.058207000000000342e+00   1.415201e-01   4.505543e-02
4.062917999999999807e+00   2.273012e-01   4.522783e-02
4.067630000000000301e+00   2.388117e-01   4.536571e-02
4.072340999999999767e+00   1.926532e-01   4.551146e-02
4.077052000000000120e+00   2.055174e-01   4.574023e-02
4.081762999999999586e+00   1.499450e-01   4.586923e-02
4.086475000000000080e+00   1.680872e-01   4.604369e-02
4.091186000000000433e+00   1.485162e-01   4.614516e-02
4.095896999999999899e+00   1.453212e-01   4.627102e-02
4.100609000000000393e+00   1.719291e-01   4.645235e-02
4.105319999999999858e+00   2.522091e-01   4.674927e-02
4.110031000000000212e+00   2.080767e-01   4.691181e-02
4.114741999999999678e+00   1.713131e-01   4.708334e-02
4.119454000000000171e+00   2.102292e-01   4.717781e-02
4.124164999999999637e+00   1.623343e-01   4.733340e-02
4.128875999999999991e+00   1.970187e-01   4.752241e-02
4.133587000000000344e+00   2.279801e-01   4.768811e-02
4.138298999999999950e+00   1.466899e-01   4.786126e-02
4.143010000000000304e+00   1.304729e-01   4.805504e-02
4.147720999999999769e+00   1.731000e-01   4.818764e-02
4.152432000000000123e+00   1.863293e-01   4.837247e-02
4.157143999999999728e+00   1.336622e-01   4.856064e-02
4.161855000000000082e+00   1.912654e-01   4.876192e-02
4.166566000000000436e+00   1.733422e-01   4.888390e-02
4.171276999999999902e+00   1.365838e-01   4.905931e-02
4.175989000000000395e+00   9.748535e-02   4.926626e-02
4.180699999999999861e+00   1.306641e-01   4.951107e-02
4.185411000000000215e+00   2.094405e-01   4.973149e-02
4.190121999999999680e+00   2.221801e-01   4.993172e-02
4.194834000000000174e+00   2.219074e-01   5.008946e-02
4.199544999999999639e+00   1.967500e-01   5.026562e-02
4.204255999999999993e+00   1.366045e-01   5.047737e-02
4.208967000000000347e+00   9.116143e-02   5.056036e-02
4.213678999999999952e+00   1.165822e-01   5.077486e-02
4.218390000000000306e+00   1.563996e-01   5.103996e-02
4.223100999999999772e+00   1.803749e-01   5.127492e-02
4.227812000000000126e+00   2.299774e-01   5.153729e-02
4.232523999999999731e+00   2.179881e-01   5.171605e-02
4.237235000000000085e+00   1.651870e-01   5.180670e-02
4.241946000000000438e+00   1.646669e-01   5.213924e-02
4.246656999999999904e+00   2.001368e-01   5.240859e-02
4.251369000000000398e+00   1.998429e-01   5.255133e-02
4.256079999999999863e+00   1.675418e-01   5.278641e-02
4.260791000000000217e+00   1.164378e-01   5.297564e-02
4.265501999999999683e+00   1.028321e-01   5.318195e-02
4.270214000000000176e+00   8.307291e-02   5.338803e-02
4.274924999999999642e+00   1.535567e-01   5.366615e-02
4.279635999999999996e+00   1.930589e-01   5.382970e-02
4.284347999999999601e+00   2.004340e-01   5.414005e-02
4.289058999999999955e+00   2.301725e-01   5.443913e-02
4.293770000000000309e+00   1.250755e-01   5.450286e-02
4.298480999999999774e+00   1.087766e-01   5.475505e-02
4.303193000000000268e+00   8.274537e-02   5.493018e-02
4.307903999999999733e+00   1.503819e-01   5.529756e-02
4.312615000000000087e+00   2.116502e-01   5.556090e-02
4.317326000000000441e+00   1.733132e-01   5.582155e-02
4.322038000000000046e+00   1.649349e-01   5.613337e-02
4.326749000000000400e+00   2.280186e-01   5.644887e-02
4.331459999999999866e+00   2.816020e-01   5.669992e-02
4.336171000000000220e+00   2.633917e-01   5.687519e-02
4.340882999999999825e+00   2.289820e-01   5.708643e-02
4.345594000000000179e+00   1.428705e-01   5.722905e-02
4.350304999999999644e+00   2.060063e-01   5.768212e-02
4.355015999999999998e+00   2.504323e-01   5.795432e-02
4.359727999999999604e+00   1.762153e-01   5.816710e-02
4.364438999999999957e+00   1.762061e-01   5.844726e-02
4.369150000000000311e+00   1.785178e-01   5.876020e-02
4.373860999999999777e+00   1.137315e-01   5.897039e-02
4.378573000000000270e+00   1.202432e-01   5.932743e-02
4.383283999999999736e+00   5.510201e-02   5.948258e-02
4.387995000000000090e+00   1.450562e-01   5.979031e-02
4.392706000000000444e+00   1.761436e-01   6.017643e-02
4.397418000000000049e+00   1.706176e-01   6.039854e-02
4.402129000000000403e+00   2.164985e-01   6.053505e-02
4.406839999999999868e+00   1.784935e-01   6.051647e-02
4.411551000000000222e+00   1.557820e-01   6.053550e-02
4.416262999999999828e+00   8.770553e-02   6.063376e-02
4.420974000000000181e+00   6.478912e-02   6.057764e-02
4.425684999999999647e+00   1.292750e-01   6.062575e-02
4.430396000000000001e+00   2.045278e-01   6.081151e-02
4.435107999999999606e+00   1.169782e-01   6.074899e-02
4.439818999999999960e+00   1.083215e-01   6.091956e-02
4.444530000000000314e+00   1.368622e-01   6.129403e-02
4.449240999999999779e+00   1.566214e-01   6.154589e-02
4.453953000000000273e+00   1.651371e-01   6.182374e-02
4.458663999999999739e+00   1.983547e-01   6.212861e-02
4.463375000000000092e+00   2.435554e-01   6.258621e-02
4.468086999999999698e+00   2.168530e-01   6.298184e-02
4.472798000000000052e+00   2.026452e-01   6.319453e-02
4.477509000000000405e+00   1.722229e-01   6.341232e-02
4.482219999999999871e+00   7.069364e-02   6.369004e-02
4.486932000000000365e+00   7.269983e-02   6.413139e-02
4.491642999999999830e+00   1.419157e-01   6.460041e-02
4.496354000000000184e+00   2.195789e-01   6.494200e-02
4.501064999999999650e+00   3.064068e-01   6.531855e-02
4.505777000000000143e+00   1.470765e-01   6.564583e-02
4.510487999999999609e+00   1.783308e-01   6.611697e-02
4.515198999999999963e+00   1.264141e-01   6.642543e-02
4.519910000000000316e+00   1.029487e-01   6.668170e-02
4.524621999999999922e+00   1.653371e-01   6.718364e-02
4.529333000000000276e+00   1.635878e-01   6.763786e-02
4.534043999999999741e+00   2.021944e-01   6.813244e-02
4.538755000000000095e+00   6.184842e-02   6.838508e-02
4.543466999999999700e+00   5.322994e-02   6.867279e-02
4.548178000000000054e+00   3.287277e-02   6.915593e-02
4.552889000000000408e+00   1.143000e-01   6.975132e-02
4.557599999999999874e+00   1.745828e-01   7.029047e-02
4.562312000000000367e+00   1.036246e-01   7.068931e-02
4.567022999999999833e+00   1.493412e-01   7.113039e-02
4.571734000000000187e+00   1.430609e-01   7.153447e-02
4.576444999999999652e+00   8.148336e-02   7.193882e-02
4.581157000000000146e+00   1.923190e-01   7.265360e-02
4.585867999999999611e+00   2.039064e-01   7.316844e-02
4.590578999999999965e+00   8.579289e-02   7.362493e-02
4.595290000000000319e+00   1.435982e-01   7.426765e-02
4.600001999999999924e+00   2.021693e-01   7.470891e-02
4.604713000000000278e+00   2.726034e-01   7.528092e-02
4.609423999999999744e+00   1.965526e-01   7.570814e-02
4.614135000000000097e+00   2.165538e-01   7.637352e-02
4.618846999999999703e+00   2.932537e-01   7.701148e-02
4.623558000000000057e+00   2.040459e-01   7.740144e-02
4.628269000000000410e+00   6.172381e-02   7.786203e-02
4.632979999999999876e+00   2.154596e-01   7.866716e-02
4.637692000000000370e+00   2.421619e-01   7.931010e-02
4.642402999999999835e+00   1.114542e-01   7.986969e-02
4.647114000000000189e+00   2.098017e-01   8.059920e-02
4.651825999999999794e+00   1.515004e-01   8.122604e-02
4.656537000000000148e+00   1.080409e-01   8.176962e-02
4.661247999999999614e+00   4.205941e-02   8.251489e-02
4.665958999999999968e+00   1.692147e-01   8.335697e-02
4.670670999999999573e+00   2.648482e-01   8.424254e-02
4.675381999999999927e+00   1.983100e-01   8.500284e-02
4.680093000000000281e+00  -6.896172e-02   8.557429e-02
4.684803999999999746e+00   1.377227e-01   8.658430e-02
4.689516000000000240e+00   1.119055e-01   8.711610e-02
4.694226999999999705e+00   2.449322e-01   8.800747e-02
4.698938000000000059e+00   1.568868e-01   8.893027e-02
4.703649000000000413e+00   1.868454e-01   8.985824e-02
4.708361000000000018e+00   2.380793e-01   9.077857e-02
4.713072000000000372e+00   1.418739e-01   9.192861e-02
4.717782999999999838e+00   4.918774e-02   9.283372e-02
4.722494000000000192e+00   1.128663e-01   9.356395e-02
4.727205999999999797e+00   6.815334e-02   9.463357e-02
4.731917000000000151e+00   1.418836e-01   9.608119e-02
4.736627999999999616e+00   2.006863e-01   9.683529e-02
4.741338999999999970e+00   1.674062e-02   9.778182e-02
4.746050999999999576e+00   1.872222e-01   9.943661e-02
4.750761999999999929e+00   1.945515e-01   1.005321e-01
4.755473000000000283e+00   2.098063e-01   1.016996e-01
4.760183999999999749e+00   3.356718e-01   1.033434e-01
4.764896000000000242e+00   3.571570e-01   1.050687e-01
4.769606999999999708e+00   4.204067e-01   1.064804e-01
4.774318000000000062e+00   2.695910e-01   1.076068e-01
4.779029000000000416e+00   1.832499e-01   1.090228e-01
4.783741000000000021e+00   1.365780e-01   1.105209e-01
4.788452000000000375e+00   8.961238e-02   1.118408e-01
4.793162999999999840e+00   1.672946e-01   1.142077e-01
4.797874000000000194e+00   2.733740e-01   1.162031e-01
4.802585999999999800e+00   2.481561e-01   1.176869e-01
4.807297000000000153e+00   1.685765e-01   1.196801e-01
4.812007999999999619e+00   1.028761e-01   1.213261e-01
4.816718999999999973e+00  -1.373322e-02   1.236357e-01
4.821430999999999578e+00  -4.717930e-02   1.260893e-01
4.826141999999999932e+00   1.236082e-02   1.286042e-01
4.830853000000000286e+00   2.850568e-01   1.322551e-01
4.835564999999999891e+00   8.888330e-02   1.347433e-01
4.840276000000000245e+00   1.283132e-03   1.369657e-01
4.844986999999999711e+00   1.107563e-01   1.405392e-01
4.849698000000000064e+00   1.550148e-01   1.439370e-01
4.854409999999999670e+00   1.625447e-01   1.478425e-01
4.859121000000000024e+00   1.795931e-01   1.522469e-01
4.863832000000000377e+00   1.801374e-01   1.565258e-01
4.868542999999999843e+00   3.311439e-01   1.624192e-01
4.873255000000000337e+00   3.625343e-01   1.664700e-01
4.877965999999999802e+00   2.090687e-01   1.719624e-01
4.882677000000000156e+00   2.423056e-01   1.795687e-01
4.887387999999999622e+00   3.955671e-01   1.862973e-01
4.892100000000000115e+00   5.312699e-01   1.942595e-01
4.896810999999999581e+00  -9.933181e-02   2.024569e-01
4.901521999999999935e+00  -2.913649e-01   2.116796e-01
4.906233000000000288e+00   1.822246e-01   2.260687e-01
4.910944999999999894e+00   2.261553e-01   2.419174e-01
4.915656000000000247e+00   7.101854e-02   2.596691e-01
4.920366999999999713e+00   1.021841e-01   2.822071e-01
4.925078000000000067e+00   4.803735e-01   3.151682e-01
4.929789999999999672e+00   2.692887e-01   3.581601e-01
4.934501000000000026e+00  -2.855777e-01   4.263712e-01
4.939212000000000380e+00  -3.714634e-02   5.563543e-01
4.943922999999999845e+00  -8.259765e-01   9.881645e-01