# [1]
# Sample c= 1.93 mg/ml
# Intensity scaled by concentration
# Buffer subtracted data file:
# Protein DatFile = /data/visitor/mx1908/bm29/20161119/giulio/1d/mM25_002_ave.dat
# Buffer DatFile = /data/visitor/mx1908/bm29/20161119/giulio/1d/mM25_001_ave.dat
# 
# AutoRg: Rg   =   0.8095 +/- 0.28 ( 35.0%)
# AutoRg: I(0) =   1.77 +/- 0.0163
# AutoRg: Points   152 to 258 ( 107 total)
# AutoRg: Quality: 65.4%
# 
# 
# Sample Information:
# Storage Temperature (degrees C): 20.0
# Measurement Temperature (degrees C): 19.98
# Concentration: 1.93
# Code: 
3.479420999999999903e-02   1.796927e+01   4.211517e+00
3.950545999999999919e-02   1.818055e+01   1.656493e+00
4.421672000000000102e-02   1.379232e+01   1.076159e+00
4.892798000000000286e-02   1.055117e+01   8.206532e-01
5.363923000000000302e-02   7.856431e+00   6.552108e-01
5.835048999999999791e-02   5.643188e+00   5.361905e-01
6.306174999999999975e-02   4.234092e+00   4.443021e-01
6.777299999999999991e-02   4.395088e+00   3.768217e-01
7.248425999999999481e-02   3.150423e+00   3.256418e-01
7.719552000000000358e-02   2.380391e+00   2.860529e-01
8.190677000000000374e-02   2.228280e+00   2.523305e-01
8.661802999999999864e-02   2.039977e+00   2.256899e-01
9.132928999999999353e-02   1.668347e+00   2.052409e-01
9.604053999999999369e-02   1.865695e+00   1.883882e-01
1.007518000000000025e-01   1.744413e+00   1.735142e-01
1.054631000000000041e-01   1.570031e+00   1.606049e-01
1.101743000000000028e-01   1.602036e+00   1.500535e-01
1.148856000000000044e-01   1.582310e+00   1.408165e-01
1.195968000000000031e-01   1.504412e+00   1.324132e-01
1.243081000000000047e-01   1.403893e+00   1.253150e-01
1.290193000000000034e-01   1.315093e+00   1.194691e-01
1.337306000000000050e-01   1.368116e+00   1.142008e-01
1.384419000000000066e-01   1.249704e+00   1.094193e-01
1.431531000000000053e-01   1.344946e+00   1.050632e-01
1.478644000000000069e-01   1.273911e+00   1.013401e-01
1.525756000000000057e-01   1.260018e+00   9.803174e-02
1.572869000000000073e-01   1.294635e+00   9.492146e-02
1.619981000000000060e-01   1.206210e+00   9.179721e-02
1.667094000000000076e-01   1.170964e+00   8.940801e-02
1.714206000000000063e-01   1.251123e+00   8.700834e-02
1.761319000000000079e-01   1.350235e+00   8.473905e-02
1.808432000000000095e-01   1.209178e+00   8.263396e-02
1.855544000000000082e-01   1.249463e+00   8.089605e-02
1.902657000000000098e-01   1.255145e+00   7.932358e-02
1.949769000000000085e-01   1.314054e+00   7.793637e-02
1.996882000000000101e-01   1.182876e+00   7.629907e-02
2.043994000000000089e-01   1.226550e+00   7.489329e-02
2.091107000000000105e-01   1.113067e+00   7.363372e-02
2.138220000000000121e-01   1.143669e+00   7.252261e-02
2.185332000000000108e-01   1.237701e+00   7.127840e-02
2.232445000000000124e-01   1.299528e+00   7.018696e-02
2.279557000000000111e-01   1.306875e+00   6.921204e-02
2.326670000000000127e-01   1.267519e+00   6.811989e-02
2.373782000000000114e-01   1.286851e+00   6.722356e-02
2.420895000000000130e-01   1.205410e+00   6.616269e-02
2.468007000000000117e-01   1.292308e+00   6.541843e-02
2.515120000000000133e-01   1.363638e+00   6.467861e-02
2.562232999999999872e-01   1.317669e+00   6.380160e-02
2.609345000000000137e-01   1.363789e+00   6.299991e-02
2.656457999999999875e-01   1.376998e+00   6.246326e-02
2.703570000000000140e-01   1.353542e+00   6.171485e-02
2.750682999999999878e-01   1.298649e+00   6.110937e-02
2.797795000000000143e-01   1.305115e+00   6.043274e-02
2.844907999999999881e-01   1.362018e+00   5.989231e-02
2.892021000000000175e-01   1.277422e+00   5.929684e-02
2.939132999999999885e-01   1.346950e+00   5.870844e-02
2.986246000000000178e-01   1.275576e+00   5.812302e-02
3.033357999999999888e-01   1.323407e+00   5.771118e-02
3.080471000000000181e-01   1.395286e+00   5.716019e-02
3.127582999999999891e-01   1.320420e+00   5.665177e-02
3.174696000000000184e-01   1.266234e+00   5.606688e-02
3.221808999999999923e-01   1.333535e+00   5.567523e-02
3.268921000000000188e-01   1.358414e+00   5.517536e-02
3.316033999999999926e-01   1.308481e+00   5.478803e-02
3.363146000000000191e-01   1.353001e+00   5.526376e-02
3.410258999999999929e-01   1.337453e+00   5.566266e-02
3.457371000000000194e-01   1.301039e+00   5.592258e-02
3.504483999999999932e-01   1.237901e+00   5.677001e-02
3.551596000000000197e-01   1.355627e+00   5.783186e-02
3.598708999999999936e-01   1.386023e+00   5.853593e-02
3.645822000000000229e-01   1.370812e+00   5.912499e-02
3.692933999999999939e-01   1.336049e+00   5.959955e-02
3.740047000000000232e-01   1.320998e+00   6.005658e-02
3.787158999999999942e-01   1.269771e+00   6.038514e-02
3.834272000000000236e-01   1.393321e+00   6.080093e-02
3.881383999999999945e-01   1.357955e+00   6.113099e-02
3.928497000000000239e-01   1.389356e+00   6.246670e-02
3.975609999999999977e-01   1.408407e+00   6.430012e-02
4.022722000000000242e-01   1.411763e+00   6.567083e-02
4.069834999999999980e-01   1.501941e+00   6.696680e-02
4.116947000000000245e-01   1.459115e+00   6.804920e-02
4.164059999999999984e-01   1.369243e+00   6.893345e-02
4.211172000000000248e-01   1.395162e+00   6.987317e-02
4.258284999999999987e-01   1.462440e+00   7.099956e-02
4.305397000000000252e-01   1.372914e+00   7.198964e-02
4.352509999999999990e-01   1.461020e+00   7.288315e-02
4.399622999999999728e-01   1.414949e+00   7.401204e-02
4.446734999999999993e-01   1.359298e+00   7.529143e-02
4.493847999999999732e-01   1.462734e+00   7.656903e-02
4.540959999999999996e-01   1.420203e+00   7.709720e-02
4.588072999999999735e-01   1.382910e+00   7.448262e-02
4.635185000000000000e-01   1.367300e+00   7.264702e-02
4.682297999999999738e-01   1.450683e+00   7.155845e-02
4.729411000000000032e-01   1.358775e+00   7.079872e-02
4.776522999999999741e-01   1.452541e+00   7.010139e-02
4.823636000000000035e-01   1.432698e+00   6.944971e-02
4.870747999999999744e-01   1.504937e+00   6.915316e-02
4.917861000000000038e-01   1.461889e+00   6.866620e-02
4.964972999999999748e-01   1.437029e+00   6.834269e-02
5.012086000000000041e-01   1.389205e+00   6.801894e-02
5.059198999999999780e-01   1.455881e+00   6.775962e-02
5.106311000000000044e-01   1.516387e+00   6.742982e-02
5.153423999999999783e-01   1.482179e+00   6.705546e-02
5.200536000000000048e-01   1.468199e+00   6.644915e-02
5.247648999999999786e-01   1.518274e+00   6.608118e-02
5.294761000000000051e-01   1.459273e+00   6.559505e-02
5.341873999999999789e-01   1.442571e+00   6.500304e-02
5.388986000000000054e-01   1.411579e+00   6.460001e-02
5.436098999999999792e-01   1.439404e+00   6.418537e-02
5.483211999999999531e-01   1.365009e+00   6.373066e-02
5.530323999999999796e-01   1.434592e+00   6.345712e-02
5.577436999999999534e-01   1.549531e+00   6.306154e-02
5.624548999999999799e-01   1.467838e+00   6.261265e-02
5.671661999999999537e-01   1.550292e+00   6.242681e-02
5.718773999999999802e-01   1.521998e+00   6.209925e-02
5.765886999999999540e-01   1.552356e+00   6.200243e-02
5.813000000000000389e-01   1.575954e+00   6.186922e-02
5.860111999999999544e-01   1.582025e+00   6.174295e-02
5.907225000000000392e-01   1.495686e+00   6.155127e-02
5.954336999999999547e-01   1.507424e+00   6.146125e-02
6.001450000000000395e-01   1.491039e+00   6.136754e-02
6.048561999999999550e-01   1.498035e+00   6.117881e-02
6.095675000000000399e-01   1.463927e+00   6.119264e-02
6.142788000000000137e-01   1.618941e+00   6.100164e-02
6.189900000000000402e-01   1.539946e+00   6.072695e-02
6.237013000000000140e-01   1.554090e+00   6.056051e-02
6.284125000000000405e-01   1.537243e+00   6.050611e-02
6.331238000000000143e-01   1.533984e+00   6.020953e-02
6.378350000000000408e-01   1.584196e+00   6.011085e-02
6.425463000000000147e-01   1.542637e+00   5.999618e-02
6.472575000000000411e-01   1.581389e+00   5.987842e-02
6.519688000000000150e-01   1.536273e+00   5.964508e-02
6.566800999999999888e-01   1.626723e+00   5.959908e-02
6.613913000000000153e-01   1.578708e+00   5.938374e-02
6.661025999999999891e-01   1.572209e+00   5.942971e-02
6.708138000000000156e-01   1.568945e+00   5.919342e-02
6.755250999999999895e-01   1.544582e+00   5.904534e-02
6.802363000000000159e-01   1.459005e+00   5.886017e-02
6.849475999999999898e-01   1.551889e+00   5.881107e-02
6.896588999999999636e-01   1.614030e+00   5.872919e-02
6.943700999999999901e-01   1.535450e+00   5.849495e-02
6.990813999999999639e-01   1.515234e+00   5.834400e-02
7.037925999999999904e-01   1.474354e+00   5.822213e-02
7.085038999999999643e-01   1.462650e+00   5.810285e-02
7.132150999999999907e-01   1.443020e+00   5.789906e-02
7.179263999999999646e-01   1.479052e+00   5.787826e-02
7.226375999999999911e-01   1.446608e+00   5.773327e-02
7.273488999999999649e-01   1.477311e+00   5.762343e-02
7.320602000000000498e-01   1.549964e+00   5.749734e-02
7.367713999999999652e-01   1.522489e+00   5.740468e-02
7.414827000000000501e-01   1.481971e+00   5.733542e-02
7.461938999999999655e-01   1.530877e+00   5.720295e-02
7.509052000000000504e-01   1.531614e+00   5.708495e-02
7.556163999999999659e-01   1.499775e+00   5.686862e-02
7.603277000000000507e-01   1.554967e+00   5.688337e-02
7.650390000000000246e-01   1.553408e+00   5.666205e-02
7.697502000000000510e-01   1.532479e+00   5.647100e-02
7.744615000000000249e-01   1.459710e+00   5.650823e-02
7.791727000000000514e-01   1.522778e+00   5.636431e-02
7.838840000000000252e-01   1.593332e+00   5.627189e-02
7.885952000000000517e-01   1.552860e+00   5.613423e-02
7.933065000000000255e-01   1.512424e+00   5.593656e-02
7.980177999999999994e-01   1.484019e+00   5.587372e-02
8.027290000000000258e-01   1.614257e+00   5.572610e-02
8.074402999999999997e-01   1.618834e+00   5.567244e-02
8.121515000000000262e-01   1.529442e+00   5.553563e-02
8.168628000000000000e-01   1.534607e+00   5.534549e-02
8.215740000000000265e-01   1.506502e+00   5.536816e-02
8.262853000000000003e-01   1.501926e+00   5.527020e-02
8.309965000000000268e-01   1.495929e+00   5.506730e-02
8.357078000000000007e-01   1.527632e+00   5.498199e-02
8.404190999999999745e-01   1.544594e+00   5.490864e-02
8.451303000000000010e-01   1.511168e+00   5.471903e-02
8.498415999999999748e-01   1.526180e+00   5.465171e-02
8.545528000000000013e-01   1.504029e+00   5.458474e-02
8.592640999999999751e-01   1.516144e+00   5.444783e-02
8.639753000000000016e-01   1.514795e+00   5.439313e-02
8.686865999999999755e-01   1.448778e+00   5.423563e-02
8.733978999999999493e-01   1.440133e+00   5.414579e-02
8.781090999999999758e-01   1.486188e+00   5.400991e-02
8.828203999999999496e-01   1.526044e+00   5.392159e-02
8.875315999999999761e-01   1.538151e+00   5.379893e-02
8.922428999999999499e-01   1.438977e+00   5.370095e-02
8.969540999999999764e-01   1.470242e+00   5.358336e-02
9.016653999999999503e-01   1.487679e+00   5.347937e-02
9.063767000000000351e-01   1.540604e+00   5.334567e-02
9.110878999999999506e-01   1.455281e+00   5.328078e-02
9.157992000000000354e-01   1.420279e+00   5.316120e-02
9.205103999999999509e-01   1.469534e+00   5.310161e-02
9.252217000000000358e-01   1.496611e+00   5.301195e-02
9.299328999999999512e-01   1.511436e+00   5.286614e-02
9.346442000000000361e-01   1.557554e+00   5.280873e-02
9.393553999999999515e-01   1.502513e+00   5.268569e-02
9.440667000000000364e-01   1.517416e+00   5.257177e-02
9.487780000000000102e-01   1.446656e+00   5.246825e-02
9.534892000000000367e-01   1.517612e+00   5.238900e-02
9.582005000000000106e-01   1.508968e+00   5.228433e-02
9.629117000000000370e-01   1.487234e+00   5.219363e-02
9.676230000000000109e-01   1.496206e+00   5.206229e-02
9.723342000000000374e-01   1.456800e+00   5.200383e-02
9.770455000000000112e-01   1.456384e+00   5.192339e-02
9.817567999999999850e-01   1.507265e+00   5.189573e-02
9.864680000000000115e-01   1.396331e+00   5.172234e-02
9.911792999999999854e-01   1.381249e+00   5.163232e-02
9.958905000000000118e-01   1.415868e+00   5.157965e-02
1.000601999999999991e+00   1.397881e+00   5.148580e-02
1.005312999999999901e+00   1.397182e+00   5.129703e-02
1.010024000000000033e+00   1.416972e+00   5.124054e-02
1.014736000000000082e+00   1.417921e+00   5.113746e-02
1.019446999999999992e+00   1.371907e+00   5.107512e-02
1.024157999999999902e+00   1.407124e+00   5.096100e-02
1.028869000000000034e+00   1.398050e+00   5.098840e-02
1.033581000000000083e+00   1.335284e+00   5.079887e-02
1.038291999999999993e+00   1.321696e+00   5.068081e-02
1.043002999999999902e+00   1.415292e+00   5.068892e-02
1.047714000000000034e+00   1.403978e+00   5.053509e-02
1.052426000000000084e+00   1.406893e+00   5.051767e-02
1.057136999999999993e+00   1.396063e+00   5.040064e-02
1.061847999999999903e+00   1.385959e+00   5.030880e-02
1.066559000000000035e+00   1.387827e+00   5.012589e-02
1.071271000000000084e+00   1.396743e+00   5.008130e-02
1.075981999999999994e+00   1.320207e+00   4.998768e-02
1.080692999999999904e+00   1.319513e+00   4.993920e-02
1.085404000000000035e+00   1.357605e+00   4.986915e-02
1.090116000000000085e+00   1.390706e+00   4.976553e-02
1.094826999999999995e+00   1.381222e+00   4.971816e-02
1.099537999999999904e+00   1.420325e+00   4.962489e-02
1.104249000000000036e+00   1.322735e+00   4.952151e-02
1.108961000000000086e+00   1.348909e+00   4.941479e-02
1.113671999999999995e+00   1.404440e+00   4.938809e-02
1.118382999999999905e+00   1.302600e+00   4.923493e-02
1.123094000000000037e+00   1.328957e+00   4.914083e-02
1.127806000000000086e+00   1.354373e+00   4.906131e-02
1.132516999999999996e+00   1.371826e+00   4.895092e-02
1.137227999999999906e+00   1.370743e+00   4.900446e-02
1.141939000000000037e+00   1.298583e+00   4.882323e-02
1.146651000000000087e+00   1.316472e+00   4.873417e-02
1.151361999999999997e+00   1.290619e+00   4.865214e-02
1.156072999999999906e+00   1.364665e+00   4.866661e-02
1.160784000000000038e+00   1.335009e+00   4.861642e-02
1.165496000000000087e+00   1.265989e+00   4.844108e-02
1.170206999999999997e+00   1.287865e+00   4.834761e-02
1.174917999999999907e+00   1.294241e+00   4.832855e-02
1.179629999999999956e+00   1.335965e+00   4.828616e-02
1.184341000000000088e+00   1.361444e+00   4.817987e-02
1.189051999999999998e+00   1.319026e+00   4.805328e-02
1.193762999999999908e+00   1.273537e+00   4.807991e-02
1.198474999999999957e+00   1.314648e+00   4.914798e-02
1.203186000000000089e+00   1.298607e+00   5.039923e-02
1.207896999999999998e+00   1.252417e+00   5.127029e-02
1.212607999999999908e+00   1.277959e+00   5.194540e-02
1.217319999999999958e+00   1.242819e+00   5.250147e-02
1.222031000000000089e+00   1.283424e+00   5.307272e-02
1.226741999999999999e+00   1.218228e+00   5.357913e-02
1.231452999999999909e+00   1.271649e+00   5.407643e-02
1.236164999999999958e+00   1.221303e+00   5.450445e-02
1.240876000000000090e+00   1.258242e+00   5.494015e-02
1.245587000000000000e+00   1.298825e+00   5.512011e-02
1.250297999999999909e+00   1.368973e+00   5.522831e-02
1.255009999999999959e+00   1.208090e+00   5.539438e-02
1.259721000000000091e+00   1.226055e+00   5.535699e-02
1.264432000000000000e+00   1.219822e+00   5.347680e-02
1.269142999999999910e+00   1.236320e+00   5.209006e-02
1.273854999999999960e+00   1.216468e+00   5.122280e-02
1.278566000000000091e+00   1.185836e+00   5.053041e-02
1.283277000000000001e+00   1.216350e+00   5.005759e-02
1.287987999999999911e+00   1.175765e+00   4.956463e-02
1.292699999999999960e+00   1.149538e+00   4.921419e-02
1.297411000000000092e+00   1.177104e+00   4.875560e-02
1.302122000000000002e+00   1.159305e+00   4.834620e-02
1.306832999999999911e+00   1.218453e+00   4.803299e-02
1.311544999999999961e+00   1.263448e+00   4.792524e-02
1.316256000000000093e+00   1.268836e+00   4.780973e-02
1.320967000000000002e+00   1.188172e+00   4.770540e-02
1.325677999999999912e+00   1.179719e+00   4.761990e-02
1.330389999999999961e+00   1.174496e+00   4.745631e-02
1.335101000000000093e+00   1.202445e+00   4.737790e-02
1.339812000000000003e+00   1.158255e+00   4.725989e-02
1.344522999999999913e+00   1.140101e+00   4.717856e-02
1.349234999999999962e+00   1.111879e+00   4.703349e-02
1.353946000000000094e+00   1.089967e+00   4.694020e-02
1.358657000000000004e+00   1.173002e+00   4.688515e-02
1.363369000000000053e+00   1.155671e+00   4.677254e-02
1.368079999999999963e+00   1.111701e+00   4.667859e-02
1.372791000000000095e+00   1.190985e+00   4.661918e-02
1.377502000000000004e+00   1.166375e+00   4.650756e-02
1.382214000000000054e+00   1.155127e+00   4.643591e-02
1.386924999999999963e+00   1.168252e+00   4.636971e-02
1.391636000000000095e+00   1.178634e+00   4.625021e-02
1.396347000000000005e+00   1.102101e+00   4.617144e-02
1.401059000000000054e+00   1.076032e+00   4.607791e-02
1.405769999999999964e+00   1.129000e+00   4.600928e-02
1.410481000000000096e+00   1.085165e+00   4.592565e-02
1.415192000000000005e+00   1.075466e+00   4.588280e-02
1.419904000000000055e+00   1.086448e+00   4.579108e-02
1.424614999999999965e+00   1.063340e+00   4.572424e-02
1.429326000000000096e+00   1.044687e+00   4.563670e-02
1.434037000000000006e+00   1.091191e+00   4.551491e-02
1.438749000000000056e+00   1.045837e+00   4.544515e-02
1.443459999999999965e+00   1.054918e+00   4.538674e-02
1.448171000000000097e+00   1.036847e+00   4.531119e-02
1.452882000000000007e+00   9.961769e-01   4.523825e-02
1.457594000000000056e+00   9.664813e-01   4.514775e-02
1.462304999999999966e+00   1.028863e+00   4.512485e-02
1.467016000000000098e+00   1.093700e+00   4.502013e-02
1.471727000000000007e+00   9.472596e-01   4.500065e-02
1.476439000000000057e+00   1.010726e+00   4.490328e-02
1.481149999999999967e+00   1.079570e+00   4.481359e-02
1.485861000000000098e+00   1.049584e+00   4.470040e-02
1.490572000000000008e+00   9.921291e-01   4.466944e-02
1.495284000000000058e+00   9.326652e-01   4.454345e-02
1.499994999999999967e+00   9.765153e-01   4.448363e-02
1.504706000000000099e+00   9.512112e-01   4.445416e-02
1.509417000000000009e+00   9.536967e-01   4.444466e-02
1.514129000000000058e+00   9.989139e-01   4.456052e-02
1.518839999999999968e+00   9.891518e-01   4.577952e-02
1.523551000000000100e+00   9.878022e-01   4.674370e-02
1.528262999999999927e+00   1.054949e+00   4.743425e-02
1.532974000000000059e+00   9.315588e-01   4.796912e-02
1.537684999999999969e+00   9.513314e-01   4.841731e-02
1.542396000000000100e+00   9.718170e-01   4.847746e-02
1.547107999999999928e+00   9.513726e-01   4.722820e-02
1.551819000000000059e+00   9.804354e-01   4.660260e-02
1.556529999999999969e+00   9.726443e-01   4.611236e-02
1.561241000000000101e+00   9.948895e-01   4.563834e-02
1.565952999999999928e+00   9.989967e-01   4.524273e-02
1.570664000000000060e+00   9.150942e-01   4.476157e-02
1.575374999999999970e+00   9.401187e-01   4.429304e-02
1.580086000000000102e+00   9.569004e-01   4.393407e-02
1.584797999999999929e+00   9.818559e-01   4.370717e-02
1.589509000000000061e+00   9.629476e-01   4.357848e-02
1.594219999999999970e+00   9.435432e-01   4.356143e-02
1.598931000000000102e+00   9.091123e-01   4.360386e-02
1.603642999999999930e+00   9.790256e-01   4.364166e-02
1.608354000000000061e+00   9.065827e-01   4.369543e-02
1.613064999999999971e+00   8.743204e-01   4.363433e-02
1.617776000000000103e+00   8.450737e-01   4.354018e-02
1.622487999999999930e+00   8.787803e-01   4.352169e-02
1.627199000000000062e+00   8.831052e-01   4.342183e-02
1.631909999999999972e+00   8.207417e-01   4.329901e-02
1.636621000000000103e+00   8.475352e-01   4.326525e-02
1.641332999999999931e+00   8.859367e-01   4.319775e-02
1.646044000000000063e+00   8.479300e-01   4.310706e-02
1.650754999999999972e+00   8.889211e-01   4.305866e-02
1.655466000000000104e+00   9.413936e-01   4.297790e-02
1.660177999999999932e+00   9.411961e-01   4.290043e-02
1.664889000000000063e+00   8.477026e-01   4.284342e-02
1.669599999999999973e+00   8.560083e-01   4.273699e-02
1.674311000000000105e+00   8.530270e-01   4.266630e-02
1.679022999999999932e+00   9.050421e-01   4.261379e-02
1.683734000000000064e+00   8.392244e-01   4.263219e-02
1.688444999999999974e+00   8.033367e-01   4.252109e-02
1.693156000000000105e+00   8.347706e-01   4.241351e-02
1.697867999999999933e+00   8.794351e-01   4.237090e-02
1.702579000000000065e+00   7.660222e-01   4.231920e-02
1.707289999999999974e+00   7.829238e-01   4.225474e-02
1.712002000000000024e+00   8.315910e-01   4.218679e-02
1.716712999999999933e+00   7.924453e-01   4.214614e-02
1.721424000000000065e+00   8.459383e-01   4.213687e-02
1.726134999999999975e+00   8.464746e-01   4.206463e-02
1.730847000000000024e+00   8.254247e-01   4.194849e-02
1.735557999999999934e+00   8.373830e-01   4.192468e-02
1.740269000000000066e+00   8.218877e-01   4.184975e-02
1.744979999999999976e+00   8.468340e-01   4.180144e-02
1.749692000000000025e+00   9.030911e-01   4.175421e-02
1.754402999999999935e+00   8.505762e-01   4.169404e-02
1.759114000000000066e+00   8.367735e-01   4.163210e-02
1.763824999999999976e+00   8.329047e-01   4.157688e-02
1.768537000000000026e+00   8.212595e-01   4.151535e-02
1.773247999999999935e+00   7.840401e-01   4.150958e-02
1.777959000000000067e+00   7.868503e-01   4.149683e-02
1.782669999999999977e+00   7.948931e-01   4.138536e-02
1.787382000000000026e+00   7.451209e-01   4.130586e-02
1.792092999999999936e+00   7.088175e-01   4.128542e-02
1.796804000000000068e+00   7.468556e-01   4.118327e-02
1.801514999999999977e+00   7.998778e-01   4.117781e-02
1.806227000000000027e+00   7.948818e-01   4.113444e-02
1.810937999999999937e+00   8.002462e-01   4.102457e-02
1.815649000000000068e+00   8.084633e-01   4.100390e-02
1.820359999999999978e+00   7.470959e-01   4.089819e-02
1.825072000000000028e+00   7.683543e-01   4.085425e-02
1.829782999999999937e+00   7.750859e-01   4.080151e-02
1.834494000000000069e+00   7.237263e-01   4.075890e-02
1.839204999999999979e+00   7.451961e-01   4.074410e-02
1.843917000000000028e+00   7.482065e-01   4.066074e-02
1.848627999999999938e+00   7.626284e-01   4.060104e-02
1.853339000000000070e+00   7.645602e-01   4.055466e-02
1.858049999999999979e+00   7.083849e-01   4.051239e-02
1.862762000000000029e+00   7.364746e-01   4.046376e-02
1.867472999999999939e+00   6.999628e-01   4.038932e-02
1.872184000000000070e+00   7.068403e-01   4.035548e-02
1.876894999999999980e+00   7.447466e-01   4.027497e-02
1.881607000000000030e+00   7.220785e-01   4.022604e-02
1.886317999999999939e+00   6.929887e-01   4.022995e-02
1.891029000000000071e+00   7.649406e-01   4.017795e-02
1.895740999999999898e+00   7.097450e-01   4.010277e-02
1.900452000000000030e+00   7.518206e-01   4.004946e-02
1.905162999999999940e+00   7.291022e-01   4.001786e-02
1.909874000000000072e+00   7.611353e-01   3.995152e-02
1.914585999999999899e+00   7.326130e-01   3.993672e-02
1.919297000000000031e+00   6.498702e-01   3.988271e-02
1.924007999999999940e+00   6.363844e-01   3.977983e-02
1.928719000000000072e+00   7.184172e-01   3.973128e-02
1.933430999999999900e+00   6.564657e-01   3.968344e-02
1.938142000000000031e+00   6.722268e-01   3.956811e-02
1.942852999999999941e+00   7.106993e-01   3.949576e-02
1.947564000000000073e+00   7.048051e-01   3.937213e-02
1.952275999999999900e+00   6.304000e-01   3.925774e-02
1.956987000000000032e+00   6.972504e-01   3.925734e-02
1.961697999999999942e+00   7.195461e-01   3.919597e-02
1.966409000000000074e+00   6.331622e-01   3.909496e-02
1.971120999999999901e+00   6.466717e-01   3.909653e-02
1.975832000000000033e+00   7.200306e-01   3.908148e-02
1.980542999999999942e+00   6.796865e-01   3.906356e-02
1.985254000000000074e+00   6.758759e-01   3.903517e-02
1.989965999999999902e+00   7.045552e-01   3.909623e-02
1.994677000000000033e+00   6.738394e-01   3.913637e-02
1.999387999999999943e+00   6.158617e-01   3.918782e-02
2.004099000000000075e+00   6.670566e-01   4.011944e-02
2.008811000000000124e+00   6.540918e-01   4.095991e-02
2.013522000000000034e+00   7.182812e-01   4.145811e-02
2.018232999999999944e+00   7.022055e-01   4.196513e-02
2.022943999999999853e+00   6.656850e-01   4.236282e-02
2.027655999999999903e+00   6.181089e-01   4.272320e-02
2.032366999999999813e+00   5.908700e-01   4.295539e-02
2.037078000000000166e+00   6.304877e-01   4.306525e-02
2.041789000000000076e+00   6.501622e-01   4.318537e-02
2.046501000000000126e+00   6.110395e-01   4.332540e-02
2.051212000000000035e+00   5.805718e-01   4.341624e-02
2.055922999999999945e+00   5.811126e-01   4.356016e-02
2.060633999999999855e+00   6.683324e-01   4.361938e-02
2.065345999999999904e+00   6.217390e-01   4.351369e-02
2.070056999999999814e+00   6.070270e-01   4.228028e-02
2.074768000000000168e+00   6.569744e-01   4.140419e-02
2.079480000000000217e+00   6.163661e-01   4.086274e-02
2.084191000000000127e+00   6.231479e-01   4.044122e-02
2.088902000000000037e+00   5.836317e-01   4.004275e-02
2.093612999999999946e+00   5.787431e-01   3.974917e-02
2.098324999999999996e+00   5.717243e-01   3.960226e-02
2.103035999999999905e+00   5.580958e-01   3.946123e-02
2.107746999999999815e+00   6.397571e-01   3.938771e-02
2.112458000000000169e+00   6.192618e-01   3.926287e-02
2.117170000000000218e+00   5.902742e-01   3.919016e-02
2.121881000000000128e+00   5.971079e-01   3.911986e-02
2.126592000000000038e+00   6.045290e-01   3.907716e-02
2.131302999999999948e+00   6.344909e-01   3.899940e-02
2.136014999999999997e+00   6.338159e-01   3.891109e-02
2.140725999999999907e+00   5.439338e-01   3.884524e-02
2.145436999999999816e+00   5.722419e-01   3.872816e-02
2.150148000000000170e+00   5.920203e-01   3.868801e-02
2.154860000000000220e+00   6.070039e-01   3.867087e-02
2.159571000000000129e+00   6.066723e-01   3.857129e-02
2.164282000000000039e+00   5.402084e-01   3.850234e-02
2.168992999999999949e+00   5.637190e-01   3.844253e-02
2.173704999999999998e+00   5.434819e-01   3.837203e-02
2.178415999999999908e+00   5.321108e-01   3.828729e-02
2.183126999999999818e+00   5.956479e-01   3.823279e-02
2.187838000000000171e+00   5.734325e-01   3.822274e-02
2.192550000000000221e+00   6.447965e-01   3.816894e-02
2.197261000000000131e+00   5.480139e-01   3.812347e-02
2.201972000000000040e+00   5.625557e-01   3.805798e-02
2.206682999999999950e+00   5.392742e-01   3.798535e-02
2.211395000000000000e+00   5.460233e-01   3.793223e-02
2.216105999999999909e+00   5.224478e-01   3.791479e-02
2.220816999999999819e+00   5.121360e-01   3.781596e-02
2.225528000000000173e+00   5.176867e-01   3.779568e-02
2.230239999999999778e+00   5.320596e-01   3.776130e-02
2.234951000000000132e+00   5.427219e-01   3.773289e-02
2.239662000000000042e+00   5.262860e-01   3.764286e-02
2.244372999999999951e+00   5.448359e-01   3.761043e-02
2.249085000000000001e+00   5.540510e-01   3.756179e-02
2.253795999999999911e+00   5.302015e-01   3.751841e-02
2.258506999999999820e+00   5.345195e-01   3.745125e-02
2.263218999999999870e+00   5.386257e-01   3.738646e-02
2.267929999999999779e+00   5.232029e-01   3.732694e-02
2.272641000000000133e+00   5.569415e-01   3.732118e-02
2.277352000000000043e+00   5.183741e-01   3.727066e-02
2.282064000000000092e+00   5.456116e-01   3.723787e-02
2.286775000000000002e+00   5.171275e-01   3.719116e-02
2.291485999999999912e+00   4.691919e-01   3.717809e-02
2.296196999999999822e+00   4.457526e-01   3.712389e-02
2.300908999999999871e+00   5.060447e-01   3.705463e-02
2.305619999999999781e+00   5.084631e-01   3.698448e-02
2.310331000000000135e+00   5.467112e-01   3.692817e-02
2.315042000000000044e+00   5.282742e-01   3.689932e-02
2.319754000000000094e+00   5.419266e-01   3.679958e-02
2.324465000000000003e+00   5.078656e-01   3.680458e-02
2.329175999999999913e+00   4.929056e-01   3.682310e-02
2.333886999999999823e+00   5.115271e-01   3.671411e-02
2.338598999999999872e+00   4.934204e-01   3.667485e-02
2.343309999999999782e+00   5.255520e-01   3.666313e-02
2.348021000000000136e+00   4.568564e-01   3.659582e-02
2.352732000000000046e+00   4.491731e-01   3.656222e-02
2.357444000000000095e+00   5.138058e-01   3.653205e-02
2.362155000000000005e+00   4.778888e-01   3.648774e-02
2.366865999999999914e+00   4.806965e-01   3.651444e-02
2.371576999999999824e+00   4.875992e-01   3.642985e-02
2.376288999999999874e+00   4.687310e-01   3.634804e-02
2.380999999999999783e+00   5.322101e-01   3.632881e-02
2.385711000000000137e+00   4.890901e-01   3.630627e-02
2.390422000000000047e+00   4.861131e-01   3.628216e-02
2.395134000000000096e+00   4.957430e-01   3.621217e-02
2.399845000000000006e+00   4.342373e-01   3.615274e-02
2.404555999999999916e+00   4.620206e-01   3.611521e-02
2.409266999999999825e+00   4.561923e-01   3.615587e-02
2.413978999999999875e+00   4.484117e-01   3.606969e-02
2.418689999999999785e+00   4.175755e-01   3.600785e-02
2.423401000000000138e+00   4.157615e-01   3.600849e-02
2.428112000000000048e+00   4.692942e-01   3.597561e-02
2.432824000000000098e+00   4.579754e-01   3.593452e-02
2.437535000000000007e+00   4.301444e-01   3.586644e-02
2.442245999999999917e+00   4.600314e-01   3.586869e-02
2.446957999999999966e+00   4.973731e-01   3.587101e-02
2.451668999999999876e+00   4.842104e-01   3.577206e-02
2.456379999999999786e+00   5.065640e-01   3.574500e-02
2.461091000000000140e+00   4.679349e-01   3.573417e-02
2.465803000000000189e+00   4.181229e-01   3.570564e-02
2.470514000000000099e+00   4.101220e-01   3.564741e-02
2.475225000000000009e+00   4.513732e-01   3.558026e-02
2.479935999999999918e+00   4.572704e-01   3.556431e-02
2.484647999999999968e+00   4.014978e-01   3.549999e-02
2.489358999999999877e+00   4.279796e-01   3.547542e-02
2.494069999999999787e+00   4.172060e-01   3.543087e-02
2.498781000000000141e+00   4.471539e-01   3.538130e-02
2.503493000000000190e+00   4.509803e-01   3.538657e-02
2.508204000000000100e+00   4.292712e-01   3.535371e-02
2.512915000000000010e+00   4.232912e-01   3.523402e-02
2.517625999999999920e+00   4.367576e-01   3.517219e-02
2.522337999999999969e+00   4.153054e-01   3.512695e-02
2.527048999999999879e+00   4.190045e-01   3.506535e-02
2.531759999999999788e+00   4.673514e-01   3.503922e-02
2.536471000000000142e+00   4.820784e-01   3.499633e-02
2.541183000000000192e+00   4.486868e-01   3.497341e-02
2.545894000000000101e+00   4.347703e-01   3.493817e-02
2.550605000000000011e+00   4.117670e-01   3.486787e-02
2.555315999999999921e+00   4.284333e-01   3.484200e-02
2.560027999999999970e+00   3.708545e-01   3.483099e-02
2.564738999999999880e+00   4.026291e-01   3.480491e-02
2.569449999999999790e+00   4.697921e-01   3.482249e-02
2.574161000000000143e+00   4.670390e-01   3.480989e-02
2.578873000000000193e+00   4.477560e-01   3.478118e-02
2.583584000000000103e+00   4.070967e-01   3.473591e-02
2.588295000000000012e+00   3.938799e-01   3.474142e-02
2.593005999999999922e+00   4.242548e-01   3.470270e-02
2.597717999999999972e+00   4.303664e-01   3.470470e-02
2.602428999999999881e+00   4.383648e-01   3.464216e-02
2.607139999999999791e+00   3.903632e-01   3.460417e-02
2.611851000000000145e+00   4.351091e-01   3.456075e-02
2.616563000000000194e+00   4.292754e-01   3.455603e-02
2.621274000000000104e+00   3.973868e-01   3.456093e-02
2.625985000000000014e+00   3.793313e-01   3.450792e-02
2.630697000000000063e+00   3.898138e-01   3.442879e-02
2.635407999999999973e+00   4.226406e-01   3.442506e-02
2.640118999999999883e+00   4.078732e-01   3.441707e-02
2.644829999999999792e+00   4.010672e-01   3.440731e-02
2.649541999999999842e+00   4.123710e-01   3.433676e-02
2.654253000000000196e+00   3.955747e-01   3.431091e-02
2.658964000000000105e+00   3.868577e-01   3.427107e-02
2.663675000000000015e+00   4.170368e-01   3.425943e-02
2.668387000000000064e+00   4.076304e-01   3.424240e-02
2.673097999999999974e+00   3.425869e-01   3.422500e-02
2.677808999999999884e+00   4.024594e-01   3.416843e-02
2.682519999999999794e+00   3.873887e-01   3.409843e-02
2.687231999999999843e+00   4.247020e-01   3.411569e-02
2.691943000000000197e+00   4.338370e-01   3.409913e-02
2.696654000000000106e+00   4.569512e-01   3.409142e-02
2.701365000000000016e+00   4.257901e-01   3.405107e-02
2.706077000000000066e+00   3.754191e-01   3.399057e-02
2.710787999999999975e+00   3.897318e-01   3.394085e-02
2.715498999999999885e+00   4.160056e-01   3.395573e-02
2.720209999999999795e+00   4.105568e-01   3.389165e-02
2.724921999999999844e+00   4.174769e-01   3.385114e-02
2.729633000000000198e+00   3.902596e-01   3.382096e-02
2.734344000000000108e+00   3.173217e-01   3.381087e-02
2.739055000000000017e+00   3.562383e-01   3.376039e-02
2.743767000000000067e+00   4.209540e-01   3.373012e-02
2.748477999999999977e+00   3.278501e-01   3.371782e-02
2.753188999999999886e+00   3.492476e-01   3.367458e-02
2.757899999999999796e+00   3.557272e-01   3.362751e-02
2.762611999999999846e+00   3.549502e-01   3.359135e-02
2.767323000000000199e+00   3.759506e-01   3.360235e-02
2.772034000000000109e+00   3.660151e-01   3.358847e-02
2.776745000000000019e+00   4.260924e-01   3.358070e-02
2.781457000000000068e+00   3.887291e-01   3.353286e-02
2.786167999999999978e+00   3.360299e-01   3.346804e-02
2.790878999999999888e+00   3.041924e-01   3.347395e-02
2.795589999999999797e+00   3.370519e-01   3.342987e-02
2.800301999999999847e+00   3.906871e-01   3.338927e-02
2.805013000000000201e+00   3.477904e-01   3.351091e-02
2.809724000000000110e+00   3.642413e-01   3.437199e-02
2.814436000000000160e+00   3.881637e-01   3.494044e-02
2.819147000000000070e+00   3.227507e-01   3.539011e-02
2.823857999999999979e+00   3.693523e-01   3.571275e-02
2.828568999999999889e+00   3.557388e-01   3.584096e-02
2.833280999999999938e+00   3.685911e-01   3.594990e-02
2.837991999999999848e+00   3.733916e-01   3.609288e-02
2.842703000000000202e+00   3.176042e-01   3.619663e-02
2.847414000000000112e+00   3.841226e-01   3.630451e-02
2.852126000000000161e+00   3.615725e-01   3.634704e-02
2.856837000000000071e+00   3.200971e-01   3.644023e-02
2.861547999999999981e+00   3.678812e-01   3.656584e-02
2.866258999999999890e+00   3.642530e-01   3.661104e-02
2.870970999999999940e+00   3.286777e-01   3.633480e-02
2.875681999999999849e+00   2.830550e-01   3.540687e-02
2.880393000000000203e+00   3.253493e-01   3.485510e-02
2.885104000000000113e+00   3.623389e-01   3.449509e-02
2.889816000000000162e+00   3.493067e-01   3.422419e-02
2.894527000000000072e+00   3.494284e-01   3.405899e-02
2.899237999999999982e+00   2.913219e-01   3.394409e-02
2.903948999999999891e+00   2.879985e-01   3.386161e-02
2.908660999999999941e+00   3.261351e-01   3.381406e-02
2.913371999999999851e+00   3.589358e-01   3.375070e-02
2.918083000000000204e+00   3.045121e-01   3.367458e-02
2.922794000000000114e+00   3.322361e-01   3.362395e-02
2.927506000000000164e+00   2.764447e-01   3.354156e-02
2.932217000000000073e+00   3.115961e-01   3.350916e-02
2.936927999999999983e+00   3.610380e-01   3.346247e-02
2.941638999999999893e+00   2.935447e-01   3.339446e-02
2.946350999999999942e+00   3.185005e-01   3.336104e-02
2.951061999999999852e+00   3.461735e-01   3.333167e-02
2.955773000000000206e+00   3.617284e-01   3.329930e-02
2.960484000000000115e+00   2.942807e-01   3.322788e-02
2.965196000000000165e+00   3.074049e-01   3.319426e-02
2.969907000000000075e+00   3.033746e-01   3.313218e-02
2.974617999999999984e+00   3.172436e-01   3.311006e-02
2.979328999999999894e+00   2.609074e-01   3.307372e-02
2.984040999999999944e+00   3.041524e-01   3.299289e-02
2.988751999999999853e+00   3.272971e-01   3.295806e-02
2.993463000000000207e+00   2.943040e-01   3.295302e-02
2.998174999999999812e+00   3.255735e-01   3.291569e-02
3.002886000000000166e+00   3.374322e-01   3.291433e-02
3.007597000000000076e+00   3.382181e-01   3.283325e-02
3.012307999999999986e+00   2.751537e-01   3.278110e-02
3.017020000000000035e+00   2.812559e-01   3.274447e-02
3.021730999999999945e+00   3.037723e-01   3.272709e-02
3.026441999999999855e+00   3.120598e-01   3.266408e-02
3.031153000000000208e+00   3.287591e-01   3.266559e-02
3.035864999999999814e+00   2.688094e-01   3.261406e-02
3.040576000000000167e+00   3.264590e-01   3.260820e-02
3.045287000000000077e+00   2.797724e-01   3.258636e-02
3.049997999999999987e+00   2.752087e-01   3.255237e-02
3.054710000000000036e+00   2.853197e-01   3.247550e-02
3.059420999999999946e+00   3.431159e-01   3.247633e-02
3.064131999999999856e+00   2.725994e-01   3.242173e-02
3.068843000000000210e+00   3.158984e-01   3.239379e-02
3.073554999999999815e+00   2.970282e-01   3.238837e-02
3.078266000000000169e+00   2.764341e-01   3.233068e-02
3.082977000000000078e+00   2.914372e-01   3.232067e-02
3.087687999999999988e+00   2.506420e-01   3.228301e-02
3.092400000000000038e+00   3.464976e-01   3.228421e-02
3.097110999999999947e+00   2.715089e-01   3.223882e-02
3.101821999999999857e+00   2.778978e-01   3.217073e-02
3.106533000000000211e+00   2.695266e-01   3.216178e-02
3.111244999999999816e+00   2.558849e-01   3.213371e-02
3.115956000000000170e+00   2.834580e-01   3.210788e-02
3.120667000000000080e+00   2.608974e-01   3.207525e-02
3.125377999999999989e+00   2.888840e-01   3.205977e-02
3.130090000000000039e+00   3.128031e-01   3.203093e-02
3.134800999999999949e+00   2.443263e-01   3.199510e-02
3.139511999999999858e+00   3.012675e-01   3.192700e-02
3.144223000000000212e+00   2.964683e-01   3.193642e-02
3.148934999999999818e+00   2.820498e-01   3.194014e-02
3.153646000000000171e+00   2.998933e-01   3.189472e-02
3.158357000000000081e+00   3.510585e-01   3.189007e-02
3.163067999999999991e+00   3.275943e-01   3.185937e-02
3.167780000000000040e+00   3.025587e-01   3.182433e-02
3.172490999999999950e+00   3.235534e-01   3.177415e-02
3.177201999999999860e+00   3.079374e-01   3.175046e-02
3.181913999999999909e+00   3.092033e-01   3.175188e-02
3.186624999999999819e+00   2.928997e-01   3.173000e-02
3.191336000000000173e+00   2.796726e-01   3.164409e-02
3.196047000000000082e+00   3.339366e-01   3.159870e-02
3.200759000000000132e+00   2.744921e-01   3.151963e-02
3.205470000000000041e+00   2.124021e-01   3.147507e-02
3.210180999999999951e+00   2.503427e-01   3.146561e-02
3.214891999999999861e+00   2.952052e-01   3.141427e-02
3.219603999999999910e+00   2.809446e-01   3.139990e-02
3.224314999999999820e+00   2.596378e-01   3.140444e-02
3.229026000000000174e+00   2.730029e-01   3.138077e-02
3.233737000000000084e+00   3.078516e-01   3.135147e-02
3.238449000000000133e+00   2.835859e-01   3.129900e-02
3.243160000000000043e+00   2.366513e-01   3.128847e-02
3.247870999999999952e+00   2.733913e-01   3.130031e-02
3.252581999999999862e+00   2.626900e-01   3.128352e-02
3.257293999999999912e+00   2.947555e-01   3.130802e-02
3.262004999999999821e+00   3.191919e-01   3.127340e-02
3.266716000000000175e+00   2.336328e-01   3.125930e-02
3.271427000000000085e+00   2.435431e-01   3.125396e-02
3.276139000000000134e+00   2.760896e-01   3.121215e-02
3.280850000000000044e+00   2.441092e-01   3.117881e-02
3.285560999999999954e+00   2.396108e-01   3.117009e-02
3.290271999999999863e+00   2.417187e-01   3.115865e-02
3.294983999999999913e+00   2.926568e-01   3.111703e-02
3.299694999999999823e+00   2.721467e-01   3.108634e-02
3.304406000000000176e+00   2.389225e-01   3.106486e-02
3.309117000000000086e+00   3.020227e-01   3.104509e-02
3.313829000000000136e+00   2.734592e-01   3.102490e-02
3.318540000000000045e+00   2.781288e-01   3.096117e-02
3.323250999999999955e+00   2.859788e-01   3.095925e-02
3.327961999999999865e+00   2.994988e-01   3.094161e-02
3.332673999999999914e+00   2.898945e-01   3.092714e-02
3.337384999999999824e+00   2.657236e-01   3.093142e-02
3.342096000000000178e+00   2.585347e-01   3.089068e-02
3.346807000000000087e+00   2.762519e-01   3.080887e-02
3.351519000000000137e+00   2.093873e-01   3.079263e-02
3.356230000000000047e+00   2.638538e-01   3.080817e-02
3.360940999999999956e+00   2.585925e-01   3.080223e-02
3.365653000000000006e+00   2.475393e-01   3.076926e-02
3.370363999999999916e+00   2.166575e-01   3.071395e-02
3.375074999999999825e+00   2.334348e-01   3.069334e-02
3.379786000000000179e+00   2.236800e-01   3.068770e-02
3.384497999999999784e+00   2.171889e-01   3.069190e-02
3.389209000000000138e+00   2.538872e-01   3.087691e-02
3.393920000000000048e+00   2.299655e-01   3.160263e-02
3.398630999999999958e+00   2.217560e-01   3.203578e-02
3.403343000000000007e+00   2.249593e-01   3.232287e-02
3.408053999999999917e+00   2.302579e-01   3.254690e-02
3.412764999999999826e+00   2.416112e-01   3.264767e-02
3.417476000000000180e+00   2.274040e-01   3.266351e-02
3.422187999999999786e+00   2.470975e-01   3.271887e-02
3.426899000000000139e+00   2.681138e-01   3.272985e-02
3.431610000000000049e+00   2.478526e-01   3.283774e-02
3.436320999999999959e+00   2.897514e-01   3.290778e-02
3.441033000000000008e+00   2.639009e-01   3.300109e-02
3.445743999999999918e+00   2.272752e-01   3.303165e-02
3.450454999999999828e+00   2.871267e-01   3.310154e-02
3.455166000000000182e+00   2.858575e-01   3.316191e-02
3.459877999999999787e+00   2.647480e-01   3.321286e-02
3.464589000000000141e+00   2.419058e-01   3.329044e-02
3.469300000000000050e+00   2.189906e-01   3.329921e-02
3.474010999999999960e+00   2.931728e-01   3.338232e-02
3.478723000000000010e+00   2.790438e-01   3.342144e-02
3.483433999999999919e+00   2.267058e-01   3.344665e-02
3.488144999999999829e+00   2.122422e-01   3.348557e-02
3.492856000000000183e+00   2.409780e-01   3.354140e-02
3.497567999999999788e+00   2.685079e-01   3.359165e-02
3.502279000000000142e+00   2.443883e-01   3.364498e-02
3.506990000000000052e+00   2.394204e-01   3.365706e-02
3.511700999999999961e+00   2.708409e-01   3.367503e-02
3.516413000000000011e+00   2.531175e-01   3.373088e-02
3.521123999999999921e+00   1.952071e-01   3.377460e-02
3.525834999999999830e+00   2.524822e-01   3.382140e-02
3.530546000000000184e+00   2.508446e-01   3.384448e-02
3.535257999999999790e+00   2.338748e-01   3.388723e-02
3.539969000000000143e+00   2.463098e-01   3.388787e-02
3.544680000000000053e+00   2.081908e-01   3.397192e-02
3.549392000000000102e+00   2.243037e-01   3.402745e-02
3.554103000000000012e+00   2.354873e-01   3.397340e-02
3.558813999999999922e+00   2.947457e-01   3.402197e-02
3.563524999999999832e+00   2.826281e-01   3.409642e-02
3.568236999999999881e+00   2.670959e-01   3.409005e-02
3.572947999999999791e+00   2.548012e-01   3.412437e-02
3.577659000000000145e+00   1.962629e-01   3.416318e-02
3.582370000000000054e+00   2.147813e-01   3.415148e-02
3.587082000000000104e+00   2.258382e-01   3.421322e-02
3.591793000000000013e+00   1.836454e-01   3.425529e-02
3.596503999999999923e+00   2.185488e-01   3.426916e-02
3.601214999999999833e+00   2.616021e-01   3.425569e-02
3.605926999999999882e+00   2.623121e-01   3.423367e-02
3.610637999999999792e+00   2.019878e-01   3.491487e-02
3.615349000000000146e+00   1.985105e-01   3.593676e-02
3.620060000000000056e+00   1.884713e-01   3.655681e-02
3.624772000000000105e+00   2.305115e-01   3.699733e-02
3.629483000000000015e+00   2.015320e-01   3.731933e-02
3.634193999999999924e+00   2.112889e-01   3.752869e-02
3.638904999999999834e+00   2.298052e-01   3.773813e-02
3.643616999999999884e+00   2.440332e-01   3.793922e-02
3.648327999999999793e+00   2.497151e-01   3.814483e-02
3.653039000000000147e+00   2.519478e-01   3.838162e-02
3.657750000000000057e+00   1.892561e-01   3.858130e-02
3.662462000000000106e+00   2.543971e-01   3.879137e-02
3.667173000000000016e+00   2.261235e-01   3.892463e-02
3.671883999999999926e+00   2.429668e-01   3.911894e-02
3.676594999999999835e+00   2.099459e-01   3.931661e-02
3.681306999999999885e+00   2.372239e-01   3.947825e-02
3.686017999999999795e+00   1.763755e-01   3.965443e-02
3.690729000000000148e+00   1.949703e-01   3.977059e-02
3.695440000000000058e+00   2.501241e-01   3.997379e-02
3.700152000000000108e+00   2.726012e-01   4.015255e-02
3.704863000000000017e+00   2.234459e-01   4.031277e-02
3.709573999999999927e+00   1.427598e-01   4.048277e-02
3.714284999999999837e+00   2.019251e-01   4.063802e-02
3.718996999999999886e+00   1.939113e-01   4.083981e-02
3.723707999999999796e+00   2.017801e-01   4.096438e-02
3.728419000000000150e+00   1.960914e-01   4.109987e-02
3.733131000000000199e+00   1.662216e-01   4.130114e-02
3.737842000000000109e+00   1.786261e-01   4.144901e-02
3.742553000000000019e+00   2.648884e-01   4.152779e-02
3.747263999999999928e+00   2.790970e-01   4.171530e-02
3.751975999999999978e+00   2.424829e-01   4.197425e-02
3.756686999999999887e+00   1.661426e-01   4.210771e-02
3.761397999999999797e+00   2.045918e-01   4.224008e-02
3.766109000000000151e+00   1.846802e-01   4.234371e-02
3.770821000000000200e+00   2.051645e-01   4.252679e-02
3.775532000000000110e+00   2.000674e-01   4.274659e-02
3.780243000000000020e+00   2.085820e-01   4.287329e-02
3.784953999999999930e+00   2.261012e-01   4.300225e-02
3.789665999999999979e+00   1.975020e-01   4.320875e-02
3.794376999999999889e+00   2.475726e-01   4.328066e-02
3.799087999999999798e+00   2.395399e-01   4.343818e-02
3.803799000000000152e+00   1.949716e-01   4.360312e-02
3.808511000000000202e+00   2.034453e-01   4.376406e-02
3.813222000000000111e+00   2.259762e-01   4.392940e-02
3.817933000000000021e+00   1.915800e-01   4.403343e-02
3.822643999999999931e+00   2.180417e-01   4.420359e-02
3.827355999999999980e+00   3.049926e-01   4.434279e-02
3.832066999999999890e+00   2.245075e-01   4.448219e-02
3.836777999999999800e+00   1.505120e-01   4.470121e-02
3.841489000000000154e+00   1.990253e-01   4.488077e-02
3.846201000000000203e+00   1.459169e-01   4.501737e-02
3.850912000000000113e+00   1.806432e-01   4.519573e-02
3.855623000000000022e+00   2.276873e-01   4.535012e-02
3.860333999999999932e+00   2.524402e-01   4.541647e-02
3.865045999999999982e+00   2.691121e-01   4.566990e-02
3.869756999999999891e+00   1.983192e-01   4.573254e-02
3.874467999999999801e+00   1.940623e-01   4.593897e-02
3.879179000000000155e+00   2.061809e-01   4.604591e-02
3.883891000000000204e+00   2.517173e-01   4.627674e-02
3.888602000000000114e+00   2.406971e-01   4.641641e-02
3.893313000000000024e+00   2.158689e-01   4.658180e-02
3.898023999999999933e+00   1.365277e-01   4.677156e-02
3.902735999999999983e+00   1.910839e-01   4.691061e-02
3.907446999999999893e+00   1.822222e-01   4.702975e-02
3.912157999999999802e+00   1.914256e-01   4.712580e-02
3.916869999999999852e+00   1.783808e-01   4.722277e-02
3.921581000000000206e+00   2.004806e-01   4.722686e-02
3.926292000000000115e+00   2.484211e-01   4.736917e-02
3.931003000000000025e+00   1.937841e-01   4.760424e-02
3.935715000000000074e+00   1.646039e-01   4.764972e-02
3.940425999999999984e+00   1.479469e-01   4.768177e-02
3.945136999999999894e+00   2.060656e-01   4.772628e-02
3.949847999999999804e+00   2.416345e-01   4.784219e-02
3.954559999999999853e+00   1.419203e-01   4.786938e-02
3.959271000000000207e+00   1.532353e-01   4.800347e-02
3.963982000000000117e+00   2.036825e-01   4.802393e-02
3.968693000000000026e+00   2.507064e-01   4.806845e-02
3.973405000000000076e+00   2.524797e-01   4.824988e-02
3.978115999999999985e+00   1.802515e-01   4.844017e-02
3.982826999999999895e+00   1.979870e-01   4.848001e-02
3.987537999999999805e+00   1.981303e-01   4.866607e-02
3.992249999999999854e+00   2.616218e-01   4.888433e-02
3.996961000000000208e+00   2.047464e-01   4.903371e-02
4.001672000000000118e+00   1.909404e-01   4.922769e-02
4.006382999999999583e+00   1.526682e-01   4.937255e-02
4.011095000000000077e+00   2.063170e-01   4.950453e-02
4.015806000000000431e+00   1.554518e-01   4.970918e-02
4.020516999999999896e+00   1.836753e-01   4.991985e-02
4.025228000000000250e+00   1.374621e-01   4.998501e-02
4.029939999999999856e+00   1.908647e-01   5.018354e-02
4.034651000000000209e+00   2.978106e-01   5.032117e-02
4.039361999999999675e+00   2.512799e-01   5.048382e-02
4.044073000000000029e+00   1.368674e-01   5.072886e-02
4.048784999999999634e+00   2.121531e-01   5.093374e-02
4.053495999999999988e+00   8.507409e-02   5.105867e-02
4.058207000000000342e+00   1.549830e-01   5.121672e-02
4.062917999999999807e+00   2.042443e-01   5.143356e-02
4.067630000000000301e+00   1.704067e-01   5.159732e-02
4.072340999999999767e+00   2.070319e-01   5.175957e-02
4.077052000000000120e+00   2.392424e-01   5.204058e-02
4.081762999999999586e+00   1.856014e-01   5.216293e-02
4.086475000000000080e+00   1.683309e-01   5.233493e-02
4.091186000000000433e+00   1.760715e-01   5.255747e-02
4.095896999999999899e+00   1.302476e-01   5.273821e-02
4.100609000000000393e+00   1.336750e-01   5.286759e-02
4.105319999999999858e+00   1.749778e-01   5.306839e-02
4.110031000000000212e+00   1.368918e-01   5.336617e-02
4.114741999999999678e+00   1.988127e-01   5.350590e-02
4.119454000000000171e+00   2.885650e-01   5.367495e-02
4.124164999999999637e+00   1.900647e-01   5.388697e-02
4.128875999999999991e+00   1.671682e-01   5.411830e-02
4.133587000000000344e+00   1.387832e-01   5.427374e-02
4.138298999999999950e+00   7.684951e-02   5.439502e-02
4.143010000000000304e+00   1.481109e-01   5.462678e-02
4.147720999999999769e+00   1.898884e-01   5.492696e-02
4.152432000000000123e+00   1.092658e-01   5.505831e-02
4.157143999999999728e+00   2.062903e-01   5.522343e-02
4.161855000000000082e+00   1.620434e-01   5.547354e-02
4.166566000000000436e+00   1.892410e-01   5.559609e-02
4.171276999999999902e+00   1.859058e-01   5.580376e-02
4.175989000000000395e+00   1.530263e-01   5.612162e-02
4.180699999999999861e+00   1.953225e-01   5.641259e-02
4.185411000000000215e+00   2.407185e-01   5.660962e-02
4.190121999999999680e+00   2.097653e-01   5.674830e-02
4.194834000000000174e+00   1.658988e-01   5.697547e-02
4.199544999999999639e+00   2.185690e-01   5.715810e-02
4.204255999999999993e+00   2.436396e-01   5.742803e-02
4.208967000000000347e+00   2.297889e-01   5.765414e-02
4.213678999999999952e+00   2.359059e-01   5.790331e-02
4.218390000000000306e+00   1.889778e-01   5.814383e-02
4.223100999999999772e+00   2.395925e-01   5.836515e-02
4.227812000000000126e+00   1.243990e-01   5.855515e-02
4.232523999999999731e+00   1.192391e-01   5.882396e-02
4.237235000000000085e+00   7.158935e-02   5.912614e-02
4.241946000000000438e+00   2.044308e-01   5.941448e-02
4.246656999999999904e+00   2.323089e-01   5.953668e-02
4.251369000000000398e+00   1.400888e-01   5.975717e-02
4.256079999999999863e+00   1.461745e-01   6.004986e-02
4.260791000000000217e+00   1.685208e-01   6.024336e-02
4.265501999999999683e+00   1.112436e-01   6.051654e-02
4.270214000000000176e+00   2.226897e-01   6.092704e-02
4.274924999999999642e+00   1.559106e-01   6.100342e-02
4.279635999999999996e+00   2.360088e-01   6.129106e-02
4.284347999999999601e+00   1.564993e-01   6.155549e-02
4.289058999999999955e+00   2.164457e-01   6.179166e-02
4.293770000000000309e+00   1.415301e-01   6.202489e-02
4.298480999999999774e+00   1.302241e-01   6.235699e-02
4.303193000000000268e+00   1.187369e-01   6.255944e-02
4.307903999999999733e+00   2.286055e-01   6.279671e-02
4.312615000000000087e+00   2.254261e-01   6.320224e-02
4.317326000000000441e+00   1.823721e-01   6.353934e-02
4.322038000000000046e+00   1.630307e-01   6.375000e-02
4.326749000000000400e+00   1.301531e-01   6.408039e-02
4.331459999999999866e+00   1.801352e-01   6.443471e-02
4.336171000000000220e+00   2.194450e-01   6.474869e-02
4.340882999999999825e+00   1.561853e-01   6.493663e-02
4.345594000000000179e+00   1.925312e-01   6.515056e-02
4.350304999999999644e+00   1.041781e-01   6.542621e-02
4.355015999999999998e+00   1.729646e-01   6.584763e-02
4.359727999999999604e+00   1.348753e-01   6.618894e-02
4.364438999999999957e+00   1.561453e-01   6.640108e-02
4.369150000000000311e+00   1.312626e-01   6.687471e-02
4.373860999999999777e+00   2.089505e-01   6.716115e-02
4.378573000000000270e+00   2.280723e-01   6.750511e-02
4.383283999999999736e+00   2.949656e-01   6.776834e-02
4.387995000000000090e+00   2.222260e-01   6.803465e-02
4.392706000000000444e+00   2.096682e-01   6.847300e-02
4.397418000000000049e+00   2.107613e-01   6.875411e-02
4.402129000000000403e+00   1.673782e-01   6.889364e-02
4.406839999999999868e+00   1.258366e-01   6.897969e-02
4.411551000000000222e+00   1.819657e-01   6.880058e-02
4.416262999999999828e+00   2.022135e-01   6.885956e-02
4.420974000000000181e+00   2.041157e-01   6.913068e-02
4.425684999999999647e+00   1.597299e-01   6.905837e-02
4.430396000000000001e+00   1.572482e-01   6.914345e-02
4.435107999999999606e+00   7.660426e-02   6.910067e-02
4.439818999999999960e+00   1.932808e-01   6.942730e-02
4.444530000000000314e+00   1.845233e-01   6.955779e-02
4.449240999999999779e+00   1.170803e-01   6.980222e-02
4.453953000000000273e+00   1.739446e-01   7.026877e-02
4.458663999999999739e+00   1.712512e-01   7.085573e-02
4.463375000000000092e+00   1.714140e-01   7.107444e-02
4.468086999999999698e+00   1.795239e-01   7.165560e-02
4.472798000000000052e+00   1.673991e-01   7.199333e-02
4.477509000000000405e+00   2.215246e-01   7.230648e-02
4.482219999999999871e+00   2.022945e-01   7.275774e-02
4.486932000000000365e+00   2.228002e-01   7.300413e-02
4.491642999999999830e+00   1.323225e-01   7.349587e-02
4.496354000000000184e+00   1.120442e-01   7.375100e-02
4.501064999999999650e+00   2.860710e-01   7.430116e-02
4.505777000000000143e+00   1.720823e-01   7.470442e-02
4.510487999999999609e+00   5.804704e-02   7.514068e-02
4.515198999999999963e+00   1.915299e-01   7.562400e-02
4.519910000000000316e+00   1.985694e-01   7.597058e-02
4.524621999999999922e+00   2.155594e-01   7.655608e-02
4.529333000000000276e+00   2.267470e-01   7.711269e-02
4.534043999999999741e+00   2.136384e-01   7.740261e-02
4.538755000000000095e+00   9.759206e-02   7.788511e-02
4.543466999999999700e+00   1.034221e-01   7.829911e-02
4.548178000000000054e+00   2.423954e-01   7.891193e-02
4.552889000000000408e+00   9.849234e-02   7.943186e-02
4.557599999999999874e+00   1.243545e-01   7.994831e-02
4.562312000000000367e+00   7.141382e-02   8.037402e-02
4.567022999999999833e+00   1.843748e-01   8.096662e-02
4.571734000000000187e+00   1.238130e-01   8.133507e-02
4.576444999999999652e+00   7.566045e-02   8.190225e-02
4.581157000000000146e+00   1.308967e-01   8.253989e-02
4.585867999999999611e+00   1.615828e-01   8.318796e-02
4.590578999999999965e+00   1.889809e-01   8.369946e-02
4.595290000000000319e+00   2.105112e-01   8.411499e-02
4.600001999999999924e+00   1.038132e-01   8.487113e-02
4.604713000000000278e+00   2.076546e-01   8.550210e-02
4.609423999999999744e+00   2.841539e-01   8.605070e-02
4.614135000000000097e+00   2.820210e-01   8.660626e-02
4.618846999999999703e+00   1.532886e-01   8.750176e-02
4.623558000000000057e+00   1.955276e-01   8.805376e-02
4.628269000000000410e+00   1.455747e-01   8.891369e-02
4.632979999999999876e+00   1.557995e-01   8.954663e-02
4.637692000000000370e+00   2.138819e-01   9.040290e-02
4.642402999999999835e+00   1.261990e-01   9.100948e-02
4.647114000000000189e+00   1.226110e-01   9.156666e-02
4.651825999999999794e+00   2.346385e-01   9.251699e-02
4.656537000000000148e+00   1.985401e-01   9.332060e-02
4.661247999999999614e+00   2.096939e-01   9.408707e-02
4.665958999999999968e+00   1.127140e-01   9.469636e-02
4.670670999999999573e+00   1.624764e-01   9.572994e-02
4.675381999999999927e+00   2.125774e-01   9.648128e-02
4.680093000000000281e+00   1.243964e-01   9.760474e-02
4.684803999999999746e+00   2.018112e-01   9.850717e-02
4.689516000000000240e+00   2.357481e-01   9.910880e-02
4.694226999999999705e+00   1.200789e-01   1.003427e-01
4.698938000000000059e+00   9.533189e-02   1.010993e-01
4.703649000000000413e+00   1.317482e-01   1.021982e-01
4.708361000000000018e+00   1.280605e-01   1.032452e-01
4.713072000000000372e+00   2.478261e-01   1.043154e-01
4.717782999999999838e+00   3.220995e-01   1.054818e-01
4.722494000000000192e+00   1.991982e-01   1.064331e-01
4.727205999999999797e+00   1.077462e-01   1.078646e-01
4.731917000000000151e+00   1.236903e-03   1.088957e-01
4.736627999999999616e+00   7.714243e-02   1.102292e-01
4.741338999999999970e+00   3.664675e-02   1.117729e-01
4.746050999999999576e+00   9.279275e-02   1.129339e-01
4.750761999999999929e+00   3.635642e-02   1.143946e-01
4.755473000000000283e+00   6.465343e-02   1.160975e-01
4.760183999999999749e+00   1.412436e-01   1.173429e-01
4.764896000000000242e+00   1.631847e-01   1.188551e-01
4.769606999999999708e+00   7.940213e-02   1.205245e-01
4.774318000000000062e+00   2.209645e-01   1.219290e-01
4.779029000000000416e+00   1.382807e-01   1.238322e-01
4.783741000000000021e+00   1.223875e-01   1.261331e-01
4.788452000000000375e+00   2.579282e-01   1.278328e-01
4.793162999999999840e+00   2.014674e-01   1.296312e-01
4.797874000000000194e+00   1.166908e-01   1.315888e-01
4.802585999999999800e+00   2.456011e-01   1.336985e-01
4.807297000000000153e+00   1.075208e-01   1.360417e-01
4.812007999999999619e+00   2.512493e-02   1.380396e-01
4.816718999999999973e+00   4.269488e-03   1.408395e-01
4.821430999999999578e+00   1.417962e-04   1.440392e-01
4.826141999999999932e+00   1.207197e-01   1.459762e-01
4.830853000000000286e+00   1.656656e-01   1.491589e-01
4.835564999999999891e+00   4.605705e-02   1.525448e-01
4.840276000000000245e+00   9.754444e-02   1.562199e-01
4.844986999999999711e+00   1.072938e-01   1.604628e-01
4.849698000000000064e+00   1.923153e-01   1.642932e-01
4.854409999999999670e+00   4.507132e-01   1.690967e-01
4.859121000000000024e+00   2.034260e-01   1.736069e-01
4.863832000000000377e+00   2.747766e-02   1.779964e-01
4.868542999999999843e+00  -3.057415e-02   1.832107e-01
4.873255000000000337e+00  -3.764254e-02   1.884121e-01
4.877965999999999802e+00   1.916074e-01   1.953465e-01
4.882677000000000156e+00   8.555337e-02   2.028694e-01
4.887387999999999622e+00  -1.368487e-01   2.114864e-01
4.892100000000000115e+00   1.866657e-01   2.190679e-01
4.896810999999999581e+00   2.731445e-01   2.306153e-01
4.901521999999999935e+00   1.503773e-01   2.427211e-01
4.906233000000000288e+00   7.534370e-02   2.590875e-01
4.910944999999999894e+00   1.356000e-01   2.764559e-01
4.915656000000000247e+00   3.186824e-01   2.942424e-01
4.920366999999999713e+00  -3.812436e-01   3.186009e-01
4.925078000000000067e+00  -3.008989e-01   3.539282e-01
4.929789999999999672e+00   2.531329e-01   4.019973e-01
4.934501000000000026e+00   1.530157e-01   4.818118e-01
4.939212000000000380e+00   1.035776e-01   6.345360e-01
4.943922999999999845e+00  -2.803648e-01   1.139295e+00