# [3]
# Sample c= 7.75 mg/ml
# Intensity scaled by concentration
# Buffer subtracted data file:
# Protein DatFile = /data/visitor/mx1908/bm29/20161119/giulio/1d/mM25_045_ave.dat
# Buffer DatFile = /data/visitor/mx1908/bm29/20161119/giulio/1d/mM25_044_ave.dat
# 
# AutoRg: Rg   =   0.9143 +/- 0.09 ( 9.4%)
# AutoRg: I(0) =   4.26 +/- 0.0103
# AutoRg: Points   194 to 277 ( 84 total)
# AutoRg: Quality: 64.5%
# 
# 
# Sample Information:
# Storage Temperature (degrees C): 20.0
# Measurement Temperature (degrees C): 20.02
# Concentration: 7.75
# Code: 
3.479420999999999903e-02   1.667458e+00   1.122195e+00
3.950545999999999919e-02   2.795277e+00   4.434850e-01
4.421672000000000102e-02   2.833406e+00   2.887935e-01
4.892798000000000286e-02   3.172646e+00   2.208822e-01
5.363923000000000302e-02   3.075556e+00   1.770897e-01
5.835048999999999791e-02   3.077890e+00   1.451312e-01
6.306174999999999975e-02   3.087997e+00   1.207544e-01
6.777299999999999991e-02   3.095764e+00   1.030654e-01
7.248425999999999481e-02   3.114735e+00   8.958591e-02
7.719552000000000358e-02   3.184133e+00   7.917362e-02
8.190677000000000374e-02   3.059507e+00   7.035093e-02
8.661802999999999864e-02   3.090050e+00   6.347281e-02
9.132928999999999353e-02   3.049889e+00   5.810386e-02
9.604053999999999369e-02   3.182752e+00   5.396785e-02
1.007518000000000025e-01   3.175454e+00   5.010062e-02
1.054631000000000041e-01   3.148052e+00   4.686233e-02
1.101743000000000028e-01   3.149195e+00   4.415287e-02
1.148856000000000044e-01   3.175579e+00   4.172950e-02
1.195968000000000031e-01   3.158908e+00   3.962983e-02
1.243081000000000047e-01   3.111404e+00   3.777216e-02
1.290193000000000034e-01   3.128560e+00   3.625039e-02
1.337306000000000050e-01   3.162947e+00   3.483404e-02
1.384419000000000066e-01   3.200912e+00   3.362343e-02
1.431531000000000053e-01   3.192877e+00   3.249847e-02
1.478644000000000069e-01   3.175964e+00   3.152569e-02
1.525756000000000057e-01   3.207979e+00   3.069059e-02
1.572869000000000073e-01   3.187139e+00   2.980417e-02
1.619981000000000060e-01   3.161387e+00   2.895461e-02
1.667094000000000076e-01   3.147556e+00   2.829144e-02
1.714206000000000063e-01   3.204748e+00   2.770731e-02
1.761319000000000079e-01   3.199363e+00   2.709305e-02
1.808432000000000095e-01   3.201107e+00   2.654957e-02
1.855544000000000082e-01   3.239705e+00   2.612265e-02
1.902657000000000098e-01   3.245587e+00   2.565507e-02
1.949769000000000085e-01   3.220616e+00   2.520428e-02
1.996882000000000101e-01   3.253209e+00   2.478697e-02
2.043994000000000089e-01   3.229129e+00   2.435262e-02
2.091107000000000105e-01   3.273741e+00   2.405854e-02
2.138220000000000121e-01   3.257843e+00   2.370599e-02
2.185332000000000108e-01   3.269443e+00   2.336802e-02
2.232445000000000124e-01   3.262086e+00   2.301563e-02
2.279557000000000111e-01   3.280748e+00   2.270366e-02
2.326670000000000127e-01   3.265281e+00   2.243217e-02
2.373782000000000114e-01   3.251916e+00   2.214308e-02
2.420895000000000130e-01   3.243016e+00   2.182839e-02
2.468007000000000117e-01   3.255929e+00   2.161212e-02
2.515120000000000133e-01   3.256406e+00   2.139429e-02
2.562232999999999872e-01   3.318522e+00   2.119175e-02
2.609345000000000137e-01   3.325302e+00   2.095934e-02
2.656457999999999875e-01   3.292000e+00   2.071997e-02
2.703570000000000140e-01   3.288449e+00   2.054216e-02
2.750682999999999878e-01   3.265141e+00   2.036209e-02
2.797795000000000143e-01   3.277934e+00   2.013066e-02
2.844907999999999881e-01   3.317954e+00   1.993660e-02
2.892021000000000175e-01   3.296023e+00   1.975403e-02
2.939132999999999885e-01   3.300289e+00   1.960744e-02
2.986246000000000178e-01   3.315229e+00   1.941298e-02
3.033357999999999888e-01   3.321027e+00   1.923928e-02
3.080471000000000181e-01   3.317660e+00   1.909516e-02
3.127582999999999891e-01   3.337565e+00   1.895043e-02
3.174696000000000184e-01   3.361870e+00   1.878868e-02
3.221808999999999923e-01   3.320100e+00   1.860390e-02
3.268921000000000188e-01   3.328451e+00   1.849637e-02
3.316033999999999926e-01   3.346244e+00   1.838542e-02
3.363146000000000191e-01   3.370896e+00   1.855716e-02
3.410258999999999929e-01   3.366213e+00   1.869198e-02
3.457371000000000194e-01   3.406019e+00   1.880885e-02
3.504483999999999932e-01   3.388576e+00   1.905822e-02
3.551596000000000197e-01   3.364908e+00   1.943077e-02
3.598708999999999936e-01   3.376395e+00   1.969683e-02
3.645822000000000229e-01   3.397243e+00   1.990747e-02
3.692933999999999939e-01   3.390568e+00   2.006257e-02
3.740047000000000232e-01   3.377888e+00   2.019387e-02
3.787158999999999942e-01   3.384723e+00   2.035039e-02
3.834272000000000236e-01   3.413949e+00   2.045951e-02
3.881383999999999945e-01   3.418894e+00   2.056556e-02
3.928497000000000239e-01   3.442094e+00   2.105918e-02
3.975609999999999977e-01   3.454635e+00   2.171211e-02
4.022722000000000242e-01   3.436360e+00   2.217867e-02
4.069834999999999980e-01   3.425385e+00   2.259095e-02
4.116947000000000245e-01   3.444897e+00   2.297827e-02
4.164059999999999984e-01   3.446348e+00   2.329549e-02
4.211172000000000248e-01   3.469482e+00   2.368025e-02
4.258284999999999987e-01   3.431395e+00   2.403438e-02
4.305397000000000252e-01   3.418682e+00   2.434971e-02
4.352509999999999990e-01   3.439983e+00   2.467410e-02
4.399622999999999728e-01   3.463596e+00   2.505718e-02
4.446734999999999993e-01   3.471465e+00   2.550446e-02
4.493847999999999732e-01   3.455492e+00   2.589629e-02
4.540959999999999996e-01   3.468605e+00   2.609531e-02
4.588072999999999735e-01   3.499620e+00   2.523243e-02
4.635185000000000000e-01   3.471834e+00   2.459553e-02
4.682297999999999738e-01   3.478837e+00   2.426073e-02
4.729411000000000032e-01   3.487018e+00   2.401544e-02
4.776522999999999741e-01   3.506876e+00   2.377233e-02
4.823636000000000035e-01   3.494094e+00   2.359870e-02
4.870747999999999744e-01   3.523418e+00   2.349238e-02
4.917861000000000038e-01   3.530190e+00   2.333123e-02
4.964972999999999748e-01   3.510078e+00   2.318055e-02
5.012086000000000041e-01   3.508833e+00   2.305597e-02
5.059198999999999780e-01   3.482186e+00   2.293777e-02
5.106311000000000044e-01   3.508179e+00   2.287217e-02
5.153423999999999783e-01   3.501448e+00   2.274036e-02
5.200536000000000048e-01   3.549569e+00   2.262854e-02
5.247648999999999786e-01   3.490254e+00   2.238734e-02
5.294761000000000051e-01   3.513846e+00   2.224701e-02
5.341873999999999789e-01   3.544401e+00   2.211359e-02
5.388986000000000054e-01   3.528718e+00   2.197041e-02
5.436098999999999792e-01   3.533188e+00   2.183185e-02
5.483211999999999531e-01   3.552210e+00   2.171512e-02
5.530323999999999796e-01   3.519248e+00   2.154859e-02
5.577436999999999534e-01   3.502928e+00   2.140811e-02
5.624548999999999799e-01   3.508301e+00   2.129548e-02
5.671661999999999537e-01   3.540273e+00   2.124254e-02
5.718773999999999802e-01   3.534835e+00   2.119189e-02
5.765886999999999540e-01   3.519034e+00   2.109719e-02
5.813000000000000389e-01   3.549004e+00   2.108907e-02
5.860111999999999544e-01   3.548468e+00   2.103489e-02
5.907225000000000392e-01   3.567516e+00   2.095846e-02
5.954336999999999547e-01   3.550700e+00   2.090736e-02
6.001450000000000395e-01   3.547338e+00   2.086135e-02
6.048561999999999550e-01   3.550981e+00   2.077419e-02
6.095675000000000399e-01   3.542803e+00   2.077975e-02
6.142788000000000137e-01   3.563552e+00   2.075852e-02
6.189900000000000402e-01   3.544576e+00   2.066533e-02
6.237013000000000140e-01   3.534999e+00   2.061055e-02
6.284125000000000405e-01   3.548005e+00   2.059754e-02
6.331238000000000143e-01   3.574639e+00   2.055465e-02
6.378350000000000408e-01   3.542019e+00   2.048215e-02
6.425463000000000147e-01   3.573447e+00   2.044691e-02
6.472575000000000411e-01   3.549342e+00   2.039339e-02
6.519688000000000150e-01   3.526807e+00   2.029851e-02
6.566800999999999888e-01   3.533153e+00   2.026799e-02
6.613913000000000153e-01   3.534226e+00   2.021818e-02
6.661025999999999891e-01   3.540021e+00   2.018307e-02
6.708138000000000156e-01   3.554030e+00   2.014427e-02
6.755250999999999895e-01   3.551452e+00   2.011601e-02
6.802363000000000159e-01   3.530871e+00   2.006173e-02
6.849475999999999898e-01   3.537099e+00   2.002847e-02
6.896588999999999636e-01   3.559796e+00   1.998839e-02
6.943700999999999901e-01   3.515938e+00   1.992596e-02
6.990813999999999639e-01   3.540670e+00   1.987421e-02
7.037925999999999904e-01   3.534430e+00   1.984746e-02
7.085038999999999643e-01   3.513370e+00   1.978954e-02
7.132150999999999907e-01   3.549587e+00   1.975019e-02
7.179263999999999646e-01   3.545732e+00   1.970727e-02
7.226375999999999911e-01   3.531946e+00   1.968006e-02
7.273488999999999649e-01   3.538345e+00   1.962782e-02
7.320602000000000498e-01   3.527801e+00   1.954427e-02
7.367713999999999652e-01   3.530282e+00   1.953580e-02
7.414827000000000501e-01   3.518784e+00   1.947898e-02
7.461938999999999655e-01   3.550282e+00   1.947922e-02
7.509052000000000504e-01   3.540543e+00   1.943636e-02
7.556163999999999659e-01   3.513168e+00   1.937024e-02
7.603277000000000507e-01   3.519754e+00   1.934234e-02
7.650390000000000246e-01   3.503360e+00   1.928462e-02
7.697502000000000510e-01   3.503786e+00   1.923878e-02
7.744615000000000249e-01   3.483046e+00   1.919758e-02
7.791727000000000514e-01   3.513044e+00   1.914345e-02
7.838840000000000252e-01   3.487461e+00   1.911377e-02
7.885952000000000517e-01   3.481227e+00   1.907287e-02
7.933065000000000255e-01   3.502802e+00   1.907510e-02
7.980177999999999994e-01   3.462870e+00   1.899906e-02
8.027290000000000258e-01   3.457827e+00   1.894039e-02
8.074402999999999997e-01   3.462304e+00   1.890505e-02
8.121515000000000262e-01   3.479686e+00   1.885504e-02
8.168628000000000000e-01   3.473489e+00   1.881963e-02
8.215740000000000265e-01   3.472744e+00   1.877255e-02
8.262853000000000003e-01   3.483943e+00   1.874158e-02
8.309965000000000268e-01   3.492653e+00   1.872680e-02
8.357078000000000007e-01   3.476476e+00   1.869290e-02
8.404190999999999745e-01   3.433250e+00   1.862284e-02
8.451303000000000010e-01   3.443311e+00   1.858813e-02
8.498415999999999748e-01   3.432463e+00   1.852504e-02
8.545528000000000013e-01   3.421936e+00   1.848333e-02
8.592640999999999751e-01   3.409245e+00   1.845035e-02
8.639753000000000016e-01   3.399521e+00   1.839591e-02
8.686865999999999755e-01   3.430678e+00   1.838607e-02
8.733978999999999493e-01   3.417355e+00   1.834936e-02
8.781090999999999758e-01   3.388132e+00   1.830561e-02
8.828203999999999496e-01   3.382126e+00   1.825334e-02
8.875315999999999761e-01   3.399467e+00   1.823442e-02
8.922428999999999499e-01   3.371244e+00   1.816156e-02
8.969540999999999764e-01   3.353840e+00   1.812602e-02
9.016653999999999503e-01   3.361565e+00   1.809782e-02
9.063767000000000351e-01   3.333226e+00   1.801347e-02
9.110878999999999506e-01   3.339782e+00   1.799464e-02
9.157992000000000354e-01   3.350378e+00   1.798246e-02
9.205103999999999509e-01   3.358221e+00   1.792345e-02
9.252217000000000358e-01   3.333481e+00   1.788828e-02
9.299328999999999512e-01   3.299606e+00   1.784924e-02
9.346442000000000361e-01   3.309832e+00   1.780507e-02
9.393553999999999515e-01   3.306254e+00   1.778117e-02
9.440667000000000364e-01   3.336581e+00   1.775519e-02
9.487780000000000102e-01   3.318655e+00   1.769036e-02
9.534892000000000367e-01   3.285580e+00   1.764571e-02
9.582005000000000106e-01   3.273350e+00   1.761670e-02
9.629117000000000370e-01   3.306098e+00   1.760185e-02
9.676230000000000109e-01   3.301415e+00   1.754896e-02
9.723342000000000374e-01   3.267140e+00   1.749747e-02
9.770455000000000112e-01   3.273217e+00   1.746836e-02
9.817567999999999850e-01   3.273810e+00   1.746209e-02
9.864680000000000115e-01   3.227965e+00   1.737939e-02
9.911792999999999854e-01   3.253216e+00   1.735870e-02
9.958905000000000118e-01   3.236975e+00   1.731617e-02
1.000601999999999991e+00   3.221102e+00   1.729090e-02
1.005312999999999901e+00   3.204143e+00   1.723584e-02
1.010024000000000033e+00   3.216295e+00   1.721036e-02
1.014736000000000082e+00   3.199448e+00   1.715752e-02
1.019446999999999992e+00   3.219929e+00   1.715423e-02
1.024157999999999902e+00   3.198696e+00   1.710443e-02
1.028869000000000034e+00   3.183785e+00   1.705149e-02
1.033581000000000083e+00   3.174896e+00   1.702397e-02
1.038291999999999993e+00   3.173421e+00   1.698342e-02
1.043002999999999902e+00   3.142775e+00   1.694895e-02
1.047714000000000034e+00   3.111462e+00   1.688767e-02
1.052426000000000084e+00   3.118251e+00   1.686448e-02
1.057136999999999993e+00   3.098439e+00   1.682291e-02
1.061847999999999903e+00   3.111938e+00   1.678878e-02
1.066559000000000035e+00   3.098203e+00   1.675823e-02
1.071271000000000084e+00   3.083553e+00   1.673011e-02
1.075981999999999994e+00   3.070399e+00   1.669866e-02
1.080692999999999904e+00   3.058864e+00   1.666612e-02
1.085404000000000035e+00   3.061903e+00   1.662473e-02
1.090116000000000085e+00   3.045539e+00   1.657319e-02
1.094826999999999995e+00   3.045882e+00   1.654317e-02
1.099537999999999904e+00   3.044758e+00   1.652984e-02
1.104249000000000036e+00   3.011535e+00   1.647112e-02
1.108961000000000086e+00   3.024976e+00   1.645088e-02
1.113671999999999995e+00   3.018135e+00   1.641304e-02
1.118382999999999905e+00   3.002098e+00   1.636572e-02
1.123094000000000037e+00   3.004828e+00   1.635365e-02
1.127806000000000086e+00   2.977062e+00   1.630100e-02
1.132516999999999996e+00   2.982755e+00   1.627499e-02
1.137227999999999906e+00   2.980383e+00   1.622988e-02
1.141939000000000037e+00   2.975838e+00   1.620768e-02
1.146651000000000087e+00   2.962706e+00   1.618054e-02
1.151361999999999997e+00   2.947415e+00   1.614530e-02
1.156072999999999906e+00   2.937046e+00   1.609909e-02
1.160784000000000038e+00   2.927023e+00   1.608449e-02
1.165496000000000087e+00   2.901792e+00   1.604094e-02
1.170206999999999997e+00   2.915839e+00   1.602990e-02
1.174917999999999907e+00   2.934113e+00   1.599134e-02
1.179629999999999956e+00   2.898673e+00   1.595114e-02
1.184341000000000088e+00   2.877531e+00   1.589323e-02
1.189051999999999998e+00   2.871873e+00   1.587823e-02
1.193762999999999908e+00   2.881780e+00   1.588246e-02
1.198474999999999957e+00   2.859205e+00   1.619830e-02
1.203186000000000089e+00   2.836805e+00   1.661922e-02
1.207896999999999998e+00   2.839067e+00   1.689070e-02
1.212607999999999908e+00   2.831980e+00   1.712989e-02
1.217319999999999958e+00   2.834139e+00   1.729681e-02
1.222031000000000089e+00   2.813503e+00   1.744970e-02
1.226741999999999999e+00   2.795683e+00   1.758813e-02
1.231452999999999909e+00   2.781027e+00   1.774663e-02
1.236164999999999958e+00   2.774783e+00   1.788528e-02
1.240876000000000090e+00   2.782673e+00   1.802328e-02
1.245587000000000000e+00   2.754693e+00   1.808243e-02
1.250297999999999909e+00   2.762400e+00   1.813568e-02
1.255009999999999959e+00   2.738839e+00   1.815786e-02
1.259721000000000091e+00   2.719040e+00   1.815295e-02
1.264432000000000000e+00   2.745614e+00   1.753371e-02
1.269142999999999910e+00   2.734496e+00   1.707995e-02
1.273854999999999960e+00   2.702276e+00   1.675040e-02
1.278566000000000091e+00   2.713997e+00   1.654009e-02
1.283277000000000001e+00   2.721175e+00   1.634127e-02
1.287987999999999911e+00   2.672422e+00   1.619090e-02
1.292699999999999960e+00   2.674317e+00   1.604086e-02
1.297411000000000092e+00   2.659186e+00   1.588906e-02
1.302122000000000002e+00   2.661805e+00   1.578321e-02
1.306832999999999911e+00   2.660692e+00   1.570281e-02
1.311544999999999961e+00   2.623407e+00   1.563202e-02
1.316256000000000093e+00   2.605830e+00   1.557321e-02
1.320967000000000002e+00   2.615653e+00   1.551282e-02
1.325677999999999912e+00   2.606694e+00   1.548592e-02
1.330389999999999961e+00   2.611670e+00   1.545820e-02
1.335101000000000093e+00   2.592665e+00   1.539766e-02
1.339812000000000003e+00   2.550367e+00   1.533760e-02
1.344522999999999913e+00   2.546355e+00   1.530817e-02
1.349234999999999962e+00   2.550338e+00   1.527916e-02
1.353946000000000094e+00   2.550406e+00   1.524145e-02
1.358657000000000004e+00   2.550008e+00   1.522063e-02
1.363369000000000053e+00   2.547114e+00   1.518121e-02
1.368079999999999963e+00   2.495621e+00   1.512903e-02
1.372791000000000095e+00   2.507608e+00   1.509659e-02
1.377502000000000004e+00   2.497595e+00   1.505751e-02
1.382214000000000054e+00   2.490396e+00   1.501649e-02
1.386924999999999963e+00   2.497924e+00   1.500415e-02
1.391636000000000095e+00   2.486443e+00   1.495708e-02
1.396347000000000005e+00   2.462517e+00   1.491510e-02
1.401059000000000054e+00   2.437008e+00   1.487178e-02
1.405769999999999964e+00   2.452413e+00   1.485181e-02
1.410481000000000096e+00   2.429263e+00   1.482487e-02
1.415192000000000005e+00   2.417272e+00   1.477435e-02
1.419904000000000055e+00   2.395335e+00   1.472710e-02
1.424614999999999965e+00   2.396027e+00   1.470518e-02
1.429326000000000096e+00   2.395744e+00   1.468544e-02
1.434037000000000006e+00   2.372504e+00   1.462881e-02
1.438749000000000056e+00   2.377880e+00   1.460610e-02
1.443459999999999965e+00   2.350756e+00   1.457263e-02
1.448171000000000097e+00   2.352829e+00   1.453779e-02
1.452882000000000007e+00   2.366827e+00   1.452695e-02
1.457594000000000056e+00   2.346314e+00   1.448554e-02
1.462304999999999966e+00   2.336704e+00   1.445708e-02
1.467016000000000098e+00   2.313923e+00   1.442072e-02
1.471727000000000007e+00   2.293325e+00   1.438807e-02
1.476439000000000057e+00   2.300358e+00   1.437199e-02
1.481149999999999967e+00   2.286024e+00   1.434438e-02
1.485861000000000098e+00   2.281899e+00   1.431524e-02
1.490572000000000008e+00   2.260549e+00   1.427339e-02
1.495284000000000058e+00   2.243898e+00   1.423217e-02
1.499994999999999967e+00   2.235389e+00   1.420652e-02
1.504706000000000099e+00   2.231534e+00   1.419382e-02
1.509417000000000009e+00   2.241219e+00   1.418728e-02
1.514129000000000058e+00   2.254312e+00   1.421347e-02
1.518839999999999968e+00   2.238354e+00   1.459518e-02
1.523551000000000100e+00   2.212240e+00   1.488127e-02
1.528262999999999927e+00   2.212966e+00   1.511311e-02
1.532974000000000059e+00   2.178989e+00   1.525543e-02
1.537684999999999969e+00   2.174572e+00   1.541206e-02
1.542396000000000100e+00   2.181577e+00   1.540946e-02
1.547107999999999928e+00   2.177403e+00   1.501791e-02
1.551819000000000059e+00   2.160510e+00   1.479870e-02
1.556529999999999969e+00   2.155470e+00   1.463954e-02
1.561241000000000101e+00   2.151159e+00   1.447698e-02
1.565952999999999928e+00   2.140580e+00   1.433617e-02
1.570664000000000060e+00   2.122583e+00   1.417141e-02
1.575374999999999970e+00   2.122911e+00   1.403331e-02
1.580086000000000102e+00   2.094164e+00   1.390346e-02
1.584797999999999929e+00   2.079187e+00   1.379803e-02
1.589509000000000061e+00   2.076737e+00   1.376948e-02
1.594219999999999970e+00   2.071269e+00   1.375398e-02
1.598931000000000102e+00   2.052692e+00   1.377254e-02
1.603642999999999930e+00   2.059758e+00   1.377278e-02
1.608354000000000061e+00   2.049119e+00   1.377883e-02
1.613064999999999971e+00   2.037301e+00   1.376573e-02
1.617776000000000103e+00   2.038564e+00   1.373056e-02
1.622487999999999930e+00   2.029854e+00   1.368910e-02
1.627199000000000062e+00   2.017504e+00   1.366121e-02
1.631909999999999972e+00   2.007879e+00   1.363886e-02
1.636621000000000103e+00   2.009627e+00   1.362213e-02
1.641332999999999931e+00   1.991329e+00   1.359215e-02
1.646044000000000063e+00   1.980187e+00   1.355741e-02
1.650754999999999972e+00   1.975489e+00   1.352087e-02
1.655466000000000104e+00   1.990750e+00   1.351799e-02
1.660177999999999932e+00   1.978813e+00   1.349261e-02
1.664889000000000063e+00   1.933880e+00   1.343105e-02
1.669599999999999973e+00   1.931038e+00   1.340160e-02
1.674311000000000105e+00   1.936815e+00   1.337482e-02
1.679022999999999932e+00   1.930288e+00   1.336716e-02
1.683734000000000064e+00   1.921646e+00   1.334999e-02
1.688444999999999974e+00   1.890783e+00   1.331428e-02
1.693156000000000105e+00   1.885255e+00   1.327559e-02
1.697867999999999933e+00   1.886092e+00   1.324943e-02
1.702579000000000065e+00   1.885194e+00   1.323199e-02
1.707289999999999974e+00   1.851871e+00   1.319793e-02
1.712002000000000024e+00   1.866833e+00   1.317194e-02
1.716712999999999933e+00   1.848870e+00   1.312921e-02
1.721424000000000065e+00   1.834266e+00   1.311234e-02
1.726134999999999975e+00   1.844054e+00   1.310716e-02
1.730847000000000024e+00   1.837533e+00   1.306470e-02
1.735557999999999934e+00   1.813539e+00   1.302336e-02
1.740269000000000066e+00   1.800742e+00   1.302211e-02
1.744979999999999976e+00   1.812745e+00   1.300017e-02
1.749692000000000025e+00   1.797370e+00   1.297220e-02
1.754402999999999935e+00   1.771206e+00   1.294956e-02
1.759114000000000066e+00   1.774171e+00   1.292217e-02
1.763824999999999976e+00   1.767503e+00   1.289272e-02
1.768537000000000026e+00   1.770686e+00   1.287486e-02
1.773247999999999935e+00   1.757685e+00   1.285505e-02
1.777959000000000067e+00   1.756474e+00   1.284236e-02
1.782669999999999977e+00   1.758055e+00   1.282703e-02
1.787382000000000026e+00   1.743901e+00   1.280266e-02
1.792092999999999936e+00   1.728706e+00   1.277868e-02
1.796804000000000068e+00   1.720681e+00   1.275039e-02
1.801514999999999977e+00   1.714322e+00   1.271610e-02
1.806227000000000027e+00   1.704608e+00   1.269778e-02
1.810937999999999937e+00   1.677623e+00   1.265337e-02
1.815649000000000068e+00   1.693111e+00   1.264403e-02
1.820359999999999978e+00   1.692769e+00   1.263913e-02
1.825072000000000028e+00   1.661033e+00   1.260777e-02
1.829782999999999937e+00   1.649344e+00   1.257921e-02
1.834494000000000069e+00   1.651277e+00   1.255837e-02
1.839204999999999979e+00   1.667425e+00   1.255150e-02
1.843917000000000028e+00   1.645889e+00   1.250092e-02
1.848627999999999938e+00   1.617370e+00   1.248084e-02
1.853339000000000070e+00   1.614425e+00   1.246688e-02
1.858049999999999979e+00   1.643539e+00   1.246978e-02
1.862762000000000029e+00   1.606717e+00   1.243171e-02
1.867472999999999939e+00   1.597405e+00   1.239772e-02
1.872184000000000070e+00   1.577141e+00   1.237288e-02
1.876894999999999980e+00   1.607441e+00   1.237020e-02
1.881607000000000030e+00   1.592660e+00   1.234693e-02
1.886317999999999939e+00   1.575704e+00   1.232203e-02
1.891029000000000071e+00   1.599198e+00   1.231271e-02
1.895740999999999898e+00   1.566012e+00   1.228297e-02
1.900452000000000030e+00   1.562407e+00   1.226543e-02
1.905162999999999940e+00   1.553055e+00   1.225090e-02
1.909874000000000072e+00   1.542502e+00   1.221930e-02
1.914585999999999899e+00   1.537739e+00   1.219667e-02
1.919297000000000031e+00   1.517115e+00   1.217468e-02
1.924007999999999940e+00   1.505358e+00   1.215748e-02
1.928719000000000072e+00   1.497621e+00   1.213256e-02
1.933430999999999900e+00   1.510457e+00   1.211998e-02
1.938142000000000031e+00   1.511134e+00   1.209044e-02
1.942852999999999941e+00   1.485014e+00   1.202964e-02
1.947564000000000073e+00   1.480895e+00   1.198831e-02
1.952275999999999900e+00   1.462795e+00   1.195986e-02
1.956987000000000032e+00   1.488128e+00   1.194985e-02
1.961697999999999942e+00   1.447007e+00   1.192057e-02
1.966409000000000074e+00   1.454489e+00   1.192037e-02
1.971120999999999901e+00   1.451568e+00   1.189556e-02
1.975832000000000033e+00   1.435713e+00   1.187229e-02
1.980542999999999942e+00   1.436413e+00   1.188329e-02
1.985254000000000074e+00   1.423957e+00   1.186171e-02
1.989965999999999902e+00   1.435898e+00   1.186531e-02
1.994677000000000033e+00   1.429573e+00   1.187168e-02
1.999387999999999943e+00   1.425993e+00   1.187546e-02
2.004099000000000075e+00   1.421011e+00   1.216274e-02
2.008811000000000124e+00   1.389903e+00   1.240182e-02
2.013522000000000034e+00   1.410970e+00   1.257714e-02
2.018232999999999944e+00   1.407353e+00   1.271042e-02
2.022943999999999853e+00   1.373223e+00   1.283222e-02
2.027655999999999903e+00   1.380832e+00   1.292699e-02
2.032366999999999813e+00   1.370168e+00   1.301004e-02
2.037078000000000166e+00   1.380878e+00   1.303042e-02
2.041789000000000076e+00   1.351267e+00   1.306267e-02
2.046501000000000126e+00   1.347433e+00   1.307716e-02
2.051212000000000035e+00   1.339208e+00   1.309422e-02
2.055922999999999945e+00   1.325020e+00   1.312967e-02
2.060633999999999855e+00   1.340237e+00   1.315793e-02
2.065345999999999904e+00   1.325520e+00   1.313143e-02
2.070056999999999814e+00   1.323681e+00   1.274582e-02
2.074768000000000168e+00   1.320267e+00   1.247833e-02
2.079480000000000217e+00   1.325709e+00   1.230746e-02
2.084191000000000127e+00   1.314127e+00   1.217136e-02
2.088902000000000037e+00   1.284225e+00   1.204090e-02
2.093612999999999946e+00   1.295963e+00   1.196807e-02
2.098324999999999996e+00   1.287184e+00   1.191367e-02
2.103035999999999905e+00   1.272572e+00   1.186247e-02
2.107746999999999815e+00   1.269428e+00   1.183604e-02
2.112458000000000169e+00   1.258047e+00   1.180725e-02
2.117170000000000218e+00   1.262739e+00   1.178400e-02
2.121881000000000128e+00   1.251881e+00   1.173412e-02
2.126592000000000038e+00   1.248229e+00   1.170227e-02
2.131302999999999948e+00   1.249212e+00   1.169768e-02
2.136014999999999997e+00   1.241689e+00   1.167240e-02
2.140725999999999907e+00   1.233640e+00   1.165137e-02
2.145436999999999816e+00   1.224059e+00   1.160838e-02
2.150148000000000170e+00   1.226751e+00   1.158087e-02
2.154860000000000220e+00   1.217899e+00   1.156679e-02
2.159571000000000129e+00   1.215643e+00   1.154315e-02
2.164282000000000039e+00   1.193248e+00   1.152270e-02
2.168992999999999949e+00   1.189204e+00   1.148675e-02
2.173704999999999998e+00   1.183286e+00   1.145935e-02
2.178415999999999908e+00   1.186526e+00   1.144989e-02
2.183126999999999818e+00   1.180544e+00   1.143002e-02
2.187838000000000171e+00   1.186049e+00   1.142226e-02
2.192550000000000221e+00   1.181708e+00   1.140577e-02
2.197261000000000131e+00   1.181915e+00   1.138269e-02
2.201972000000000040e+00   1.163642e+00   1.135232e-02
2.206682999999999950e+00   1.141944e+00   1.132422e-02
2.211395000000000000e+00   1.142149e+00   1.130946e-02
2.216105999999999909e+00   1.132980e+00   1.127290e-02
2.220816999999999819e+00   1.147742e+00   1.126462e-02
2.225528000000000173e+00   1.146320e+00   1.125892e-02
2.230239999999999778e+00   1.127931e+00   1.123931e-02
2.234951000000000132e+00   1.129154e+00   1.122880e-02
2.239662000000000042e+00   1.125105e+00   1.120246e-02
2.244372999999999951e+00   1.104274e+00   1.118445e-02
2.249085000000000001e+00   1.093151e+00   1.117111e-02
2.253795999999999911e+00   1.106202e+00   1.115374e-02
2.258506999999999820e+00   1.095611e+00   1.112647e-02
2.263218999999999870e+00   1.111509e+00   1.110711e-02
2.267929999999999779e+00   1.109065e+00   1.109825e-02
2.272641000000000133e+00   1.082218e+00   1.107452e-02
2.277352000000000043e+00   1.072859e+00   1.104845e-02
2.282064000000000092e+00   1.086096e+00   1.104802e-02
2.286775000000000002e+00   1.059723e+00   1.102623e-02
2.291485999999999912e+00   1.059267e+00   1.101527e-02
2.296196999999999822e+00   1.055260e+00   1.099778e-02
2.300908999999999871e+00   1.069983e+00   1.097841e-02
2.305619999999999781e+00   1.052178e+00   1.094450e-02
2.310331000000000135e+00   1.042146e+00   1.092672e-02
2.315042000000000044e+00   1.043959e+00   1.092413e-02
2.319754000000000094e+00   1.029488e+00   1.090067e-02
2.324465000000000003e+00   1.027652e+00   1.089473e-02
2.329175999999999913e+00   1.029131e+00   1.088640e-02
2.333886999999999823e+00   1.016690e+00   1.085251e-02
2.338598999999999872e+00   1.022767e+00   1.084810e-02
2.343309999999999782e+00   1.014448e+00   1.083654e-02
2.348021000000000136e+00   1.011676e+00   1.081513e-02
2.352732000000000046e+00   9.886857e-01   1.078895e-02
2.357444000000000095e+00   1.005179e+00   1.078965e-02
2.362155000000000005e+00   1.004389e+00   1.077701e-02
2.366865999999999914e+00   9.825637e-01   1.075876e-02
2.371576999999999824e+00   9.961908e-01   1.074411e-02
2.376288999999999874e+00   9.998585e-01   1.073393e-02
2.380999999999999783e+00   9.787604e-01   1.070804e-02
2.385711000000000137e+00   9.808424e-01   1.069195e-02
2.390422000000000047e+00   9.792381e-01   1.068138e-02
2.395134000000000096e+00   9.745414e-01   1.067063e-02
2.399845000000000006e+00   9.640290e-01   1.065162e-02
2.404555999999999916e+00   9.509550e-01   1.064236e-02
2.409266999999999825e+00   9.489796e-01   1.062371e-02
2.413978999999999875e+00   9.586061e-01   1.059999e-02
2.418689999999999785e+00   9.464792e-01   1.058638e-02
2.423401000000000138e+00   9.476665e-01   1.057680e-02
2.428112000000000048e+00   9.467273e-01   1.056328e-02
2.432824000000000098e+00   9.361194e-01   1.055079e-02
2.437535000000000007e+00   9.292421e-01   1.053935e-02
2.442245999999999917e+00   9.187303e-01   1.051824e-02
2.446957999999999966e+00   9.053667e-01   1.049777e-02
2.451668999999999876e+00   8.974644e-01   1.047831e-02
2.456379999999999786e+00   9.113421e-01   1.047334e-02
2.461091000000000140e+00   9.182582e-01   1.046685e-02
2.465803000000000189e+00   9.029716e-01   1.045276e-02
2.470514000000000099e+00   9.034054e-01   1.044073e-02
2.475225000000000009e+00   8.901386e-01   1.042564e-02
2.479935999999999918e+00   9.033491e-01   1.041746e-02
2.484647999999999968e+00   8.891314e-01   1.039969e-02
2.489358999999999877e+00   8.988889e-01   1.038605e-02
2.494069999999999787e+00   8.957299e-01   1.036163e-02
2.498781000000000141e+00   8.787512e-01   1.035870e-02
2.503493000000000190e+00   8.786265e-01   1.034733e-02
2.508204000000000100e+00   8.668246e-01   1.031704e-02
2.512915000000000010e+00   8.593054e-01   1.029678e-02
2.517625999999999920e+00   8.658974e-01   1.028459e-02
2.522337999999999969e+00   8.691383e-01   1.026480e-02
2.527048999999999879e+00   8.578512e-01   1.024039e-02
2.531759999999999788e+00   8.440635e-01   1.021982e-02
2.536471000000000142e+00   8.547527e-01   1.020649e-02
2.541183000000000192e+00   8.484006e-01   1.020470e-02
2.545894000000000101e+00   8.296674e-01   1.018234e-02
2.550605000000000011e+00   8.187616e-01   1.015994e-02
2.555315999999999921e+00   8.271523e-01   1.016366e-02
2.560027999999999970e+00   8.118137e-01   1.014317e-02
2.564738999999999880e+00   8.073445e-01   1.013330e-02
2.569449999999999790e+00   8.177550e-01   1.014393e-02
2.574161000000000143e+00   8.119578e-01   1.014016e-02
2.578873000000000193e+00   8.102246e-01   1.013195e-02
2.583584000000000103e+00   7.995759e-01   1.011483e-02
2.588295000000000012e+00   7.991345e-01   1.010157e-02
2.593005999999999922e+00   7.982953e-01   1.009623e-02
2.597717999999999972e+00   7.972474e-01   1.009207e-02
2.602428999999999881e+00   7.917314e-01   1.007573e-02
2.607139999999999791e+00   7.772782e-01   1.005449e-02
2.611851000000000145e+00   7.844061e-01   1.005067e-02
2.616563000000000194e+00   7.828236e-01   1.004043e-02
2.621274000000000104e+00   7.887475e-01   1.003358e-02
2.625985000000000014e+00   7.885275e-01   1.002264e-02
2.630697000000000063e+00   7.780226e-01   1.000000e-02
2.635407999999999973e+00   7.707196e-01   9.997222e-03
2.640118999999999883e+00   7.679947e-01   9.985990e-03
2.644829999999999792e+00   7.833034e-01   9.974912e-03
2.649541999999999842e+00   7.621119e-01   9.951453e-03
2.654253000000000196e+00   7.611640e-01   9.943696e-03
2.658964000000000105e+00   7.522214e-01   9.933978e-03
2.663675000000000015e+00   7.548274e-01   9.927627e-03
2.668387000000000064e+00   7.574625e-01   9.912851e-03
2.673097999999999974e+00   7.556768e-01   9.901374e-03
2.677808999999999884e+00   7.326715e-01   9.882364e-03
2.682519999999999794e+00   7.288152e-01   9.874111e-03
2.687231999999999843e+00   7.364248e-01   9.869978e-03
2.691943000000000197e+00   7.290509e-01   9.854695e-03
2.696654000000000106e+00   7.364097e-01   9.847976e-03
2.701365000000000016e+00   7.218442e-01   9.835510e-03
2.706077000000000066e+00   7.171370e-01   9.812910e-03
2.710787999999999975e+00   7.070261e-01   9.803521e-03
2.715498999999999885e+00   7.123545e-01   9.797368e-03
2.720209999999999795e+00   7.283619e-01   9.792304e-03
2.724921999999999844e+00   7.121153e-01   9.778401e-03
2.729633000000000198e+00   7.095420e-01   9.767980e-03
2.734344000000000108e+00   7.023708e-01   9.756095e-03
2.739055000000000017e+00   6.889367e-01   9.740985e-03
2.743767000000000067e+00   7.047838e-01   9.731316e-03
2.748477999999999977e+00   6.984489e-01   9.718777e-03
2.753188999999999886e+00   6.936686e-01   9.711290e-03
2.757899999999999796e+00   6.920353e-01   9.707878e-03
2.762611999999999846e+00   6.937886e-01   9.690165e-03
2.767323000000000199e+00   6.886467e-01   9.687401e-03
2.772034000000000109e+00   6.802545e-01   9.665770e-03
2.776745000000000019e+00   6.677492e-01   9.650887e-03
2.781457000000000068e+00   6.753272e-01   9.646074e-03
2.786167999999999978e+00   6.827738e-01   9.641291e-03
2.790878999999999888e+00   6.750336e-01   9.627588e-03
2.795589999999999797e+00   6.651069e-01   9.613598e-03
2.800301999999999847e+00   6.644922e-01   9.613335e-03
2.805013000000000201e+00   6.713015e-01   9.642511e-03
2.809724000000000110e+00   6.623567e-01   9.892430e-03
2.814436000000000160e+00   6.476736e-01   1.003819e-02
2.819147000000000070e+00   6.609250e-01   1.017910e-02
2.823857999999999979e+00   6.611772e-01   1.026137e-02
2.828568999999999889e+00   6.570097e-01   1.030789e-02
2.833280999999999938e+00   6.574675e-01   1.034057e-02
2.837991999999999848e+00   6.394882e-01   1.037211e-02
2.842703000000000202e+00   6.232306e-01   1.038936e-02
2.847414000000000112e+00   6.338146e-01   1.041698e-02
2.852126000000000161e+00   6.342619e-01   1.043923e-02
2.856837000000000071e+00   6.462708e-01   1.046264e-02
2.861547999999999981e+00   6.396335e-01   1.048798e-02
2.866258999999999890e+00   6.222228e-01   1.050157e-02
2.870970999999999940e+00   6.243439e-01   1.042350e-02
2.875681999999999849e+00   6.501718e-01   1.017808e-02
2.880393000000000203e+00   6.213866e-01   9.995271e-03
2.885104000000000113e+00   6.047425e-01   9.886950e-03
2.889816000000000162e+00   6.277005e-01   9.813497e-03
2.894527000000000072e+00   6.200597e-01   9.770826e-03
2.899237999999999982e+00   6.145222e-01   9.726681e-03
2.903948999999999891e+00   6.054394e-01   9.702843e-03
2.908660999999999941e+00   6.127078e-01   9.690634e-03
2.913371999999999851e+00   5.940821e-01   9.660271e-03
2.918083000000000204e+00   5.970341e-01   9.644953e-03
2.922794000000000114e+00   6.083577e-01   9.625164e-03
2.927506000000000164e+00   5.928360e-01   9.609635e-03
2.932217000000000073e+00   5.963467e-01   9.599797e-03
2.936927999999999983e+00   5.861125e-01   9.573826e-03
2.941638999999999893e+00   5.773904e-01   9.564808e-03
2.946350999999999942e+00   5.946924e-01   9.540155e-03
2.951061999999999852e+00   5.855304e-01   9.529061e-03
2.955773000000000206e+00   5.838641e-01   9.512971e-03
2.960484000000000115e+00   5.795362e-01   9.496061e-03
2.965196000000000165e+00   5.713444e-01   9.482939e-03
2.969907000000000075e+00   5.739706e-01   9.477368e-03
2.974617999999999984e+00   5.742612e-01   9.461538e-03
2.979328999999999894e+00   5.635587e-01   9.445845e-03
2.984040999999999944e+00   5.706281e-01   9.441214e-03
2.988751999999999853e+00   5.694398e-01   9.427864e-03
2.993463000000000207e+00   5.687355e-01   9.413193e-03
2.998174999999999812e+00   5.595032e-01   9.406132e-03
3.002886000000000166e+00   5.554038e-01   9.390506e-03
3.007597000000000076e+00   5.546657e-01   9.377069e-03
3.012307999999999986e+00   5.447718e-01   9.359399e-03
3.017020000000000035e+00   5.494851e-01   9.348012e-03
3.021730999999999945e+00   5.547205e-01   9.351497e-03
3.026441999999999855e+00   5.541895e-01   9.330199e-03
3.031153000000000208e+00   5.413090e-01   9.310962e-03
3.035864999999999814e+00   5.369586e-01   9.298372e-03
3.040576000000000167e+00   5.342462e-01   9.292311e-03
3.045287000000000077e+00   5.378331e-01   9.286170e-03
3.049997999999999987e+00   5.364716e-01   9.274868e-03
3.054710000000000036e+00   5.490189e-01   9.262171e-03
3.059420999999999946e+00   5.454616e-01   9.251489e-03
3.064131999999999856e+00   5.512387e-01   9.249893e-03
3.068843000000000210e+00   5.439805e-01   9.235055e-03
3.073554999999999815e+00   5.370861e-01   9.223318e-03
3.078266000000000169e+00   5.316913e-01   9.214802e-03
3.082977000000000078e+00   5.313940e-01   9.195952e-03
3.087687999999999988e+00   5.235513e-01   9.180787e-03
3.092400000000000038e+00   5.209122e-01   9.179001e-03
3.097110999999999947e+00   5.258895e-01   9.171483e-03
3.101821999999999857e+00   5.250821e-01   9.160253e-03
3.106533000000000211e+00   5.074878e-01   9.164059e-03
3.111244999999999816e+00   5.169907e-01   9.133571e-03
3.115956000000000170e+00   5.049085e-01   9.121504e-03
3.120667000000000080e+00   5.009212e-01   9.109752e-03
3.125377999999999989e+00   5.115184e-01   9.107317e-03
3.130090000000000039e+00   5.038668e-01   9.102395e-03
3.134800999999999949e+00   4.943275e-01   9.091491e-03
3.139511999999999858e+00   5.151962e-01   9.095234e-03
3.144223000000000212e+00   5.106512e-01   9.082119e-03
3.148934999999999818e+00   5.061361e-01   9.072548e-03
3.153646000000000171e+00   4.979217e-01   9.053623e-03
3.158357000000000081e+00   4.918409e-01   9.054185e-03
3.163067999999999991e+00   4.972868e-01   9.048190e-03
3.167780000000000040e+00   4.883560e-01   9.025643e-03
3.172490999999999950e+00   4.825014e-01   9.015083e-03
3.177201999999999860e+00   4.907784e-01   9.017408e-03
3.181913999999999909e+00   4.974845e-01   9.021039e-03
3.186624999999999819e+00   4.786295e-01   8.998668e-03
3.191336000000000173e+00   4.701962e-01   8.979115e-03
3.196047000000000082e+00   4.667752e-01   8.963014e-03
3.200759000000000132e+00   4.783568e-01   8.944434e-03
3.205470000000000041e+00   4.800850e-01   8.938332e-03
3.210180999999999951e+00   4.772181e-01   8.928329e-03
3.214891999999999861e+00   4.754584e-01   8.924558e-03
3.219603999999999910e+00   4.844978e-01   8.906353e-03
3.224314999999999820e+00   4.705538e-01   8.897164e-03
3.229026000000000174e+00   4.651969e-01   8.889062e-03
3.233737000000000084e+00   4.690880e-01   8.874724e-03
3.238449000000000133e+00   4.798218e-01   8.873215e-03
3.243160000000000043e+00   4.628345e-01   8.873171e-03
3.247870999999999952e+00   4.692090e-01   8.872330e-03
3.252581999999999862e+00   4.669332e-01   8.863802e-03
3.257293999999999912e+00   4.715864e-01   8.864995e-03
3.262004999999999821e+00   4.547268e-01   8.852308e-03
3.266716000000000175e+00   4.446335e-01   8.843544e-03
3.271427000000000085e+00   4.572127e-01   8.848795e-03
3.276139000000000134e+00   4.457480e-01   8.838673e-03
3.280850000000000044e+00   4.557655e-01   8.829408e-03
3.285560999999999954e+00   4.630298e-01   8.825882e-03
3.290271999999999863e+00   4.422311e-01   8.815724e-03
3.294983999999999913e+00   4.423192e-01   8.810719e-03
3.299694999999999823e+00   4.503589e-01   8.803525e-03
3.304406000000000176e+00   4.414622e-01   8.793622e-03
3.309117000000000086e+00   4.422749e-01   8.783572e-03
3.313829000000000136e+00   4.540413e-01   8.785254e-03
3.318540000000000045e+00   4.398227e-01   8.765117e-03
3.323250999999999955e+00   4.306518e-01   8.757183e-03
3.327961999999999865e+00   4.359058e-01   8.752927e-03
3.332673999999999914e+00   4.355020e-01   8.750292e-03
3.337384999999999824e+00   4.370111e-01   8.740262e-03
3.342096000000000178e+00   4.453146e-01   8.729251e-03
3.346807000000000087e+00   4.422973e-01   8.722676e-03
3.351519000000000137e+00   4.259696e-01   8.715101e-03
3.356230000000000047e+00   4.051595e-01   8.697949e-03
3.360940999999999956e+00   4.162589e-01   8.692154e-03
3.365653000000000006e+00   4.278356e-01   8.689292e-03
3.370363999999999916e+00   4.133551e-01   8.673621e-03
3.375074999999999825e+00   4.181947e-01   8.670881e-03
3.379786000000000179e+00   4.185498e-01   8.672163e-03
3.384497999999999784e+00   4.126564e-01   8.664498e-03
3.389209000000000138e+00   4.131530e-01   8.710114e-03
3.393920000000000048e+00   4.290653e-01   8.920629e-03
3.398630999999999958e+00   4.209454e-01   9.035665e-03
3.403343000000000007e+00   4.076853e-01   9.116996e-03
3.408053999999999917e+00   4.082949e-01   9.191406e-03
3.412764999999999826e+00   4.064269e-01   9.218927e-03
3.417476000000000180e+00   4.037790e-01   9.214252e-03
3.422187999999999786e+00   4.123873e-01   9.218297e-03
3.426899000000000139e+00   4.101371e-01   9.237304e-03
3.431610000000000049e+00   3.929395e-01   9.254780e-03
3.436320999999999959e+00   4.058648e-01   9.286372e-03
3.441033000000000008e+00   3.918826e-01   9.294358e-03
3.445743999999999918e+00   4.200165e-01   9.317868e-03
3.450454999999999828e+00   3.890847e-01   9.331783e-03
3.455166000000000182e+00   3.868088e-01   9.336069e-03
3.459877999999999787e+00   3.917409e-01   9.363174e-03
3.464589000000000141e+00   3.803092e-01   9.373692e-03
3.469300000000000050e+00   3.929815e-01   9.395332e-03
3.474010999999999960e+00   3.933050e-01   9.408945e-03
3.478723000000000010e+00   3.999493e-01   9.426711e-03
3.483433999999999919e+00   3.952704e-01   9.433370e-03
3.488144999999999829e+00   3.889033e-01   9.438598e-03
3.492856000000000183e+00   3.828270e-01   9.445591e-03
3.497567999999999788e+00   3.703289e-01   9.457681e-03
3.502279000000000142e+00   3.868409e-01   9.475195e-03
3.506990000000000052e+00   3.889968e-01   9.484413e-03
3.511700999999999961e+00   3.854560e-01   9.494676e-03
3.516413000000000011e+00   3.824723e-01   9.505233e-03
3.521123999999999921e+00   3.869918e-01   9.523132e-03
3.525834999999999830e+00   3.722312e-01   9.526497e-03
3.530546000000000184e+00   3.750486e-01   9.531408e-03
3.535257999999999790e+00   3.857795e-01   9.539111e-03
3.539969000000000143e+00   3.760367e-01   9.545491e-03
3.544680000000000053e+00   3.704846e-01   9.553848e-03
3.549392000000000102e+00   3.739014e-01   9.564912e-03
3.554103000000000012e+00   3.719829e-01   9.578627e-03
3.558813999999999922e+00   3.777008e-01   9.583599e-03
3.563524999999999832e+00   3.766208e-01   9.595903e-03
3.568236999999999881e+00   3.708075e-01   9.596731e-03
3.572947999999999791e+00   3.639871e-01   9.604755e-03
3.577659000000000145e+00   3.602866e-01   9.621223e-03
3.582370000000000054e+00   3.609312e-01   9.618501e-03
3.587082000000000104e+00   3.585033e-01   9.618681e-03
3.591793000000000013e+00   3.565817e-01   9.621544e-03
3.596503999999999923e+00   3.674629e-01   9.627846e-03
3.601214999999999833e+00   3.714574e-01   9.622457e-03
3.605926999999999882e+00   3.670322e-01   9.635601e-03
3.610637999999999792e+00   3.658909e-01   9.819161e-03
3.615349000000000146e+00   3.771753e-01   1.010500e-02
3.620060000000000056e+00   3.779876e-01   1.027675e-02
3.624772000000000105e+00   3.485118e-01   1.040481e-02
3.629483000000000015e+00   3.636495e-01   1.047998e-02
3.634193999999999924e+00   3.481221e-01   1.054451e-02
3.638904999999999834e+00   3.406993e-01   1.059919e-02
3.643616999999999884e+00   3.388681e-01   1.066229e-02
3.648327999999999793e+00   3.459775e-01   1.072059e-02
3.653039000000000147e+00   3.521587e-01   1.078634e-02
3.657750000000000057e+00   3.516104e-01   1.082642e-02
3.662462000000000106e+00   3.407486e-01   1.087362e-02
3.667173000000000016e+00   3.461371e-01   1.093892e-02
3.671883999999999926e+00   3.391524e-01   1.098085e-02
3.676594999999999835e+00   3.325436e-01   1.101874e-02
3.681306999999999885e+00   3.428847e-01   1.107809e-02
3.686017999999999795e+00   3.469593e-01   1.113709e-02
3.690729000000000148e+00   3.423857e-01   1.116764e-02
3.695440000000000058e+00   3.310791e-01   1.121455e-02
3.700152000000000108e+00   3.424057e-01   1.125849e-02
3.704863000000000017e+00   3.464616e-01   1.131611e-02
3.709573999999999927e+00   3.376829e-01   1.135660e-02
3.714284999999999837e+00   3.312191e-01   1.139860e-02
3.718996999999999886e+00   3.269591e-01   1.145465e-02
3.723707999999999796e+00   3.317470e-01   1.149691e-02
3.728419000000000150e+00   3.339344e-01   1.153457e-02
3.733131000000000199e+00   3.322424e-01   1.156652e-02
3.737842000000000109e+00   3.380651e-01   1.162424e-02
3.742553000000000019e+00   3.313315e-01   1.166352e-02
3.747263999999999928e+00   3.219737e-01   1.170236e-02
3.751975999999999978e+00   3.187734e-01   1.174208e-02
3.756686999999999887e+00   3.260373e-01   1.180714e-02
3.761397999999999797e+00   3.266846e-01   1.182951e-02
3.766109000000000151e+00   3.183969e-01   1.186360e-02
3.770821000000000200e+00   3.215968e-01   1.192072e-02
3.775532000000000110e+00   3.057971e-01   1.195306e-02
3.780243000000000020e+00   3.208134e-01   1.200360e-02
3.784953999999999930e+00   3.216700e-01   1.203860e-02
3.789665999999999979e+00   3.149788e-01   1.208192e-02
3.794376999999999889e+00   3.125686e-01   1.212307e-02
3.799087999999999798e+00   3.311727e-01   1.219012e-02
3.803799000000000152e+00   3.351977e-01   1.224988e-02
3.808511000000000202e+00   3.065354e-01   1.228269e-02
3.813222000000000111e+00   3.122180e-01   1.229315e-02
3.817933000000000021e+00   3.093205e-01   1.234273e-02
3.822643999999999931e+00   3.122274e-01   1.237349e-02
3.827355999999999980e+00   3.113848e-01   1.241969e-02
3.832066999999999890e+00   3.096427e-01   1.247438e-02
3.836777999999999800e+00   3.061392e-01   1.251381e-02
3.841489000000000154e+00   3.106467e-01   1.256361e-02
3.846201000000000203e+00   3.181491e-01   1.260994e-02
3.850912000000000113e+00   3.074913e-01   1.265102e-02
3.855623000000000022e+00   3.134053e-01   1.269329e-02
3.860333999999999932e+00   3.206609e-01   1.271952e-02
3.865045999999999982e+00   2.911106e-01   1.275376e-02
3.869756999999999891e+00   2.974111e-01   1.281178e-02
3.874467999999999801e+00   3.128897e-01   1.285557e-02
3.879179000000000155e+00   3.021651e-01   1.288219e-02
3.883891000000000204e+00   2.968435e-01   1.292904e-02
3.888602000000000114e+00   2.939650e-01   1.298928e-02
3.893313000000000024e+00   2.765102e-01   1.301698e-02
3.898023999999999933e+00   2.964044e-01   1.307533e-02
3.902735999999999983e+00   2.981298e-01   1.311827e-02
3.907446999999999893e+00   2.975926e-01   1.314570e-02
3.912157999999999802e+00   2.995073e-01   1.319524e-02
3.916869999999999852e+00   3.129798e-01   1.322423e-02
3.921581000000000206e+00   2.908734e-01   1.322320e-02
3.926292000000000115e+00   2.931898e-01   1.326303e-02
3.931003000000000025e+00   2.959234e-01   1.330021e-02
3.935715000000000074e+00   2.921282e-01   1.333932e-02
3.940425999999999984e+00   2.869177e-01   1.335072e-02
3.945136999999999894e+00   2.783131e-01   1.334500e-02
3.949847999999999804e+00   2.826878e-01   1.337163e-02
3.954559999999999853e+00   3.003779e-01   1.341149e-02
3.959271000000000207e+00   3.076719e-01   1.341881e-02
3.963982000000000117e+00   3.098156e-01   1.341354e-02
3.968693000000000026e+00   2.887711e-01   1.346214e-02
3.973405000000000076e+00   2.979063e-01   1.349472e-02
3.978115999999999985e+00   2.938815e-01   1.354004e-02
3.982826999999999895e+00   2.833640e-01   1.357229e-02
3.987537999999999805e+00   2.808083e-01   1.361593e-02
3.992249999999999854e+00   2.728321e-01   1.365181e-02
3.996961000000000208e+00   2.881682e-01   1.369741e-02
4.001672000000000118e+00   2.650531e-01   1.371855e-02
4.006382999999999583e+00   2.687376e-01   1.377868e-02
4.011095000000000077e+00   2.849946e-01   1.382997e-02
4.015806000000000431e+00   2.845893e-01   1.388275e-02
4.020516999999999896e+00   2.759692e-01   1.392502e-02
4.025228000000000250e+00   2.803378e-01   1.395548e-02
4.029939999999999856e+00   2.806036e-01   1.400396e-02
4.034651000000000209e+00   2.830304e-01   1.406959e-02
4.039361999999999675e+00   2.726224e-01   1.412252e-02
4.044073000000000029e+00   2.849911e-01   1.416685e-02
4.048784999999999634e+00   2.894507e-01   1.422215e-02
4.053495999999999988e+00   2.944809e-01   1.427364e-02
4.058207000000000342e+00   2.799905e-01   1.430989e-02
4.062917999999999807e+00   2.774375e-01   1.435531e-02
4.067630000000000301e+00   2.651883e-01   1.440515e-02
4.072340999999999767e+00   2.700796e-01   1.443045e-02
4.077052000000000120e+00   2.668338e-01   1.449987e-02
4.081762999999999586e+00   2.713161e-01   1.456423e-02
4.086475000000000080e+00   2.430827e-01   1.460420e-02
4.091186000000000433e+00   2.748294e-01   1.466703e-02
4.095896999999999899e+00   2.720326e-01   1.470572e-02
4.100609000000000393e+00   2.632314e-01   1.475275e-02
4.105319999999999858e+00   2.606635e-01   1.480561e-02
4.110031000000000212e+00   2.558384e-01   1.485953e-02
4.114741999999999678e+00   2.519396e-01   1.489071e-02
4.119454000000000171e+00   2.576764e-01   1.496779e-02
4.124164999999999637e+00   2.402077e-01   1.503221e-02
4.128875999999999991e+00   2.449123e-01   1.505748e-02
4.133587000000000344e+00   2.650406e-01   1.512130e-02
4.138298999999999950e+00   2.784244e-01   1.519352e-02
4.143010000000000304e+00   2.805053e-01   1.523809e-02
4.147720999999999769e+00   2.881727e-01   1.529975e-02
4.152432000000000123e+00   2.593417e-01   1.538863e-02
4.157143999999999728e+00   2.692580e-01   1.543986e-02
4.161855000000000082e+00   2.835662e-01   1.549062e-02
4.166566000000000436e+00   2.727135e-01   1.552656e-02
4.171276999999999902e+00   2.795047e-01   1.557842e-02
4.175989000000000395e+00   2.765478e-01   1.566690e-02
4.180699999999999861e+00   2.746976e-01   1.575434e-02
4.185411000000000215e+00   2.691424e-01   1.579174e-02
4.190121999999999680e+00   2.581463e-01   1.586041e-02
4.194834000000000174e+00   2.592344e-01   1.591449e-02
4.199544999999999639e+00   2.206261e-01   1.594011e-02
4.204255999999999993e+00   2.403146e-01   1.598190e-02
4.208967000000000347e+00   2.381765e-01   1.605408e-02
4.213678999999999952e+00   2.510371e-01   1.611469e-02
4.218390000000000306e+00   2.665672e-01   1.620899e-02
4.223100999999999772e+00   2.457004e-01   1.624997e-02
4.227812000000000126e+00   2.442634e-01   1.629599e-02
4.232523999999999731e+00   2.564514e-01   1.638192e-02
4.237235000000000085e+00   2.655218e-01   1.644029e-02
4.241946000000000438e+00   2.540874e-01   1.651928e-02
4.246656999999999904e+00   2.136380e-01   1.655769e-02
4.251369000000000398e+00   2.087114e-01   1.662831e-02
4.256079999999999863e+00   2.215072e-01   1.669352e-02
4.260791000000000217e+00   2.379037e-01   1.674503e-02
4.265501999999999683e+00   2.288032e-01   1.684690e-02
4.270214000000000176e+00   2.085865e-01   1.689006e-02
4.274924999999999642e+00   2.435780e-01   1.696051e-02
4.279635999999999996e+00   2.644354e-01   1.706941e-02
4.284347999999999601e+00   2.570979e-01   1.715831e-02
4.289058999999999955e+00   2.222793e-01   1.719796e-02
4.293770000000000309e+00   2.178847e-01   1.729196e-02
4.298480999999999774e+00   2.491664e-01   1.736177e-02
4.303193000000000268e+00   2.361439e-01   1.742996e-02
4.307903999999999733e+00   2.465880e-01   1.751545e-02
4.312615000000000087e+00   2.313695e-01   1.759550e-02
4.317326000000000441e+00   2.380029e-01   1.765196e-02
4.322038000000000046e+00   2.410918e-01   1.778333e-02
4.326749000000000400e+00   2.592844e-01   1.785757e-02
4.331459999999999866e+00   2.560968e-01   1.789346e-02
4.336171000000000220e+00   2.204779e-01   1.795657e-02
4.340882999999999825e+00   2.517554e-01   1.807509e-02
4.345594000000000179e+00   2.339119e-01   1.812616e-02
4.350304999999999644e+00   2.212281e-01   1.823968e-02
4.355015999999999998e+00   2.451102e-01   1.833480e-02
4.359727999999999604e+00   2.025532e-01   1.838579e-02
4.364438999999999957e+00   1.957355e-01   1.845701e-02
4.369150000000000311e+00   2.244891e-01   1.857320e-02
4.373860999999999777e+00   2.235038e-01   1.867900e-02
4.378573000000000270e+00   2.394847e-01   1.878996e-02
4.383283999999999736e+00   2.365145e-01   1.884664e-02
4.387995000000000090e+00   2.362597e-01   1.893655e-02
4.392706000000000444e+00   2.496106e-01   1.905253e-02
4.397418000000000049e+00   2.156481e-01   1.905335e-02
4.402129000000000403e+00   2.511468e-01   1.911626e-02
4.406839999999999868e+00   2.355096e-01   1.912316e-02
4.411551000000000222e+00   2.123426e-01   1.912558e-02
4.416262999999999828e+00   2.225186e-01   1.915240e-02
4.420974000000000181e+00   2.168059e-01   1.920486e-02
4.425684999999999647e+00   2.177843e-01   1.916557e-02
4.430396000000000001e+00   2.317805e-01   1.921453e-02
4.435107999999999606e+00   2.292193e-01   1.926720e-02
4.439818999999999960e+00   2.364914e-01   1.928902e-02
4.444530000000000314e+00   2.428656e-01   1.937525e-02
4.449240999999999779e+00   2.275533e-01   1.945314e-02
4.453953000000000273e+00   2.428957e-01   1.957301e-02
4.458663999999999739e+00   2.465514e-01   1.966573e-02
4.463375000000000092e+00   2.274291e-01   1.977544e-02
4.468086999999999698e+00   2.190812e-01   1.984733e-02
4.472798000000000052e+00   2.092456e-01   1.993786e-02
4.477509000000000405e+00   2.200728e-01   2.010024e-02
4.482219999999999871e+00   2.338968e-01   2.025783e-02
4.486932000000000365e+00   2.371653e-01   2.029751e-02
4.491642999999999830e+00   2.322862e-01   2.042777e-02
4.496354000000000184e+00   2.204978e-01   2.052060e-02
4.501064999999999650e+00   2.129280e-01   2.064649e-02
4.505777000000000143e+00   2.326234e-01   2.076440e-02
4.510487999999999609e+00   2.118997e-01   2.083713e-02
4.515198999999999963e+00   2.575445e-01   2.098550e-02
4.519910000000000316e+00   2.319988e-01   2.114599e-02
4.524621999999999922e+00   1.997949e-01   2.127415e-02
4.529333000000000276e+00   2.184868e-01   2.137420e-02
4.534043999999999741e+00   2.260517e-01   2.149271e-02
4.538755000000000095e+00   2.265888e-01   2.164104e-02
4.543466999999999700e+00   2.637991e-01   2.180927e-02
4.548178000000000054e+00   2.147090e-01   2.192113e-02
4.552889000000000408e+00   2.315777e-01   2.208162e-02
4.557599999999999874e+00   2.337993e-01   2.220711e-02
4.562312000000000367e+00   2.317442e-01   2.237524e-02
4.567022999999999833e+00   2.334227e-01   2.249769e-02
4.571734000000000187e+00   2.216554e-01   2.260883e-02
4.576444999999999652e+00   2.167693e-01   2.273420e-02
4.581157000000000146e+00   1.919618e-01   2.287267e-02
4.585867999999999611e+00   2.384339e-01   2.306943e-02
4.590578999999999965e+00   1.863415e-01   2.316454e-02
4.595290000000000319e+00   1.959311e-01   2.339012e-02
4.600001999999999924e+00   2.002105e-01   2.356179e-02
4.604713000000000278e+00   2.190779e-01   2.368222e-02
4.609423999999999744e+00   2.303094e-01   2.389287e-02
4.614135000000000097e+00   2.481053e-01   2.412687e-02
4.618846999999999703e+00   2.144810e-01   2.437858e-02
4.623558000000000057e+00   2.059938e-01   2.451590e-02
4.628269000000000410e+00   1.848648e-01   2.465989e-02
4.632979999999999876e+00   2.011854e-01   2.485936e-02
4.637692000000000370e+00   2.132533e-01   2.505935e-02
4.642402999999999835e+00   1.819685e-01   2.517230e-02
4.647114000000000189e+00   1.892004e-01   2.542850e-02
4.651825999999999794e+00   2.056311e-01   2.567951e-02
4.656537000000000148e+00   1.853043e-01   2.587710e-02
4.661247999999999614e+00   2.281441e-01   2.606245e-02
4.665958999999999968e+00   2.235793e-01   2.631122e-02
4.670670999999999573e+00   1.943860e-01   2.660637e-02
4.675381999999999927e+00   2.038767e-01   2.683167e-02
4.680093000000000281e+00   2.279537e-01   2.705383e-02
4.684803999999999746e+00   1.580116e-01   2.729169e-02
4.689516000000000240e+00   1.982832e-01   2.754161e-02
4.694226999999999705e+00   2.341806e-01   2.791846e-02
4.698938000000000059e+00   2.177453e-01   2.815211e-02
4.703649000000000413e+00   2.140419e-01   2.834093e-02
4.708361000000000018e+00   2.035694e-01   2.856868e-02
4.713072000000000372e+00   2.027736e-01   2.892835e-02
4.717782999999999838e+00   2.372161e-01   2.927672e-02
4.722494000000000192e+00   2.302905e-01   2.956398e-02
4.727205999999999797e+00   1.988641e-01   2.994471e-02
4.731917000000000151e+00   2.166548e-01   3.023368e-02
4.736627999999999616e+00   2.328421e-01   3.050321e-02
4.741338999999999970e+00   1.803809e-01   3.088721e-02
4.746050999999999576e+00   2.041494e-01   3.137080e-02
4.750761999999999929e+00   2.377356e-01   3.175605e-02
4.755473000000000283e+00   2.351665e-01   3.215871e-02
4.760183999999999749e+00   1.976655e-01   3.263152e-02
4.764896000000000242e+00   2.219855e-01   3.309748e-02
4.769606999999999708e+00   2.011287e-01   3.345016e-02
4.774318000000000062e+00   1.946623e-01   3.387701e-02
4.779029000000000416e+00   2.648642e-01   3.429576e-02
4.783741000000000021e+00   2.141167e-01   3.482217e-02
4.788452000000000375e+00   2.045881e-01   3.550999e-02
4.793162999999999840e+00   2.065644e-01   3.597223e-02
4.797874000000000194e+00   1.827999e-01   3.655978e-02
4.802585999999999800e+00   2.020117e-01   3.717129e-02
4.807297000000000153e+00   2.460195e-01   3.783549e-02
4.812007999999999619e+00   2.027588e-01   3.829835e-02
4.816718999999999973e+00   1.903461e-01   3.909332e-02
4.821430999999999578e+00   2.091955e-01   4.009618e-02
4.826141999999999932e+00   2.124548e-01   4.091751e-02
4.830853000000000286e+00   1.809571e-01   4.168048e-02
4.835564999999999891e+00   2.353852e-01   4.242880e-02
4.840276000000000245e+00   2.236454e-01   4.323953e-02
4.844986999999999711e+00   1.762193e-01   4.425972e-02
4.849698000000000064e+00   1.928552e-01   4.531962e-02
4.854409999999999670e+00   2.238550e-01   4.666774e-02
4.859121000000000024e+00   1.427515e-01   4.785172e-02
4.863832000000000377e+00   1.982274e-01   4.913773e-02
4.868542999999999843e+00   2.381133e-01   5.080480e-02
4.873255000000000337e+00   2.327030e-01   5.232754e-02
4.877965999999999802e+00   2.118280e-01   5.407413e-02
4.882677000000000156e+00   2.732322e-01   5.630161e-02
4.887387999999999622e+00   2.025087e-01   5.833528e-02
4.892100000000000115e+00   2.382536e-01   6.087616e-02
4.896810999999999581e+00   2.543635e-01   6.451024e-02
4.901521999999999935e+00   1.588382e-01   6.729824e-02
4.906233000000000288e+00   2.319308e-01   7.062623e-02
4.910944999999999894e+00   2.099816e-01   7.608374e-02
4.915656000000000247e+00   3.252577e-01   8.174220e-02
4.920366999999999713e+00   3.099668e-01   8.862806e-02
4.925078000000000067e+00   2.301186e-01   9.760314e-02
4.929789999999999672e+00   2.114961e-01   1.106915e-01
4.934501000000000026e+00   3.649079e-01   1.350392e-01
4.939212000000000380e+00   3.544420e-01   1.813304e-01
4.943922999999999845e+00   9.121307e-02   3.198989e-01