# [2]
# Sample c= 9.63 mg/ml
# Intensity scaled by concentration
# Buffer subtracted data file:
# Protein DatFile = /data/visitor/mx1908/bm29/20161119/giulio/1d/mM60_016_ave.dat
# Buffer DatFile = /data/visitor/mx1908/bm29/20161119/giulio/1d/mM60_015_ave.dat
# 
# AutoRg: Rg   =   0.8885 +/- 0.12 ( 13.3%)
# AutoRg: I(0) =   3.86 +/- 0.0068
# AutoRg: Points   180 to 278 ( 99 total)
# AutoRg: Quality: 67.3%
# 
# 
# Sample Information:
# Storage Temperature (degrees C): 20.0
# Measurement Temperature (degrees C): 20.06
# Concentration: 9.63
# Code: 
3.479420999999999903e-02   1.662046e+00   9.372171e-01
3.950545999999999919e-02   1.917262e+00   3.715016e-01
4.421672000000000102e-02   2.424223e+00   2.429926e-01
4.892798000000000286e-02   2.841876e+00   1.864874e-01
5.363923000000000302e-02   2.896196e+00   1.497955e-01
5.835048999999999791e-02   3.011835e+00   1.233032e-01
6.306174999999999975e-02   3.126201e+00   1.028163e-01
6.777299999999999991e-02   3.133332e+00   8.790971e-02
7.248425999999999481e-02   3.132258e+00   7.662831e-02
7.719552000000000358e-02   3.195158e+00   6.786172e-02
8.190677000000000374e-02   3.163755e+00   6.065870e-02
8.661802999999999864e-02   3.174444e+00   5.499545e-02
9.132928999999999353e-02   3.287821e+00   5.047051e-02
9.604053999999999369e-02   3.267605e+00   4.678909e-02
1.007518000000000025e-01   3.298574e+00   4.362062e-02
1.054631000000000041e-01   3.274792e+00   4.076612e-02
1.101743000000000028e-01   3.303837e+00   3.843432e-02
1.148856000000000044e-01   3.294844e+00   3.640958e-02
1.195968000000000031e-01   3.292721e+00   3.468326e-02
1.243081000000000047e-01   3.285596e+00   3.304003e-02
1.290193000000000034e-01   3.306794e+00   3.175545e-02
1.337306000000000050e-01   3.348918e+00   3.058172e-02
1.384419000000000066e-01   3.317097e+00   2.949095e-02
1.431531000000000053e-01   3.326263e+00   2.850684e-02
1.478644000000000069e-01   3.324944e+00   2.764310e-02
1.525756000000000057e-01   3.338426e+00   2.692887e-02
1.572869000000000073e-01   3.322143e+00   2.620880e-02
1.619981000000000060e-01   3.285517e+00   2.548319e-02
1.667094000000000076e-01   3.319561e+00   2.490054e-02
1.714206000000000063e-01   3.309157e+00   2.427333e-02
1.761319000000000079e-01   3.299929e+00   2.378545e-02
1.808432000000000095e-01   3.309405e+00   2.329767e-02
1.855544000000000082e-01   3.304252e+00   2.288811e-02
1.902657000000000098e-01   3.314868e+00   2.251899e-02
1.949769000000000085e-01   3.340305e+00   2.214034e-02
1.996882000000000101e-01   3.355057e+00   2.178626e-02
2.043994000000000089e-01   3.350478e+00   2.142123e-02
2.091107000000000105e-01   3.362270e+00   2.111383e-02
2.138220000000000121e-01   3.327800e+00   2.080192e-02
2.185332000000000108e-01   3.319682e+00   2.044985e-02
2.232445000000000124e-01   3.350147e+00   2.019783e-02
2.279557000000000111e-01   3.332101e+00   1.992989e-02
2.326670000000000127e-01   3.335326e+00   1.967546e-02
2.373782000000000114e-01   3.328800e+00   1.941856e-02
2.420895000000000130e-01   3.357246e+00   1.917732e-02
2.468007000000000117e-01   3.341609e+00   1.894708e-02
2.515120000000000133e-01   3.329898e+00   1.875996e-02
2.562232999999999872e-01   3.323931e+00   1.853747e-02
2.609345000000000137e-01   3.317424e+00   1.831215e-02
2.656457999999999875e-01   3.330796e+00   1.814739e-02
2.703570000000000140e-01   3.349980e+00   1.796397e-02
2.750682999999999878e-01   3.342598e+00   1.781648e-02
2.797795000000000143e-01   3.341562e+00   1.761376e-02
2.844907999999999881e-01   3.349599e+00   1.745733e-02
2.892021000000000175e-01   3.350910e+00   1.730000e-02
2.939132999999999885e-01   3.356728e+00   1.715019e-02
2.986246000000000178e-01   3.359017e+00   1.699306e-02
3.033357999999999888e-01   3.356327e+00   1.682684e-02
3.080471000000000181e-01   3.371530e+00   1.670307e-02
3.127582999999999891e-01   3.368678e+00   1.657550e-02
3.174696000000000184e-01   3.363416e+00   1.642940e-02
3.221808999999999923e-01   3.335898e+00   1.626347e-02
3.268921000000000188e-01   3.348016e+00   1.614460e-02
3.316033999999999926e-01   3.347971e+00   1.605543e-02
3.363146000000000191e-01   3.374045e+00   1.620818e-02
3.410258999999999929e-01   3.394372e+00   1.636178e-02
3.457371000000000194e-01   3.387827e+00   1.640431e-02
3.504483999999999932e-01   3.390127e+00   1.663832e-02
3.551596000000000197e-01   3.381315e+00   1.697525e-02
3.598708999999999936e-01   3.402472e+00   1.722386e-02
3.645822000000000229e-01   3.380647e+00   1.737801e-02
3.692933999999999939e-01   3.370119e+00   1.748348e-02
3.740047000000000232e-01   3.393215e+00   1.761376e-02
3.787158999999999942e-01   3.389091e+00   1.772877e-02
3.834272000000000236e-01   3.396999e+00   1.785162e-02
3.881383999999999945e-01   3.379136e+00   1.791689e-02
3.928497000000000239e-01   3.381038e+00   1.832474e-02
3.975609999999999977e-01   3.402024e+00   1.890915e-02
4.022722000000000242e-01   3.398247e+00   1.932564e-02
4.069834999999999980e-01   3.372127e+00   1.967120e-02
4.116947000000000245e-01   3.373964e+00   2.000701e-02
4.164059999999999984e-01   3.364431e+00   2.028267e-02
4.211172000000000248e-01   3.380608e+00   2.059525e-02
4.258284999999999987e-01   3.388907e+00   2.089289e-02
4.305397000000000252e-01   3.379320e+00   2.119230e-02
4.352509999999999990e-01   3.402243e+00   2.149871e-02
4.399622999999999728e-01   3.381784e+00   2.179795e-02
4.446734999999999993e-01   3.350006e+00   2.218846e-02
4.493847999999999732e-01   3.380494e+00   2.253128e-02
4.540959999999999996e-01   3.399727e+00   2.269917e-02
4.588072999999999735e-01   3.428241e+00   2.196858e-02
4.635185000000000000e-01   3.356089e+00   2.136518e-02
4.682297999999999738e-01   3.404314e+00   2.109713e-02
4.729411000000000032e-01   3.388204e+00   2.086505e-02
4.776522999999999741e-01   3.399272e+00   2.068407e-02
4.823636000000000035e-01   3.405658e+00   2.052290e-02
4.870747999999999744e-01   3.399020e+00   2.037187e-02
4.917861000000000038e-01   3.404007e+00   2.028617e-02
4.964972999999999748e-01   3.374375e+00   2.010993e-02
5.012086000000000041e-01   3.394516e+00   2.001244e-02
5.059198999999999780e-01   3.376826e+00   1.991425e-02
5.106311000000000044e-01   3.400686e+00   1.985782e-02
5.153423999999999783e-01   3.381719e+00   1.972603e-02
5.200536000000000048e-01   3.353643e+00   1.956881e-02
5.247648999999999786e-01   3.347235e+00   1.940172e-02
5.294761000000000051e-01   3.358702e+00   1.928565e-02
5.341873999999999789e-01   3.406182e+00   1.915736e-02
5.388986000000000054e-01   3.385684e+00   1.901526e-02
5.436098999999999792e-01   3.362583e+00   1.889343e-02
5.483211999999999531e-01   3.384630e+00   1.882551e-02
5.530323999999999796e-01   3.372738e+00   1.868719e-02
5.577436999999999534e-01   3.395959e+00   1.859980e-02
5.624548999999999799e-01   3.374414e+00   1.849109e-02
5.671661999999999537e-01   3.358767e+00   1.836501e-02
5.718773999999999802e-01   3.360118e+00   1.830250e-02
5.765886999999999540e-01   3.347562e+00   1.824986e-02
5.813000000000000389e-01   3.387986e+00   1.823824e-02
5.860111999999999544e-01   3.378991e+00   1.819247e-02
5.907225000000000392e-01   3.387017e+00   1.814577e-02
5.954336999999999547e-01   3.377530e+00   1.810877e-02
6.001450000000000395e-01   3.362864e+00   1.805862e-02
6.048561999999999550e-01   3.330006e+00   1.799222e-02
6.095675000000000399e-01   3.344214e+00   1.797708e-02
6.142788000000000137e-01   3.334492e+00   1.792136e-02
6.189900000000000402e-01   3.344821e+00   1.784473e-02
6.237013000000000140e-01   3.358344e+00   1.782022e-02
6.284125000000000405e-01   3.362634e+00   1.781569e-02
6.331238000000000143e-01   3.373916e+00   1.777281e-02
6.378350000000000408e-01   3.328725e+00   1.768543e-02
6.425463000000000147e-01   3.323070e+00   1.764570e-02
6.472575000000000411e-01   3.348286e+00   1.764610e-02
6.519688000000000150e-01   3.319033e+00   1.755869e-02
6.566800999999999888e-01   3.328662e+00   1.755064e-02
6.613913000000000153e-01   3.338101e+00   1.752041e-02
6.661025999999999891e-01   3.343088e+00   1.747296e-02
6.708138000000000156e-01   3.300817e+00   1.739677e-02
6.755250999999999895e-01   3.339360e+00   1.739991e-02
6.802363000000000159e-01   3.319087e+00   1.733259e-02
6.849475999999999898e-01   3.292024e+00   1.728024e-02
6.896588999999999636e-01   3.321102e+00   1.725453e-02
6.943700999999999901e-01   3.278849e+00   1.715475e-02
6.990813999999999639e-01   3.298685e+00   1.714281e-02
7.037925999999999904e-01   3.302429e+00   1.710541e-02
7.085038999999999643e-01   3.289561e+00   1.705605e-02
7.132150999999999907e-01   3.281282e+00   1.703950e-02
7.179263999999999646e-01   3.276240e+00   1.699028e-02
7.226375999999999911e-01   3.287252e+00   1.696198e-02
7.273488999999999649e-01   3.291665e+00   1.693758e-02
7.320602000000000498e-01   3.273201e+00   1.687903e-02
7.367713999999999652e-01   3.273070e+00   1.684130e-02
7.414827000000000501e-01   3.268781e+00   1.682221e-02
7.461938999999999655e-01   3.277086e+00   1.679353e-02
7.509052000000000504e-01   3.261755e+00   1.673821e-02
7.556163999999999659e-01   3.277230e+00   1.669633e-02
7.603277000000000507e-01   3.267271e+00   1.666593e-02
7.650390000000000246e-01   3.235360e+00   1.661488e-02
7.697502000000000510e-01   3.254481e+00   1.657637e-02
7.744615000000000249e-01   3.224666e+00   1.653143e-02
7.791727000000000514e-01   3.233743e+00   1.649735e-02
7.838840000000000252e-01   3.237019e+00   1.648475e-02
7.885952000000000517e-01   3.228320e+00   1.643076e-02
7.933065000000000255e-01   3.224768e+00   1.639040e-02
7.980177999999999994e-01   3.219414e+00   1.635312e-02
8.027290000000000258e-01   3.216095e+00   1.630784e-02
8.074402999999999997e-01   3.206289e+00   1.627710e-02
8.121515000000000262e-01   3.213798e+00   1.626221e-02
8.168628000000000000e-01   3.218080e+00   1.621834e-02
8.215740000000000265e-01   3.205337e+00   1.617867e-02
8.262853000000000003e-01   3.200876e+00   1.613104e-02
8.309965000000000268e-01   3.193014e+00   1.609594e-02
8.357078000000000007e-01   3.168576e+00   1.605418e-02
8.404190999999999745e-01   3.154107e+00   1.602249e-02
8.451303000000000010e-01   3.163838e+00   1.599386e-02
8.498415999999999748e-01   3.171286e+00   1.595570e-02
8.545528000000000013e-01   3.154876e+00   1.591194e-02
8.592640999999999751e-01   3.158717e+00   1.587807e-02
8.639753000000000016e-01   3.155517e+00   1.585627e-02
8.686865999999999755e-01   3.137556e+00   1.579219e-02
8.733978999999999493e-01   3.110775e+00   1.573803e-02
8.781090999999999758e-01   3.143148e+00   1.573574e-02
8.828203999999999496e-01   3.150370e+00   1.572264e-02
8.875315999999999761e-01   3.126035e+00   1.567080e-02
8.922428999999999499e-01   3.120028e+00   1.563295e-02
8.969540999999999764e-01   3.115401e+00   1.560503e-02
9.016653999999999503e-01   3.110568e+00   1.556738e-02
9.063767000000000351e-01   3.083015e+00   1.552595e-02
9.110878999999999506e-01   3.090823e+00   1.549219e-02
9.157992000000000354e-01   3.098264e+00   1.545398e-02
9.205103999999999509e-01   3.083307e+00   1.542870e-02
9.252217000000000358e-01   3.089971e+00   1.540692e-02
9.299328999999999512e-01   3.064412e+00   1.534984e-02
9.346442000000000361e-01   3.069153e+00   1.533626e-02
9.393553999999999515e-01   3.062260e+00   1.528969e-02
9.440667000000000364e-01   3.060809e+00   1.525546e-02
9.487780000000000102e-01   3.037957e+00   1.521441e-02
9.534892000000000367e-01   3.031854e+00   1.518950e-02
9.582005000000000106e-01   3.035598e+00   1.516328e-02
9.629117000000000370e-01   3.038856e+00   1.513944e-02
9.676230000000000109e-01   3.008163e+00   1.508202e-02
9.723342000000000374e-01   2.988753e+00   1.503755e-02
9.770455000000000112e-01   2.988690e+00   1.503327e-02
9.817567999999999850e-01   2.997677e+00   1.498946e-02
9.864680000000000115e-01   2.999821e+00   1.494868e-02
9.911792999999999854e-01   2.975939e+00   1.490306e-02
9.958905000000000118e-01   2.986407e+00   1.490715e-02
1.000601999999999991e+00   2.978282e+00   1.487219e-02
1.005312999999999901e+00   2.968150e+00   1.482101e-02
1.010024000000000033e+00   2.963347e+00   1.479179e-02
1.014736000000000082e+00   2.967109e+00   1.476246e-02
1.019446999999999992e+00   2.933415e+00   1.472497e-02
1.024157999999999902e+00   2.914010e+00   1.467561e-02
1.028869000000000034e+00   2.919509e+00   1.463992e-02
1.033581000000000083e+00   2.941586e+00   1.463723e-02
1.038291999999999993e+00   2.929887e+00   1.458716e-02
1.043002999999999902e+00   2.895232e+00   1.454792e-02
1.047714000000000034e+00   2.886229e+00   1.453855e-02
1.052426000000000084e+00   2.892826e+00   1.451777e-02
1.057136999999999993e+00   2.892246e+00   1.449595e-02
1.061847999999999903e+00   2.897076e+00   1.446946e-02
1.066559000000000035e+00   2.847676e+00   1.439856e-02
1.071271000000000084e+00   2.837680e+00   1.438123e-02
1.075981999999999994e+00   2.834326e+00   1.435163e-02
1.080692999999999904e+00   2.841430e+00   1.433868e-02
1.085404000000000035e+00   2.819248e+00   1.427890e-02
1.090116000000000085e+00   2.828321e+00   1.426315e-02
1.094826999999999995e+00   2.833730e+00   1.424461e-02
1.099537999999999904e+00   2.804255e+00   1.419675e-02
1.104249000000000036e+00   2.797772e+00   1.416251e-02
1.108961000000000086e+00   2.790264e+00   1.413462e-02
1.113671999999999995e+00   2.768458e+00   1.410050e-02
1.118382999999999905e+00   2.774997e+00   1.407261e-02
1.123094000000000037e+00   2.773672e+00   1.405308e-02
1.127806000000000086e+00   2.761663e+00   1.402602e-02
1.132516999999999996e+00   2.759277e+00   1.398622e-02
1.137227999999999906e+00   2.740963e+00   1.394853e-02
1.141939000000000037e+00   2.728934e+00   1.391492e-02
1.146651000000000087e+00   2.726115e+00   1.389997e-02
1.151361999999999997e+00   2.722402e+00   1.387742e-02
1.156072999999999906e+00   2.738940e+00   1.386603e-02
1.160784000000000038e+00   2.709941e+00   1.383179e-02
1.165496000000000087e+00   2.698607e+00   1.377667e-02
1.170206999999999997e+00   2.695920e+00   1.375157e-02
1.174917999999999907e+00   2.691708e+00   1.372875e-02
1.179629999999999956e+00   2.680886e+00   1.370075e-02
1.184341000000000088e+00   2.667850e+00   1.365041e-02
1.189051999999999998e+00   2.647984e+00   1.363040e-02
1.193762999999999908e+00   2.663292e+00   1.364462e-02
1.198474999999999957e+00   2.655814e+00   1.392755e-02
1.203186000000000089e+00   2.641010e+00   1.428487e-02
1.207896999999999998e+00   2.631216e+00   1.451371e-02
1.212607999999999908e+00   2.614441e+00   1.468940e-02
1.217319999999999958e+00   2.606901e+00   1.483441e-02
1.222031000000000089e+00   2.622935e+00   1.501024e-02
1.226741999999999999e+00   2.599333e+00   1.513249e-02
1.231452999999999909e+00   2.582631e+00   1.524575e-02
1.236164999999999958e+00   2.556946e+00   1.535328e-02
1.240876000000000090e+00   2.563255e+00   1.547816e-02
1.245587000000000000e+00   2.560474e+00   1.553837e-02
1.250297999999999909e+00   2.549050e+00   1.556929e-02
1.255009999999999959e+00   2.543442e+00   1.558627e-02
1.259721000000000091e+00   2.537904e+00   1.557064e-02
1.264432000000000000e+00   2.550464e+00   1.505199e-02
1.269142999999999910e+00   2.553997e+00   1.468018e-02
1.273854999999999960e+00   2.542039e+00   1.444155e-02
1.278566000000000091e+00   2.514650e+00   1.422476e-02
1.283277000000000001e+00   2.511251e+00   1.405357e-02
1.287987999999999911e+00   2.485791e+00   1.388709e-02
1.292699999999999960e+00   2.475804e+00   1.376823e-02
1.297411000000000092e+00   2.475112e+00   1.366529e-02
1.302122000000000002e+00   2.472719e+00   1.356939e-02
1.306832999999999911e+00   2.470341e+00   1.347003e-02
1.311544999999999961e+00   2.458095e+00   1.343468e-02
1.316256000000000093e+00   2.437093e+00   1.338230e-02
1.320967000000000002e+00   2.426438e+00   1.333155e-02
1.325677999999999912e+00   2.412617e+00   1.329355e-02
1.330389999999999961e+00   2.416919e+00   1.326697e-02
1.335101000000000093e+00   2.401698e+00   1.322448e-02
1.339812000000000003e+00   2.409219e+00   1.319313e-02
1.344522999999999913e+00   2.368027e+00   1.313588e-02
1.349234999999999962e+00   2.382772e+00   1.312137e-02
1.353946000000000094e+00   2.370968e+00   1.309348e-02
1.358657000000000004e+00   2.339014e+00   1.303523e-02
1.363369000000000053e+00   2.363201e+00   1.301983e-02
1.368079999999999963e+00   2.353568e+00   1.298490e-02
1.372791000000000095e+00   2.337791e+00   1.295802e-02
1.377502000000000004e+00   2.307205e+00   1.291427e-02
1.382214000000000054e+00   2.312424e+00   1.286906e-02
1.386924999999999963e+00   2.300274e+00   1.285158e-02
1.391636000000000095e+00   2.285024e+00   1.282349e-02
1.396347000000000005e+00   2.282945e+00   1.278691e-02
1.401059000000000054e+00   2.253967e+00   1.274708e-02
1.405769999999999964e+00   2.269162e+00   1.273550e-02
1.410481000000000096e+00   2.250738e+00   1.269450e-02
1.415192000000000005e+00   2.230875e+00   1.265086e-02
1.419904000000000055e+00   2.249151e+00   1.264714e-02
1.424614999999999965e+00   2.239446e+00   1.261453e-02
1.429326000000000096e+00   2.235574e+00   1.258937e-02
1.434037000000000006e+00   2.242185e+00   1.257533e-02
1.438749000000000056e+00   2.191195e+00   1.252730e-02
1.443459999999999965e+00   2.182419e+00   1.250246e-02
1.448171000000000097e+00   2.176720e+00   1.247136e-02
1.452882000000000007e+00   2.162240e+00   1.243103e-02
1.457594000000000056e+00   2.161402e+00   1.240512e-02
1.462304999999999966e+00   2.179327e+00   1.239709e-02
1.467016000000000098e+00   2.180465e+00   1.237517e-02
1.471727000000000007e+00   2.146213e+00   1.234074e-02
1.476439000000000057e+00   2.155645e+00   1.233245e-02
1.481149999999999967e+00   2.134381e+00   1.230327e-02
1.485861000000000098e+00   2.137530e+00   1.226872e-02
1.490572000000000008e+00   2.104082e+00   1.223505e-02
1.495284000000000058e+00   2.090610e+00   1.220661e-02
1.499994999999999967e+00   2.079211e+00   1.217973e-02
1.504706000000000099e+00   2.088074e+00   1.216848e-02
1.509417000000000009e+00   2.096858e+00   1.215101e-02
1.514129000000000058e+00   2.095522e+00   1.217306e-02
1.518839999999999968e+00   2.081137e+00   1.251024e-02
1.523551000000000100e+00   2.077993e+00   1.275873e-02
1.528262999999999927e+00   2.047589e+00   1.291783e-02
1.532974000000000059e+00   2.057675e+00   1.308412e-02
1.537684999999999969e+00   2.034316e+00   1.321013e-02
1.542396000000000100e+00   2.033111e+00   1.320572e-02
1.547107999999999928e+00   2.041711e+00   1.285839e-02
1.551819000000000059e+00   2.021994e+00   1.268944e-02
1.556529999999999969e+00   2.007353e+00   1.252798e-02
1.561241000000000101e+00   2.017386e+00   1.241293e-02
1.565952999999999928e+00   1.981801e+00   1.228279e-02
1.570664000000000060e+00   1.994078e+00   1.215229e-02
1.575374999999999970e+00   1.966998e+00   1.200944e-02
1.580086000000000102e+00   1.957961e+00   1.190155e-02
1.584797999999999929e+00   1.948219e+00   1.182691e-02
1.589509000000000061e+00   1.958713e+00   1.180199e-02
1.594219999999999970e+00   1.940065e+00   1.178636e-02
1.598931000000000102e+00   1.936821e+00   1.179819e-02
1.603642999999999930e+00   1.927010e+00   1.180899e-02
1.608354000000000061e+00   1.906432e+00   1.180296e-02
1.613064999999999971e+00   1.907752e+00   1.178102e-02
1.617776000000000103e+00   1.913602e+00   1.175875e-02
1.622487999999999930e+00   1.908374e+00   1.173679e-02
1.627199000000000062e+00   1.875902e+00   1.169728e-02
1.631909999999999972e+00   1.880629e+00   1.167506e-02
1.636621000000000103e+00   1.880149e+00   1.165792e-02
1.641332999999999931e+00   1.848140e+00   1.161965e-02
1.646044000000000063e+00   1.851913e+00   1.159245e-02
1.650754999999999972e+00   1.842371e+00   1.156562e-02
1.655466000000000104e+00   1.832920e+00   1.154156e-02
1.660177999999999932e+00   1.835603e+00   1.152872e-02
1.664889000000000063e+00   1.825215e+00   1.150434e-02
1.669599999999999973e+00   1.814094e+00   1.147371e-02
1.674311000000000105e+00   1.799513e+00   1.144724e-02
1.679022999999999932e+00   1.797317e+00   1.142835e-02
1.683734000000000064e+00   1.798290e+00   1.140759e-02
1.688444999999999974e+00   1.808254e+00   1.140545e-02
1.693156000000000105e+00   1.787302e+00   1.137065e-02
1.697867999999999933e+00   1.767473e+00   1.134253e-02
1.702579000000000065e+00   1.753262e+00   1.129866e-02
1.707289999999999974e+00   1.767170e+00   1.128869e-02
1.712002000000000024e+00   1.742038e+00   1.126214e-02
1.716712999999999933e+00   1.733734e+00   1.124377e-02
1.721424000000000065e+00   1.735107e+00   1.121857e-02
1.726134999999999975e+00   1.730875e+00   1.121019e-02
1.730847000000000024e+00   1.726121e+00   1.119207e-02
1.735557999999999934e+00   1.701936e+00   1.115686e-02
1.740269000000000066e+00   1.707418e+00   1.115246e-02
1.744979999999999976e+00   1.703498e+00   1.112133e-02
1.749692000000000025e+00   1.687988e+00   1.109937e-02
1.754402999999999935e+00   1.697390e+00   1.107416e-02
1.759114000000000066e+00   1.686307e+00   1.105904e-02
1.763824999999999976e+00   1.659923e+00   1.103448e-02
1.768537000000000026e+00   1.665286e+00   1.102335e-02
1.773247999999999935e+00   1.663554e+00   1.099892e-02
1.777959000000000067e+00   1.647328e+00   1.097279e-02
1.782669999999999977e+00   1.639377e+00   1.094503e-02
1.787382000000000026e+00   1.638450e+00   1.093942e-02
1.792092999999999936e+00   1.616782e+00   1.090917e-02
1.796804000000000068e+00   1.605092e+00   1.089498e-02
1.801514999999999977e+00   1.608999e+00   1.086769e-02
1.806227000000000027e+00   1.597393e+00   1.084772e-02
1.810937999999999937e+00   1.583508e+00   1.082853e-02
1.815649000000000068e+00   1.592836e+00   1.081739e-02
1.820359999999999978e+00   1.588958e+00   1.080486e-02
1.825072000000000028e+00   1.573165e+00   1.078045e-02
1.829782999999999937e+00   1.579027e+00   1.075651e-02
1.834494000000000069e+00   1.550760e+00   1.072610e-02
1.839204999999999979e+00   1.537858e+00   1.070277e-02
1.843917000000000028e+00   1.555721e+00   1.069884e-02
1.848627999999999938e+00   1.542945e+00   1.067829e-02
1.853339000000000070e+00   1.524910e+00   1.066145e-02
1.858049999999999979e+00   1.510855e+00   1.062417e-02
1.862762000000000029e+00   1.515956e+00   1.061600e-02
1.867472999999999939e+00   1.498972e+00   1.059337e-02
1.872184000000000070e+00   1.501628e+00   1.057825e-02
1.876894999999999980e+00   1.493004e+00   1.055973e-02
1.881607000000000030e+00   1.485905e+00   1.055152e-02
1.886317999999999939e+00   1.482849e+00   1.052816e-02
1.891029000000000071e+00   1.476120e+00   1.050533e-02
1.895740999999999898e+00   1.488529e+00   1.048557e-02
1.900452000000000030e+00   1.474093e+00   1.046909e-02
1.905162999999999940e+00   1.454515e+00   1.045628e-02
1.909874000000000072e+00   1.453340e+00   1.042897e-02
1.914585999999999899e+00   1.427910e+00   1.040714e-02
1.919297000000000031e+00   1.437619e+00   1.040812e-02
1.924007999999999940e+00   1.424504e+00   1.038292e-02
1.928719000000000072e+00   1.442394e+00   1.035963e-02
1.933430999999999900e+00   1.424555e+00   1.033097e-02
1.938142000000000031e+00   1.421266e+00   1.030343e-02
1.942852999999999941e+00   1.413773e+00   1.026507e-02
1.947564000000000073e+00   1.396478e+00   1.024155e-02
1.952275999999999900e+00   1.394685e+00   1.021617e-02
1.956987000000000032e+00   1.374665e+00   1.020091e-02
1.961697999999999942e+00   1.377688e+00   1.017928e-02
1.966409000000000074e+00   1.366223e+00   1.015730e-02
1.971120999999999901e+00   1.379127e+00   1.014619e-02
1.975832000000000033e+00   1.370080e+00   1.014169e-02
1.980542999999999942e+00   1.357658e+00   1.013901e-02
1.985254000000000074e+00   1.366349e+00   1.013695e-02
1.989965999999999902e+00   1.327659e+00   1.013201e-02
1.994677000000000033e+00   1.344146e+00   1.012770e-02
1.999387999999999943e+00   1.341585e+00   1.013990e-02
2.004099000000000075e+00   1.328693e+00   1.036085e-02
2.008811000000000124e+00   1.335235e+00   1.059243e-02
2.013522000000000034e+00   1.325292e+00   1.072524e-02
2.018232999999999944e+00   1.324279e+00   1.085125e-02
2.022943999999999853e+00   1.325589e+00   1.094839e-02
2.027655999999999903e+00   1.317033e+00   1.103743e-02
2.032366999999999813e+00   1.305114e+00   1.107417e-02
2.037078000000000166e+00   1.282999e+00   1.109592e-02
2.041789000000000076e+00   1.269533e+00   1.112983e-02
2.046501000000000126e+00   1.278289e+00   1.115784e-02
2.051212000000000035e+00   1.273359e+00   1.118491e-02
2.055922999999999945e+00   1.268458e+00   1.118938e-02
2.060633999999999855e+00   1.256852e+00   1.120821e-02
2.065345999999999904e+00   1.249063e+00   1.120624e-02
2.070056999999999814e+00   1.255250e+00   1.085622e-02
2.074768000000000168e+00   1.257701e+00   1.064102e-02
2.079480000000000217e+00   1.242848e+00   1.048771e-02
2.084191000000000127e+00   1.250410e+00   1.037301e-02
2.088902000000000037e+00   1.225001e+00   1.026324e-02
2.093612999999999946e+00   1.217674e+00   1.019636e-02
2.098324999999999996e+00   1.211081e+00   1.015227e-02
2.103035999999999905e+00   1.189535e+00   1.010868e-02
2.107746999999999815e+00   1.192157e+00   1.008428e-02
2.112458000000000169e+00   1.201469e+00   1.005994e-02
2.117170000000000218e+00   1.203986e+00   1.003054e-02
2.121881000000000128e+00   1.175580e+00   9.994011e-03
2.126592000000000038e+00   1.166695e+00   9.978028e-03
2.131302999999999948e+00   1.185067e+00   9.951686e-03
2.136014999999999997e+00   1.180863e+00   9.936278e-03
2.140725999999999907e+00   1.171575e+00   9.913517e-03
2.145436999999999816e+00   1.168692e+00   9.887153e-03
2.150148000000000170e+00   1.164689e+00   9.877520e-03
2.154860000000000220e+00   1.162204e+00   9.863334e-03
2.159571000000000129e+00   1.149969e+00   9.849853e-03
2.164282000000000039e+00   1.145987e+00   9.810317e-03
2.168992999999999949e+00   1.133971e+00   9.785355e-03
2.173704999999999998e+00   1.145015e+00   9.784035e-03
2.178415999999999908e+00   1.123019e+00   9.762643e-03
2.183126999999999818e+00   1.111654e+00   9.737796e-03
2.187838000000000171e+00   1.106961e+00   9.709412e-03
2.192550000000000221e+00   1.112013e+00   9.692424e-03
2.197261000000000131e+00   1.112672e+00   9.685712e-03
2.201972000000000040e+00   1.100648e+00   9.664936e-03
2.206682999999999950e+00   1.085157e+00   9.638915e-03
2.211395000000000000e+00   1.070484e+00   9.620644e-03
2.216105999999999909e+00   1.082099e+00   9.615112e-03
2.220816999999999819e+00   1.084713e+00   9.595208e-03
2.225528000000000173e+00   1.083490e+00   9.580391e-03
2.230239999999999778e+00   1.073184e+00   9.558917e-03
2.234951000000000132e+00   1.048864e+00   9.541021e-03
2.239662000000000042e+00   1.055881e+00   9.533466e-03
2.244372999999999951e+00   1.061045e+00   9.511381e-03
2.249085000000000001e+00   1.066538e+00   9.488147e-03
2.253795999999999911e+00   1.043306e+00   9.476535e-03
2.258506999999999820e+00   1.045171e+00   9.470461e-03
2.263218999999999870e+00   1.042461e+00   9.461718e-03
2.267929999999999779e+00   1.038404e+00   9.444543e-03
2.272641000000000133e+00   1.033322e+00   9.422564e-03
2.277352000000000043e+00   1.020668e+00   9.414803e-03
2.282064000000000092e+00   1.022894e+00   9.408187e-03
2.286775000000000002e+00   1.020329e+00   9.383244e-03
2.291485999999999912e+00   1.008165e+00   9.361521e-03
2.296196999999999822e+00   1.018977e+00   9.344258e-03
2.300908999999999871e+00   1.008879e+00   9.332788e-03
2.305619999999999781e+00   1.003582e+00   9.324618e-03
2.310331000000000135e+00   9.955087e-01   9.316069e-03
2.315042000000000044e+00   9.932455e-01   9.294215e-03
2.319754000000000094e+00   9.841685e-01   9.280687e-03
2.324465000000000003e+00   9.795152e-01   9.270217e-03
2.329175999999999913e+00   9.691926e-01   9.249029e-03
2.333886999999999823e+00   9.727974e-01   9.241142e-03
2.338598999999999872e+00   9.792435e-01   9.220196e-03
2.343309999999999782e+00   9.632184e-01   9.195596e-03
2.348021000000000136e+00   9.562530e-01   9.192848e-03
2.352732000000000046e+00   9.408523e-01   9.181005e-03
2.357444000000000095e+00   9.579073e-01   9.172785e-03
2.362155000000000005e+00   9.458997e-01   9.146972e-03
2.366865999999999914e+00   9.442595e-01   9.140033e-03
2.371576999999999824e+00   9.514574e-01   9.128607e-03
2.376288999999999874e+00   9.304508e-01   9.113801e-03
2.380999999999999783e+00   9.313731e-01   9.104988e-03
2.385711000000000137e+00   9.283846e-01   9.091927e-03
2.390422000000000047e+00   9.283585e-01   9.077942e-03
2.395134000000000096e+00   9.126738e-01   9.051657e-03
2.399845000000000006e+00   9.140451e-01   9.045112e-03
2.404555999999999916e+00   9.133454e-01   9.037934e-03
2.409266999999999825e+00   9.132556e-01   9.028178e-03
2.413978999999999875e+00   9.124797e-01   9.009449e-03
2.418689999999999785e+00   8.904769e-01   8.989171e-03
2.423401000000000138e+00   8.829743e-01   8.977485e-03
2.428112000000000048e+00   8.805071e-01   8.964318e-03
2.432824000000000098e+00   8.879731e-01   8.965114e-03
2.437535000000000007e+00   8.927493e-01   8.961254e-03
2.442245999999999917e+00   8.805094e-01   8.947044e-03
2.446957999999999966e+00   8.678370e-01   8.921586e-03
2.451668999999999876e+00   8.792001e-01   8.906655e-03
2.456379999999999786e+00   8.768071e-01   8.890283e-03
2.461091000000000140e+00   8.610471e-01   8.878292e-03
2.465803000000000189e+00   8.583983e-01   8.871459e-03
2.470514000000000099e+00   8.622103e-01   8.865266e-03
2.475225000000000009e+00   8.509222e-01   8.851124e-03
2.479935999999999918e+00   8.535340e-01   8.843134e-03
2.484647999999999968e+00   8.402608e-01   8.827628e-03
2.489358999999999877e+00   8.325017e-01   8.815292e-03
2.494069999999999787e+00   8.436621e-01   8.807012e-03
2.498781000000000141e+00   8.327925e-01   8.781682e-03
2.503493000000000190e+00   8.346515e-01   8.776933e-03
2.508204000000000100e+00   8.362353e-01   8.777375e-03
2.512915000000000010e+00   8.308893e-01   8.750177e-03
2.517625999999999920e+00   8.205639e-01   8.730186e-03
2.522337999999999969e+00   8.143618e-01   8.705100e-03
2.527048999999999879e+00   8.149280e-01   8.683948e-03
2.531759999999999788e+00   8.132650e-01   8.675623e-03
2.536471000000000142e+00   8.127373e-01   8.669053e-03
2.541183000000000192e+00   7.961167e-01   8.654445e-03
2.545894000000000101e+00   7.944510e-01   8.646679e-03
2.550605000000000011e+00   7.954938e-01   8.633677e-03
2.555315999999999921e+00   7.828638e-01   8.606780e-03
2.560027999999999970e+00   7.817172e-01   8.600975e-03
2.564738999999999880e+00   7.839750e-01   8.603594e-03
2.569449999999999790e+00   7.862809e-01   8.599807e-03
2.574161000000000143e+00   7.892065e-01   8.614875e-03
2.578873000000000193e+00   7.826126e-01   8.600794e-03
2.583584000000000103e+00   7.762835e-01   8.597498e-03
2.588295000000000012e+00   7.799605e-01   8.582354e-03
2.593005999999999922e+00   7.713042e-01   8.586452e-03
2.597717999999999972e+00   7.683350e-01   8.564260e-03
2.602428999999999881e+00   7.644815e-01   8.554356e-03
2.607139999999999791e+00   7.568902e-01   8.541924e-03
2.611851000000000145e+00   7.497153e-01   8.537219e-03
2.616563000000000194e+00   7.395952e-01   8.521681e-03
2.621274000000000104e+00   7.513762e-01   8.517141e-03
2.625985000000000014e+00   7.519912e-01   8.503904e-03
2.630697000000000063e+00   7.315503e-01   8.480725e-03
2.635407999999999973e+00   7.304884e-01   8.473564e-03
2.640118999999999883e+00   7.334096e-01   8.464759e-03
2.644829999999999792e+00   7.337949e-01   8.455861e-03
2.649541999999999842e+00   7.457861e-01   8.445432e-03
2.654253000000000196e+00   7.371693e-01   8.440832e-03
2.658964000000000105e+00   7.277475e-01   8.421612e-03
2.663675000000000015e+00   7.229654e-01   8.407544e-03
2.668387000000000064e+00   7.158566e-01   8.403067e-03
2.673097999999999974e+00   7.036463e-01   8.394568e-03
2.677808999999999884e+00   7.088840e-01   8.389300e-03
2.682519999999999794e+00   7.106503e-01   8.379393e-03
2.687231999999999843e+00   6.999909e-01   8.361290e-03
2.691943000000000197e+00   6.962761e-01   8.353143e-03
2.696654000000000106e+00   6.940068e-01   8.341843e-03
2.701365000000000016e+00   6.899521e-01   8.336975e-03
2.706077000000000066e+00   6.986686e-01   8.336283e-03
2.710787999999999975e+00   6.780387e-01   8.312859e-03
2.715498999999999885e+00   6.977611e-01   8.311388e-03
2.720209999999999795e+00   6.882027e-01   8.300493e-03
2.724921999999999844e+00   6.839564e-01   8.288530e-03
2.729633000000000198e+00   6.767211e-01   8.279007e-03
2.734344000000000108e+00   6.828552e-01   8.273409e-03
2.739055000000000017e+00   6.677348e-01   8.259975e-03
2.743767000000000067e+00   6.611354e-01   8.257056e-03
2.748477999999999977e+00   6.721828e-01   8.246424e-03
2.753188999999999886e+00   6.675958e-01   8.232148e-03
2.757899999999999796e+00   6.573400e-01   8.221026e-03
2.762611999999999846e+00   6.647200e-01   8.213666e-03
2.767323000000000199e+00   6.616532e-01   8.207513e-03
2.772034000000000109e+00   6.595117e-01   8.201504e-03
2.776745000000000019e+00   6.583297e-01   8.188739e-03
2.781457000000000068e+00   6.571428e-01   8.181644e-03
2.786167999999999978e+00   6.442599e-01   8.161380e-03
2.790878999999999888e+00   6.429479e-01   8.155538e-03
2.795589999999999797e+00   6.405129e-01   8.147897e-03
2.800301999999999847e+00   6.409401e-01   8.152905e-03
2.805013000000000201e+00   6.456173e-01   8.172369e-03
2.809724000000000110e+00   6.281581e-01   8.378191e-03
2.814436000000000160e+00   6.242582e-01   8.513421e-03
2.819147000000000070e+00   6.123127e-01   8.604737e-03
2.823857999999999979e+00   6.179349e-01   8.691845e-03
2.828568999999999889e+00   6.232273e-01   8.742692e-03
2.833280999999999938e+00   6.198494e-01   8.765711e-03
2.837991999999999848e+00   6.283755e-01   8.791945e-03
2.842703000000000202e+00   6.224955e-01   8.808262e-03
2.847414000000000112e+00   6.169348e-01   8.817676e-03
2.852126000000000161e+00   6.143194e-01   8.842007e-03
2.856837000000000071e+00   5.980493e-01   8.854238e-03
2.861547999999999981e+00   6.013017e-01   8.884070e-03
2.866258999999999890e+00   6.025195e-01   8.905903e-03
2.870970999999999940e+00   6.012741e-01   8.824082e-03
2.875681999999999849e+00   6.042824e-01   8.600177e-03
2.880393000000000203e+00   6.044552e-01   8.465187e-03
2.885104000000000113e+00   5.931015e-01   8.367523e-03
2.889816000000000162e+00   5.903257e-01   8.300570e-03
2.894527000000000072e+00   5.894282e-01   8.270633e-03
2.899237999999999982e+00   5.855130e-01   8.239870e-03
2.903948999999999891e+00   5.797071e-01   8.218671e-03
2.908660999999999941e+00   5.835680e-01   8.203727e-03
2.913371999999999851e+00   5.890301e-01   8.182241e-03
2.918083000000000204e+00   5.892201e-01   8.170148e-03
2.922794000000000114e+00   5.788059e-01   8.155182e-03
2.927506000000000164e+00   5.784443e-01   8.150177e-03
2.932217000000000073e+00   5.806543e-01   8.128517e-03
2.936927999999999983e+00   5.744899e-01   8.106783e-03
2.941638999999999893e+00   5.779658e-01   8.094908e-03
2.946350999999999942e+00   5.648210e-01   8.081602e-03
2.951061999999999852e+00   5.675391e-01   8.059443e-03
2.955773000000000206e+00   5.779857e-01   8.057899e-03
2.960484000000000115e+00   5.591321e-01   8.035618e-03
2.965196000000000165e+00   5.476449e-01   8.028206e-03
2.969907000000000075e+00   5.547328e-01   8.021794e-03
2.974617999999999984e+00   5.485115e-01   8.002511e-03
2.979328999999999894e+00   5.517612e-01   7.990872e-03
2.984040999999999944e+00   5.493268e-01   7.986726e-03
2.988751999999999853e+00   5.373592e-01   7.975143e-03
2.993463000000000207e+00   5.444167e-01   7.964343e-03
2.998174999999999812e+00   5.499657e-01   7.958007e-03
3.002886000000000166e+00   5.373959e-01   7.939275e-03
3.007597000000000076e+00   5.359058e-01   7.929399e-03
3.012307999999999986e+00   5.409357e-01   7.925303e-03
3.017020000000000035e+00   5.371925e-01   7.908014e-03
3.021730999999999945e+00   5.336344e-01   7.897427e-03
3.026441999999999855e+00   5.295239e-01   7.888069e-03
3.031153000000000208e+00   5.296041e-01   7.880586e-03
3.035864999999999814e+00   5.347334e-01   7.884343e-03
3.040576000000000167e+00   5.325544e-01   7.869291e-03
3.045287000000000077e+00   5.229871e-01   7.853706e-03
3.049997999999999987e+00   5.288733e-01   7.844549e-03
3.054710000000000036e+00   5.257083e-01   7.835727e-03
3.059420999999999946e+00   5.057781e-01   7.818050e-03
3.064131999999999856e+00   5.108686e-01   7.805353e-03
3.068843000000000210e+00   5.201778e-01   7.803098e-03
3.073554999999999815e+00   5.144036e-01   7.794552e-03
3.078266000000000169e+00   5.066891e-01   7.782796e-03
3.082977000000000078e+00   5.094329e-01   7.781288e-03
3.087687999999999988e+00   5.163680e-01   7.779427e-03
3.092400000000000038e+00   4.931557e-01   7.765229e-03
3.097110999999999947e+00   4.882396e-01   7.747118e-03
3.101821999999999857e+00   4.921716e-01   7.750168e-03
3.106533000000000211e+00   4.912178e-01   7.745164e-03
3.111244999999999816e+00   5.043802e-01   7.733473e-03
3.115956000000000170e+00   4.992926e-01   7.719441e-03
3.120667000000000080e+00   4.907644e-01   7.714112e-03
3.125377999999999989e+00   4.971335e-01   7.707130e-03
3.130090000000000039e+00   4.994204e-01   7.703989e-03
3.134800999999999949e+00   4.971497e-01   7.695316e-03
3.139511999999999858e+00   5.033654e-01   7.689127e-03
3.144223000000000212e+00   4.975738e-01   7.678391e-03
3.148934999999999818e+00   4.894372e-01   7.668525e-03
3.153646000000000171e+00   4.836400e-01   7.660086e-03
3.158357000000000081e+00   4.865661e-01   7.660984e-03
3.163067999999999991e+00   4.823563e-01   7.654097e-03
3.167780000000000040e+00   4.855908e-01   7.637976e-03
3.172490999999999950e+00   4.775464e-01   7.622962e-03
3.177201999999999860e+00   4.768773e-01   7.630675e-03
3.181913999999999909e+00   4.832514e-01   7.618934e-03
3.186624999999999819e+00   4.729034e-01   7.599957e-03
3.191336000000000173e+00   4.769195e-01   7.593909e-03
3.196047000000000082e+00   4.709409e-01   7.582726e-03
3.200759000000000132e+00   4.769955e-01   7.565629e-03
3.205470000000000041e+00   4.669365e-01   7.554083e-03
3.210180999999999951e+00   4.636177e-01   7.539838e-03
3.214891999999999861e+00   4.557812e-01   7.530182e-03
3.219603999999999910e+00   4.579461e-01   7.526572e-03
3.224314999999999820e+00   4.657610e-01   7.524111e-03
3.229026000000000174e+00   4.649426e-01   7.526814e-03
3.233737000000000084e+00   4.625271e-01   7.504185e-03
3.238449000000000133e+00   4.617649e-01   7.505413e-03
3.243160000000000043e+00   4.496035e-01   7.497566e-03
3.247870999999999952e+00   4.657199e-01   7.496382e-03
3.252581999999999862e+00   4.623463e-01   7.502870e-03
3.257293999999999912e+00   4.523744e-01   7.501804e-03
3.262004999999999821e+00   4.497150e-01   7.494954e-03
3.266716000000000175e+00   4.404979e-01   7.483127e-03
3.271427000000000085e+00   4.425252e-01   7.477132e-03
3.276139000000000134e+00   4.350186e-01   7.474037e-03
3.280850000000000044e+00   4.383576e-01   7.465537e-03
3.285560999999999954e+00   4.437443e-01   7.467720e-03
3.290271999999999863e+00   4.426763e-01   7.450019e-03
3.294983999999999913e+00   4.385078e-01   7.441814e-03
3.299694999999999823e+00   4.274792e-01   7.433233e-03
3.304406000000000176e+00   4.323028e-01   7.427469e-03
3.309117000000000086e+00   4.261141e-01   7.417387e-03
3.313829000000000136e+00   4.342383e-01   7.421150e-03
3.318540000000000045e+00   4.259035e-01   7.407609e-03
3.323250999999999955e+00   4.287390e-01   7.408683e-03
3.327961999999999865e+00   4.292925e-01   7.390772e-03
3.332673999999999914e+00   4.291779e-01   7.384214e-03
3.337384999999999824e+00   4.154942e-01   7.377437e-03
3.342096000000000178e+00   4.249354e-01   7.380146e-03
3.346807000000000087e+00   4.296087e-01   7.368104e-03
3.351519000000000137e+00   4.161040e-01   7.364210e-03
3.356230000000000047e+00   4.125662e-01   7.358804e-03
3.360940999999999956e+00   4.145131e-01   7.353777e-03
3.365653000000000006e+00   4.182935e-01   7.347112e-03
3.370363999999999916e+00   4.159482e-01   7.344225e-03
3.375074999999999825e+00   4.237143e-01   7.330779e-03
3.379786000000000179e+00   4.113890e-01   7.324515e-03
3.384497999999999784e+00   4.187950e-01   7.323614e-03
3.389209000000000138e+00   4.102717e-01   7.358572e-03
3.393920000000000048e+00   4.146100e-01   7.536654e-03
3.398630999999999958e+00   4.151451e-01   7.638642e-03
3.403343000000000007e+00   4.030651e-01   7.717666e-03
3.408053999999999917e+00   4.008508e-01   7.776309e-03
3.412764999999999826e+00   3.967061e-01   7.776510e-03
3.417476000000000180e+00   4.064919e-01   7.792117e-03
3.422187999999999786e+00   3.953988e-01   7.779787e-03
3.426899000000000139e+00   3.980883e-01   7.810306e-03
3.431610000000000049e+00   4.038031e-01   7.830635e-03
3.436320999999999959e+00   3.957406e-01   7.844646e-03
3.441033000000000008e+00   4.004482e-01   7.862621e-03
3.445743999999999918e+00   3.923271e-01   7.870117e-03
3.450454999999999828e+00   3.866613e-01   7.881260e-03
3.455166000000000182e+00   3.992739e-01   7.890244e-03
3.459877999999999787e+00   4.043734e-01   7.910884e-03
3.464589000000000141e+00   4.037156e-01   7.921818e-03
3.469300000000000050e+00   3.974395e-01   7.933590e-03
3.474010999999999960e+00   3.916063e-01   7.946262e-03
3.478723000000000010e+00   3.831763e-01   7.956679e-03
3.483433999999999919e+00   3.936780e-01   7.970194e-03
3.488144999999999829e+00   3.800607e-01   7.979154e-03
3.492856000000000183e+00   3.852546e-01   7.986813e-03
3.497567999999999788e+00   3.833387e-01   7.985686e-03
3.502279000000000142e+00   3.887300e-01   8.008994e-03
3.506990000000000052e+00   3.830891e-01   8.010288e-03
3.511700999999999961e+00   3.699434e-01   8.008581e-03
3.516413000000000011e+00   3.881744e-01   8.021172e-03
3.521123999999999921e+00   3.841273e-01   8.033621e-03
3.525834999999999830e+00   3.900879e-01   8.048654e-03
3.530546000000000184e+00   3.733753e-01   8.049713e-03
3.535257999999999790e+00   3.744538e-01   8.059276e-03
3.539969000000000143e+00   3.718278e-01   8.062482e-03
3.544680000000000053e+00   3.801560e-01   8.070141e-03
3.549392000000000102e+00   3.734452e-01   8.081244e-03
3.554103000000000012e+00   3.743334e-01   8.084416e-03
3.558813999999999922e+00   3.712028e-01   8.102258e-03
3.563524999999999832e+00   3.617191e-01   8.096902e-03
3.568236999999999881e+00   3.663842e-01   8.094528e-03
3.572947999999999791e+00   3.730305e-01   8.114320e-03
3.577659000000000145e+00   3.599497e-01   8.120240e-03
3.582370000000000054e+00   3.532338e-01   8.122217e-03
3.587082000000000104e+00   3.597757e-01   8.125638e-03
3.591793000000000013e+00   3.540947e-01   8.137201e-03
3.596503999999999923e+00   3.580608e-01   8.134496e-03
3.601214999999999833e+00   3.632213e-01   8.124549e-03
3.605926999999999882e+00   3.558181e-01   8.135796e-03
3.610637999999999792e+00   3.492749e-01   8.283815e-03
3.615349000000000146e+00   3.550731e-01   8.524669e-03
3.620060000000000056e+00   3.619202e-01   8.686207e-03
3.624772000000000105e+00   3.570070e-01   8.783836e-03
3.629483000000000015e+00   3.452518e-01   8.848872e-03
3.634193999999999924e+00   3.442292e-01   8.898941e-03
3.638904999999999834e+00   3.485361e-01   8.961109e-03
3.643616999999999884e+00   3.404549e-01   9.006156e-03
3.648327999999999793e+00   3.546110e-01   9.051140e-03
3.653039000000000147e+00   3.529597e-01   9.095785e-03
3.657750000000000057e+00   3.461271e-01   9.151208e-03
3.662462000000000106e+00   3.394164e-01   9.171527e-03
3.667173000000000016e+00   3.448455e-01   9.222526e-03
3.671883999999999926e+00   3.430597e-01   9.270899e-03
3.676594999999999835e+00   3.527976e-01   9.315301e-03
3.681306999999999885e+00   3.258710e-01   9.355657e-03
3.686017999999999795e+00   3.295429e-01   9.396716e-03
3.690729000000000148e+00   3.287790e-01   9.433572e-03
3.695440000000000058e+00   3.376903e-01   9.467884e-03
3.700152000000000108e+00   3.286873e-01   9.508719e-03
3.704863000000000017e+00   3.439371e-01   9.556534e-03
3.709573999999999927e+00   3.400718e-01   9.596172e-03
3.714284999999999837e+00   3.419173e-01   9.621081e-03
3.718996999999999886e+00   3.284916e-01   9.656540e-03
3.723707999999999796e+00   3.127272e-01   9.696968e-03
3.728419000000000150e+00   3.231281e-01   9.730696e-03
3.733131000000000199e+00   3.378887e-01   9.766438e-03
3.737842000000000109e+00   3.294056e-01   9.813627e-03
3.742553000000000019e+00   3.185182e-01   9.841168e-03
3.747263999999999928e+00   3.189011e-01   9.877645e-03
3.751975999999999978e+00   3.307240e-01   9.899516e-03
3.756686999999999887e+00   3.176468e-01   9.945285e-03
3.761397999999999797e+00   3.254765e-01   9.986955e-03
3.766109000000000151e+00   3.268286e-01   1.002240e-02
3.770821000000000200e+00   3.266906e-01   1.004915e-02
3.775532000000000110e+00   3.085094e-01   1.009241e-02
3.780243000000000020e+00   3.223886e-01   1.013381e-02
3.784953999999999930e+00   3.188647e-01   1.016391e-02
3.789665999999999979e+00   3.286770e-01   1.020193e-02
3.794376999999999889e+00   3.279245e-01   1.023573e-02
3.799087999999999798e+00   3.258973e-01   1.027462e-02
3.803799000000000152e+00   3.280390e-01   1.031501e-02
3.808511000000000202e+00   3.115140e-01   1.034592e-02
3.813222000000000111e+00   3.158578e-01   1.037595e-02
3.817933000000000021e+00   3.112077e-01   1.042402e-02
3.822643999999999931e+00   3.055783e-01   1.044585e-02
3.827355999999999980e+00   3.066712e-01   1.048868e-02
3.832066999999999890e+00   3.021129e-01   1.052101e-02
3.836777999999999800e+00   3.128785e-01   1.056785e-02
3.841489000000000154e+00   3.084975e-01   1.059272e-02
3.846201000000000203e+00   3.157137e-01   1.064901e-02
3.850912000000000113e+00   3.180652e-01   1.067761e-02
3.855623000000000022e+00   3.012104e-01   1.069754e-02
3.860333999999999932e+00   2.999317e-01   1.073508e-02
3.865045999999999982e+00   3.076886e-01   1.077632e-02
3.869756999999999891e+00   3.151023e-01   1.081544e-02
3.874467999999999801e+00   3.027559e-01   1.083279e-02
3.879179000000000155e+00   3.127194e-01   1.087004e-02
3.883891000000000204e+00   2.981378e-01   1.090659e-02
3.888602000000000114e+00   2.951891e-01   1.095673e-02
3.893313000000000024e+00   2.938735e-01   1.097649e-02
3.898023999999999933e+00   3.076788e-01   1.102542e-02
3.902735999999999983e+00   3.005077e-01   1.106851e-02
3.907446999999999893e+00   3.018588e-01   1.110058e-02
3.912157999999999802e+00   2.917645e-01   1.113504e-02
3.916869999999999852e+00   2.975556e-01   1.114962e-02
3.921581000000000206e+00   2.975626e-01   1.115738e-02
3.926292000000000115e+00   2.888714e-01   1.117198e-02
3.931003000000000025e+00   2.853828e-01   1.121373e-02
3.935715000000000074e+00   2.899796e-01   1.123852e-02
3.940425999999999984e+00   2.897081e-01   1.126632e-02
3.945136999999999894e+00   2.838392e-01   1.126318e-02
3.949847999999999804e+00   2.840980e-01   1.127070e-02
3.954559999999999853e+00   2.821778e-01   1.129888e-02
3.959271000000000207e+00   2.878458e-01   1.130977e-02
3.963982000000000117e+00   2.884784e-01   1.131982e-02
3.968693000000000026e+00   3.125192e-01   1.132070e-02
3.973405000000000076e+00   3.002747e-01   1.136755e-02
3.978115999999999985e+00   2.852231e-01   1.139488e-02
3.982826999999999895e+00   2.863951e-01   1.143799e-02
3.987537999999999805e+00   2.684748e-01   1.147732e-02
3.992249999999999854e+00   2.728124e-01   1.151814e-02
3.996961000000000208e+00   2.843233e-01   1.154213e-02
4.001672000000000118e+00   2.892293e-01   1.158696e-02
4.006382999999999583e+00   2.882536e-01   1.162218e-02
4.011095000000000077e+00   2.776807e-01   1.165823e-02
4.015806000000000431e+00   2.897905e-01   1.170812e-02
4.020516999999999896e+00   2.954429e-01   1.175276e-02
4.025228000000000250e+00   2.655271e-01   1.177452e-02
4.029939999999999856e+00   2.773951e-01   1.181711e-02
4.034651000000000209e+00   2.868031e-01   1.184904e-02
4.039361999999999675e+00   2.842649e-01   1.189651e-02
4.044073000000000029e+00   2.734880e-01   1.193631e-02
4.048784999999999634e+00   2.815913e-01   1.198056e-02
4.053495999999999988e+00   2.788923e-01   1.202407e-02
4.058207000000000342e+00   2.782970e-01   1.204670e-02
4.062917999999999807e+00   2.784587e-01   1.208461e-02
4.067630000000000301e+00   2.817678e-01   1.215486e-02
4.072340999999999767e+00   2.759279e-01   1.217894e-02
4.077052000000000120e+00   2.719154e-01   1.222862e-02
4.081762999999999586e+00   2.568064e-01   1.227659e-02
4.086475000000000080e+00   2.566858e-01   1.231351e-02
4.091186000000000433e+00   2.681426e-01   1.236085e-02
4.095896999999999899e+00   2.711572e-01   1.239829e-02
4.100609000000000393e+00   2.723647e-01   1.242917e-02
4.105319999999999858e+00   2.747981e-01   1.249230e-02
4.110031000000000212e+00   2.626824e-01   1.254063e-02
4.114741999999999678e+00   2.612004e-01   1.256772e-02
4.119454000000000171e+00   2.668530e-01   1.260168e-02
4.124164999999999637e+00   2.607149e-01   1.265517e-02
4.128875999999999991e+00   2.489803e-01   1.271146e-02
4.133587000000000344e+00   2.419612e-01   1.274035e-02
4.138298999999999950e+00   2.719915e-01   1.279790e-02
4.143010000000000304e+00   2.633969e-01   1.284152e-02
4.147720999999999769e+00   2.658478e-01   1.288659e-02
4.152432000000000123e+00   2.549535e-01   1.293329e-02
4.157143999999999728e+00   2.779435e-01   1.299159e-02
4.161855000000000082e+00   2.617545e-01   1.305791e-02
4.166566000000000436e+00   2.616612e-01   1.309021e-02
4.171276999999999902e+00   2.625942e-01   1.312316e-02
4.175989000000000395e+00   2.598746e-01   1.317283e-02
4.180699999999999861e+00   2.572942e-01   1.326253e-02
4.185411000000000215e+00   2.586892e-01   1.330149e-02
4.190121999999999680e+00   2.544759e-01   1.334565e-02
4.194834000000000174e+00   2.621855e-01   1.339016e-02
4.199544999999999639e+00   2.743097e-01   1.345372e-02
4.204255999999999993e+00   2.535924e-01   1.348992e-02
4.208967000000000347e+00   2.583072e-01   1.353195e-02
4.213678999999999952e+00   2.691931e-01   1.358615e-02
4.218390000000000306e+00   2.658302e-01   1.364518e-02
4.223100999999999772e+00   2.564371e-01   1.369879e-02
4.227812000000000126e+00   2.662075e-01   1.377515e-02
4.232523999999999731e+00   2.730443e-01   1.383230e-02
4.237235000000000085e+00   2.662719e-01   1.385841e-02
4.241946000000000438e+00   2.546857e-01   1.388449e-02
4.246656999999999904e+00   2.441040e-01   1.395827e-02
4.251369000000000398e+00   2.517750e-01   1.403806e-02
4.256079999999999863e+00   2.643356e-01   1.410853e-02
4.260791000000000217e+00   2.557421e-01   1.414952e-02
4.265501999999999683e+00   2.488258e-01   1.421034e-02
4.270214000000000176e+00   2.462949e-01   1.428868e-02
4.274924999999999642e+00   2.432278e-01   1.433900e-02
4.279635999999999996e+00   2.604382e-01   1.438442e-02
4.284347999999999601e+00   2.587723e-01   1.446800e-02
4.289058999999999955e+00   2.530023e-01   1.451561e-02
4.293770000000000309e+00   2.547948e-01   1.457868e-02
4.298480999999999774e+00   2.602964e-01   1.463297e-02
4.303193000000000268e+00   2.369060e-01   1.466377e-02
4.307903999999999733e+00   2.358773e-01   1.473561e-02
4.312615000000000087e+00   2.402441e-01   1.482687e-02
4.317326000000000441e+00   2.506235e-01   1.489700e-02
4.322038000000000046e+00   2.400587e-01   1.494289e-02
4.326749000000000400e+00   2.237863e-01   1.499778e-02
4.331459999999999866e+00   2.435447e-01   1.506495e-02
4.336171000000000220e+00   2.445753e-01   1.516312e-02
4.340882999999999825e+00   2.180868e-01   1.521667e-02
4.345594000000000179e+00   2.393055e-01   1.528981e-02
4.350304999999999644e+00   2.472374e-01   1.538336e-02
4.355015999999999998e+00   2.346118e-01   1.545289e-02
4.359727999999999604e+00   2.370318e-01   1.550637e-02
4.364438999999999957e+00   2.422858e-01   1.562628e-02
4.369150000000000311e+00   2.427791e-01   1.564756e-02
4.373860999999999777e+00   2.210553e-01   1.570821e-02
4.378573000000000270e+00   2.297497e-01   1.581259e-02
4.383283999999999736e+00   2.485825e-01   1.585344e-02
4.387995000000000090e+00   2.382561e-01   1.597222e-02
4.392706000000000444e+00   2.231416e-01   1.606052e-02
4.397418000000000049e+00   2.394088e-01   1.608608e-02
4.402129000000000403e+00   2.389278e-01   1.611293e-02
4.406839999999999868e+00   2.606151e-01   1.615049e-02
4.411551000000000222e+00   2.523107e-01   1.614524e-02
4.416262999999999828e+00   2.394884e-01   1.615449e-02
4.420974000000000181e+00   2.316143e-01   1.614554e-02
4.425684999999999647e+00   2.237508e-01   1.619057e-02
4.430396000000000001e+00   2.273215e-01   1.620873e-02
4.435107999999999606e+00   2.181222e-01   1.622219e-02
4.439818999999999960e+00   2.397372e-01   1.626414e-02
4.444530000000000314e+00   2.362251e-01   1.633762e-02
4.449240999999999779e+00   2.364172e-01   1.640619e-02
4.453953000000000273e+00   2.262169e-01   1.647811e-02
4.458663999999999739e+00   2.329864e-01   1.653410e-02
4.463375000000000092e+00   2.290888e-01   1.664975e-02
4.468086999999999698e+00   2.357209e-01   1.671140e-02
4.472798000000000052e+00   2.179686e-01   1.679204e-02
4.477509000000000405e+00   2.111941e-01   1.687709e-02
4.482219999999999871e+00   2.067913e-01   1.698101e-02
4.486932000000000365e+00   2.009409e-01   1.707852e-02
4.491642999999999830e+00   2.258455e-01   1.720248e-02
4.496354000000000184e+00   2.445474e-01   1.733559e-02
4.501064999999999650e+00   2.334127e-01   1.740016e-02
4.505777000000000143e+00   2.217250e-01   1.749297e-02
4.510487999999999609e+00   2.109567e-01   1.764907e-02
4.515198999999999963e+00   2.393611e-01   1.772461e-02
4.519910000000000316e+00   2.314501e-01   1.779215e-02
4.524621999999999922e+00   2.398420e-01   1.792161e-02
4.529333000000000276e+00   2.478898e-01   1.801635e-02
4.534043999999999741e+00   2.296868e-01   1.811767e-02
4.538755000000000095e+00   2.215764e-01   1.824096e-02
4.543466999999999700e+00   2.234796e-01   1.839196e-02
4.548178000000000054e+00   2.033873e-01   1.844948e-02
4.552889000000000408e+00   2.306240e-01   1.857651e-02
4.557599999999999874e+00   2.301074e-01   1.866873e-02
4.562312000000000367e+00   2.381912e-01   1.879733e-02
4.567022999999999833e+00   2.292244e-01   1.892027e-02
4.571734000000000187e+00   2.394834e-01   1.903970e-02
4.576444999999999652e+00   2.189937e-01   1.922725e-02
4.581157000000000146e+00   1.974298e-01   1.933160e-02
4.585867999999999611e+00   2.095290e-01   1.947495e-02
4.590578999999999965e+00   2.222276e-01   1.960684e-02
4.595290000000000319e+00   2.208096e-01   1.972307e-02
4.600001999999999924e+00   2.508123e-01   1.984935e-02
4.604713000000000278e+00   2.170247e-01   1.994909e-02
4.609423999999999744e+00   2.287341e-01   2.015095e-02
4.614135000000000097e+00   2.181016e-01   2.036462e-02
4.618846999999999703e+00   2.308590e-01   2.050612e-02
4.623558000000000057e+00   2.203903e-01   2.062109e-02
4.628269000000000410e+00   2.217680e-01   2.072885e-02
4.632979999999999876e+00   2.072050e-01   2.089701e-02
4.637692000000000370e+00   1.983065e-01   2.110332e-02
4.642402999999999835e+00   1.776832e-01   2.123406e-02
4.647114000000000189e+00   2.105414e-01   2.142203e-02
4.651825999999999794e+00   2.325865e-01   2.163539e-02
4.656537000000000148e+00   2.096591e-01   2.179247e-02
4.661247999999999614e+00   2.112384e-01   2.198326e-02
4.665958999999999968e+00   2.096723e-01   2.213030e-02
4.670670999999999573e+00   2.062935e-01   2.237851e-02
4.675381999999999927e+00   2.205594e-01   2.260394e-02
4.680093000000000281e+00   2.133381e-01   2.276990e-02
4.684803999999999746e+00   1.929033e-01   2.300284e-02
4.689516000000000240e+00   2.186584e-01   2.318986e-02
4.694226999999999705e+00   2.132719e-01   2.342460e-02
4.698938000000000059e+00   2.142758e-01   2.366703e-02
4.703649000000000413e+00   2.137857e-01   2.388238e-02
4.708361000000000018e+00   1.839737e-01   2.408921e-02
4.713072000000000372e+00   1.796417e-01   2.442862e-02
4.717782999999999838e+00   2.198092e-01   2.469937e-02
4.722494000000000192e+00   2.366639e-01   2.500417e-02
4.727205999999999797e+00   2.225482e-01   2.519629e-02
4.731917000000000151e+00   1.848848e-01   2.550421e-02
4.736627999999999616e+00   2.219228e-01   2.582418e-02
4.741338999999999970e+00   2.244017e-01   2.609110e-02
4.746050999999999576e+00   1.958715e-01   2.637462e-02
4.750761999999999929e+00   2.131175e-01   2.669403e-02
4.755473000000000283e+00   2.066517e-01   2.705705e-02
4.760183999999999749e+00   2.053332e-01   2.738085e-02
4.764896000000000242e+00   2.000346e-01   2.761244e-02
4.769606999999999708e+00   2.285847e-01   2.805571e-02
4.774318000000000062e+00   2.347473e-01   2.844810e-02
4.779029000000000416e+00   2.313973e-01   2.893698e-02
4.783741000000000021e+00   1.903440e-01   2.932129e-02
4.788452000000000375e+00   2.356834e-01   2.975000e-02
4.793162999999999840e+00   2.233878e-01   3.032180e-02
4.797874000000000194e+00   2.045646e-01   3.083717e-02
4.802585999999999800e+00   2.210972e-01   3.126631e-02
4.807297000000000153e+00   1.906466e-01   3.172979e-02
4.812007999999999619e+00   1.830332e-01   3.236131e-02
4.816718999999999973e+00   1.926513e-01   3.289198e-02
4.821430999999999578e+00   1.938657e-01   3.361527e-02
4.826141999999999932e+00   1.750422e-01   3.405709e-02
4.830853000000000286e+00   1.594885e-01   3.481609e-02
4.835564999999999891e+00   2.088765e-01   3.567812e-02
4.840276000000000245e+00   1.993973e-01   3.632043e-02
4.844986999999999711e+00   2.408684e-01   3.740881e-02
4.849698000000000064e+00   2.218169e-01   3.839398e-02
4.854409999999999670e+00   2.189259e-01   3.942636e-02
4.859121000000000024e+00   1.968529e-01   4.055706e-02
4.863832000000000377e+00   1.941029e-01   4.144996e-02
4.868542999999999843e+00   1.941984e-01   4.286276e-02
4.873255000000000337e+00   1.586875e-01   4.413494e-02
4.877965999999999802e+00   2.000561e-01   4.571249e-02
4.882677000000000156e+00   2.220973e-01   4.759792e-02
4.887387999999999622e+00   2.528499e-01   4.947759e-02
4.892100000000000115e+00   2.124829e-01   5.135709e-02
4.896810999999999581e+00   2.359420e-01   5.411007e-02
4.901521999999999935e+00   1.496972e-01   5.686753e-02
4.906233000000000288e+00   1.630019e-01   5.997601e-02
4.910944999999999894e+00   1.082678e-01   6.359640e-02
4.915656000000000247e+00   1.527697e-01   6.840844e-02
4.920366999999999713e+00   2.753818e-01   7.490152e-02
4.925078000000000067e+00   2.152404e-01   8.241823e-02
4.929789999999999672e+00   1.423931e-01   9.348446e-02
4.934501000000000026e+00   1.992281e-01   1.119228e-01
4.939212000000000380e+00   1.727355e-01   1.482527e-01
4.943922999999999845e+00   3.400493e-01   2.658230e-01