# [2]
# Sample c= 2.22 mg/ml
# Intensity scaled by concentration
# Buffer subtracted data file:
# Protein DatFile = /data/visitor/mx1908/bm29/20161119/giulio/1d/mM25_027_ave.dat
# Buffer DatFile = /data/visitor/mx1908/bm29/20161119/giulio/1d/mM25_028_ave.dat
# 
# AutoRg: Rg   =   0.8675 +/- 0.26 ( 29.8%)
# AutoRg: I(0) =   2.63 +/- 0.0134
# AutoRg: Points   167 to 299 ( 133 total)
# AutoRg: Quality: 68.9%
# 
# 
# Sample Information:
# Storage Temperature (degrees C): 20.0
# Measurement Temperature (degrees C): 20.02
# Concentration: 2.22
# Code: 
3.479420999999999903e-02   7.751822e+00   3.727461e+00
3.950545999999999919e-02   6.755691e+00   1.467428e+00
4.421672000000000102e-02   5.993433e+00   9.530445e-01
4.892798000000000286e-02   4.222522e+00   7.269292e-01
5.363923000000000302e-02   4.171481e+00   5.805692e-01
5.835048999999999791e-02   2.945701e+00   4.751193e-01
6.306174999999999975e-02   2.789644e+00   3.935667e-01
6.777299999999999991e-02   2.511216e+00   3.339474e-01
7.248425999999999481e-02   1.975158e+00   2.882411e-01
7.719552000000000358e-02   1.941618e+00   2.534667e-01
8.190677000000000374e-02   1.793684e+00   2.238385e-01
8.661802999999999864e-02   1.876425e+00   2.005211e-01
9.132928999999999353e-02   1.952387e+00   1.818977e-01
9.604053999999999369e-02   1.764374e+00   1.670874e-01
1.007518000000000025e-01   1.770829e+00   1.539084e-01
1.054631000000000041e-01   1.769801e+00   1.427150e-01
1.101743000000000028e-01   1.744830e+00   1.333145e-01
1.148856000000000044e-01   1.657366e+00   1.249500e-01
1.195968000000000031e-01   1.783875e+00   1.177559e-01
1.243081000000000047e-01   1.716086e+00   1.115795e-01
1.290193000000000034e-01   1.740783e+00   1.064397e-01
1.337306000000000050e-01   1.790061e+00   1.015706e-01
1.384419000000000066e-01   1.799935e+00   9.739599e-02
1.431531000000000053e-01   1.822914e+00   9.349185e-02
1.478644000000000069e-01   1.508918e+00   9.021690e-02
1.525756000000000057e-01   1.529202e+00   8.696269e-02
1.572869000000000073e-01   1.629278e+00   8.419960e-02
1.619981000000000060e-01   1.685448e+00   8.173198e-02
1.667094000000000076e-01   1.690875e+00   7.959685e-02
1.714206000000000063e-01   1.603145e+00   7.737760e-02
1.761319000000000079e-01   1.752734e+00   7.548886e-02
1.808432000000000095e-01   1.698651e+00   7.360631e-02
1.855544000000000082e-01   1.730000e+00   7.208201e-02
1.902657000000000098e-01   1.779020e+00   7.070978e-02
1.949769000000000085e-01   1.644915e+00   6.941523e-02
1.996882000000000101e-01   1.667311e+00   6.792781e-02
2.043994000000000089e-01   1.718383e+00   6.671757e-02
2.091107000000000105e-01   1.797100e+00   6.567679e-02
2.138220000000000121e-01   1.782248e+00   6.469715e-02
2.185332000000000108e-01   1.811611e+00   6.352320e-02
2.232445000000000124e-01   1.857641e+00   6.249533e-02
2.279557000000000111e-01   1.808032e+00   6.162827e-02
2.326670000000000127e-01   1.708587e+00   6.076792e-02
2.373782000000000114e-01   1.724082e+00   6.001935e-02
2.420895000000000130e-01   1.778543e+00   5.916234e-02
2.468007000000000117e-01   1.818159e+00   5.844555e-02
2.515120000000000133e-01   1.808891e+00   5.775483e-02
2.562232999999999872e-01   1.784701e+00   5.708743e-02
2.609345000000000137e-01   1.759389e+00   5.635123e-02
2.656457999999999875e-01   1.759824e+00   5.567262e-02
2.703570000000000140e-01   1.771295e+00   5.507891e-02
2.750682999999999878e-01   1.833557e+00   5.466190e-02
2.797795000000000143e-01   1.769047e+00   5.394897e-02
2.844907999999999881e-01   1.826604e+00   5.344670e-02
2.892021000000000175e-01   1.822196e+00   5.290309e-02
2.939132999999999885e-01   1.868430e+00   5.242992e-02
2.986246000000000178e-01   1.896444e+00   5.195736e-02
3.033357999999999888e-01   1.846347e+00   5.141253e-02
3.080471000000000181e-01   1.775758e+00   5.095699e-02
3.127582999999999891e-01   1.812421e+00   5.050628e-02
3.174696000000000184e-01   1.800519e+00   5.008832e-02
3.221808999999999923e-01   1.766051e+00   4.972276e-02
3.268921000000000188e-01   1.866414e+00   4.929167e-02
3.316033999999999926e-01   1.888109e+00   4.901976e-02
3.363146000000000191e-01   1.909026e+00   4.940018e-02
3.410258999999999929e-01   1.852269e+00   4.978755e-02
3.457371000000000194e-01   1.894593e+00   5.001944e-02
3.504483999999999932e-01   1.892953e+00   5.069364e-02
3.551596000000000197e-01   1.908045e+00   5.173186e-02
3.598708999999999936e-01   1.949841e+00   5.234777e-02
3.645822000000000229e-01   1.777799e+00   5.288872e-02
3.692933999999999939e-01   1.819708e+00   5.324944e-02
3.740047000000000232e-01   1.933171e+00   5.370363e-02
3.787158999999999942e-01   1.916062e+00   5.403563e-02
3.834272000000000236e-01   2.001398e+00   5.425966e-02
3.881383999999999945e-01   1.970454e+00   5.454899e-02
3.928497000000000239e-01   1.925486e+00   5.590303e-02
3.975609999999999977e-01   2.053102e+00   5.760994e-02
4.022722000000000242e-01   1.994986e+00   5.875314e-02
4.069834999999999980e-01   2.049368e+00   5.983410e-02
4.116947000000000245e-01   2.003008e+00   6.079468e-02
4.164059999999999984e-01   1.953247e+00   6.163764e-02
4.211172000000000248e-01   1.999166e+00   6.252215e-02
4.258284999999999987e-01   1.984344e+00   6.346055e-02
4.305397000000000252e-01   2.025475e+00   6.434658e-02
4.352509999999999990e-01   2.035909e+00   6.524145e-02
4.399622999999999728e-01   2.036561e+00   6.631253e-02
4.446734999999999993e-01   2.075720e+00   6.751865e-02
4.493847999999999732e-01   2.078838e+00   6.848259e-02
4.540959999999999996e-01   2.110006e+00   6.904119e-02
4.588072999999999735e-01   2.080615e+00   6.675228e-02
4.635185000000000000e-01   2.070509e+00   6.505462e-02
4.682297999999999738e-01   2.012104e+00   6.403336e-02
4.729411000000000032e-01   2.013373e+00   6.330628e-02
4.776522999999999741e-01   2.070979e+00   6.275866e-02
4.823636000000000035e-01   2.126709e+00   6.238214e-02
4.870747999999999744e-01   2.096890e+00   6.187098e-02
4.917861000000000038e-01   2.069856e+00   6.151956e-02
4.964972999999999748e-01   2.099413e+00   6.112572e-02
5.012086000000000041e-01   2.206870e+00   6.086001e-02
5.059198999999999780e-01   2.105725e+00   6.059495e-02
5.106311000000000044e-01   2.091219e+00   6.030204e-02
5.153423999999999783e-01   2.008760e+00   6.000422e-02
5.200536000000000048e-01   2.050661e+00   5.952659e-02
5.247648999999999786e-01   2.094549e+00   5.913757e-02
5.294761000000000051e-01   2.162591e+00   5.874854e-02
5.341873999999999789e-01   2.151963e+00   5.816408e-02
5.388986000000000054e-01   2.148765e+00   5.777461e-02
5.436098999999999792e-01   2.150962e+00   5.751733e-02
5.483211999999999531e-01   2.094367e+00   5.712449e-02
5.530323999999999796e-01   2.164988e+00   5.678345e-02
5.577436999999999534e-01   2.171956e+00   5.648074e-02
5.624548999999999799e-01   2.224862e+00   5.615495e-02
5.671661999999999537e-01   2.134182e+00   5.592674e-02
5.718773999999999802e-01   2.168486e+00   5.561779e-02
5.765886999999999540e-01   2.130932e+00   5.567350e-02
5.813000000000000389e-01   2.113770e+00   5.550666e-02
5.860111999999999544e-01   2.104409e+00   5.534429e-02
5.907225000000000392e-01   2.094834e+00   5.514263e-02
5.954336999999999547e-01   2.198481e+00   5.507078e-02
6.001450000000000395e-01   2.281383e+00   5.504221e-02
6.048561999999999550e-01   2.200292e+00   5.478115e-02
6.095675000000000399e-01   2.138168e+00   5.469153e-02
6.142788000000000137e-01   2.255434e+00   5.460362e-02
6.189900000000000402e-01   2.209218e+00   5.440828e-02
6.237013000000000140e-01   2.196315e+00   5.425547e-02
6.284125000000000405e-01   2.233225e+00   5.423503e-02
6.331238000000000143e-01   2.224594e+00   5.403962e-02
6.378350000000000408e-01   2.215408e+00   5.387721e-02
6.425463000000000147e-01   2.195441e+00   5.379637e-02
6.472575000000000411e-01   2.202804e+00   5.377007e-02
6.519688000000000150e-01   2.161375e+00   5.352235e-02
6.566800999999999888e-01   2.147467e+00   5.338981e-02
6.613913000000000153e-01   2.175385e+00   5.321960e-02
6.661025999999999891e-01   2.256016e+00   5.315839e-02
6.708138000000000156e-01   2.143613e+00   5.297424e-02
6.755250999999999895e-01   2.199987e+00   5.289746e-02
6.802363000000000159e-01   2.174806e+00   5.281141e-02
6.849475999999999898e-01   2.207791e+00   5.276018e-02
6.896588999999999636e-01   2.179932e+00   5.265723e-02
6.943700999999999901e-01   2.135194e+00   5.243507e-02
6.990813999999999639e-01   2.213615e+00   5.235371e-02
7.037925999999999904e-01   2.199068e+00   5.233895e-02
7.085038999999999643e-01   2.230539e+00   5.220321e-02
7.132150999999999907e-01   2.133499e+00   5.200488e-02
7.179263999999999646e-01   2.149142e+00   5.184872e-02
7.226375999999999911e-01   2.206705e+00   5.179092e-02
7.273488999999999649e-01   2.249785e+00   5.170736e-02
7.320602000000000498e-01   2.171966e+00   5.153278e-02
7.367713999999999652e-01   2.306906e+00   5.143889e-02
7.414827000000000501e-01   2.322765e+00   5.140571e-02
7.461938999999999655e-01   2.180259e+00   5.123256e-02
7.509052000000000504e-01   2.217395e+00   5.121980e-02
7.556163999999999659e-01   2.198900e+00   5.100378e-02
7.603277000000000507e-01   2.202186e+00   5.099256e-02
7.650390000000000246e-01   2.191902e+00   5.079730e-02
7.697502000000000510e-01   2.267590e+00   5.071039e-02
7.744615000000000249e-01   2.192587e+00   5.060871e-02
7.791727000000000514e-01   2.202893e+00   5.049720e-02
7.838840000000000252e-01   2.242058e+00   5.042431e-02
7.885952000000000517e-01   2.245937e+00   5.028137e-02
7.933065000000000255e-01   2.251920e+00   5.021415e-02
7.980177999999999994e-01   2.156685e+00   5.015866e-02
8.027290000000000258e-01   2.147222e+00   5.000031e-02
8.074402999999999997e-01   2.105763e+00   4.999757e-02
8.121515000000000262e-01   2.113255e+00   4.984348e-02
8.168628000000000000e-01   2.190149e+00   4.969663e-02
8.215740000000000265e-01   2.191817e+00   4.961697e-02
8.262853000000000003e-01   2.197160e+00   4.952525e-02
8.309965000000000268e-01   2.215495e+00   4.938388e-02
8.357078000000000007e-01   2.249819e+00   4.927569e-02
8.404190999999999745e-01   2.143370e+00   4.919945e-02
8.451303000000000010e-01   2.173919e+00   4.913010e-02
8.498415999999999748e-01   2.180325e+00   4.905748e-02
8.545528000000000013e-01   2.198897e+00   4.890230e-02
8.592640999999999751e-01   2.239213e+00   4.884273e-02
8.639753000000000016e-01   2.195844e+00   4.880314e-02
8.686865999999999755e-01   2.121247e+00   4.861420e-02
8.733978999999999493e-01   2.157190e+00   4.845299e-02
8.781090999999999758e-01   2.093814e+00   4.837262e-02
8.828203999999999496e-01   2.194686e+00   4.829319e-02
8.875315999999999761e-01   2.137603e+00   4.825523e-02
8.922428999999999499e-01   2.111216e+00   4.808817e-02
8.969540999999999764e-01   2.157891e+00   4.804627e-02
9.016653999999999503e-01   2.084102e+00   4.794541e-02
9.063767000000000351e-01   2.117854e+00   4.785098e-02
9.110878999999999506e-01   2.104079e+00   4.769102e-02
9.157992000000000354e-01   2.141944e+00   4.770910e-02
9.205103999999999509e-01   2.121290e+00   4.765701e-02
9.252217000000000358e-01   2.170190e+00   4.758539e-02
9.299328999999999512e-01   2.128644e+00   4.736557e-02
9.346442000000000361e-01   2.141401e+00   4.729192e-02
9.393553999999999515e-01   2.101437e+00   4.725775e-02
9.440667000000000364e-01   2.116218e+00   4.722211e-02
9.487780000000000102e-01   2.088093e+00   4.704941e-02
9.534892000000000367e-01   2.050019e+00   4.698274e-02
9.582005000000000106e-01   2.090013e+00   4.695693e-02
9.629117000000000370e-01   2.130596e+00   4.686771e-02
9.676230000000000109e-01   2.043322e+00   4.667246e-02
9.723342000000000374e-01   2.047690e+00   4.654058e-02
9.770455000000000112e-01   2.062538e+00   4.645693e-02
9.817567999999999850e-01   2.143447e+00   4.638593e-02
9.864680000000000115e-01   2.115378e+00   4.637945e-02
9.911792999999999854e-01   2.107267e+00   4.627424e-02
9.958905000000000118e-01   2.117276e+00   4.621172e-02
1.000601999999999991e+00   2.072177e+00   4.608495e-02
1.005312999999999901e+00   2.037445e+00   4.599753e-02
1.010024000000000033e+00   2.078735e+00   4.592701e-02
1.014736000000000082e+00   2.060989e+00   4.582822e-02
1.019446999999999992e+00   2.026218e+00   4.569951e-02
1.024157999999999902e+00   2.031356e+00   4.563540e-02
1.028869000000000034e+00   2.034733e+00   4.560183e-02
1.033581000000000083e+00   1.989681e+00   4.552120e-02
1.038291999999999993e+00   1.927575e+00   4.544280e-02
1.043002999999999902e+00   1.970075e+00   4.534382e-02
1.047714000000000034e+00   1.987515e+00   4.524060e-02
1.052426000000000084e+00   1.979002e+00   4.519720e-02
1.057136999999999993e+00   2.025138e+00   4.515617e-02
1.061847999999999903e+00   1.974161e+00   4.505754e-02
1.066559000000000035e+00   1.981645e+00   4.497442e-02
1.071271000000000084e+00   2.044365e+00   4.488810e-02
1.075981999999999994e+00   1.958603e+00   4.484576e-02
1.080692999999999904e+00   1.951020e+00   4.483454e-02
1.085404000000000035e+00   1.924676e+00   4.463128e-02
1.090116000000000085e+00   1.999724e+00   4.459904e-02
1.094826999999999995e+00   1.966468e+00   4.451438e-02
1.099537999999999904e+00   1.944755e+00   4.446669e-02
1.104249000000000036e+00   1.980527e+00   4.431559e-02
1.108961000000000086e+00   1.950037e+00   4.428125e-02
1.113671999999999995e+00   1.871372e+00   4.423623e-02
1.118382999999999905e+00   1.929207e+00   4.405030e-02
1.123094000000000037e+00   1.903606e+00   4.403733e-02
1.127806000000000086e+00   1.878109e+00   4.392652e-02
1.132516999999999996e+00   1.976837e+00   4.384165e-02
1.137227999999999906e+00   1.965696e+00   4.378463e-02
1.141939000000000037e+00   1.883452e+00   4.372536e-02
1.146651000000000087e+00   1.902915e+00   4.367750e-02
1.151361999999999997e+00   1.889315e+00   4.359178e-02
1.156072999999999906e+00   1.895243e+00   4.348735e-02
1.160784000000000038e+00   1.886712e+00   4.346549e-02
1.165496000000000087e+00   1.871143e+00   4.336622e-02
1.170206999999999997e+00   1.869224e+00   4.327909e-02
1.174917999999999907e+00   1.782291e+00   4.320747e-02
1.179629999999999956e+00   1.779918e+00   4.306662e-02
1.184341000000000088e+00   1.834982e+00   4.303184e-02
1.189051999999999998e+00   1.866627e+00   4.303679e-02
1.193762999999999908e+00   1.856907e+00   4.301648e-02
1.198474999999999957e+00   1.869990e+00   4.402970e-02
1.203186000000000089e+00   1.888144e+00   4.508520e-02
1.207896999999999998e+00   1.785947e+00   4.585737e-02
1.212607999999999908e+00   1.771707e+00   4.644713e-02
1.217319999999999958e+00   1.841940e+00   4.701382e-02
1.222031000000000089e+00   1.841151e+00   4.743070e-02
1.226741999999999999e+00   1.757755e+00   4.790034e-02
1.231452999999999909e+00   1.789702e+00   4.833552e-02
1.236164999999999958e+00   1.805312e+00   4.872313e-02
1.240876000000000090e+00   1.822243e+00   4.912168e-02
1.245587000000000000e+00   1.841603e+00   4.933554e-02
1.250297999999999909e+00   1.858534e+00   4.953399e-02
1.255009999999999959e+00   1.774691e+00   4.952904e-02
1.259721000000000091e+00   1.805309e+00   4.962040e-02
1.264432000000000000e+00   1.821639e+00   4.787487e-02
1.269142999999999910e+00   1.773817e+00   4.656297e-02
1.273854999999999960e+00   1.742248e+00   4.579391e-02
1.278566000000000091e+00   1.648752e+00   4.516057e-02
1.283277000000000001e+00   1.680990e+00   4.465892e-02
1.287987999999999911e+00   1.733147e+00   4.429030e-02
1.292699999999999960e+00   1.667671e+00   4.393204e-02
1.297411000000000092e+00   1.735117e+00   4.356915e-02
1.302122000000000002e+00   1.729832e+00   4.320608e-02
1.306832999999999911e+00   1.727596e+00   4.302103e-02
1.311544999999999961e+00   1.674164e+00   4.288045e-02
1.316256000000000093e+00   1.699465e+00   4.275607e-02
1.320967000000000002e+00   1.765772e+00   4.268147e-02
1.325677999999999912e+00   1.706729e+00   4.255035e-02
1.330389999999999961e+00   1.706003e+00   4.246414e-02
1.335101000000000093e+00   1.656877e+00   4.236157e-02
1.339812000000000003e+00   1.702737e+00   4.227990e-02
1.344522999999999913e+00   1.695824e+00   4.215449e-02
1.349234999999999962e+00   1.631692e+00   4.206721e-02
1.353946000000000094e+00   1.624810e+00   4.198904e-02
1.358657000000000004e+00   1.666842e+00   4.181397e-02
1.363369000000000053e+00   1.626248e+00   4.174342e-02
1.368079999999999963e+00   1.622606e+00   4.168503e-02
1.372791000000000095e+00   1.630647e+00   4.159289e-02
1.377502000000000004e+00   1.647699e+00   4.153954e-02
1.382214000000000054e+00   1.637421e+00   4.148241e-02
1.386924999999999963e+00   1.654408e+00   4.139236e-02
1.391636000000000095e+00   1.629929e+00   4.130880e-02
1.396347000000000005e+00   1.611679e+00   4.122337e-02
1.401059000000000054e+00   1.573866e+00   4.112243e-02
1.405769999999999964e+00   1.588168e+00   4.108009e-02
1.410481000000000096e+00   1.564876e+00   4.103407e-02
1.415192000000000005e+00   1.591065e+00   4.096816e-02
1.419904000000000055e+00   1.583451e+00   4.087957e-02
1.424614999999999965e+00   1.571967e+00   4.079200e-02
1.429326000000000096e+00   1.570647e+00   4.075428e-02
1.434037000000000006e+00   1.569904e+00   4.066328e-02
1.438749000000000056e+00   1.540953e+00   4.062817e-02
1.443459999999999965e+00   1.512018e+00   4.053628e-02
1.448171000000000097e+00   1.514984e+00   4.048196e-02
1.452882000000000007e+00   1.530642e+00   4.035468e-02
1.457594000000000056e+00   1.481377e+00   4.029706e-02
1.462304999999999966e+00   1.494832e+00   4.025390e-02
1.467016000000000098e+00   1.472320e+00   4.017607e-02
1.471727000000000007e+00   1.505820e+00   4.009170e-02
1.476439000000000057e+00   1.497469e+00   4.006356e-02
1.481149999999999967e+00   1.516433e+00   3.997027e-02
1.485861000000000098e+00   1.493002e+00   3.993149e-02
1.490572000000000008e+00   1.454279e+00   3.987007e-02
1.495284000000000058e+00   1.516398e+00   3.978942e-02
1.499994999999999967e+00   1.447065e+00   3.977327e-02
1.504706000000000099e+00   1.476786e+00   3.966084e-02
1.509417000000000009e+00   1.484204e+00   3.963585e-02
1.514129000000000058e+00   1.443647e+00   3.977246e-02
1.518839999999999968e+00   1.434752e+00   4.087155e-02
1.523551000000000100e+00   1.465493e+00   4.165774e-02
1.528262999999999927e+00   1.420717e+00   4.230309e-02
1.532974000000000059e+00   1.483196e+00   4.276388e-02
1.537684999999999969e+00   1.505422e+00   4.317820e-02
1.542396000000000100e+00   1.445882e+00   4.312282e-02
1.547107999999999928e+00   1.450041e+00   4.210233e-02
1.551819000000000059e+00   1.452234e+00   4.157391e-02
1.556529999999999969e+00   1.430552e+00   4.113777e-02
1.561241000000000101e+00   1.460134e+00   4.076062e-02
1.565952999999999928e+00   1.371097e+00   4.029097e-02
1.570664000000000060e+00   1.430545e+00   3.981992e-02
1.575374999999999970e+00   1.374301e+00   3.944602e-02
1.580086000000000102e+00   1.415310e+00   3.915272e-02
1.584797999999999929e+00   1.380945e+00   3.893898e-02
1.589509000000000061e+00   1.362711e+00   3.882787e-02
1.594219999999999970e+00   1.415008e+00   3.883453e-02
1.598931000000000102e+00   1.402411e+00   3.886749e-02
1.603642999999999930e+00   1.385710e+00   3.889677e-02
1.608354000000000061e+00   1.358844e+00   3.894609e-02
1.613064999999999971e+00   1.366043e+00   3.891710e-02
1.617776000000000103e+00   1.320712e+00   3.879204e-02
1.622487999999999930e+00   1.311138e+00   3.870000e-02
1.627199000000000062e+00   1.292247e+00   3.866264e-02
1.631909999999999972e+00   1.288479e+00   3.858035e-02
1.636621000000000103e+00   1.287002e+00   3.856190e-02
1.641332999999999931e+00   1.295176e+00   3.844156e-02
1.646044000000000063e+00   1.306718e+00   3.838618e-02
1.650754999999999972e+00   1.290738e+00   3.838603e-02
1.655466000000000104e+00   1.343765e+00   3.828316e-02
1.660177999999999932e+00   1.368099e+00   3.825587e-02
1.664889000000000063e+00   1.295461e+00   3.815735e-02
1.669599999999999973e+00   1.285586e+00   3.805886e-02
1.674311000000000105e+00   1.283773e+00   3.802944e-02
1.679022999999999932e+00   1.221157e+00   3.797781e-02
1.683734000000000064e+00   1.258851e+00   3.795663e-02
1.688444999999999974e+00   1.252947e+00   3.793915e-02
1.693156000000000105e+00   1.257988e+00   3.783386e-02
1.697867999999999933e+00   1.231272e+00   3.776186e-02
1.702579000000000065e+00   1.215002e+00   3.769659e-02
1.707289999999999974e+00   1.310275e+00   3.768525e-02
1.712002000000000024e+00   1.200686e+00   3.761136e-02
1.716712999999999933e+00   1.241579e+00   3.757988e-02
1.721424000000000065e+00   1.254417e+00   3.748145e-02
1.726134999999999975e+00   1.202072e+00   3.739562e-02
1.730847000000000024e+00   1.185667e+00   3.734786e-02
1.735557999999999934e+00   1.212921e+00   3.729791e-02
1.740269000000000066e+00   1.168582e+00   3.723634e-02
1.744979999999999976e+00   1.195379e+00   3.713452e-02
1.749692000000000025e+00   1.228707e+00   3.712769e-02
1.754402999999999935e+00   1.231718e+00   3.709263e-02
1.759114000000000066e+00   1.240118e+00   3.705328e-02
1.763824999999999976e+00   1.185018e+00   3.700650e-02
1.768537000000000026e+00   1.215356e+00   3.692124e-02
1.773247999999999935e+00   1.202911e+00   3.690106e-02
1.777959000000000067e+00   1.114767e+00   3.679990e-02
1.782669999999999977e+00   1.172990e+00   3.680966e-02
1.787382000000000026e+00   1.152542e+00   3.671995e-02
1.792092999999999936e+00   1.224828e+00   3.671340e-02
1.796804000000000068e+00   1.160729e+00   3.664684e-02
1.801514999999999977e+00   1.126155e+00   3.661201e-02
1.806227000000000027e+00   1.076055e+00   3.651750e-02
1.810937999999999937e+00   1.127572e+00   3.653108e-02
1.815649000000000068e+00   1.179452e+00   3.643293e-02
1.820359999999999978e+00   1.114707e+00   3.638350e-02
1.825072000000000028e+00   1.054880e+00   3.633142e-02
1.829782999999999937e+00   1.133990e+00   3.628978e-02
1.834494000000000069e+00   1.113668e+00   3.625305e-02
1.839204999999999979e+00   1.106999e+00   3.627106e-02
1.843917000000000028e+00   1.104792e+00   3.622512e-02
1.848627999999999938e+00   1.081775e+00   3.611748e-02
1.853339000000000070e+00   1.104656e+00   3.606359e-02
1.858049999999999979e+00   1.115832e+00   3.599324e-02
1.862762000000000029e+00   1.118864e+00   3.597267e-02
1.867472999999999939e+00   1.060654e+00   3.594451e-02
1.872184000000000070e+00   1.063692e+00   3.587115e-02
1.876894999999999980e+00   1.098796e+00   3.588080e-02
1.881607000000000030e+00   1.037586e+00   3.578912e-02
1.886317999999999939e+00   1.070853e+00   3.574007e-02
1.891029000000000071e+00   1.011218e+00   3.569713e-02
1.895740999999999898e+00   1.066141e+00   3.561309e-02
1.900452000000000030e+00   1.068044e+00   3.559671e-02
1.905162999999999940e+00   1.040543e+00   3.555632e-02
1.909874000000000072e+00   9.897848e-01   3.548013e-02
1.914585999999999899e+00   1.031089e+00   3.544954e-02
1.919297000000000031e+00   1.029078e+00   3.538972e-02
1.924007999999999940e+00   9.968231e-01   3.539994e-02
1.928719000000000072e+00   9.924755e-01   3.534532e-02
1.933430999999999900e+00   1.027312e+00   3.525391e-02
1.938142000000000031e+00   1.015508e+00   3.515471e-02
1.942852999999999941e+00   9.542716e-01   3.508344e-02
1.947564000000000073e+00   1.002025e+00   3.494305e-02
1.952275999999999900e+00   9.950044e-01   3.490468e-02
1.956987000000000032e+00   9.880157e-01   3.483733e-02
1.961697999999999942e+00   9.878563e-01   3.480569e-02
1.966409000000000074e+00   9.648595e-01   3.475396e-02
1.971120999999999901e+00   9.845662e-01   3.475967e-02
1.975832000000000033e+00   1.013423e+00   3.471029e-02
1.980542999999999942e+00   1.006255e+00   3.469454e-02
1.985254000000000074e+00   1.012036e+00   3.468595e-02
1.989965999999999902e+00   9.833013e-01   3.471431e-02
1.994677000000000033e+00   9.775947e-01   3.473786e-02
1.999387999999999943e+00   1.001926e+00   3.480869e-02
2.004099000000000075e+00   9.196523e-01   3.556865e-02
2.008811000000000124e+00   9.434409e-01   3.635244e-02
2.013522000000000034e+00   9.712509e-01   3.684812e-02
2.018232999999999944e+00   9.583257e-01   3.732087e-02
2.022943999999999853e+00   9.445879e-01   3.765651e-02
2.027655999999999903e+00   9.637974e-01   3.795871e-02
2.032366999999999813e+00   9.821437e-01   3.810715e-02
2.037078000000000166e+00   9.044328e-01   3.823248e-02
2.041789000000000076e+00   8.969271e-01   3.837405e-02
2.046501000000000126e+00   9.311439e-01   3.844312e-02
2.051212000000000035e+00   9.006003e-01   3.860240e-02
2.055922999999999945e+00   9.132080e-01   3.865522e-02
2.060633999999999855e+00   8.874559e-01   3.869908e-02
2.065345999999999904e+00   8.974391e-01   3.863550e-02
2.070056999999999814e+00   8.569102e-01   3.746537e-02
2.074768000000000168e+00   8.848340e-01   3.675561e-02
2.079480000000000217e+00   9.395895e-01   3.627010e-02
2.084191000000000127e+00   8.948343e-01   3.582629e-02
2.088902000000000037e+00   8.730625e-01   3.550584e-02
2.093612999999999946e+00   8.733554e-01   3.527908e-02
2.098324999999999996e+00   8.569640e-01   3.513315e-02
2.103035999999999905e+00   8.117812e-01   3.504271e-02
2.107746999999999815e+00   8.850495e-01   3.494887e-02
2.112458000000000169e+00   8.408555e-01   3.485985e-02
2.117170000000000218e+00   8.554312e-01   3.479401e-02
2.121881000000000128e+00   8.199128e-01   3.472593e-02
2.126592000000000038e+00   9.008861e-01   3.465409e-02
2.131302999999999948e+00   8.862062e-01   3.456997e-02
2.136014999999999997e+00   8.461598e-01   3.448601e-02
2.140725999999999907e+00   8.065705e-01   3.444389e-02
2.145436999999999816e+00   8.456432e-01   3.435863e-02
2.150148000000000170e+00   8.393375e-01   3.428114e-02
2.154860000000000220e+00   7.947395e-01   3.423218e-02
2.159571000000000129e+00   8.189869e-01   3.419435e-02
2.164282000000000039e+00   8.353765e-01   3.412233e-02
2.168992999999999949e+00   8.455135e-01   3.408705e-02
2.173704999999999998e+00   8.095038e-01   3.407783e-02
2.178415999999999908e+00   8.260159e-01   3.401634e-02
2.183126999999999818e+00   8.546264e-01   3.392444e-02
2.187838000000000171e+00   8.477747e-01   3.387548e-02
2.192550000000000221e+00   7.620908e-01   3.384767e-02
2.197261000000000131e+00   7.897243e-01   3.380011e-02
2.201972000000000040e+00   7.957226e-01   3.373336e-02
2.206682999999999950e+00   7.542710e-01   3.370473e-02
2.211395000000000000e+00   7.702996e-01   3.362094e-02
2.216105999999999909e+00   7.400531e-01   3.361307e-02
2.220816999999999819e+00   7.992432e-01   3.357839e-02
2.225528000000000173e+00   8.050860e-01   3.348646e-02
2.230239999999999778e+00   7.669466e-01   3.345815e-02
2.234951000000000132e+00   7.556505e-01   3.342073e-02
2.239662000000000042e+00   7.431427e-01   3.334544e-02
2.244372999999999951e+00   7.871732e-01   3.333974e-02
2.249085000000000001e+00   7.945536e-01   3.326418e-02
2.253795999999999911e+00   7.754419e-01   3.323493e-02
2.258506999999999820e+00   7.234786e-01   3.316752e-02
2.263218999999999870e+00   7.658873e-01   3.316229e-02
2.267929999999999779e+00   7.613295e-01   3.309130e-02
2.272641000000000133e+00   7.290216e-01   3.307745e-02
2.277352000000000043e+00   7.592654e-01   3.306582e-02
2.282064000000000092e+00   7.258639e-01   3.297696e-02
2.286775000000000002e+00   7.230513e-01   3.294542e-02
2.291485999999999912e+00   7.102861e-01   3.289318e-02
2.296196999999999822e+00   7.228137e-01   3.286434e-02
2.300908999999999871e+00   7.205107e-01   3.282148e-02
2.305619999999999781e+00   6.715912e-01   3.278392e-02
2.310331000000000135e+00   7.142138e-01   3.277977e-02
2.315042000000000044e+00   6.698581e-01   3.270288e-02
2.319754000000000094e+00   6.709561e-01   3.267998e-02
2.324465000000000003e+00   7.270845e-01   3.264232e-02
2.329175999999999913e+00   7.368407e-01   3.258929e-02
2.333886999999999823e+00   6.761589e-01   3.254701e-02
2.338598999999999872e+00   6.669730e-01   3.250401e-02
2.343309999999999782e+00   7.117387e-01   3.246351e-02
2.348021000000000136e+00   6.727115e-01   3.242734e-02
2.352732000000000046e+00   7.113019e-01   3.239080e-02
2.357444000000000095e+00   7.085540e-01   3.235962e-02
2.362155000000000005e+00   7.038647e-01   3.233818e-02
2.366865999999999914e+00   7.250373e-01   3.229966e-02
2.371576999999999824e+00   7.036126e-01   3.227976e-02
2.376288999999999874e+00   6.841153e-01   3.222817e-02
2.380999999999999783e+00   6.588935e-01   3.220875e-02
2.385711000000000137e+00   6.742540e-01   3.214056e-02
2.390422000000000047e+00   6.495584e-01   3.215976e-02
2.395134000000000096e+00   6.892278e-01   3.208736e-02
2.399845000000000006e+00   6.610976e-01   3.202966e-02
2.404555999999999916e+00   6.434742e-01   3.200413e-02
2.409266999999999825e+00   6.729829e-01   3.200926e-02
2.413978999999999875e+00   6.793380e-01   3.193701e-02
2.418689999999999785e+00   6.725170e-01   3.188760e-02
2.423401000000000138e+00   6.389756e-01   3.187217e-02
2.428112000000000048e+00   6.681896e-01   3.186035e-02
2.432824000000000098e+00   6.404641e-01   3.182598e-02
2.437535000000000007e+00   6.730019e-01   3.180020e-02
2.442245999999999917e+00   6.383389e-01   3.174058e-02
2.446957999999999966e+00   6.919505e-01   3.170966e-02
2.451668999999999876e+00   6.686055e-01   3.165840e-02
2.456379999999999786e+00   6.269300e-01   3.165353e-02
2.461091000000000140e+00   6.147878e-01   3.158751e-02
2.465803000000000189e+00   6.032449e-01   3.157661e-02
2.470514000000000099e+00   6.578920e-01   3.154128e-02
2.475225000000000009e+00   6.495353e-01   3.149330e-02
2.479935999999999918e+00   6.287948e-01   3.146159e-02
2.484647999999999968e+00   5.868641e-01   3.142041e-02
2.489358999999999877e+00   5.826368e-01   3.142044e-02
2.494069999999999787e+00   6.121859e-01   3.140859e-02
2.498781000000000141e+00   6.331481e-01   3.135223e-02
2.503493000000000190e+00   6.163104e-01   3.131246e-02
2.508204000000000100e+00   5.950355e-01   3.124248e-02
2.512915000000000010e+00   5.880259e-01   3.119143e-02
2.517625999999999920e+00   6.116114e-01   3.112513e-02
2.522337999999999969e+00   6.127611e-01   3.106374e-02
2.527048999999999879e+00   5.495214e-01   3.102929e-02
2.531759999999999788e+00   5.465431e-01   3.099295e-02
2.536471000000000142e+00   5.907571e-01   3.094706e-02
2.541183000000000192e+00   5.863538e-01   3.093262e-02
2.545894000000000101e+00   6.355436e-01   3.088935e-02
2.550605000000000011e+00   6.022676e-01   3.083988e-02
2.555315999999999921e+00   6.162152e-01   3.085830e-02
2.560027999999999970e+00   6.137489e-01   3.082546e-02
2.564738999999999880e+00   6.321185e-01   3.081016e-02
2.569449999999999790e+00   5.767550e-01   3.076830e-02
2.574161000000000143e+00   5.629166e-01   3.077245e-02
2.578873000000000193e+00   6.099949e-01   3.081564e-02
2.583584000000000103e+00   5.901270e-01   3.078860e-02
2.588295000000000012e+00   6.149598e-01   3.076613e-02
2.593005999999999922e+00   5.334806e-01   3.073140e-02
2.597717999999999972e+00   5.273248e-01   3.067197e-02
2.602428999999999881e+00   5.830493e-01   3.066397e-02
2.607139999999999791e+00   5.694245e-01   3.063278e-02
2.611851000000000145e+00   5.414436e-01   3.059071e-02
2.616563000000000194e+00   5.362283e-01   3.057730e-02
2.621274000000000104e+00   5.106482e-01   3.055081e-02
2.625985000000000014e+00   5.512586e-01   3.052827e-02
2.630697000000000063e+00   5.315125e-01   3.049638e-02
2.635407999999999973e+00   5.567085e-01   3.044721e-02
2.640118999999999883e+00   5.330384e-01   3.041760e-02
2.644829999999999792e+00   5.146668e-01   3.039413e-02
2.649541999999999842e+00   5.255404e-01   3.034375e-02
2.654253000000000196e+00   5.683715e-01   3.031613e-02
2.658964000000000105e+00   5.424251e-01   3.028160e-02
2.663675000000000015e+00   5.174831e-01   3.028349e-02
2.668387000000000064e+00   5.245254e-01   3.025607e-02
2.673097999999999974e+00   5.508995e-01   3.024070e-02
2.677808999999999884e+00   5.228911e-01   3.022199e-02
2.682519999999999794e+00   5.337393e-01   3.019061e-02
2.687231999999999843e+00   5.278233e-01   3.013801e-02
2.691943000000000197e+00   5.298465e-01   3.009300e-02
2.696654000000000106e+00   5.192694e-01   3.006882e-02
2.701365000000000016e+00   5.372937e-01   3.009258e-02
2.706077000000000066e+00   5.140163e-01   3.001581e-02
2.710787999999999975e+00   5.157975e-01   2.998347e-02
2.715498999999999885e+00   5.037257e-01   2.996747e-02
2.720209999999999795e+00   4.506849e-01   2.994313e-02
2.724921999999999844e+00   4.942633e-01   2.989564e-02
2.729633000000000198e+00   5.135232e-01   2.989576e-02
2.734344000000000108e+00   5.363238e-01   2.985338e-02
2.739055000000000017e+00   5.473159e-01   2.983418e-02
2.743767000000000067e+00   4.935687e-01   2.983026e-02
2.748477999999999977e+00   4.803743e-01   2.980282e-02
2.753188999999999886e+00   4.840734e-01   2.977882e-02
2.757899999999999796e+00   4.809242e-01   2.974520e-02
2.762611999999999846e+00   5.191795e-01   2.972018e-02
2.767323000000000199e+00   4.960001e-01   2.968009e-02
2.772034000000000109e+00   4.701908e-01   2.962710e-02
2.776745000000000019e+00   4.927777e-01   2.960457e-02
2.781457000000000068e+00   4.917887e-01   2.960742e-02
2.786167999999999978e+00   4.796715e-01   2.958276e-02
2.790878999999999888e+00   4.536753e-01   2.953903e-02
2.795589999999999797e+00   4.850424e-01   2.950011e-02
2.800301999999999847e+00   4.668034e-01   2.950591e-02
2.805013000000000201e+00   4.902509e-01   2.964908e-02
2.809724000000000110e+00   4.555624e-01   3.035124e-02
2.814436000000000160e+00   4.546690e-01   3.086074e-02
2.819147000000000070e+00   4.331441e-01   3.121978e-02
2.823857999999999979e+00   4.594411e-01   3.150267e-02
2.828568999999999889e+00   4.748801e-01   3.169942e-02
2.833280999999999938e+00   4.338094e-01   3.180098e-02
2.837991999999999848e+00   5.121629e-01   3.188592e-02
2.842703000000000202e+00   4.535424e-01   3.194857e-02
2.847414000000000112e+00   4.560638e-01   3.203741e-02
2.852126000000000161e+00   4.547230e-01   3.214535e-02
2.856837000000000071e+00   4.301627e-01   3.222616e-02
2.861547999999999981e+00   4.721745e-01   3.226004e-02
2.866258999999999890e+00   4.478087e-01   3.231954e-02
2.870970999999999940e+00   4.280799e-01   3.205274e-02
2.875681999999999849e+00   4.106900e-01   3.126131e-02
2.880393000000000203e+00   4.767660e-01   3.078100e-02
2.885104000000000113e+00   4.790976e-01   3.042196e-02
2.889816000000000162e+00   4.415850e-01   3.017560e-02
2.894527000000000072e+00   4.370535e-01   3.004218e-02
2.899237999999999982e+00   4.494925e-01   2.995356e-02
2.903948999999999891e+00   3.997207e-01   2.992339e-02
2.908660999999999941e+00   4.379554e-01   2.988281e-02
2.913371999999999851e+00   4.461900e-01   2.979830e-02
2.918083000000000204e+00   4.563849e-01   2.972766e-02
2.922794000000000114e+00   4.382013e-01   2.968432e-02
2.927506000000000164e+00   4.363409e-01   2.961607e-02
2.932217000000000073e+00   3.989289e-01   2.958312e-02
2.936927999999999983e+00   3.971663e-01   2.955103e-02
2.941638999999999893e+00   4.436945e-01   2.948715e-02
2.946350999999999942e+00   4.252998e-01   2.943645e-02
2.951061999999999852e+00   4.520336e-01   2.939606e-02
2.955773000000000206e+00   4.201739e-01   2.936544e-02
2.960484000000000115e+00   4.342148e-01   2.936329e-02
2.965196000000000165e+00   4.275701e-01   2.931210e-02
2.969907000000000075e+00   4.189890e-01   2.926692e-02
2.974617999999999984e+00   4.276942e-01   2.922368e-02
2.979328999999999894e+00   4.601418e-01   2.917121e-02
2.984040999999999944e+00   4.602705e-01   2.917264e-02
2.988751999999999853e+00   4.121034e-01   2.911155e-02
2.993463000000000207e+00   4.449385e-01   2.907780e-02
2.998174999999999812e+00   4.155927e-01   2.903737e-02
3.002886000000000166e+00   3.947553e-01   2.903824e-02
3.007597000000000076e+00   3.690448e-01   2.900237e-02
3.012307999999999986e+00   3.896684e-01   2.897492e-02
3.017020000000000035e+00   3.740153e-01   2.893266e-02
3.021730999999999945e+00   4.528853e-01   2.891564e-02
3.026441999999999855e+00   4.258771e-01   2.888037e-02
3.031153000000000208e+00   3.778011e-01   2.884940e-02
3.035864999999999814e+00   4.346274e-01   2.880528e-02
3.040576000000000167e+00   4.004072e-01   2.875419e-02
3.045287000000000077e+00   4.094196e-01   2.874755e-02
3.049997999999999987e+00   4.178817e-01   2.871137e-02
3.054710000000000036e+00   3.662922e-01   2.865009e-02
3.059420999999999946e+00   4.019175e-01   2.865618e-02
3.064131999999999856e+00   4.033276e-01   2.862420e-02
3.068843000000000210e+00   3.512342e-01   2.860491e-02
3.073554999999999815e+00   3.630904e-01   2.860424e-02
3.078266000000000169e+00   3.383452e-01   2.854190e-02
3.082977000000000078e+00   4.159318e-01   2.851199e-02
3.087687999999999988e+00   4.113676e-01   2.848312e-02
3.092400000000000038e+00   3.885814e-01   2.847485e-02
3.097110999999999947e+00   3.391711e-01   2.843828e-02
3.101821999999999857e+00   3.484930e-01   2.842665e-02
3.106533000000000211e+00   3.784550e-01   2.838105e-02
3.111244999999999816e+00   3.449493e-01   2.834311e-02
3.115956000000000170e+00   3.913890e-01   2.833650e-02
3.120667000000000080e+00   3.513508e-01   2.826918e-02
3.125377999999999989e+00   3.451208e-01   2.827663e-02
3.130090000000000039e+00   3.159574e-01   2.825806e-02
3.134800999999999949e+00   3.977441e-01   2.820897e-02
3.139511999999999858e+00   3.991593e-01   2.822754e-02
3.144223000000000212e+00   3.362438e-01   2.820056e-02
3.148934999999999818e+00   3.997047e-01   2.817435e-02
3.153646000000000171e+00   3.625573e-01   2.810951e-02
3.158357000000000081e+00   3.494458e-01   2.812508e-02
3.163067999999999991e+00   3.567350e-01   2.808194e-02
3.167780000000000040e+00   3.996865e-01   2.806482e-02
3.172490999999999950e+00   3.477425e-01   2.800503e-02
3.177201999999999860e+00   3.793644e-01   2.801630e-02
3.181913999999999909e+00   4.139344e-01   2.801594e-02
3.186624999999999819e+00   3.366863e-01   2.796849e-02
3.191336000000000173e+00   3.481159e-01   2.793063e-02
3.196047000000000082e+00   3.418976e-01   2.787164e-02
3.200759000000000132e+00   3.550160e-01   2.780233e-02
3.205470000000000041e+00   3.643646e-01   2.778417e-02
3.210180999999999951e+00   3.856294e-01   2.775129e-02
3.214891999999999861e+00   3.425015e-01   2.774912e-02
3.219603999999999910e+00   3.601516e-01   2.771917e-02
3.224314999999999820e+00   3.531203e-01   2.768727e-02
3.229026000000000174e+00   3.250713e-01   2.769034e-02
3.233737000000000084e+00   3.482730e-01   2.767104e-02
3.238449000000000133e+00   3.680635e-01   2.765310e-02
3.243160000000000043e+00   3.437445e-01   2.763419e-02
3.247870999999999952e+00   3.632827e-01   2.759458e-02
3.252581999999999862e+00   3.390100e-01   2.759851e-02
3.257293999999999912e+00   3.688433e-01   2.758906e-02
3.262004999999999821e+00   3.228351e-01   2.759173e-02
3.266716000000000175e+00   3.803679e-01   2.756559e-02
3.271427000000000085e+00   3.608048e-01   2.755951e-02
3.276139000000000134e+00   3.343156e-01   2.754042e-02
3.280850000000000044e+00   3.387230e-01   2.749713e-02
3.285560999999999954e+00   3.145605e-01   2.747070e-02
3.290271999999999863e+00   3.466873e-01   2.745753e-02
3.294983999999999913e+00   3.482342e-01   2.743740e-02
3.299694999999999823e+00   3.361495e-01   2.743306e-02
3.304406000000000176e+00   3.267353e-01   2.743421e-02
3.309117000000000086e+00   3.333622e-01   2.740615e-02
3.313829000000000136e+00   3.145095e-01   2.737941e-02
3.318540000000000045e+00   3.535327e-01   2.732442e-02
3.323250999999999955e+00   3.302618e-01   2.732884e-02
3.327961999999999865e+00   3.325034e-01   2.730126e-02
3.332673999999999914e+00   3.345200e-01   2.725043e-02
3.337384999999999824e+00   3.066267e-01   2.723181e-02
3.342096000000000178e+00   3.064140e-01   2.725571e-02
3.346807000000000087e+00   3.102380e-01   2.721092e-02
3.351519000000000137e+00   2.827439e-01   2.719721e-02
3.356230000000000047e+00   2.907487e-01   2.718158e-02
3.360940999999999956e+00   2.898192e-01   2.715344e-02
3.365653000000000006e+00   2.884606e-01   2.712079e-02
3.370363999999999916e+00   3.033093e-01   2.710828e-02
3.375074999999999825e+00   3.215378e-01   2.710965e-02
3.379786000000000179e+00   3.367945e-01   2.708529e-02
3.384497999999999784e+00   3.149029e-01   2.706374e-02
3.389209000000000138e+00   3.216470e-01   2.722360e-02
3.393920000000000048e+00   3.222226e-01   2.784130e-02
3.398630999999999958e+00   2.784106e-01   2.821689e-02
3.403343000000000007e+00   2.920916e-01   2.851063e-02
3.408053999999999917e+00   3.226705e-01   2.876396e-02
3.412764999999999826e+00   3.558496e-01   2.881785e-02
3.417476000000000180e+00   3.355647e-01   2.882060e-02
3.422187999999999786e+00   3.255347e-01   2.880356e-02
3.426899000000000139e+00   2.934519e-01   2.889681e-02
3.431610000000000049e+00   3.160733e-01   2.896367e-02
3.436320999999999959e+00   2.861044e-01   2.901603e-02
3.441033000000000008e+00   2.914407e-01   2.908675e-02
3.445743999999999918e+00   2.989501e-01   2.911675e-02
3.450454999999999828e+00   2.773713e-01   2.917194e-02
3.455166000000000182e+00   3.047421e-01   2.924732e-02
3.459877999999999787e+00   2.768176e-01   2.928403e-02
3.464589000000000141e+00   3.060180e-01   2.933024e-02
3.469300000000000050e+00   3.395406e-01   2.936483e-02
3.474010999999999960e+00   3.539697e-01   2.941026e-02
3.478723000000000010e+00   2.984950e-01   2.946630e-02
3.483433999999999919e+00   2.662780e-01   2.950138e-02
3.488144999999999829e+00   3.034226e-01   2.953674e-02
3.492856000000000183e+00   3.287038e-01   2.961135e-02
3.497567999999999788e+00   2.968797e-01   2.960211e-02
3.502279000000000142e+00   2.339489e-01   2.965191e-02
3.506990000000000052e+00   2.644867e-01   2.969601e-02
3.511700999999999961e+00   2.970731e-01   2.975641e-02
3.516413000000000011e+00   2.538179e-01   2.974994e-02
3.521123999999999921e+00   2.930494e-01   2.980397e-02
3.525834999999999830e+00   2.785621e-01   2.985204e-02
3.530546000000000184e+00   3.083566e-01   2.986330e-02
3.535257999999999790e+00   2.981425e-01   2.988031e-02
3.539969000000000143e+00   2.506568e-01   2.990342e-02
3.544680000000000053e+00   2.808896e-01   2.991678e-02
3.549392000000000102e+00   2.966305e-01   2.996136e-02
3.554103000000000012e+00   2.772380e-01   3.001350e-02
3.558813999999999922e+00   2.504594e-01   3.002630e-02
3.563524999999999832e+00   2.766543e-01   3.006087e-02
3.568236999999999881e+00   2.781610e-01   3.006691e-02
3.572947999999999791e+00   2.717580e-01   3.013462e-02
3.577659000000000145e+00   2.213521e-01   3.012279e-02
3.582370000000000054e+00   2.714822e-01   3.012322e-02
3.587082000000000104e+00   2.612750e-01   3.011674e-02
3.591793000000000013e+00   2.869429e-01   3.018406e-02
3.596503999999999923e+00   2.436136e-01   3.014493e-02
3.601214999999999833e+00   2.644409e-01   3.015743e-02
3.605926999999999882e+00   2.965544e-01   3.024692e-02
3.610637999999999792e+00   2.505408e-01   3.078921e-02
3.615349000000000146e+00   2.753379e-01   3.167024e-02
3.620060000000000056e+00   3.289033e-01   3.220681e-02
3.624772000000000105e+00   3.234560e-01   3.261187e-02
3.629483000000000015e+00   3.002344e-01   3.288715e-02
3.634193999999999924e+00   2.010326e-01   3.308088e-02
3.638904999999999834e+00   2.587778e-01   3.328670e-02
3.643616999999999884e+00   2.242396e-01   3.353479e-02
3.648327999999999793e+00   2.460592e-01   3.366327e-02
3.653039000000000147e+00   2.801023e-01   3.382625e-02
3.657750000000000057e+00   2.552705e-01   3.401435e-02
3.662462000000000106e+00   2.764772e-01   3.416586e-02
3.667173000000000016e+00   3.012844e-01   3.435142e-02
3.671883999999999926e+00   2.842655e-01   3.449947e-02
3.676594999999999835e+00   2.571594e-01   3.467935e-02
3.681306999999999885e+00   2.488468e-01   3.480957e-02
3.686017999999999795e+00   2.657192e-01   3.494848e-02
3.690729000000000148e+00   2.893653e-01   3.508755e-02
3.695440000000000058e+00   2.866792e-01   3.526347e-02
3.700152000000000108e+00   2.784882e-01   3.538813e-02
3.704863000000000017e+00   2.665305e-01   3.552623e-02
3.709573999999999927e+00   2.726891e-01   3.568640e-02
3.714284999999999837e+00   3.122168e-01   3.582481e-02
3.718996999999999886e+00   2.405535e-01   3.594383e-02
3.723707999999999796e+00   2.573683e-01   3.607927e-02
3.728419000000000150e+00   2.804566e-01   3.626409e-02
3.733131000000000199e+00   2.464112e-01   3.641893e-02
3.737842000000000109e+00   2.163204e-01   3.650407e-02
3.742553000000000019e+00   2.742669e-01   3.664625e-02
3.747263999999999928e+00   2.543973e-01   3.677554e-02
3.751975999999999978e+00   2.206474e-01   3.696737e-02
3.756686999999999887e+00   2.286648e-01   3.704453e-02
3.761397999999999797e+00   2.427210e-01   3.717287e-02
3.766109000000000151e+00   2.019949e-01   3.731647e-02
3.770821000000000200e+00   2.700733e-01   3.748223e-02
3.775532000000000110e+00   2.904321e-01   3.766595e-02
3.780243000000000020e+00   2.665448e-01   3.774144e-02
3.784953999999999930e+00   2.577499e-01   3.792073e-02
3.789665999999999979e+00   2.520414e-01   3.797445e-02
3.794376999999999889e+00   2.225862e-01   3.812988e-02
3.799087999999999798e+00   1.772269e-01   3.822905e-02
3.803799000000000152e+00   2.070530e-01   3.838197e-02
3.808511000000000202e+00   2.471513e-01   3.861090e-02
3.813222000000000111e+00   2.086867e-01   3.871823e-02
3.817933000000000021e+00   2.797874e-01   3.883717e-02
3.822643999999999931e+00   2.248228e-01   3.894060e-02
3.827355999999999980e+00   2.503618e-01   3.911664e-02
3.832066999999999890e+00   2.506688e-01   3.921327e-02
3.836777999999999800e+00   2.652518e-01   3.935971e-02
3.841489000000000154e+00   2.460896e-01   3.949201e-02
3.846201000000000203e+00   2.530092e-01   3.961582e-02
3.850912000000000113e+00   2.225481e-01   3.980319e-02
3.855623000000000022e+00   1.562993e-01   3.992551e-02
3.860333999999999932e+00   1.944887e-01   4.006729e-02
3.865045999999999982e+00   2.498485e-01   4.021760e-02
3.869756999999999891e+00   2.300380e-01   4.035766e-02
3.874467999999999801e+00   2.632670e-01   4.045648e-02
3.879179000000000155e+00   2.219937e-01   4.060424e-02
3.883891000000000204e+00   2.065162e-01   4.076090e-02
3.888602000000000114e+00   2.553959e-01   4.091587e-02
3.893313000000000024e+00   2.673792e-01   4.102141e-02
3.898023999999999933e+00   2.971970e-01   4.116586e-02
3.902735999999999983e+00   2.546488e-01   4.130818e-02
3.907446999999999893e+00   2.538329e-01   4.150168e-02
3.912157999999999802e+00   2.562063e-01   4.162268e-02
3.916869999999999852e+00   2.624852e-01   4.166370e-02
3.921581000000000206e+00   2.657115e-01   4.167336e-02
3.926292000000000115e+00   2.877521e-01   4.174347e-02
3.931003000000000025e+00   2.725023e-01   4.183100e-02
3.935715000000000074e+00   2.222141e-01   4.201944e-02
3.940425999999999984e+00   2.588605e-01   4.209214e-02
3.945136999999999894e+00   1.873676e-01   4.218501e-02
3.949847999999999804e+00   1.893500e-01   4.214935e-02
3.954559999999999853e+00   2.228746e-01   4.224069e-02
3.959271000000000207e+00   2.209765e-01   4.227460e-02
3.963982000000000117e+00   1.873839e-01   4.231084e-02
3.968693000000000026e+00   1.644300e-01   4.234503e-02
3.973405000000000076e+00   2.108258e-01   4.247856e-02
3.978115999999999985e+00   2.414087e-01   4.264271e-02
3.982826999999999895e+00   2.051612e-01   4.275600e-02
3.987537999999999805e+00   1.761055e-01   4.287245e-02
3.992249999999999854e+00   1.738013e-01   4.301665e-02
3.996961000000000208e+00   1.993893e-01   4.317139e-02
4.001672000000000118e+00   1.943208e-01   4.327860e-02
4.006382999999999583e+00   2.186349e-01   4.348062e-02
4.011095000000000077e+00   2.590071e-01   4.366949e-02
4.015806000000000431e+00   2.185492e-01   4.381985e-02
4.020516999999999896e+00   2.327782e-01   4.395422e-02
4.025228000000000250e+00   1.727836e-01   4.409458e-02
4.029939999999999856e+00   1.818644e-01   4.423438e-02
4.034651000000000209e+00   2.161937e-01   4.433890e-02
4.039361999999999675e+00   2.150519e-01   4.448592e-02
4.044073000000000029e+00   1.934063e-01   4.470609e-02
4.048784999999999634e+00   2.220612e-01   4.485455e-02
4.053495999999999988e+00   2.208886e-01   4.496446e-02
4.058207000000000342e+00   1.616747e-01   4.511806e-02
4.062917999999999807e+00   1.709218e-01   4.529227e-02
4.067630000000000301e+00   2.191840e-01   4.544963e-02
4.072340999999999767e+00   1.865195e-01   4.556068e-02
4.077052000000000120e+00   2.071605e-01   4.580988e-02
4.081762999999999586e+00   1.553503e-01   4.596492e-02
4.086475000000000080e+00   1.930873e-01   4.615856e-02
4.091186000000000433e+00   1.956762e-01   4.635142e-02
4.095896999999999899e+00   1.888755e-01   4.640848e-02
4.100609000000000393e+00   2.203822e-01   4.659987e-02
4.105319999999999858e+00   2.240083e-01   4.683371e-02
4.110031000000000212e+00   2.597885e-01   4.696237e-02
4.114741999999999678e+00   2.240825e-01   4.707298e-02
4.119454000000000171e+00   1.735056e-01   4.712381e-02
4.124164999999999637e+00   1.785036e-01   4.747683e-02
4.128875999999999991e+00   1.876842e-01   4.759874e-02
4.133587000000000344e+00   2.300324e-01   4.783024e-02
4.138298999999999950e+00   2.393326e-01   4.792400e-02
4.143010000000000304e+00   2.486642e-01   4.809945e-02
4.147720999999999769e+00   2.543619e-01   4.831888e-02
4.152432000000000123e+00   1.548471e-01   4.854904e-02
4.157143999999999728e+00   1.590110e-01   4.868939e-02
4.161855000000000082e+00   1.720786e-01   4.885623e-02
4.166566000000000436e+00   2.081736e-01   4.903682e-02
4.171276999999999902e+00   1.903553e-01   4.923905e-02
4.175989000000000395e+00   1.496000e-01   4.942695e-02
4.180699999999999861e+00   2.178703e-01   4.964003e-02
4.185411000000000215e+00   1.432943e-01   4.985014e-02
4.190121999999999680e+00   1.879090e-01   5.001554e-02
4.194834000000000174e+00   1.899349e-01   5.014076e-02
4.199544999999999639e+00   2.151389e-01   5.040195e-02
4.204255999999999993e+00   2.350170e-01   5.061192e-02
4.208967000000000347e+00   1.970998e-01   5.077457e-02
4.213678999999999952e+00   2.110077e-01   5.095913e-02
4.218390000000000306e+00   2.566105e-01   5.114891e-02
4.223100999999999772e+00   2.346559e-01   5.135138e-02
4.227812000000000126e+00   1.889321e-01   5.160477e-02
4.232523999999999731e+00   1.543324e-01   5.188215e-02
4.237235000000000085e+00   1.901563e-01   5.207805e-02
4.241946000000000438e+00   1.564784e-01   5.222368e-02
4.246656999999999904e+00   2.205411e-01   5.239381e-02
4.251369000000000398e+00   1.051916e-01   5.262948e-02
4.256079999999999863e+00   1.962138e-01   5.295304e-02
4.260791000000000217e+00   2.221559e-01   5.309453e-02
4.265501999999999683e+00   1.755335e-01   5.325886e-02
4.270214000000000176e+00   1.377692e-01   5.349427e-02
4.274924999999999642e+00   1.753012e-01   5.374632e-02
4.279635999999999996e+00   1.674701e-01   5.404899e-02
4.284347999999999601e+00   1.933951e-01   5.415302e-02
4.289058999999999955e+00   1.850959e-01   5.434665e-02
4.293770000000000309e+00   1.939192e-01   5.476388e-02
4.298480999999999774e+00   1.457445e-01   5.496831e-02
4.303193000000000268e+00   1.905269e-01   5.514908e-02
4.307903999999999733e+00   2.084168e-01   5.546356e-02
4.312615000000000087e+00   2.462359e-01   5.575538e-02
4.317326000000000441e+00   2.195550e-01   5.592070e-02
4.322038000000000046e+00   1.674628e-01   5.604699e-02
4.326749000000000400e+00   2.009915e-01   5.634971e-02
4.331459999999999866e+00   2.151358e-01   5.666513e-02
4.336171000000000220e+00   1.384351e-01   5.694330e-02
4.340882999999999825e+00   2.511725e-01   5.727532e-02
4.345594000000000179e+00   1.665261e-01   5.737815e-02
4.350304999999999644e+00   1.806321e-01   5.764787e-02
4.355015999999999998e+00   2.312640e-01   5.799830e-02
4.359727999999999604e+00   1.823700e-01   5.839888e-02
4.364438999999999957e+00   1.061882e-01   5.855226e-02
4.369150000000000311e+00   1.198897e-01   5.891902e-02
4.373860999999999777e+00   1.454487e-01   5.915636e-02
4.378573000000000270e+00   1.184172e-01   5.952738e-02
4.383283999999999736e+00   1.123021e-01   5.980238e-02
4.387995000000000090e+00   2.092982e-01   6.015436e-02
4.392706000000000444e+00   2.013222e-01   6.041130e-02
4.397418000000000049e+00   2.316760e-01   6.049721e-02
4.402129000000000403e+00   2.682888e-01   6.056719e-02
4.406839999999999868e+00   1.818407e-01   6.059614e-02
4.411551000000000222e+00   5.154274e-02   6.064227e-02
4.416262999999999828e+00   1.467148e-01   6.063999e-02
4.420974000000000181e+00   1.670891e-01   6.067753e-02
4.425684999999999647e+00   1.797519e-01   6.074077e-02
4.430396000000000001e+00   1.641231e-01   6.076975e-02
4.435107999999999606e+00   1.401557e-01   6.093147e-02
4.439818999999999960e+00   1.025446e-01   6.101075e-02
4.444530000000000314e+00   4.018293e-02   6.120111e-02
4.449240999999999779e+00   1.777520e-01   6.159211e-02
4.453953000000000273e+00   1.778552e-01   6.196899e-02
4.458663999999999739e+00   1.499296e-01   6.223775e-02
4.463375000000000092e+00   1.845456e-01   6.240763e-02
4.468086999999999698e+00   1.333405e-01   6.288463e-02
4.472798000000000052e+00   2.125841e-01   6.319245e-02
4.477509000000000405e+00   1.797154e-01   6.359852e-02
4.482219999999999871e+00   1.415017e-01   6.407266e-02
4.486932000000000365e+00   2.133651e-01   6.433629e-02
4.491642999999999830e+00   2.260053e-01   6.461858e-02
4.496354000000000184e+00   1.323478e-01   6.497091e-02
4.501064999999999650e+00   9.043739e-02   6.529356e-02
4.505777000000000143e+00   1.915699e-01   6.589537e-02
4.510487999999999609e+00   1.287996e-01   6.620031e-02
4.515198999999999963e+00   7.147462e-02   6.655789e-02
4.519910000000000316e+00   7.072828e-02   6.690314e-02
4.524621999999999922e+00   1.999607e-01   6.735597e-02
4.529333000000000276e+00   1.214408e-01   6.770276e-02
4.534043999999999741e+00   1.489300e-01   6.814339e-02
4.538755000000000095e+00   1.618071e-01   6.849720e-02
4.543466999999999700e+00   1.922363e-01   6.899171e-02
4.548178000000000054e+00   1.653311e-01   6.952419e-02
4.552889000000000408e+00   9.956471e-02   6.995911e-02
4.557599999999999874e+00   2.159413e-01   7.042144e-02
4.562312000000000367e+00   2.974211e-01   7.114099e-02
4.567022999999999833e+00   3.183186e-01   7.144524e-02
4.571734000000000187e+00   1.723330e-01   7.157168e-02
4.576444999999999652e+00   1.469424e-01   7.226203e-02
4.581157000000000146e+00   2.962629e-01   7.277535e-02
4.585867999999999611e+00   1.309900e-01   7.330188e-02
4.590578999999999965e+00   9.079224e-02   7.369569e-02
4.595290000000000319e+00   2.073043e-01   7.426080e-02
4.600001999999999924e+00   1.945655e-01   7.483423e-02
4.604713000000000278e+00   1.541446e-01   7.527862e-02
4.609423999999999744e+00   1.733157e-01   7.596894e-02
4.614135000000000097e+00   1.584930e-01   7.660602e-02
4.618846999999999703e+00   1.744759e-01   7.710421e-02
4.623558000000000057e+00   2.334918e-01   7.776639e-02
4.628269000000000410e+00   1.629731e-01   7.834687e-02
4.632979999999999876e+00   1.099975e-01   7.863102e-02
4.637692000000000370e+00   1.640874e-01   7.929125e-02
4.642402999999999835e+00   2.058286e-01   8.003504e-02
4.647114000000000189e+00   2.212509e-01   8.085198e-02
4.651825999999999794e+00   1.729682e-01   8.155032e-02
4.656537000000000148e+00   2.096531e-01   8.217372e-02
4.661247999999999614e+00   2.062570e-01   8.289319e-02
4.665958999999999968e+00   8.626842e-02   8.353632e-02
4.670670999999999573e+00   1.691567e-01   8.435243e-02
4.675381999999999927e+00   2.162077e-01   8.482135e-02
4.680093000000000281e+00   1.332681e-01   8.582980e-02
4.684803999999999746e+00   1.064650e-01   8.643573e-02
4.689516000000000240e+00   2.706245e-01   8.765813e-02
4.694226999999999705e+00   1.691438e-01   8.858776e-02
4.698938000000000059e+00   1.089988e-01   8.953635e-02
4.703649000000000413e+00   1.200352e-01   9.022477e-02
4.708361000000000018e+00   6.141627e-02   9.103370e-02
4.713072000000000372e+00   1.264175e-01   9.184356e-02
4.717782999999999838e+00   1.030624e-01   9.293189e-02
4.722494000000000192e+00   1.716818e-01   9.405091e-02
4.727205999999999797e+00   9.215921e-02   9.523819e-02
4.731917000000000151e+00   8.041627e-02   9.603955e-02
4.736627999999999616e+00  -1.698899e-02   9.700933e-02
4.741338999999999970e+00   1.150200e-02   9.827049e-02
4.746050999999999576e+00   1.688048e-02   9.963937e-02
4.750761999999999929e+00   3.273109e-01   1.007366e-01
4.755473000000000283e+00   2.974885e-01   1.021609e-01
4.760183999999999749e+00   1.689463e-01   1.031155e-01
4.764896000000000242e+00   7.364665e-03   1.049492e-01
4.769606999999999708e+00   1.025738e-01   1.063722e-01
4.774318000000000062e+00   9.999499e-02   1.078144e-01
4.779029000000000416e+00   1.634194e-02   1.093101e-01
4.783741000000000021e+00   1.489237e-01   1.107802e-01
4.788452000000000375e+00   2.392435e-01   1.123512e-01
4.793162999999999840e+00   1.676847e-02   1.140957e-01
4.797874000000000194e+00   2.308509e-02   1.156621e-01
4.802585999999999800e+00   1.893486e-01   1.176733e-01
4.807297000000000153e+00  -1.033594e-02   1.196513e-01
4.812007999999999619e+00   2.429577e-01   1.220677e-01
4.816718999999999973e+00   1.191077e-01   1.234629e-01
4.821430999999999578e+00  -5.836496e-02   1.261717e-01
4.826141999999999932e+00  -3.474975e-03   1.295290e-01
4.830853000000000286e+00  -9.186351e-02   1.318314e-01
4.835564999999999891e+00   2.491073e-01   1.344531e-01
4.840276000000000245e+00   3.082164e-01   1.375391e-01
4.844986999999999711e+00   1.888990e-01   1.409471e-01
4.849698000000000064e+00   1.248205e-01   1.442833e-01
4.854409999999999670e+00   1.487448e-01   1.480151e-01
4.859121000000000024e+00   1.720175e-02   1.513494e-01
4.863832000000000377e+00   6.921587e-02   1.563186e-01
4.868542999999999843e+00   3.012247e-01   1.607719e-01
4.873255000000000337e+00   1.727149e-01   1.663336e-01
4.877965999999999802e+00   1.478118e-02   1.712840e-01
4.882677000000000156e+00  -2.423734e-02   1.781843e-01
4.887387999999999622e+00   1.059332e-01   1.855497e-01
4.892100000000000115e+00   9.612077e-02   1.933936e-01
4.896810999999999581e+00   2.907561e-01   2.034712e-01
4.901521999999999935e+00   2.145986e-02   2.124147e-01
4.906233000000000288e+00   1.602568e-01   2.249582e-01
4.910944999999999894e+00   2.423463e-01   2.412718e-01
4.915656000000000247e+00  -6.855425e-02   2.581679e-01
4.920366999999999713e+00   3.845979e-01   2.849350e-01
4.925078000000000067e+00   2.982321e-01   3.126258e-01
4.929789999999999672e+00   2.116613e-01   3.567930e-01
4.934501000000000026e+00  -6.273270e-01   4.218856e-01
4.939212000000000380e+00  -1.772522e-01   5.534956e-01
4.943922999999999845e+00   2.840820e-01   9.945893e-01