# [1]
# Sample c= 2.22 mg/ml
# Intensity scaled by concentration
# Buffer subtracted data file:
# Protein DatFile = /data/visitor/mx1908/bm29/20161119/giulio/1d/mM25_025_ave.dat
# Buffer DatFile = /data/visitor/mx1908/bm29/20161119/giulio/ednaSub/mM25_025_ave_averbuffer.dat
# 
# AutoRg: Rg   =   0.8893 +/- 0.24 ( 27.1%)
# AutoRg: I(0) =   2.65 +/- 0.0143
# AutoRg: Points   184 to 304 ( 121 total)
# AutoRg: Quality: 67.6%
# 
# 
# Sample Information:
# Storage Temperature (degrees C): 20.0
# Measurement Temperature (degrees C): 20.02
# Concentration: 2.22
# Code: 
3.479420999999999903e-02   4.841016e-01   3.284027e+00
3.950545999999999919e-02   2.968536e+00   1.291818e+00
4.421672000000000102e-02   3.367905e+00   8.381334e-01
4.892798000000000286e-02   2.143432e+00   6.393921e-01
5.363923000000000302e-02   1.744618e+00   5.107120e-01
5.835048999999999791e-02   1.725248e+00   4.180008e-01
6.306174999999999975e-02   1.804826e+00   3.462697e-01
6.777299999999999991e-02   1.516832e+00   2.936310e-01
7.248425999999999481e-02   1.517566e+00   2.538487e-01
7.719552000000000358e-02   1.746445e+00   2.229799e-01
8.190677000000000374e-02   1.717546e+00   1.968945e-01
8.661802999999999864e-02   1.619821e+00   1.761667e-01
9.132928999999999353e-02   1.718543e+00   1.602933e-01
9.604053999999999369e-02   1.709216e+00   1.472860e-01
1.007518000000000025e-01   1.614512e+00   1.353842e-01
1.054631000000000041e-01   1.479649e+00   1.254754e-01
1.101743000000000028e-01   1.714385e+00   1.174977e-01
1.148856000000000044e-01   1.729660e+00   1.101527e-01
1.195968000000000031e-01   1.713524e+00   1.039593e-01
1.243081000000000047e-01   1.567871e+00   9.818026e-02
1.290193000000000034e-01   1.687235e+00   9.372670e-02
1.337306000000000050e-01   1.705920e+00   8.960502e-02
1.384419000000000066e-01   1.557766e+00   8.552720e-02
1.431531000000000053e-01   1.716354e+00   8.232934e-02
1.478644000000000069e-01   1.695263e+00   7.935402e-02
1.525756000000000057e-01   1.712604e+00   7.679350e-02
1.572869000000000073e-01   1.711087e+00   7.448891e-02
1.619981000000000060e-01   1.596774e+00   7.199441e-02
1.667094000000000076e-01   1.690466e+00   7.009804e-02
1.714206000000000063e-01   1.740548e+00   6.837938e-02
1.761319000000000079e-01   1.715621e+00   6.665690e-02
1.808432000000000095e-01   1.579477e+00   6.489653e-02
1.855544000000000082e-01   1.730261e+00   6.372606e-02
1.902657000000000098e-01   1.730879e+00   6.249911e-02
1.949769000000000085e-01   1.710586e+00   6.123710e-02
1.996882000000000101e-01   1.637588e+00   6.003747e-02
2.043994000000000089e-01   1.626768e+00   5.886805e-02
2.091107000000000105e-01   1.676128e+00   5.794875e-02
2.138220000000000121e-01   1.658817e+00   5.700908e-02
2.185332000000000108e-01   1.705837e+00   5.610700e-02
2.232445000000000124e-01   1.756658e+00   5.525128e-02
2.279557000000000111e-01   1.710230e+00   5.439726e-02
2.326670000000000127e-01   1.767018e+00   5.372691e-02
2.373782000000000114e-01   1.801797e+00   5.299256e-02
2.420895000000000130e-01   1.691422e+00   5.221848e-02
2.468007000000000117e-01   1.737643e+00   5.166617e-02
2.515120000000000133e-01   1.733694e+00   5.095263e-02
2.562232999999999872e-01   1.803778e+00   5.041943e-02
2.609345000000000137e-01   1.793719e+00   4.979650e-02
2.656457999999999875e-01   1.740908e+00   4.920124e-02
2.703570000000000140e-01   1.745423e+00   4.875919e-02
2.750682999999999878e-01   1.807803e+00   4.830701e-02
2.797795000000000143e-01   1.827898e+00   4.777129e-02
2.844907999999999881e-01   1.789350e+00   4.727121e-02
2.892021000000000175e-01   1.753071e+00   4.678290e-02
2.939132999999999885e-01   1.789797e+00   4.638243e-02
2.986246000000000178e-01   1.837935e+00   4.597891e-02
3.033357999999999888e-01   1.832751e+00   4.549425e-02
3.080471000000000181e-01   1.817077e+00   4.509158e-02
3.127582999999999891e-01   1.843144e+00   4.472047e-02
3.174696000000000184e-01   1.766419e+00   4.426432e-02
3.221808999999999923e-01   1.780585e+00   4.389561e-02
3.268921000000000188e-01   1.827083e+00   4.360780e-02
3.316033999999999926e-01   1.894337e+00   4.334848e-02
3.363146000000000191e-01   1.902317e+00   4.373732e-02
3.410258999999999929e-01   1.851637e+00   4.403260e-02
3.457371000000000194e-01   1.911137e+00   4.424526e-02
3.504483999999999932e-01   1.858534e+00   4.482327e-02
3.551596000000000197e-01   1.913846e+00   4.581644e-02
3.598708999999999936e-01   1.898543e+00   4.639112e-02
3.645822000000000229e-01   1.834161e+00   4.678775e-02
3.692933999999999939e-01   1.858878e+00   4.712107e-02
3.740047000000000232e-01   1.954976e+00   4.752551e-02
3.787158999999999942e-01   1.920344e+00   4.785617e-02
3.834272000000000236e-01   1.968805e+00   4.809127e-02
3.881383999999999945e-01   1.965955e+00   4.827887e-02
3.928497000000000239e-01   1.942972e+00   4.938541e-02
3.975609999999999977e-01   1.952374e+00   5.085767e-02
4.022722000000000242e-01   1.892261e+00   5.188841e-02
4.069834999999999980e-01   1.951054e+00   5.296690e-02
4.116947000000000245e-01   1.924433e+00   5.382704e-02
4.164059999999999984e-01   1.991354e+00   5.468681e-02
4.211172000000000248e-01   2.026439e+00   5.558078e-02
4.258284999999999987e-01   1.994825e+00   5.633999e-02
4.305397000000000252e-01   1.964772e+00   5.703615e-02
4.352509999999999990e-01   2.063670e+00   5.795856e-02
4.399622999999999728e-01   2.056209e+00   5.872664e-02
4.446734999999999993e-01   2.002807e+00   5.973024e-02
4.493847999999999732e-01   1.962671e+00   6.048063e-02
4.540959999999999996e-01   2.007913e+00   6.109161e-02
4.588072999999999735e-01   1.988889e+00   5.907564e-02
4.635185000000000000e-01   2.117582e+00   5.774612e-02
4.682297999999999738e-01   2.135045e+00   5.684599e-02
4.729411000000000032e-01   2.043135e+00   5.615428e-02
4.776522999999999741e-01   2.115992e+00   5.565817e-02
4.823636000000000035e-01   2.110901e+00   5.524091e-02
4.870747999999999744e-01   2.070587e+00   5.483744e-02
4.917861000000000038e-01   2.126962e+00   5.457666e-02
4.964972999999999748e-01   2.164124e+00   5.426082e-02
5.012086000000000041e-01   2.145166e+00   5.400016e-02
5.059198999999999780e-01   2.025492e+00   5.365589e-02
5.106311000000000044e-01   2.079480e+00   5.346718e-02
5.153423999999999783e-01   2.062839e+00   5.303919e-02
5.200536000000000048e-01   1.981281e+00   5.262523e-02
5.247648999999999786e-01   2.047302e+00   5.230260e-02
5.294761000000000051e-01   2.114629e+00   5.200039e-02
5.341873999999999789e-01   2.054208e+00   5.153229e-02
5.388986000000000054e-01   2.016403e+00   5.116251e-02
5.436098999999999792e-01   2.082920e+00   5.089189e-02
5.483211999999999531e-01   2.087863e+00   5.053466e-02
5.530323999999999796e-01   2.117864e+00   5.035699e-02
5.577436999999999534e-01   2.123283e+00   5.008653e-02
5.624548999999999799e-01   2.024838e+00   4.968304e-02
5.671661999999999537e-01   2.051164e+00   4.947917e-02
5.718773999999999802e-01   2.140592e+00   4.937930e-02
5.765886999999999540e-01   2.172510e+00   4.930508e-02
5.813000000000000389e-01   2.067315e+00   4.910701e-02
5.860111999999999544e-01   2.108047e+00   4.892940e-02
5.907225000000000392e-01   2.177546e+00   4.892165e-02
5.954336999999999547e-01   2.262600e+00   4.883274e-02
6.001450000000000395e-01   2.125057e+00   4.861047e-02
6.048561999999999550e-01   2.104410e+00   4.846265e-02
6.095675000000000399e-01   2.204276e+00   4.850972e-02
6.142788000000000137e-01   2.293095e+00   4.850884e-02
6.189900000000000402e-01   2.199325e+00   4.824167e-02
6.237013000000000140e-01   2.129455e+00   4.804440e-02
6.284125000000000405e-01   2.124830e+00   4.804459e-02
6.331238000000000143e-01   2.128328e+00   4.790926e-02
6.378350000000000408e-01   2.189367e+00   4.778932e-02
6.425463000000000147e-01   2.223432e+00   4.767251e-02
6.472575000000000411e-01   2.187821e+00   4.757557e-02
6.519688000000000150e-01   2.182589e+00   4.742247e-02
6.566800999999999888e-01   2.203959e+00   4.732493e-02
6.613913000000000153e-01   2.153584e+00   4.718686e-02
6.661025999999999891e-01   2.138359e+00   4.714595e-02
6.708138000000000156e-01   2.181274e+00   4.703748e-02
6.755250999999999895e-01   2.218319e+00   4.690644e-02
6.802363000000000159e-01   2.143276e+00   4.678637e-02
6.849475999999999898e-01   2.152958e+00   4.669689e-02
6.896588999999999636e-01   2.202627e+00   4.663823e-02
6.943700999999999901e-01   2.206300e+00   4.657589e-02
6.990813999999999639e-01   2.152759e+00   4.640856e-02
7.037925999999999904e-01   2.144651e+00   4.631121e-02
7.085038999999999643e-01   2.160094e+00   4.620334e-02
7.132150999999999907e-01   2.182030e+00   4.607628e-02
7.179263999999999646e-01   2.134366e+00   4.592986e-02
7.226375999999999911e-01   2.220720e+00   4.595323e-02
7.273488999999999649e-01   2.195239e+00   4.578309e-02
7.320602000000000498e-01   2.190973e+00   4.566528e-02
7.367713999999999652e-01   2.218678e+00   4.562613e-02
7.414827000000000501e-01   2.223641e+00   4.555882e-02
7.461938999999999655e-01   2.188180e+00   4.546276e-02
7.509052000000000504e-01   2.178681e+00   4.533214e-02
7.556163999999999659e-01   2.204067e+00   4.522897e-02
7.603277000000000507e-01   2.184245e+00   4.511507e-02
7.650390000000000246e-01   2.229634e+00   4.505683e-02
7.697502000000000510e-01   2.263266e+00   4.498859e-02
7.744615000000000249e-01   2.143690e+00   4.488058e-02
7.791727000000000514e-01   2.146814e+00   4.475209e-02
7.838840000000000252e-01   2.178450e+00   4.470592e-02
7.885952000000000517e-01   2.108843e+00   4.455575e-02
7.933065000000000255e-01   2.127533e+00   4.447294e-02
7.980177999999999994e-01   2.150192e+00   4.447881e-02
8.027290000000000258e-01   2.191373e+00   4.434903e-02
8.074402999999999997e-01   2.121727e+00   4.427335e-02
8.121515000000000262e-01   2.100805e+00   4.405888e-02
8.168628000000000000e-01   2.141077e+00   4.399868e-02
8.215740000000000265e-01   2.163956e+00   4.392164e-02
8.262853000000000003e-01   2.147949e+00   4.390107e-02
8.309965000000000268e-01   2.099773e+00   4.371770e-02
8.357078000000000007e-01   2.059753e+00   4.360031e-02
8.404190999999999745e-01   2.109586e+00   4.357866e-02
8.451303000000000010e-01   2.159007e+00   4.354676e-02
8.498415999999999748e-01   2.119388e+00   4.336962e-02
8.545528000000000013e-01   2.208213e+00   4.336480e-02
8.592640999999999751e-01   2.128037e+00   4.321685e-02
8.639753000000000016e-01   2.178042e+00   4.323187e-02
8.686865999999999755e-01   2.212818e+00   4.314831e-02
8.733978999999999493e-01   2.115277e+00   4.296839e-02
8.781090999999999758e-01   2.108739e+00   4.289996e-02
8.828203999999999496e-01   2.078780e+00   4.277791e-02
8.875315999999999761e-01   2.072347e+00   4.268695e-02
8.922428999999999499e-01   2.100454e+00   4.261166e-02
8.969540999999999764e-01   2.106070e+00   4.255243e-02
9.016653999999999503e-01   2.115286e+00   4.251993e-02
9.063767000000000351e-01   2.077429e+00   4.236906e-02
9.110878999999999506e-01   2.105478e+00   4.228565e-02
9.157992000000000354e-01   2.127023e+00   4.223663e-02
9.205103999999999509e-01   2.107470e+00   4.217167e-02
9.252217000000000358e-01   2.070606e+00   4.201348e-02
9.299328999999999512e-01   2.092357e+00   4.195828e-02
9.346442000000000361e-01   2.068638e+00   4.191084e-02
9.393553999999999515e-01   2.102859e+00   4.183386e-02
9.440667000000000364e-01   2.073541e+00   4.173698e-02
9.487780000000000102e-01   2.093338e+00   4.167703e-02
9.534892000000000367e-01   2.131664e+00   4.163858e-02
9.582005000000000106e-01   2.110408e+00   4.157540e-02
9.629117000000000370e-01   2.026390e+00   4.143438e-02
9.676230000000000109e-01   2.087392e+00   4.135117e-02
9.723342000000000374e-01   2.053406e+00   4.126198e-02
9.770455000000000112e-01   2.045172e+00   4.120626e-02
9.817567999999999850e-01   2.079629e+00   4.111692e-02
9.864680000000000115e-01   2.053332e+00   4.104233e-02
9.911792999999999854e-01   2.049421e+00   4.098007e-02
9.958905000000000118e-01   2.033359e+00   4.089392e-02
1.000601999999999991e+00   2.040226e+00   4.079929e-02
1.005312999999999901e+00   2.007198e+00   4.066866e-02
1.010024000000000033e+00   1.994651e+00   4.062560e-02
1.014736000000000082e+00   2.043580e+00   4.062324e-02
1.019446999999999992e+00   2.066821e+00   4.056356e-02
1.024157999999999902e+00   2.099695e+00   4.051264e-02
1.028869000000000034e+00   1.996363e+00   4.037593e-02
1.033581000000000083e+00   1.945826e+00   4.027684e-02
1.038291999999999993e+00   2.018687e+00   4.022044e-02
1.043002999999999902e+00   1.980699e+00   4.012163e-02
1.047714000000000034e+00   1.912728e+00   4.001917e-02
1.052426000000000084e+00   2.029429e+00   4.007313e-02
1.057136999999999993e+00   2.017160e+00   4.003306e-02
1.061847999999999903e+00   1.999082e+00   3.993309e-02
1.066559000000000035e+00   1.955291e+00   3.975776e-02
1.071271000000000084e+00   1.954326e+00   3.971300e-02
1.075981999999999994e+00   1.983562e+00   3.967418e-02
1.080692999999999904e+00   1.954169e+00   3.961886e-02
1.085404000000000035e+00   1.959339e+00   3.952444e-02
1.090116000000000085e+00   1.958418e+00   3.944771e-02
1.094826999999999995e+00   1.931785e+00   3.941442e-02
1.099537999999999904e+00   1.869555e+00   3.930358e-02
1.104249000000000036e+00   1.918023e+00   3.920277e-02
1.108961000000000086e+00   1.864993e+00   3.914218e-02
1.113671999999999995e+00   1.932583e+00   3.912194e-02
1.118382999999999905e+00   1.913877e+00   3.904033e-02
1.123094000000000037e+00   1.948126e+00   3.894888e-02
1.127806000000000086e+00   1.940810e+00   3.895531e-02
1.132516999999999996e+00   1.875981e+00   3.884424e-02
1.137227999999999906e+00   1.901448e+00   3.877657e-02
1.141939000000000037e+00   1.903008e+00   3.870510e-02
1.146651000000000087e+00   1.853040e+00   3.860921e-02
1.151361999999999997e+00   1.932971e+00   3.859749e-02
1.156072999999999906e+00   1.897912e+00   3.851605e-02
1.160784000000000038e+00   1.827811e+00   3.842468e-02
1.165496000000000087e+00   1.879441e+00   3.837504e-02
1.170206999999999997e+00   1.848798e+00   3.825273e-02
1.174917999999999907e+00   1.786994e+00   3.821451e-02
1.179629999999999956e+00   1.808895e+00   3.814972e-02
1.184341000000000088e+00   1.825866e+00   3.803020e-02
1.189051999999999998e+00   1.847423e+00   3.803787e-02
1.193762999999999908e+00   1.791297e+00   3.804842e-02
1.198474999999999957e+00   1.823207e+00   3.886526e-02
1.203186000000000089e+00   1.803921e+00   3.986931e-02
1.207896999999999998e+00   1.800658e+00   4.056403e-02
1.212607999999999908e+00   1.784684e+00   4.105388e-02
1.217319999999999958e+00   1.768905e+00   4.154504e-02
1.222031000000000089e+00   1.832378e+00   4.205397e-02
1.226741999999999999e+00   1.772368e+00   4.237032e-02
1.231452999999999909e+00   1.800146e+00   4.274409e-02
1.236164999999999958e+00   1.709313e+00   4.301368e-02
1.240876000000000090e+00   1.785992e+00   4.339163e-02
1.245587000000000000e+00   1.755999e+00   4.355386e-02
1.250297999999999909e+00   1.732353e+00   4.364026e-02
1.255009999999999959e+00   1.790571e+00   4.380142e-02
1.259721000000000091e+00   1.712698e+00   4.380170e-02
1.264432000000000000e+00   1.762607e+00   4.232618e-02
1.269142999999999910e+00   1.722596e+00   4.120412e-02
1.273854999999999960e+00   1.707106e+00   4.048121e-02
1.278566000000000091e+00   1.710918e+00   3.994166e-02
1.283277000000000001e+00   1.745185e+00   3.951220e-02
1.287987999999999911e+00   1.732897e+00   3.913037e-02
1.292699999999999960e+00   1.756167e+00   3.884014e-02
1.297411000000000092e+00   1.718135e+00   3.855320e-02
1.302122000000000002e+00   1.719545e+00   3.824339e-02
1.306832999999999911e+00   1.716476e+00   3.805838e-02
1.311544999999999961e+00   1.696931e+00   3.789052e-02
1.316256000000000093e+00   1.624278e+00   3.773331e-02
1.320967000000000002e+00   1.698280e+00   3.768502e-02
1.325677999999999912e+00   1.693126e+00   3.759705e-02
1.330389999999999961e+00   1.636001e+00   3.747017e-02
1.335101000000000093e+00   1.679290e+00   3.743271e-02
1.339812000000000003e+00   1.703638e+00   3.737110e-02
1.344522999999999913e+00   1.606714e+00   3.722206e-02
1.349234999999999962e+00   1.616857e+00   3.712892e-02
1.353946000000000094e+00   1.623703e+00   3.702426e-02
1.358657000000000004e+00   1.582924e+00   3.692439e-02
1.363369000000000053e+00   1.591734e+00   3.690733e-02
1.368079999999999963e+00   1.627623e+00   3.687698e-02
1.372791000000000095e+00   1.650873e+00   3.681558e-02
1.377502000000000004e+00   1.579083e+00   3.673521e-02
1.382214000000000054e+00   1.579039e+00   3.660296e-02
1.386924999999999963e+00   1.596193e+00   3.652163e-02
1.391636000000000095e+00   1.577764e+00   3.646880e-02
1.396347000000000005e+00   1.561435e+00   3.639891e-02
1.401059000000000054e+00   1.537112e+00   3.633088e-02
1.405769999999999964e+00   1.514635e+00   3.620527e-02
1.410481000000000096e+00   1.553656e+00   3.620987e-02
1.415192000000000005e+00   1.574095e+00   3.612451e-02
1.419904000000000055e+00   1.562469e+00   3.606170e-02
1.424614999999999965e+00   1.571527e+00   3.600782e-02
1.429326000000000096e+00   1.564615e+00   3.593328e-02
1.434037000000000006e+00   1.519996e+00   3.588505e-02
1.438749000000000056e+00   1.526499e+00   3.579596e-02
1.443459999999999965e+00   1.528474e+00   3.578977e-02
1.448171000000000097e+00   1.519662e+00   3.572141e-02
1.452882000000000007e+00   1.525159e+00   3.564697e-02
1.457594000000000056e+00   1.518751e+00   3.557987e-02
1.462304999999999966e+00   1.522573e+00   3.551920e-02
1.467016000000000098e+00   1.457206e+00   3.547320e-02
1.471727000000000007e+00   1.517441e+00   3.544133e-02
1.476439000000000057e+00   1.527988e+00   3.538490e-02
1.481149999999999967e+00   1.470371e+00   3.525939e-02
1.485861000000000098e+00   1.443896e+00   3.524109e-02
1.490572000000000008e+00   1.482156e+00   3.520542e-02
1.495284000000000058e+00   1.479291e+00   3.512816e-02
1.499994999999999967e+00   1.469521e+00   3.507939e-02
1.504706000000000099e+00   1.455590e+00   3.500586e-02
1.509417000000000009e+00   1.455453e+00   3.494627e-02
1.514129000000000058e+00   1.473266e+00   3.506713e-02
1.518839999999999968e+00   1.431435e+00   3.604470e-02
1.523551000000000100e+00   1.451935e+00   3.677613e-02
1.528262999999999927e+00   1.427148e+00   3.727402e-02
1.532974000000000059e+00   1.413439e+00   3.775044e-02
1.537684999999999969e+00   1.423791e+00   3.814214e-02
1.542396000000000100e+00   1.376420e+00   3.810874e-02
1.547107999999999928e+00   1.411047e+00   3.720924e-02
1.551819000000000059e+00   1.380145e+00   3.666966e-02
1.556529999999999969e+00   1.342957e+00   3.621859e-02
1.561241000000000101e+00   1.363267e+00   3.592065e-02
1.565952999999999928e+00   1.332981e+00   3.553261e-02
1.570664000000000060e+00   1.391266e+00   3.517798e-02
1.575374999999999970e+00   1.384368e+00   3.482529e-02
1.580086000000000102e+00   1.361148e+00   3.452762e-02
1.584797999999999929e+00   1.361454e+00   3.430888e-02
1.589509000000000061e+00   1.382601e+00   3.426079e-02
1.594219999999999970e+00   1.347399e+00   3.422881e-02
1.598931000000000102e+00   1.362102e+00   3.426509e-02
1.603642999999999930e+00   1.379804e+00   3.432849e-02
1.608354000000000061e+00   1.369810e+00   3.435279e-02
1.613064999999999971e+00   1.323789e+00   3.427981e-02
1.617776000000000103e+00   1.308819e+00   3.420618e-02
1.622487999999999930e+00   1.338908e+00   3.417233e-02
1.627199000000000062e+00   1.344058e+00   3.412064e-02
1.631909999999999972e+00   1.329979e+00   3.405545e-02
1.636621000000000103e+00   1.271385e+00   3.397157e-02
1.641332999999999931e+00   1.290639e+00   3.393539e-02
1.646044000000000063e+00   1.266453e+00   3.390818e-02
1.650754999999999972e+00   1.261462e+00   3.385262e-02
1.655466000000000104e+00   1.286115e+00   3.377055e-02
1.660177999999999932e+00   1.298866e+00   3.372901e-02
1.664889000000000063e+00   1.274861e+00   3.368707e-02
1.669599999999999973e+00   1.237704e+00   3.357989e-02
1.674311000000000105e+00   1.248294e+00   3.352097e-02
1.679022999999999932e+00   1.279184e+00   3.347945e-02
1.683734000000000064e+00   1.291222e+00   3.343205e-02
1.688444999999999974e+00   1.246565e+00   3.337982e-02
1.693156000000000105e+00   1.249687e+00   3.331101e-02
1.697867999999999933e+00   1.260199e+00   3.332346e-02
1.702579000000000065e+00   1.201426e+00   3.322899e-02
1.707289999999999974e+00   1.205600e+00   3.317485e-02
1.712002000000000024e+00   1.194950e+00   3.309264e-02
1.716712999999999933e+00   1.232027e+00   3.308431e-02
1.721424000000000065e+00   1.240692e+00   3.306355e-02
1.726134999999999975e+00   1.204545e+00   3.297449e-02
1.730847000000000024e+00   1.201187e+00   3.291338e-02
1.735557999999999934e+00   1.193838e+00   3.288301e-02
1.740269000000000066e+00   1.199525e+00   3.283154e-02
1.744979999999999976e+00   1.164779e+00   3.276375e-02
1.749692000000000025e+00   1.222549e+00   3.279295e-02
1.754402999999999935e+00   1.163054e+00   3.268589e-02
1.759114000000000066e+00   1.136912e+00   3.258684e-02
1.763824999999999976e+00   1.139495e+00   3.259107e-02
1.768537000000000026e+00   1.172823e+00   3.255496e-02
1.773247999999999935e+00   1.095521e+00   3.246748e-02
1.777959000000000067e+00   1.115832e+00   3.247088e-02
1.782669999999999977e+00   1.194421e+00   3.243748e-02
1.787382000000000026e+00   1.162417e+00   3.234862e-02
1.792092999999999936e+00   1.115075e+00   3.232370e-02
1.796804000000000068e+00   1.181891e+00   3.231136e-02
1.801514999999999977e+00   1.144022e+00   3.223191e-02
1.806227000000000027e+00   1.144162e+00   3.219394e-02
1.810937999999999937e+00   1.097788e+00   3.213410e-02
1.815649000000000068e+00   1.112393e+00   3.209900e-02
1.820359999999999978e+00   1.067318e+00   3.203799e-02
1.825072000000000028e+00   1.107829e+00   3.200440e-02
1.829782999999999937e+00   1.093214e+00   3.194018e-02
1.834494000000000069e+00   1.099986e+00   3.192887e-02
1.839204999999999979e+00   1.110011e+00   3.190170e-02
1.843917000000000028e+00   1.091859e+00   3.185426e-02
1.848627999999999938e+00   1.057585e+00   3.177352e-02
1.853339000000000070e+00   1.061336e+00   3.173956e-02
1.858049999999999979e+00   1.075157e+00   3.170456e-02
1.862762000000000029e+00   1.083435e+00   3.165840e-02
1.867472999999999939e+00   1.072019e+00   3.160668e-02
1.872184000000000070e+00   1.087827e+00   3.159608e-02
1.876894999999999980e+00   1.073125e+00   3.152994e-02
1.881607000000000030e+00   1.062283e+00   3.146719e-02
1.886317999999999939e+00   1.071664e+00   3.147847e-02
1.891029000000000071e+00   1.060447e+00   3.142934e-02
1.895740999999999898e+00   1.030575e+00   3.135534e-02
1.900452000000000030e+00   1.029004e+00   3.134256e-02
1.905162999999999940e+00   1.049326e+00   3.130061e-02
1.909874000000000072e+00   1.028350e+00   3.125440e-02
1.914585999999999899e+00   1.027360e+00   3.120086e-02
1.919297000000000031e+00   1.032996e+00   3.118336e-02
1.924007999999999940e+00   1.015311e+00   3.116997e-02
1.928719000000000072e+00   1.015030e+00   3.110828e-02
1.933430999999999900e+00   9.944620e-01   3.103977e-02
1.938142000000000031e+00   1.035269e+00   3.095689e-02
1.942852999999999941e+00   9.783131e-01   3.085831e-02
1.947564000000000073e+00   1.007027e+00   3.079335e-02
1.952275999999999900e+00   1.021560e+00   3.072856e-02
1.956987000000000032e+00   9.662096e-01   3.066533e-02
1.961697999999999942e+00   9.460714e-01   3.060164e-02
1.966409000000000074e+00   9.347793e-01   3.055488e-02
1.971120999999999901e+00   8.820484e-01   3.048543e-02
1.975832000000000033e+00   9.026047e-01   3.048637e-02
1.980542999999999942e+00   9.146429e-01   3.052306e-02
1.985254000000000074e+00   9.079534e-01   3.052578e-02
1.989965999999999902e+00   9.171562e-01   3.053233e-02
1.994677000000000033e+00   9.339070e-01   3.054165e-02
1.999387999999999943e+00   9.364056e-01   3.060173e-02
2.004099000000000075e+00   9.239336e-01   3.128270e-02
2.008811000000000124e+00   9.367852e-01   3.197342e-02
2.013522000000000034e+00   9.101856e-01   3.239648e-02
2.018232999999999944e+00   9.234176e-01   3.274035e-02
2.022943999999999853e+00   9.105532e-01   3.307023e-02
2.027655999999999903e+00   8.876184e-01   3.335249e-02
2.032366999999999813e+00   8.983472e-01   3.351842e-02
2.037078000000000166e+00   9.097585e-01   3.361576e-02
2.041789000000000076e+00   8.845892e-01   3.373168e-02
2.046501000000000126e+00   9.692494e-01   3.381919e-02
2.051212000000000035e+00   9.685128e-01   3.392377e-02
2.055922999999999945e+00   9.181594e-01   3.398841e-02
2.060633999999999855e+00   8.690487e-01   3.405657e-02
2.065345999999999904e+00   8.760081e-01   3.397976e-02
2.070056999999999814e+00   9.086229e-01   3.298212e-02
2.074768000000000168e+00   9.097066e-01   3.233251e-02
2.079480000000000217e+00   8.844567e-01   3.187378e-02
2.084191000000000127e+00   8.465058e-01   3.154081e-02
2.088902000000000037e+00   8.951148e-01   3.126543e-02
2.093612999999999946e+00   8.632268e-01   3.100891e-02
2.098324999999999996e+00   8.383810e-01   3.090240e-02
2.103035999999999905e+00   8.245589e-01   3.078288e-02
2.107746999999999815e+00   8.457308e-01   3.070029e-02
2.112458000000000169e+00   8.281018e-01   3.062140e-02
2.117170000000000218e+00   7.886034e-01   3.054556e-02
2.121881000000000128e+00   8.411820e-01   3.052936e-02
2.126592000000000038e+00   8.431857e-01   3.043504e-02
2.131302999999999948e+00   8.242427e-01   3.039267e-02
2.136014999999999997e+00   7.959231e-01   3.028758e-02
2.140725999999999907e+00   8.116277e-01   3.023588e-02
2.145436999999999816e+00   7.989891e-01   3.020536e-02
2.150148000000000170e+00   8.067534e-01   3.015141e-02
2.154860000000000220e+00   8.560813e-01   3.013445e-02
2.159571000000000129e+00   8.393717e-01   3.008563e-02
2.164282000000000039e+00   8.112874e-01   2.999413e-02
2.168992999999999949e+00   8.283344e-01   2.996273e-02
2.173704999999999998e+00   8.414362e-01   2.992759e-02
2.178415999999999908e+00   8.330464e-01   2.987776e-02
2.183126999999999818e+00   8.015089e-01   2.981009e-02
2.187838000000000171e+00   7.899345e-01   2.977250e-02
2.192550000000000221e+00   7.954984e-01   2.973205e-02
2.197261000000000131e+00   7.939118e-01   2.971581e-02
2.201972000000000040e+00   7.599449e-01   2.964660e-02
2.206682999999999950e+00   7.960655e-01   2.960741e-02
2.211395000000000000e+00   7.430672e-01   2.952153e-02
2.216105999999999909e+00   7.830439e-01   2.952399e-02
2.220816999999999819e+00   7.726125e-01   2.947554e-02
2.225528000000000173e+00   8.086264e-01   2.943913e-02
2.230239999999999778e+00   7.820247e-01   2.940508e-02
2.234951000000000132e+00   7.460105e-01   2.936638e-02
2.239662000000000042e+00   7.473617e-01   2.932706e-02
2.244372999999999951e+00   7.311203e-01   2.926930e-02
2.249085000000000001e+00   7.828794e-01   2.927596e-02
2.253795999999999911e+00   7.527687e-01   2.920375e-02
2.258506999999999820e+00   7.363013e-01   2.915509e-02
2.263218999999999870e+00   7.422650e-01   2.911839e-02
2.267929999999999779e+00   7.563467e-01   2.909943e-02
2.272641000000000133e+00   7.262550e-01   2.903979e-02
2.277352000000000043e+00   7.660240e-01   2.900237e-02
2.282064000000000092e+00   7.281624e-01   2.896871e-02
2.286775000000000002e+00   7.215575e-01   2.893638e-02
2.291485999999999912e+00   7.027410e-01   2.890353e-02
2.296196999999999822e+00   7.215742e-01   2.885090e-02
2.300908999999999871e+00   7.444817e-01   2.885759e-02
2.305619999999999781e+00   7.158163e-01   2.883524e-02
2.310331000000000135e+00   7.278238e-01   2.878234e-02
2.315042000000000044e+00   7.253193e-01   2.876728e-02
2.319754000000000094e+00   7.191286e-01   2.873012e-02
2.324465000000000003e+00   6.959632e-01   2.866351e-02
2.329175999999999913e+00   6.976627e-01   2.861821e-02
2.333886999999999823e+00   7.212665e-01   2.860149e-02
2.338598999999999872e+00   6.948672e-01   2.856179e-02
2.343309999999999782e+00   6.984789e-01   2.852168e-02
2.348021000000000136e+00   6.886514e-01   2.849909e-02
2.352732000000000046e+00   7.218783e-01   2.847699e-02
2.357444000000000095e+00   6.917379e-01   2.843971e-02
2.362155000000000005e+00   6.938388e-01   2.840265e-02
2.366865999999999914e+00   7.010277e-01   2.835586e-02
2.371576999999999824e+00   7.070262e-01   2.834028e-02
2.376288999999999874e+00   6.612689e-01   2.828226e-02
2.380999999999999783e+00   6.740308e-01   2.825588e-02
2.385711000000000137e+00   6.274268e-01   2.820161e-02
2.390422000000000047e+00   6.473987e-01   2.821510e-02
2.395134000000000096e+00   6.566293e-01   2.816386e-02
2.399845000000000006e+00   6.221175e-01   2.812715e-02
2.404555999999999916e+00   6.262876e-01   2.808997e-02
2.409266999999999825e+00   6.550088e-01   2.807905e-02
2.413978999999999875e+00   6.471373e-01   2.803834e-02
2.418689999999999785e+00   6.310782e-01   2.801110e-02
2.423401000000000138e+00   6.448739e-01   2.799071e-02
2.428112000000000048e+00   6.373270e-01   2.793074e-02
2.432824000000000098e+00   6.176671e-01   2.791725e-02
2.437535000000000007e+00   6.561783e-01   2.790019e-02
2.442245999999999917e+00   6.398934e-01   2.785681e-02
2.446957999999999966e+00   6.227915e-01   2.781545e-02
2.451668999999999876e+00   6.358888e-01   2.780114e-02
2.456379999999999786e+00   5.906921e-01   2.772755e-02
2.461091000000000140e+00   6.259742e-01   2.774146e-02
2.465803000000000189e+00   6.162187e-01   2.772062e-02
2.470514000000000099e+00   6.049042e-01   2.770215e-02
2.475225000000000009e+00   6.174115e-01   2.766863e-02
2.479935999999999918e+00   6.421634e-01   2.763943e-02
2.484647999999999968e+00   6.262335e-01   2.759088e-02
2.489358999999999877e+00   5.961815e-01   2.756507e-02
2.494069999999999787e+00   5.871507e-01   2.752179e-02
2.498781000000000141e+00   5.864623e-01   2.750597e-02
2.503493000000000190e+00   5.944508e-01   2.748613e-02
2.508204000000000100e+00   6.061598e-01   2.748164e-02
2.512915000000000010e+00   5.669587e-01   2.738953e-02
2.517625999999999920e+00   5.761931e-01   2.733139e-02
2.522337999999999969e+00   5.801841e-01   2.726837e-02
2.527048999999999879e+00   5.717205e-01   2.722394e-02
2.531759999999999788e+00   6.076859e-01   2.720241e-02
2.536471000000000142e+00   5.905469e-01   2.717405e-02
2.541183000000000192e+00   6.236874e-01   2.714513e-02
2.545894000000000101e+00   5.763105e-01   2.713951e-02
2.550605000000000011e+00   5.434810e-01   2.708443e-02
2.555315999999999921e+00   5.565373e-01   2.706134e-02
2.560027999999999970e+00   5.752768e-01   2.703574e-02
2.564738999999999880e+00   5.578563e-01   2.700459e-02
2.569449999999999790e+00   5.619578e-01   2.699639e-02
2.574161000000000143e+00   5.813002e-01   2.702029e-02
2.578873000000000193e+00   5.497783e-01   2.704125e-02
2.583584000000000103e+00   5.712106e-01   2.701479e-02
2.588295000000000012e+00   5.477095e-01   2.694342e-02
2.593005999999999922e+00   5.776386e-01   2.695671e-02
2.597717999999999972e+00   5.825247e-01   2.694507e-02
2.602428999999999881e+00   5.586594e-01   2.693029e-02
2.607139999999999791e+00   5.399661e-01   2.685908e-02
2.611851000000000145e+00   5.193457e-01   2.684948e-02
2.616563000000000194e+00   5.602204e-01   2.681474e-02
2.621274000000000104e+00   5.439274e-01   2.680180e-02
2.625985000000000014e+00   5.492307e-01   2.678731e-02
2.630697000000000063e+00   5.411129e-01   2.675650e-02
2.635407999999999973e+00   5.289700e-01   2.671418e-02
2.640118999999999883e+00   5.672553e-01   2.672103e-02
2.644829999999999792e+00   5.838311e-01   2.668482e-02
2.649541999999999842e+00   5.008945e-01   2.661709e-02
2.654253000000000196e+00   4.951788e-01   2.660311e-02
2.658964000000000105e+00   5.285630e-01   2.660600e-02
2.663675000000000015e+00   5.402685e-01   2.657559e-02
2.668387000000000064e+00   5.413668e-01   2.655003e-02
2.673097999999999974e+00   5.276226e-01   2.652394e-02
2.677808999999999884e+00   5.263636e-01   2.650374e-02
2.682519999999999794e+00   5.481745e-01   2.648816e-02
2.687231999999999843e+00   5.130507e-01   2.643041e-02
2.691943000000000197e+00   5.194408e-01   2.639568e-02
2.696654000000000106e+00   5.316986e-01   2.639536e-02
2.701365000000000016e+00   5.370413e-01   2.640339e-02
2.706077000000000066e+00   4.670032e-01   2.631194e-02
2.710787999999999975e+00   4.998512e-01   2.631666e-02
2.715498999999999885e+00   5.168035e-01   2.630283e-02
2.720209999999999795e+00   5.539680e-01   2.628871e-02
2.724921999999999844e+00   5.127250e-01   2.625125e-02
2.729633000000000198e+00   5.138550e-01   2.621354e-02
2.734344000000000108e+00   4.959295e-01   2.617901e-02
2.739055000000000017e+00   4.984274e-01   2.617965e-02
2.743767000000000067e+00   4.766027e-01   2.614538e-02
2.748477999999999977e+00   4.859082e-01   2.613708e-02
2.753188999999999886e+00   4.859985e-01   2.611254e-02
2.757899999999999796e+00   4.571319e-01   2.603374e-02
2.762611999999999846e+00   4.847162e-01   2.603541e-02
2.767323000000000199e+00   4.834348e-01   2.601109e-02
2.772034000000000109e+00   4.871966e-01   2.601890e-02
2.776745000000000019e+00   4.825826e-01   2.598801e-02
2.781457000000000068e+00   4.820940e-01   2.596930e-02
2.786167999999999978e+00   4.845240e-01   2.595138e-02
2.790878999999999888e+00   4.918340e-01   2.592674e-02
2.795589999999999797e+00   5.052821e-01   2.589595e-02
2.800301999999999847e+00   4.612454e-01   2.586337e-02
2.805013000000000201e+00   4.690997e-01   2.598311e-02
2.809724000000000110e+00   4.786413e-01   2.666321e-02
2.814436000000000160e+00   4.976376e-01   2.705411e-02
2.819147000000000070e+00   4.692704e-01   2.739896e-02
2.823857999999999979e+00   4.815624e-01   2.766856e-02
2.828568999999999889e+00   4.509338e-01   2.777268e-02
2.833280999999999938e+00   4.447154e-01   2.788450e-02
2.837991999999999848e+00   4.475867e-01   2.799282e-02
2.842703000000000202e+00   4.241750e-01   2.802995e-02
2.847414000000000112e+00   4.214209e-01   2.806866e-02
2.852126000000000161e+00   4.604556e-01   2.817698e-02
2.856837000000000071e+00   4.310245e-01   2.821082e-02
2.861547999999999981e+00   4.628651e-01   2.828178e-02
2.866258999999999890e+00   4.502918e-01   2.834472e-02
2.870970999999999940e+00   4.505285e-01   2.812112e-02
2.875681999999999849e+00   4.398827e-01   2.740741e-02
2.880393000000000203e+00   4.247206e-01   2.698383e-02
2.885104000000000113e+00   4.183910e-01   2.669740e-02
2.889816000000000162e+00   4.265946e-01   2.648287e-02
2.894527000000000072e+00   4.527963e-01   2.640601e-02
2.899237999999999982e+00   4.394652e-01   2.630756e-02
2.903948999999999891e+00   4.117310e-01   2.621281e-02
2.908660999999999941e+00   4.386898e-01   2.617825e-02
2.913371999999999851e+00   4.427784e-01   2.614718e-02
2.918083000000000204e+00   4.397546e-01   2.607525e-02
2.922794000000000114e+00   4.481363e-01   2.601284e-02
2.927506000000000164e+00   4.099487e-01   2.597260e-02
2.932217000000000073e+00   4.713705e-01   2.596025e-02
2.936927999999999983e+00   4.482984e-01   2.590771e-02
2.941638999999999893e+00   4.357948e-01   2.584850e-02
2.946350999999999942e+00   4.181407e-01   2.580721e-02
2.951061999999999852e+00   4.348525e-01   2.579227e-02
2.955773000000000206e+00   4.069858e-01   2.574517e-02
2.960484000000000115e+00   4.141990e-01   2.573656e-02
2.965196000000000165e+00   4.159971e-01   2.569987e-02
2.969907000000000075e+00   4.081686e-01   2.564379e-02
2.974617999999999984e+00   4.305255e-01   2.560636e-02
2.979328999999999894e+00   4.205536e-01   2.557431e-02
2.984040999999999944e+00   4.084984e-01   2.555417e-02
2.988751999999999853e+00   4.042766e-01   2.552309e-02
2.993463000000000207e+00   3.523009e-01   2.547964e-02
2.998174999999999812e+00   4.219916e-01   2.545927e-02
3.002886000000000166e+00   4.489562e-01   2.547412e-02
3.007597000000000076e+00   4.496819e-01   2.543181e-02
3.012307999999999986e+00   3.858657e-01   2.537898e-02
3.017020000000000035e+00   4.070259e-01   2.535464e-02
3.021730999999999945e+00   3.729277e-01   2.530297e-02
3.026441999999999855e+00   3.968649e-01   2.529527e-02
3.031153000000000208e+00   3.865077e-01   2.526971e-02
3.035864999999999814e+00   3.514424e-01   2.520791e-02
3.040576000000000167e+00   4.322756e-01   2.523181e-02
3.045287000000000077e+00   3.814973e-01   2.518291e-02
3.049997999999999987e+00   3.802040e-01   2.516067e-02
3.054710000000000036e+00   3.915272e-01   2.514809e-02
3.059420999999999946e+00   3.720712e-01   2.510948e-02
3.064131999999999856e+00   3.709697e-01   2.506708e-02
3.068843000000000210e+00   3.855369e-01   2.507827e-02
3.073554999999999815e+00   3.689118e-01   2.506393e-02
3.078266000000000169e+00   3.722007e-01   2.503194e-02
3.082977000000000078e+00   4.243445e-01   2.501626e-02
3.087687999999999988e+00   4.267801e-01   2.499088e-02
3.092400000000000038e+00   4.130763e-01   2.497402e-02
3.097110999999999947e+00   3.599667e-01   2.491745e-02
3.101821999999999857e+00   3.905852e-01   2.491803e-02
3.106533000000000211e+00   3.502650e-01   2.489219e-02
3.111244999999999816e+00   3.992160e-01   2.488195e-02
3.115956000000000170e+00   4.060196e-01   2.483035e-02
3.120667000000000080e+00   3.979155e-01   2.481249e-02
3.125377999999999989e+00   3.924356e-01   2.479978e-02
3.130090000000000039e+00   3.714837e-01   2.477876e-02
3.134800999999999949e+00   4.061734e-01   2.475692e-02
3.139511999999999858e+00   3.447634e-01   2.470669e-02
3.144223000000000212e+00   3.476880e-01   2.469446e-02
3.148934999999999818e+00   3.393843e-01   2.465527e-02
3.153646000000000171e+00   3.661253e-01   2.465896e-02
3.158357000000000081e+00   3.604234e-01   2.463435e-02
3.163067999999999991e+00   3.710814e-01   2.463090e-02
3.167780000000000040e+00   3.707560e-01   2.460142e-02
3.172490999999999950e+00   3.440193e-01   2.454401e-02
3.177201999999999860e+00   3.525175e-01   2.456628e-02
3.181913999999999909e+00   3.801820e-01   2.456650e-02
3.186624999999999819e+00   3.392063e-01   2.450190e-02
3.191336000000000173e+00   3.325290e-01   2.445722e-02
3.196047000000000082e+00   3.622287e-01   2.442098e-02
3.200759000000000132e+00   3.878008e-01   2.440090e-02
3.205470000000000041e+00   3.419867e-01   2.435713e-02
3.210180999999999951e+00   3.301739e-01   2.431105e-02
3.214891999999999861e+00   3.381571e-01   2.430415e-02
3.219603999999999910e+00   3.452144e-01   2.427747e-02
3.224314999999999820e+00   3.745301e-01   2.427830e-02
3.229026000000000174e+00   3.457036e-01   2.422846e-02
3.233737000000000084e+00   3.277164e-01   2.422560e-02
3.238449000000000133e+00   3.335346e-01   2.421341e-02
3.243160000000000043e+00   3.307455e-01   2.418595e-02
3.247870999999999952e+00   3.034496e-01   2.416979e-02
3.252581999999999862e+00   2.710940e-01   2.412717e-02
3.257293999999999912e+00   3.446968e-01   2.417700e-02
3.262004999999999821e+00   3.618015e-01   2.417984e-02
3.266716000000000175e+00   3.111559e-01   2.415454e-02
3.271427000000000085e+00   3.395831e-01   2.414407e-02
3.276139000000000134e+00   3.198390e-01   2.414039e-02
3.280850000000000044e+00   3.383333e-01   2.412631e-02
3.285560999999999954e+00   3.699507e-01   2.409584e-02
3.290271999999999863e+00   3.123309e-01   2.404985e-02
3.294983999999999913e+00   3.563401e-01   2.406313e-02
3.299694999999999823e+00   3.681859e-01   2.404511e-02
3.304406000000000176e+00   3.396313e-01   2.401693e-02
3.309117000000000086e+00   3.398303e-01   2.400672e-02
3.313829000000000136e+00   3.426934e-01   2.398514e-02
3.318540000000000045e+00   3.218063e-01   2.394724e-02
3.323250999999999955e+00   3.158512e-01   2.392318e-02
3.327961999999999865e+00   3.389301e-01   2.394186e-02
3.332673999999999914e+00   3.062455e-01   2.390253e-02
3.337384999999999824e+00   2.803073e-01   2.386373e-02
3.342096000000000178e+00   3.299991e-01   2.386448e-02
3.346807000000000087e+00   3.184131e-01   2.382985e-02
3.351519000000000137e+00   2.961582e-01   2.381118e-02
3.356230000000000047e+00   2.668591e-01   2.378155e-02
3.360940999999999956e+00   2.820743e-01   2.378441e-02
3.365653000000000006e+00   3.088342e-01   2.376952e-02
3.370363999999999916e+00   2.848421e-01   2.372823e-02
3.375074999999999825e+00   2.997863e-01   2.373069e-02
3.379786000000000179e+00   3.116933e-01   2.371556e-02
3.384497999999999784e+00   3.235625e-01   2.368714e-02
3.389209000000000138e+00   2.885600e-01   2.382811e-02
3.393920000000000048e+00   2.966395e-01   2.439401e-02
3.398630999999999958e+00   3.186351e-01   2.474275e-02
3.403343000000000007e+00   2.828392e-01   2.497275e-02
3.408053999999999917e+00   3.285441e-01   2.518023e-02
3.412764999999999826e+00   3.103697e-01   2.525048e-02
3.417476000000000180e+00   2.955243e-01   2.523665e-02
3.422187999999999786e+00   3.105680e-01   2.526238e-02
3.426899000000000139e+00   3.128559e-01   2.530810e-02
3.431610000000000049e+00   3.212270e-01   2.537432e-02
3.436320999999999959e+00   2.562826e-01   2.540913e-02
3.441033000000000008e+00   3.185794e-01   2.548785e-02
3.445743999999999918e+00   3.372606e-01   2.552969e-02
3.450454999999999828e+00   3.065127e-01   2.557681e-02
3.455166000000000182e+00   2.781970e-01   2.560970e-02
3.459877999999999787e+00   2.448758e-01   2.564197e-02
3.464589000000000141e+00   2.702533e-01   2.568706e-02
3.469300000000000050e+00   2.963521e-01   2.574027e-02
3.474010999999999960e+00   2.920057e-01   2.577061e-02
3.478723000000000010e+00   3.222508e-01   2.581956e-02
3.483433999999999919e+00   2.945714e-01   2.582427e-02
3.488144999999999829e+00   2.854349e-01   2.585612e-02
3.492856000000000183e+00   2.839118e-01   2.591551e-02
3.497567999999999788e+00   2.683494e-01   2.594010e-02
3.502279000000000142e+00   2.662741e-01   2.593858e-02
3.506990000000000052e+00   2.860423e-01   2.598624e-02
3.511700999999999961e+00   2.767049e-01   2.603083e-02
3.516413000000000011e+00   2.751617e-01   2.605335e-02
3.521123999999999921e+00   2.983585e-01   2.606774e-02
3.525834999999999830e+00   2.811998e-01   2.613258e-02
3.530546000000000184e+00   2.573188e-01   2.614956e-02
3.535257999999999790e+00   2.772862e-01   2.616663e-02
3.539969000000000143e+00   3.218528e-01   2.620596e-02
3.544680000000000053e+00   3.004980e-01   2.620497e-02
3.549392000000000102e+00   3.308461e-01   2.626241e-02
3.554103000000000012e+00   2.893897e-01   2.626086e-02
3.558813999999999922e+00   3.119129e-01   2.631737e-02
3.563524999999999832e+00   2.909181e-01   2.632768e-02
3.568236999999999881e+00   2.958949e-01   2.635291e-02
3.572947999999999791e+00   2.889954e-01   2.638084e-02
3.577659000000000145e+00   2.967961e-01   2.640603e-02
3.582370000000000054e+00   2.641451e-01   2.640290e-02
3.587082000000000104e+00   2.571195e-01   2.643301e-02
3.591793000000000013e+00   2.502186e-01   2.642992e-02
3.596503999999999923e+00   2.603966e-01   2.642852e-02
3.601214999999999833e+00   2.581960e-01   2.642082e-02
3.605926999999999882e+00   2.663696e-01   2.647761e-02
3.610637999999999792e+00   2.836778e-01   2.693454e-02
3.615349000000000146e+00   2.772732e-01   2.774681e-02
3.620060000000000056e+00   2.721617e-01   2.822737e-02
3.624772000000000105e+00   2.767863e-01   2.858270e-02
3.629483000000000015e+00   3.103476e-01   2.880808e-02
3.634193999999999924e+00   2.872805e-01   2.900054e-02
3.638904999999999834e+00   2.606295e-01   2.914207e-02
3.643616999999999884e+00   2.438651e-01   2.929735e-02
3.648327999999999793e+00   2.358178e-01   2.945260e-02
3.653039000000000147e+00   2.917707e-01   2.963923e-02
3.657750000000000057e+00   2.863657e-01   2.977732e-02
3.662462000000000106e+00   3.192638e-01   2.993417e-02
3.667173000000000016e+00   3.238726e-01   3.009274e-02
3.671883999999999926e+00   3.033060e-01   3.023593e-02
3.676594999999999835e+00   2.845490e-01   3.035043e-02
3.681306999999999885e+00   2.582543e-01   3.045715e-02
3.686017999999999795e+00   2.847653e-01   3.062466e-02
3.690729000000000148e+00   2.599418e-01   3.077102e-02
3.695440000000000058e+00   2.251940e-01   3.086064e-02
3.700152000000000108e+00   2.743309e-01   3.101814e-02
3.704863000000000017e+00   2.752792e-01   3.114843e-02
3.709573999999999927e+00   2.294800e-01   3.123921e-02
3.714284999999999837e+00   2.312331e-01   3.134147e-02
3.718996999999999886e+00   2.383165e-01   3.148183e-02
3.723707999999999796e+00   2.940985e-01   3.161585e-02
3.728419000000000150e+00   2.892892e-01   3.174087e-02
3.733131000000000199e+00   2.090702e-01   3.184837e-02
3.737842000000000109e+00   2.365912e-01   3.197716e-02
3.742553000000000019e+00   2.511715e-01   3.208484e-02
3.747263999999999928e+00   2.477389e-01   3.223309e-02
3.751975999999999978e+00   2.587894e-01   3.233320e-02
3.756686999999999887e+00   2.739998e-01   3.243974e-02
3.761397999999999797e+00   2.277035e-01   3.256073e-02
3.766109000000000151e+00   2.094117e-01   3.267659e-02
3.770821000000000200e+00   2.104307e-01   3.279622e-02
3.775532000000000110e+00   2.663121e-01   3.291206e-02
3.780243000000000020e+00   2.240873e-01   3.303776e-02
3.784953999999999930e+00   2.540324e-01   3.319103e-02
3.789665999999999979e+00   2.137801e-01   3.326765e-02
3.794376999999999889e+00   2.636729e-01   3.340335e-02
3.799087999999999798e+00   2.732944e-01   3.355827e-02
3.803799000000000152e+00   2.266422e-01   3.365569e-02
3.808511000000000202e+00   2.215445e-01   3.375716e-02
3.813222000000000111e+00   2.435064e-01   3.390600e-02
3.817933000000000021e+00   3.079931e-01   3.406482e-02
3.822643999999999931e+00   2.936189e-01   3.415926e-02
3.827355999999999980e+00   2.180626e-01   3.424081e-02
3.832066999999999890e+00   2.059461e-01   3.436025e-02
3.836777999999999800e+00   1.919519e-01   3.447501e-02
3.841489000000000154e+00   1.671106e-01   3.456359e-02
3.846201000000000203e+00   2.292674e-01   3.467935e-02
3.850912000000000113e+00   1.952679e-01   3.485138e-02
3.855623000000000022e+00   2.233130e-01   3.496267e-02
3.860333999999999932e+00   2.459148e-01   3.511146e-02
3.865045999999999982e+00   2.417040e-01   3.528200e-02
3.869756999999999891e+00   2.334720e-01   3.534312e-02
3.874467999999999801e+00   2.520236e-01   3.550331e-02
3.879179000000000155e+00   2.294121e-01   3.559476e-02
3.883891000000000204e+00   2.073079e-01   3.563999e-02
3.888602000000000114e+00   2.156279e-01   3.580036e-02
3.893313000000000024e+00   2.760732e-01   3.596864e-02
3.898023999999999933e+00   2.075800e-01   3.603395e-02
3.902735999999999983e+00   2.205562e-01   3.615814e-02
3.907446999999999893e+00   1.873774e-01   3.628740e-02
3.912157999999999802e+00   2.333694e-01   3.643830e-02
3.916869999999999852e+00   1.957951e-01   3.644672e-02
3.921581000000000206e+00   1.737072e-01   3.648178e-02
3.926292000000000115e+00   1.798770e-01   3.656789e-02
3.931003000000000025e+00   2.003793e-01   3.671675e-02
3.935715000000000074e+00   2.560625e-01   3.678929e-02
3.940425999999999984e+00   2.561756e-01   3.680084e-02
3.945136999999999894e+00   2.558333e-01   3.688356e-02
3.949847999999999804e+00   2.439676e-01   3.691784e-02
3.954559999999999853e+00   1.998566e-01   3.693897e-02
3.959271000000000207e+00   2.306110e-01   3.705707e-02
3.963982000000000117e+00   2.086415e-01   3.701086e-02
3.968693000000000026e+00   2.333218e-01   3.706723e-02
3.973405000000000076e+00   2.169428e-01   3.714822e-02
3.978115999999999985e+00   2.114833e-01   3.727348e-02
3.982826999999999895e+00   2.689680e-01   3.750171e-02
3.987537999999999805e+00   2.909580e-01   3.761204e-02
3.992249999999999854e+00   2.137174e-01   3.770962e-02
3.996961000000000208e+00   2.001649e-01   3.781998e-02
4.001672000000000118e+00   2.597819e-01   3.797271e-02
4.006382999999999583e+00   2.071045e-01   3.807234e-02
4.011095000000000077e+00   1.679199e-01   3.818677e-02
4.015806000000000431e+00   2.053113e-01   3.833779e-02
4.020516999999999896e+00   1.877220e-01   3.841755e-02
4.025228000000000250e+00   2.149874e-01   3.860194e-02
4.029939999999999856e+00   2.595337e-01   3.873982e-02
4.034651000000000209e+00   1.682377e-01   3.878461e-02
4.039361999999999675e+00   1.681051e-01   3.891855e-02
4.044073000000000029e+00   1.978232e-01   3.912354e-02
4.048784999999999634e+00   2.043028e-01   3.923282e-02
4.053495999999999988e+00   2.233177e-01   3.942311e-02
4.058207000000000342e+00   1.653034e-01   3.952664e-02
4.062917999999999807e+00   2.133019e-01   3.970045e-02
4.067630000000000301e+00   1.461453e-01   3.978676e-02
4.072340999999999767e+00   1.891507e-01   3.993947e-02
4.077052000000000120e+00   2.242643e-01   4.008894e-02
4.081762999999999586e+00   1.884424e-01   4.021089e-02
4.086475000000000080e+00   1.583461e-01   4.029892e-02
4.091186000000000433e+00   1.395921e-01   4.041348e-02
4.095896999999999899e+00   1.336572e-01   4.056524e-02
4.100609000000000393e+00   1.849567e-01   4.081112e-02
4.105319999999999858e+00   2.304636e-01   4.097385e-02
4.110031000000000212e+00   1.889406e-01   4.112001e-02
4.114741999999999678e+00   1.850753e-01   4.120006e-02
4.119454000000000171e+00   2.105148e-01   4.133843e-02
4.124164999999999637e+00   2.199058e-01   4.153431e-02
4.128875999999999991e+00   1.819562e-01   4.167396e-02
4.133587000000000344e+00   2.176995e-01   4.189853e-02
4.138298999999999950e+00   2.161166e-01   4.200345e-02
4.143010000000000304e+00   2.045218e-01   4.213920e-02
4.147720999999999769e+00   1.580041e-01   4.226388e-02
4.152432000000000123e+00   1.698667e-01   4.245298e-02
4.157143999999999728e+00   2.466827e-01   4.265872e-02
4.161855000000000082e+00   2.660554e-01   4.277022e-02
4.166566000000000436e+00   2.329376e-01   4.293844e-02
4.171276999999999902e+00   2.299949e-01   4.314830e-02
4.175989000000000395e+00   2.133372e-01   4.336341e-02
4.180699999999999861e+00   2.255112e-01   4.346255e-02
4.185411000000000215e+00   2.553567e-01   4.364412e-02
4.190121999999999680e+00   1.596269e-01   4.375459e-02
4.194834000000000174e+00   1.144051e-01   4.381356e-02
4.199544999999999639e+00   1.764716e-01   4.408559e-02
4.204255999999999993e+00   1.906954e-01   4.433898e-02
4.208967000000000347e+00   2.096956e-01   4.447385e-02
4.213678999999999952e+00   1.910945e-01   4.456782e-02
4.218390000000000306e+00   1.578311e-01   4.467733e-02
4.223100999999999772e+00   1.869430e-01   4.495773e-02
4.227812000000000126e+00   1.642974e-01   4.519159e-02
4.232523999999999731e+00   1.843912e-01   4.525636e-02
4.237235000000000085e+00   1.243801e-01   4.539565e-02
4.241946000000000438e+00   1.086569e-01   4.566200e-02
4.246656999999999904e+00   1.645263e-01   4.589075e-02
4.251369000000000398e+00   1.916295e-01   4.610773e-02
4.256079999999999863e+00   2.240214e-01   4.637266e-02
4.260791000000000217e+00   2.448106e-01   4.652203e-02
4.265501999999999683e+00   1.784209e-01   4.665482e-02
4.270214000000000176e+00   2.053125e-01   4.684793e-02
4.274924999999999642e+00   2.044128e-01   4.702810e-02
4.279635999999999996e+00   1.622028e-01   4.724127e-02
4.284347999999999601e+00   1.344707e-01   4.741540e-02
4.289058999999999955e+00   1.978045e-01   4.763433e-02
4.293770000000000309e+00   1.706961e-01   4.786102e-02
4.298480999999999774e+00   1.997337e-01   4.814591e-02
4.303193000000000268e+00   1.640647e-01   4.831599e-02
4.307903999999999733e+00   1.698283e-01   4.846359e-02
4.312615000000000087e+00   1.665471e-01   4.872463e-02
4.317326000000000441e+00   1.923904e-01   4.900242e-02
4.322038000000000046e+00   1.283707e-01   4.915340e-02
4.326749000000000400e+00   1.144487e-01   4.931698e-02
4.331459999999999866e+00   1.727244e-01   4.960386e-02
4.336171000000000220e+00   1.779974e-01   4.982831e-02
4.340882999999999825e+00   1.362040e-01   4.999294e-02
4.345594000000000179e+00   1.832916e-01   5.019920e-02
4.350304999999999644e+00   2.585214e-01   5.056528e-02
4.355015999999999998e+00   2.750097e-01   5.084379e-02
4.359727999999999604e+00   2.284927e-01   5.100859e-02
4.364438999999999957e+00   2.078193e-01   5.123862e-02
4.369150000000000311e+00   1.728626e-01   5.145440e-02
4.373860999999999777e+00   1.417469e-01   5.168412e-02
4.378573000000000270e+00   1.838187e-01   5.212128e-02
4.383283999999999736e+00   2.695546e-01   5.241423e-02
4.387995000000000090e+00   2.517416e-01   5.257879e-02
4.392706000000000444e+00   1.306214e-01   5.276273e-02
4.397418000000000049e+00   1.307923e-01   5.285647e-02
4.402129000000000403e+00   2.171535e-01   5.305305e-02
4.406839999999999868e+00   2.233997e-01   5.309353e-02
4.411551000000000222e+00   2.318407e-01   5.310298e-02
4.416262999999999828e+00   1.996311e-01   5.315410e-02
4.420974000000000181e+00   2.003065e-01   5.325444e-02
4.425684999999999647e+00   1.263578e-01   5.316932e-02
4.430396000000000001e+00   1.479976e-01   5.332138e-02
4.435107999999999606e+00   1.680947e-01   5.329755e-02
4.439818999999999960e+00   1.445345e-01   5.334450e-02
4.444530000000000314e+00   1.546398e-01   5.372103e-02
4.449240999999999779e+00   1.380129e-01   5.392421e-02
4.453953000000000273e+00   1.689636e-01   5.419206e-02
4.458663999999999739e+00   1.785388e-01   5.447218e-02
4.463375000000000092e+00   1.424601e-01   5.479073e-02
4.468086999999999698e+00   1.410874e-01   5.502510e-02
4.472798000000000052e+00   1.477480e-01   5.528726e-02
4.477509000000000405e+00   1.501553e-01   5.569327e-02
4.482219999999999871e+00   1.516661e-01   5.596644e-02
4.486932000000000365e+00   1.983564e-01   5.631351e-02
4.491642999999999830e+00   2.158845e-01   5.660476e-02
4.496354000000000184e+00   2.186019e-01   5.691603e-02
4.501064999999999650e+00   1.198911e-01   5.715471e-02
4.505777000000000143e+00   1.835940e-01   5.764925e-02
4.510487999999999609e+00   2.341866e-01   5.798327e-02
4.515198999999999963e+00   1.865728e-01   5.825513e-02
4.519910000000000316e+00   8.773581e-02   5.843721e-02
4.524621999999999922e+00   1.574936e-01   5.904957e-02
4.529333000000000276e+00   2.043073e-01   5.934889e-02
4.534043999999999741e+00   1.201149e-01   5.959368e-02
4.538755000000000095e+00   1.227559e-01   6.003578e-02
4.543466999999999700e+00   2.277493e-01   6.047855e-02
4.548178000000000054e+00   1.700780e-01   6.071373e-02
4.552889000000000408e+00   8.838006e-02   6.114644e-02
4.557599999999999874e+00   1.045977e-01   6.159563e-02
4.562312000000000367e+00   1.761275e-01   6.195963e-02
4.567022999999999833e+00   1.459283e-01   6.235887e-02
4.571734000000000187e+00   1.154892e-01   6.271265e-02
4.576444999999999652e+00   1.071665e-01   6.317983e-02
4.581157000000000146e+00   1.902151e-01   6.368498e-02
4.585867999999999611e+00   2.400399e-01   6.427282e-02
4.590578999999999965e+00   1.082555e-01   6.462936e-02
4.595290000000000319e+00   2.957657e-01   6.515469e-02
4.600001999999999924e+00   1.804735e-01   6.535347e-02
4.604713000000000278e+00   1.829366e-01   6.600925e-02
4.609423999999999744e+00   1.860623e-01   6.637358e-02
4.614135000000000097e+00   1.792375e-01   6.691977e-02
4.618846999999999703e+00   1.423789e-01   6.731816e-02
4.623558000000000057e+00   1.054548e-01   6.782396e-02
4.628269000000000410e+00   7.308974e-02   6.833520e-02
4.632979999999999876e+00   1.854938e-01   6.906180e-02
4.637692000000000370e+00   9.940195e-02   6.947231e-02
4.642402999999999835e+00   4.479577e-02   6.999898e-02
4.647114000000000189e+00   1.188095e-01   7.056678e-02
4.651825999999999794e+00   6.283791e-02   7.108210e-02
4.656537000000000148e+00   1.216346e-01   7.179076e-02
4.661247999999999614e+00   1.691877e-01   7.265027e-02
4.665958999999999968e+00   2.098771e-01   7.325026e-02
4.670670999999999573e+00   2.250928e-01   7.381501e-02
4.675381999999999927e+00   1.853286e-01   7.459173e-02
4.680093000000000281e+00   2.517397e-01   7.533057e-02
4.684803999999999746e+00   1.917138e-01   7.597517e-02
4.689516000000000240e+00   2.155377e-01   7.675462e-02
4.694226999999999705e+00   2.515237e-01   7.745611e-02
4.698938000000000059e+00   2.530787e-01   7.808800e-02
4.703649000000000413e+00   1.756439e-01   7.867986e-02
4.708361000000000018e+00   1.297695e-01   7.958046e-02
4.713072000000000372e+00   1.491963e-01   8.036055e-02
4.717782999999999838e+00   2.100977e-01   8.149672e-02
4.722494000000000192e+00   2.074969e-01   8.219925e-02
4.727205999999999797e+00   2.191756e-01   8.327669e-02
4.731917000000000151e+00   1.790036e-01   8.416798e-02
4.736627999999999616e+00   1.493080e-01   8.501464e-02
4.741338999999999970e+00   2.116221e-01   8.606924e-02
4.746050999999999576e+00   1.347208e-01   8.696910e-02
4.750761999999999929e+00   2.618343e-01   8.823711e-02
4.755473000000000283e+00   2.191145e-01   8.939401e-02
4.760183999999999749e+00   2.393563e-01   9.063658e-02
4.764896000000000242e+00   1.462264e-01   9.157097e-02
4.769606999999999708e+00   7.773231e-02   9.282073e-02
4.774318000000000062e+00   1.505959e-01   9.414335e-02
4.779029000000000416e+00   1.489753e-01   9.555444e-02
4.783741000000000021e+00   1.634319e-01   9.697837e-02
4.788452000000000375e+00   2.140708e-01   9.853638e-02
4.793162999999999840e+00   1.495214e-01   1.002692e-01
4.797874000000000194e+00   1.243029e-01   1.014644e-01
4.802585999999999800e+00  -3.056234e-02   1.030284e-01
4.807297000000000153e+00   5.450448e-02   1.046472e-01
4.812007999999999619e+00   1.375450e-01   1.070171e-01
4.816718999999999973e+00   1.974131e-01   1.089376e-01
4.821430999999999578e+00   1.413419e-01   1.107089e-01
4.826141999999999932e+00   2.331921e-01   1.130104e-01
4.830853000000000286e+00   2.500066e-01   1.155799e-01
4.835564999999999891e+00   1.933312e-01   1.174785e-01
4.840276000000000245e+00   2.202018e-01   1.204298e-01
4.844986999999999711e+00   9.114950e-02   1.230693e-01
4.849698000000000064e+00   1.166731e-01   1.264278e-01
4.854409999999999670e+00   5.235010e-02   1.295926e-01
4.859121000000000024e+00   1.034241e-01   1.329767e-01
4.863832000000000377e+00   1.593472e-01   1.372079e-01
4.868542999999999843e+00   1.522672e-01   1.412979e-01
4.873255000000000337e+00   1.412343e-01   1.459901e-01
4.877965999999999802e+00   2.388479e-01   1.503809e-01
4.882677000000000156e+00   2.401144e-01   1.556994e-01
4.887387999999999622e+00   2.025961e-01   1.625265e-01
4.892100000000000115e+00   1.803434e-01   1.691115e-01
4.896810999999999581e+00   3.440263e-01   1.781460e-01
4.901521999999999935e+00   1.132814e-01   1.863106e-01
4.906233000000000288e+00   1.400162e-01   1.972557e-01
4.910944999999999894e+00  -2.204049e-01   2.086553e-01
4.915656000000000247e+00  -1.349582e-01   2.244758e-01
4.920366999999999713e+00   1.984985e-01   2.474999e-01
4.925078000000000067e+00   3.755967e-01   2.766872e-01
4.929789999999999672e+00   1.322056e-01   3.107785e-01
4.934501000000000026e+00   4.595413e-02   3.715673e-01
4.939212000000000380e+00   2.513413e-01   4.921669e-01
4.943922999999999845e+00  -1.397966e-01   8.743631e-01