# [1]
# Sample c= 12.38 mg/ml
# Intensity scaled by concentration
# Buffer subtracted data file:
# Protein DatFile = /data/visitor/mx1908/bm29/20161119/giulio/1d/mM300_136_ave.dat
# Buffer DatFile = /data/visitor/mx1908/bm29/20161119/giulio/ednaSub/mM300_136_ave_averbuffer.dat
# 
# AutoRg: Rg   =   0.5972 +/- 0.12 ( 19.5%)
# AutoRg: I(0) =   1.69 +/- 0.0018
# AutoRg: Points   49 to 184 ( 136 total)
# AutoRg: Quality: 84.6%
# 
# 
# Sample Information:
# Storage Temperature (degrees C): 20.0
# Measurement Temperature (degrees C): 20.09
# Concentration: 12.38
# Code: 
3.479420999999999903e-02   1.528515e+00   6.594241e-01
3.950545999999999919e-02   1.573973e+00   2.627160e-01
4.421672000000000102e-02   1.661273e+00   1.719577e-01
4.892798000000000286e-02   1.635135e+00   1.321138e-01
5.363923000000000302e-02   1.716924e+00   1.062311e-01
5.835048999999999791e-02   1.689937e+00   8.738288e-02
6.306174999999999975e-02   1.707429e+00   7.288917e-02
6.777299999999999991e-02   1.680855e+00   6.231816e-02
7.248425999999999481e-02   1.717733e+00   5.438310e-02
7.719552000000000358e-02   1.700656e+00   4.827585e-02
8.190677000000000374e-02   1.674448e+00   4.321254e-02
8.661802999999999864e-02   1.684066e+00   3.905738e-02
9.132928999999999353e-02   1.693107e+00   3.598813e-02
9.604053999999999369e-02   1.701684e+00   3.353006e-02
1.007518000000000025e-01   1.640303e+00   3.119337e-02
1.054631000000000041e-01   1.674599e+00   2.930463e-02
1.101743000000000028e-01   1.625945e+00   2.760670e-02
1.148856000000000044e-01   1.712071e+00   2.630786e-02
1.195968000000000031e-01   1.684953e+00   2.501724e-02
1.243081000000000047e-01   1.688581e+00   2.392485e-02
1.290193000000000034e-01   1.689779e+00   2.301139e-02
1.337306000000000050e-01   1.657512e+00   2.214823e-02
1.384419000000000066e-01   1.655800e+00   2.138952e-02
1.431531000000000053e-01   1.703632e+00   2.073555e-02
1.478644000000000069e-01   1.646377e+00   2.005709e-02
1.525756000000000057e-01   1.654360e+00   1.955027e-02
1.572869000000000073e-01   1.653817e+00   1.907152e-02
1.619981000000000060e-01   1.663031e+00   1.860618e-02
1.667094000000000076e-01   1.663014e+00   1.817435e-02
1.714206000000000063e-01   1.666287e+00   1.780230e-02
1.761319000000000079e-01   1.662370e+00   1.742374e-02
1.808432000000000095e-01   1.653007e+00   1.702406e-02
1.855544000000000082e-01   1.647210e+00   1.673788e-02
1.902657000000000098e-01   1.667647e+00   1.646840e-02
1.949769000000000085e-01   1.669396e+00   1.621602e-02
1.996882000000000101e-01   1.691410e+00   1.595305e-02
2.043994000000000089e-01   1.695633e+00   1.570216e-02
2.091107000000000105e-01   1.682921e+00   1.546625e-02
2.138220000000000121e-01   1.660786e+00   1.521486e-02
2.185332000000000108e-01   1.658235e+00   1.498639e-02
2.232445000000000124e-01   1.636620e+00   1.475079e-02
2.279557000000000111e-01   1.645050e+00   1.457321e-02
2.326670000000000127e-01   1.662802e+00   1.441700e-02
2.373782000000000114e-01   1.672410e+00   1.424516e-02
2.420895000000000130e-01   1.686499e+00   1.407842e-02
2.468007000000000117e-01   1.698692e+00   1.396192e-02
2.515120000000000133e-01   1.659525e+00   1.375130e-02
2.562232999999999872e-01   1.653014e+00   1.360209e-02
2.609345000000000137e-01   1.672045e+00   1.347327e-02
2.656457999999999875e-01   1.656675e+00   1.330736e-02
2.703570000000000140e-01   1.668673e+00   1.319064e-02
2.750682999999999878e-01   1.667892e+00   1.308008e-02
2.797795000000000143e-01   1.678891e+00   1.294747e-02
2.844907999999999881e-01   1.674156e+00   1.281719e-02
2.892021000000000175e-01   1.672891e+00   1.271255e-02
2.939132999999999885e-01   1.657865e+00   1.259935e-02
2.986246000000000178e-01   1.653234e+00   1.246286e-02
3.033357999999999888e-01   1.667819e+00   1.235643e-02
3.080471000000000181e-01   1.672356e+00   1.227082e-02
3.127582999999999891e-01   1.678744e+00   1.219099e-02
3.174696000000000184e-01   1.668191e+00   1.206166e-02
3.221808999999999923e-01   1.665998e+00   1.196277e-02
3.268921000000000188e-01   1.647013e+00   1.185021e-02
3.316033999999999926e-01   1.667414e+00   1.178884e-02
3.363146000000000191e-01   1.679804e+00   1.189276e-02
3.410258999999999929e-01   1.652453e+00   1.198543e-02
3.457371000000000194e-01   1.665234e+00   1.203470e-02
3.504483999999999932e-01   1.668013e+00   1.220282e-02
3.551596000000000197e-01   1.665021e+00   1.247011e-02
3.598708999999999936e-01   1.675145e+00   1.263039e-02
3.645822000000000229e-01   1.659317e+00   1.275912e-02
3.692933999999999939e-01   1.672385e+00   1.286564e-02
3.740047000000000232e-01   1.661900e+00   1.293848e-02
3.787158999999999942e-01   1.650830e+00   1.300527e-02
3.834272000000000236e-01   1.655479e+00   1.306909e-02
3.881383999999999945e-01   1.651628e+00   1.312770e-02
3.928497000000000239e-01   1.650719e+00   1.345201e-02
3.975609999999999977e-01   1.697116e+00   1.389934e-02
4.022722000000000242e-01   1.676758e+00   1.417813e-02
4.069834999999999980e-01   1.659014e+00   1.442592e-02
4.116947000000000245e-01   1.648555e+00   1.464517e-02
4.164059999999999984e-01   1.645807e+00   1.486076e-02
4.211172000000000248e-01   1.640818e+00   1.507831e-02
4.258284999999999987e-01   1.691280e+00   1.535721e-02
4.305397000000000252e-01   1.669166e+00   1.555689e-02
4.352509999999999990e-01   1.683954e+00   1.581692e-02
4.399622999999999728e-01   1.655916e+00   1.596710e-02
4.446734999999999993e-01   1.651633e+00   1.625778e-02
4.493847999999999732e-01   1.644399e+00   1.648752e-02
4.540959999999999996e-01   1.642183e+00   1.661827e-02
4.588072999999999735e-01   1.647052e+00   1.603430e-02
4.635185000000000000e-01   1.672231e+00   1.570187e-02
4.682297999999999738e-01   1.654048e+00   1.545563e-02
4.729411000000000032e-01   1.651083e+00   1.527353e-02
4.776522999999999741e-01   1.652171e+00   1.513417e-02
4.823636000000000035e-01   1.654335e+00   1.501332e-02
4.870747999999999744e-01   1.636556e+00   1.489414e-02
4.917861000000000038e-01   1.643311e+00   1.481723e-02
4.964972999999999748e-01   1.636219e+00   1.472684e-02
5.012086000000000041e-01   1.641156e+00   1.464534e-02
5.059198999999999780e-01   1.641758e+00   1.458927e-02
5.106311000000000044e-01   1.635577e+00   1.451127e-02
5.153423999999999783e-01   1.647841e+00   1.445741e-02
5.200536000000000048e-01   1.646966e+00   1.435975e-02
5.247648999999999786e-01   1.640087e+00   1.424636e-02
5.294761000000000051e-01   1.637538e+00   1.412962e-02
5.341873999999999789e-01   1.638403e+00   1.402854e-02
5.388986000000000054e-01   1.615863e+00   1.392095e-02
5.436098999999999792e-01   1.619936e+00   1.383905e-02
5.483211999999999531e-01   1.608502e+00   1.372808e-02
5.530323999999999796e-01   1.629581e+00   1.366758e-02
5.577436999999999534e-01   1.628494e+00   1.358883e-02
5.624548999999999799e-01   1.625920e+00   1.349719e-02
5.671661999999999537e-01   1.636260e+00   1.345819e-02
5.718773999999999802e-01   1.630932e+00   1.341222e-02
5.765886999999999540e-01   1.614985e+00   1.335579e-02
5.813000000000000389e-01   1.615945e+00   1.332632e-02
5.860111999999999544e-01   1.620109e+00   1.330949e-02
5.907225000000000392e-01   1.627344e+00   1.327287e-02
5.954336999999999547e-01   1.640334e+00   1.327158e-02
6.001450000000000395e-01   1.622450e+00   1.320694e-02
6.048561999999999550e-01   1.596927e+00   1.315489e-02
6.095675000000000399e-01   1.587929e+00   1.312375e-02
6.142788000000000137e-01   1.608931e+00   1.311744e-02
6.189900000000000402e-01   1.624055e+00   1.308286e-02
6.237013000000000140e-01   1.610129e+00   1.305632e-02
6.284125000000000405e-01   1.610998e+00   1.302729e-02
6.331238000000000143e-01   1.604743e+00   1.297291e-02
6.378350000000000408e-01   1.623019e+00   1.295991e-02
6.425463000000000147e-01   1.615022e+00   1.292132e-02
6.472575000000000411e-01   1.595942e+00   1.288353e-02
6.519688000000000150e-01   1.588864e+00   1.283923e-02
6.566800999999999888e-01   1.601830e+00   1.281251e-02
6.613913000000000153e-01   1.610775e+00   1.279446e-02
6.661025999999999891e-01   1.603689e+00   1.277717e-02
6.708138000000000156e-01   1.591511e+00   1.273061e-02
6.755250999999999895e-01   1.594168e+00   1.270941e-02
6.802363000000000159e-01   1.596977e+00   1.268308e-02
6.849475999999999898e-01   1.607322e+00   1.265879e-02
6.896588999999999636e-01   1.609866e+00   1.263819e-02
6.943700999999999901e-01   1.601283e+00   1.258804e-02
6.990813999999999639e-01   1.597579e+00   1.255022e-02
7.037925999999999904e-01   1.580720e+00   1.252904e-02
7.085038999999999643e-01   1.575034e+00   1.249021e-02
7.132150999999999907e-01   1.581360e+00   1.247293e-02
7.179263999999999646e-01   1.586379e+00   1.243640e-02
7.226375999999999911e-01   1.594141e+00   1.242915e-02
7.273488999999999649e-01   1.582914e+00   1.240006e-02
7.320602000000000498e-01   1.605390e+00   1.238250e-02
7.367713999999999652e-01   1.599724e+00   1.236209e-02
7.414827000000000501e-01   1.588168e+00   1.231203e-02
7.461938999999999655e-01   1.559591e+00   1.226688e-02
7.509052000000000504e-01   1.571666e+00   1.224469e-02
7.556163999999999659e-01   1.581296e+00   1.221812e-02
7.603277000000000507e-01   1.570728e+00   1.219329e-02
7.650390000000000246e-01   1.577593e+00   1.220049e-02
7.697502000000000510e-01   1.589581e+00   1.217470e-02
7.744615000000000249e-01   1.584847e+00   1.214213e-02
7.791727000000000514e-01   1.581019e+00   1.211574e-02
7.838840000000000252e-01   1.583345e+00   1.209482e-02
7.885952000000000517e-01   1.573017e+00   1.205419e-02
7.933065000000000255e-01   1.579015e+00   1.205045e-02
7.980177999999999994e-01   1.587749e+00   1.203362e-02
8.027290000000000258e-01   1.572180e+00   1.198940e-02
8.074402999999999997e-01   1.548144e+00   1.194694e-02
8.121515000000000262e-01   1.566768e+00   1.192377e-02
8.168628000000000000e-01   1.581330e+00   1.191182e-02
8.215740000000000265e-01   1.558559e+00   1.187440e-02
8.262853000000000003e-01   1.549562e+00   1.184356e-02
8.309965000000000268e-01   1.578366e+00   1.184129e-02
8.357078000000000007e-01   1.548871e+00   1.179300e-02
8.404190999999999745e-01   1.536245e+00   1.177259e-02
8.451303000000000010e-01   1.544561e+00   1.175339e-02
8.498415999999999748e-01   1.551575e+00   1.172101e-02
8.545528000000000013e-01   1.543167e+00   1.169913e-02
8.592640999999999751e-01   1.521223e+00   1.164789e-02
8.639753000000000016e-01   1.553134e+00   1.167592e-02
8.686865999999999755e-01   1.526481e+00   1.160817e-02
8.733978999999999493e-01   1.544196e+00   1.161164e-02
8.781090999999999758e-01   1.534058e+00   1.156890e-02
8.828203999999999496e-01   1.543631e+00   1.156266e-02
8.875315999999999761e-01   1.545428e+00   1.153514e-02
8.922428999999999499e-01   1.530161e+00   1.149828e-02
8.969540999999999764e-01   1.530253e+00   1.148281e-02
9.016653999999999503e-01   1.514041e+00   1.145099e-02
9.063767000000000351e-01   1.523321e+00   1.143721e-02
9.110878999999999506e-01   1.545770e+00   1.143726e-02
9.157992000000000354e-01   1.509107e+00   1.137809e-02
9.205103999999999509e-01   1.499592e+00   1.134847e-02
9.252217000000000358e-01   1.506558e+00   1.133475e-02
9.299328999999999512e-01   1.525996e+00   1.132738e-02
9.346442000000000361e-01   1.528245e+00   1.130878e-02
9.393553999999999515e-01   1.512603e+00   1.128698e-02
9.440667000000000364e-01   1.481311e+00   1.122408e-02
9.487780000000000102e-01   1.494136e+00   1.121090e-02
9.534892000000000367e-01   1.510958e+00   1.120783e-02
9.582005000000000106e-01   1.510687e+00   1.118155e-02
9.629117000000000370e-01   1.515328e+00   1.118494e-02
9.676230000000000109e-01   1.498780e+00   1.114345e-02
9.723342000000000374e-01   1.491362e+00   1.111705e-02
9.770455000000000112e-01   1.498403e+00   1.110384e-02
9.817567999999999850e-01   1.503096e+00   1.108027e-02
9.864680000000000115e-01   1.473807e+00   1.103685e-02
9.911792999999999854e-01   1.478245e+00   1.102551e-02
9.958905000000000118e-01   1.467401e+00   1.099871e-02
1.000601999999999991e+00   1.482842e+00   1.098997e-02
1.005312999999999901e+00   1.474675e+00   1.095132e-02
1.010024000000000033e+00   1.469841e+00   1.092989e-02
1.014736000000000082e+00   1.476816e+00   1.091914e-02
1.019446999999999992e+00   1.468300e+00   1.089767e-02
1.024157999999999902e+00   1.465564e+00   1.087669e-02
1.028869000000000034e+00   1.471390e+00   1.085822e-02
1.033581000000000083e+00   1.472313e+00   1.083991e-02
1.038291999999999993e+00   1.464703e+00   1.081443e-02
1.043002999999999902e+00   1.475587e+00   1.080028e-02
1.047714000000000034e+00   1.450599e+00   1.075886e-02
1.052426000000000084e+00   1.447586e+00   1.075024e-02
1.057136999999999993e+00   1.459366e+00   1.075319e-02
1.061847999999999903e+00   1.454434e+00   1.071920e-02
1.066559000000000035e+00   1.457442e+00   1.070056e-02
1.071271000000000084e+00   1.455261e+00   1.067422e-02
1.075981999999999994e+00   1.430706e+00   1.064863e-02
1.080692999999999904e+00   1.425391e+00   1.063345e-02
1.085404000000000035e+00   1.425911e+00   1.060151e-02
1.090116000000000085e+00   1.447355e+00   1.059422e-02
1.094826999999999995e+00   1.438971e+00   1.057503e-02
1.099537999999999904e+00   1.418163e+00   1.054075e-02
1.104249000000000036e+00   1.431643e+00   1.053786e-02
1.108961000000000086e+00   1.437283e+00   1.051391e-02
1.113671999999999995e+00   1.426553e+00   1.048891e-02
1.118382999999999905e+00   1.424138e+00   1.047525e-02
1.123094000000000037e+00   1.425967e+00   1.045786e-02
1.127806000000000086e+00   1.410854e+00   1.043311e-02
1.132516999999999996e+00   1.413100e+00   1.041747e-02
1.137227999999999906e+00   1.418516e+00   1.040387e-02
1.141939000000000037e+00   1.403358e+00   1.036744e-02
1.146651000000000087e+00   1.390642e+00   1.034158e-02
1.151361999999999997e+00   1.377805e+00   1.031567e-02
1.156072999999999906e+00   1.389893e+00   1.031513e-02
1.160784000000000038e+00   1.392356e+00   1.030115e-02
1.165496000000000087e+00   1.392867e+00   1.027823e-02
1.170206999999999997e+00   1.414315e+00   1.027918e-02
1.174917999999999907e+00   1.394896e+00   1.025663e-02
1.179629999999999956e+00   1.381160e+00   1.021845e-02
1.184341000000000088e+00   1.375114e+00   1.019289e-02
1.189051999999999998e+00   1.384728e+00   1.019273e-02
1.193762999999999908e+00   1.384262e+00   1.018998e-02
1.198474999999999957e+00   1.385263e+00   1.040186e-02
1.203186000000000089e+00   1.387044e+00   1.068535e-02
1.207896999999999998e+00   1.384562e+00   1.085555e-02
1.212607999999999908e+00   1.359981e+00   1.097959e-02
1.217319999999999958e+00   1.368158e+00   1.111795e-02
1.222031000000000089e+00   1.369068e+00   1.121985e-02
1.226741999999999999e+00   1.371269e+00   1.133561e-02
1.231452999999999909e+00   1.375951e+00   1.144200e-02
1.236164999999999958e+00   1.356551e+00   1.151684e-02
1.240876000000000090e+00   1.347637e+00   1.159201e-02
1.245587000000000000e+00   1.346357e+00   1.164191e-02
1.250297999999999909e+00   1.330942e+00   1.165393e-02
1.255009999999999959e+00   1.350230e+00   1.169546e-02
1.259721000000000091e+00   1.333119e+00   1.169482e-02
1.264432000000000000e+00   1.336727e+00   1.130329e-02
1.269142999999999910e+00   1.350024e+00   1.102790e-02
1.273854999999999960e+00   1.350893e+00   1.082249e-02
1.278566000000000091e+00   1.311852e+00   1.064197e-02
1.283277000000000001e+00   1.323522e+00   1.054794e-02
1.287987999999999911e+00   1.333977e+00   1.044853e-02
1.292699999999999960e+00   1.329128e+00   1.035699e-02
1.297411000000000092e+00   1.313335e+00   1.025980e-02
1.302122000000000002e+00   1.312242e+00   1.018432e-02
1.306832999999999911e+00   1.315991e+00   1.014192e-02
1.311544999999999961e+00   1.305028e+00   1.010483e-02
1.316256000000000093e+00   1.295356e+00   1.006588e-02
1.320967000000000002e+00   1.301488e+00   1.004284e-02
1.325677999999999912e+00   1.303061e+00   1.002155e-02
1.330389999999999961e+00   1.293700e+00   9.992866e-03
1.335101000000000093e+00   1.295565e+00   9.970177e-03
1.339812000000000003e+00   1.295692e+00   9.946304e-03
1.344522999999999913e+00   1.275491e+00   9.917517e-03
1.349234999999999962e+00   1.266759e+00   9.874509e-03
1.353946000000000094e+00   1.271187e+00   9.852277e-03
1.358657000000000004e+00   1.263304e+00   9.825910e-03
1.363369000000000053e+00   1.270430e+00   9.816691e-03
1.368079999999999963e+00   1.278162e+00   9.811893e-03
1.372791000000000095e+00   1.247934e+00   9.761984e-03
1.377502000000000004e+00   1.266119e+00   9.770302e-03
1.382214000000000054e+00   1.262193e+00   9.738476e-03
1.386924999999999963e+00   1.260205e+00   9.715202e-03
1.391636000000000095e+00   1.253128e+00   9.701651e-03
1.396347000000000005e+00   1.246478e+00   9.690296e-03
1.401059000000000054e+00   1.240873e+00   9.655720e-03
1.405769999999999964e+00   1.232246e+00   9.626571e-03
1.410481000000000096e+00   1.231740e+00   9.611538e-03
1.415192000000000005e+00   1.237332e+00   9.594608e-03
1.419904000000000055e+00   1.238327e+00   9.580098e-03
1.424614999999999965e+00   1.236534e+00   9.562639e-03
1.429326000000000096e+00   1.222798e+00   9.533833e-03
1.434037000000000006e+00   1.234979e+00   9.537977e-03
1.438749000000000056e+00   1.207652e+00   9.489976e-03
1.443459999999999965e+00   1.206327e+00   9.473098e-03
1.448171000000000097e+00   1.207480e+00   9.456510e-03
1.452882000000000007e+00   1.207023e+00   9.447039e-03
1.457594000000000056e+00   1.196765e+00   9.408873e-03
1.462304999999999966e+00   1.199367e+00   9.407317e-03
1.467016000000000098e+00   1.190907e+00   9.380281e-03
1.471727000000000007e+00   1.202980e+00   9.375549e-03
1.476439000000000057e+00   1.194773e+00   9.365947e-03
1.481149999999999967e+00   1.172189e+00   9.319390e-03
1.485861000000000098e+00   1.177715e+00   9.319413e-03
1.490572000000000008e+00   1.183381e+00   9.314622e-03
1.495284000000000058e+00   1.182034e+00   9.286031e-03
1.499994999999999967e+00   1.177629e+00   9.263372e-03
1.504706000000000099e+00   1.179272e+00   9.263212e-03
1.509417000000000009e+00   1.175592e+00   9.247042e-03
1.514129000000000058e+00   1.176196e+00   9.258493e-03
1.518839999999999968e+00   1.164042e+00   9.528631e-03
1.523551000000000100e+00   1.165348e+00   9.715667e-03
1.528262999999999927e+00   1.148742e+00   9.844865e-03
1.532974000000000059e+00   1.166616e+00   9.986538e-03
1.537684999999999969e+00   1.149036e+00   1.006308e-02
1.542396000000000100e+00   1.144835e+00   1.006475e-02
1.547107999999999928e+00   1.156599e+00   9.815697e-03
1.551819000000000059e+00   1.163210e+00   9.682437e-03
1.556529999999999969e+00   1.138125e+00   9.565929e-03
1.561241000000000101e+00   1.131805e+00   9.467513e-03
1.565952999999999928e+00   1.127385e+00   9.362009e-03
1.570664000000000060e+00   1.124630e+00   9.271189e-03
1.575374999999999970e+00   1.120976e+00   9.175882e-03
1.580086000000000102e+00   1.124068e+00   9.092915e-03
1.584797999999999929e+00   1.104153e+00   9.031665e-03
1.589509000000000061e+00   1.109218e+00   9.012518e-03
1.594219999999999970e+00   1.108057e+00   9.002600e-03
1.598931000000000102e+00   1.102679e+00   9.005602e-03
1.603642999999999930e+00   1.078726e+00   8.992708e-03
1.608354000000000061e+00   1.084684e+00   9.013276e-03
1.613064999999999971e+00   1.103459e+00   9.015657e-03
1.617776000000000103e+00   1.104957e+00   8.996418e-03
1.622487999999999930e+00   1.085209e+00   8.974426e-03
1.627199000000000062e+00   1.091337e+00   8.963300e-03
1.631909999999999972e+00   1.076121e+00   8.943718e-03
1.636621000000000103e+00   1.080351e+00   8.930360e-03
1.641332999999999931e+00   1.072891e+00   8.894185e-03
1.646044000000000063e+00   1.075119e+00   8.881769e-03
1.650754999999999972e+00   1.056478e+00   8.849379e-03
1.655466000000000104e+00   1.055470e+00   8.837036e-03
1.660177999999999932e+00   1.062161e+00   8.830362e-03
1.664889000000000063e+00   1.051172e+00   8.809943e-03
1.669599999999999973e+00   1.048552e+00   8.802933e-03
1.674311000000000105e+00   1.050799e+00   8.783622e-03
1.679022999999999932e+00   1.036910e+00   8.757155e-03
1.683734000000000064e+00   1.035085e+00   8.746449e-03
1.688444999999999974e+00   1.032178e+00   8.724494e-03
1.693156000000000105e+00   1.034721e+00   8.711566e-03
1.697867999999999933e+00   1.029655e+00   8.692879e-03
1.702579000000000065e+00   1.032446e+00   8.679779e-03
1.707289999999999974e+00   1.020609e+00   8.662610e-03
1.712002000000000024e+00   1.013748e+00   8.644664e-03
1.716712999999999933e+00   1.019351e+00   8.632355e-03
1.721424000000000065e+00   1.017277e+00   8.623445e-03
1.726134999999999975e+00   1.012382e+00   8.611499e-03
1.730847000000000024e+00   1.009833e+00   8.585197e-03
1.735557999999999934e+00   1.015896e+00   8.574461e-03
1.740269000000000066e+00   1.003991e+00   8.563727e-03
1.744979999999999976e+00   1.007452e+00   8.556229e-03
1.749692000000000025e+00   9.917193e-01   8.529848e-03
1.754402999999999935e+00   9.981551e-01   8.526973e-03
1.759114000000000066e+00   9.867468e-01   8.507193e-03
1.763824999999999976e+00   9.732719e-01   8.478420e-03
1.768537000000000026e+00   9.870133e-01   8.476011e-03
1.773247999999999935e+00   9.725497e-01   8.456041e-03
1.777959000000000067e+00   9.691585e-01   8.448439e-03
1.782669999999999977e+00   9.698727e-01   8.437260e-03
1.787382000000000026e+00   9.694511e-01   8.419381e-03
1.792092999999999936e+00   9.641312e-01   8.400084e-03
1.796804000000000068e+00   9.671761e-01   8.397214e-03
1.801514999999999977e+00   9.553714e-01   8.377671e-03
1.806227000000000027e+00   9.486668e-01   8.352673e-03
1.810937999999999937e+00   9.506599e-01   8.341129e-03
1.815649000000000068e+00   9.523778e-01   8.335097e-03
1.820359999999999978e+00   9.491380e-01   8.322823e-03
1.825072000000000028e+00   9.423333e-01   8.307752e-03
1.829782999999999937e+00   9.465662e-01   8.299970e-03
1.834494000000000069e+00   9.383140e-01   8.285576e-03
1.839204999999999979e+00   9.330733e-01   8.270923e-03
1.843917000000000028e+00   9.186952e-01   8.240688e-03
1.848627999999999938e+00   9.175704e-01   8.221462e-03
1.853339000000000070e+00   9.136359e-01   8.210427e-03
1.858049999999999979e+00   9.153526e-01   8.217066e-03
1.862762000000000029e+00   9.124716e-01   8.199141e-03
1.867472999999999939e+00   9.263961e-01   8.190215e-03
1.872184000000000070e+00   9.083904e-01   8.165973e-03
1.876894999999999980e+00   9.006808e-01   8.154678e-03
1.881607000000000030e+00   9.168367e-01   8.158989e-03
1.886317999999999939e+00   9.116198e-01   8.142397e-03
1.891029000000000071e+00   8.982079e-01   8.116068e-03
1.895740999999999898e+00   9.098436e-01   8.118146e-03
1.900452000000000030e+00   9.015368e-01   8.100865e-03
1.905162999999999940e+00   8.907536e-01   8.075665e-03
1.909874000000000072e+00   8.746495e-01   8.054485e-03
1.914585999999999899e+00   8.766195e-01   8.049685e-03
1.919297000000000031e+00   8.814657e-01   8.046026e-03
1.924007999999999940e+00   8.795007e-01   8.039898e-03
1.928719000000000072e+00   8.589115e-01   8.004060e-03
1.933430999999999900e+00   8.431785e-01   7.974303e-03
1.938142000000000031e+00   8.627063e-01   7.963950e-03
1.942852999999999941e+00   8.728985e-01   7.964578e-03
1.947564000000000073e+00   8.538855e-01   7.919949e-03
1.952275999999999900e+00   8.424353e-01   7.889026e-03
1.956987000000000032e+00   8.408550e-01   7.884202e-03
1.961697999999999942e+00   8.417637e-01   7.876190e-03
1.966409000000000074e+00   8.445318e-01   7.871008e-03
1.971120999999999901e+00   8.512344e-01   7.862471e-03
1.975832000000000033e+00   8.398489e-01   7.856037e-03
1.980542999999999942e+00   8.365028e-01   7.851196e-03
1.985254000000000074e+00   8.405610e-01   7.853399e-03
1.989965999999999902e+00   8.313317e-01   7.839871e-03
1.994677000000000033e+00   8.142777e-01   7.837696e-03
1.999387999999999943e+00   8.250876e-01   7.854204e-03
2.004099000000000075e+00   8.321693e-01   8.045640e-03
2.008811000000000124e+00   8.323343e-01   8.210012e-03
2.013522000000000034e+00   8.023507e-01   8.291670e-03
2.018232999999999944e+00   8.041601e-01   8.387927e-03
2.022943999999999853e+00   8.148483e-01   8.482536e-03
2.027655999999999903e+00   8.106345e-01   8.557557e-03
2.032366999999999813e+00   8.155739e-01   8.602917e-03
2.037078000000000166e+00   8.132196e-01   8.619243e-03
2.041789000000000076e+00   7.866276e-01   8.624641e-03
2.046501000000000126e+00   7.867638e-01   8.637835e-03
2.051212000000000035e+00   7.839056e-01   8.658304e-03
2.055922999999999945e+00   7.859151e-01   8.680932e-03
2.060633999999999855e+00   7.866034e-01   8.703116e-03
2.065345999999999904e+00   7.870929e-01   8.687604e-03
2.070056999999999814e+00   7.898269e-01   8.433682e-03
2.074768000000000168e+00   7.757003e-01   8.251471e-03
2.079480000000000217e+00   7.715463e-01   8.139188e-03
2.084191000000000127e+00   7.630689e-01   8.042083e-03
2.088902000000000037e+00   7.677257e-01   7.973486e-03
2.093612999999999946e+00   7.669074e-01   7.912541e-03
2.098324999999999996e+00   7.690177e-01   7.881783e-03
2.103035999999999905e+00   7.598522e-01   7.855357e-03
2.107746999999999815e+00   7.558222e-01   7.838578e-03
2.112458000000000169e+00   7.541672e-01   7.815443e-03
2.117170000000000218e+00   7.636686e-01   7.802251e-03
2.121881000000000128e+00   7.434558e-01   7.772069e-03
2.126592000000000038e+00   7.392851e-01   7.756665e-03
2.131302999999999948e+00   7.407315e-01   7.741618e-03
2.136014999999999997e+00   7.338570e-01   7.728220e-03
2.140725999999999907e+00   7.292711e-01   7.700569e-03
2.145436999999999816e+00   7.287287e-01   7.691623e-03
2.150148000000000170e+00   7.286650e-01   7.676627e-03
2.154860000000000220e+00   7.127299e-01   7.656970e-03
2.159571000000000129e+00   7.147241e-01   7.638175e-03
2.164282000000000039e+00   7.149180e-01   7.625399e-03
2.168992999999999949e+00   7.138392e-01   7.617895e-03
2.173704999999999998e+00   7.011372e-01   7.590469e-03
2.178415999999999908e+00   7.085312e-01   7.583655e-03
2.183126999999999818e+00   7.164531e-01   7.583483e-03
2.187838000000000171e+00   7.213129e-01   7.574092e-03
2.192550000000000221e+00   7.083287e-01   7.551691e-03
2.197261000000000131e+00   7.058076e-01   7.538781e-03
2.201972000000000040e+00   6.974198e-01   7.519194e-03
2.206682999999999950e+00   7.003789e-01   7.511203e-03
2.211395000000000000e+00   6.912337e-01   7.495591e-03
2.216105999999999909e+00   6.893869e-01   7.480269e-03
2.220816999999999819e+00   6.789171e-01   7.461256e-03
2.225528000000000173e+00   6.835225e-01   7.449136e-03
2.230239999999999778e+00   6.882674e-01   7.447482e-03
2.234951000000000132e+00   6.887999e-01   7.447449e-03
2.239662000000000042e+00   6.810317e-01   7.423813e-03
2.244372999999999951e+00   6.696215e-01   7.397026e-03
2.249085000000000001e+00   6.785150e-01   7.401421e-03
2.253795999999999911e+00   6.748858e-01   7.388129e-03
2.258506999999999820e+00   6.578018e-01   7.362292e-03
2.263218999999999870e+00   6.517138e-01   7.346258e-03
2.267929999999999779e+00   6.554778e-01   7.342238e-03
2.272641000000000133e+00   6.515649e-01   7.333230e-03
2.277352000000000043e+00   6.537727e-01   7.323562e-03
2.282064000000000092e+00   6.570335e-01   7.313070e-03
2.286775000000000002e+00   6.498430e-01   7.303587e-03
2.291485999999999912e+00   6.435274e-01   7.286159e-03
2.296196999999999822e+00   6.501153e-01   7.280751e-03
2.300908999999999871e+00   6.409768e-01   7.269588e-03
2.305619999999999781e+00   6.422093e-01   7.264384e-03
2.310331000000000135e+00   6.284595e-01   7.244772e-03
2.315042000000000044e+00   6.446842e-01   7.245299e-03
2.319754000000000094e+00   6.363679e-01   7.226653e-03
2.324465000000000003e+00   6.249034e-01   7.212678e-03
2.329175999999999913e+00   6.266759e-01   7.207441e-03
2.333886999999999823e+00   6.245955e-01   7.195507e-03
2.338598999999999872e+00   6.192301e-01   7.185573e-03
2.343309999999999782e+00   6.161010e-01   7.168369e-03
2.348021000000000136e+00   6.152685e-01   7.161411e-03
2.352732000000000046e+00   6.262834e-01   7.162536e-03
2.357444000000000095e+00   6.240759e-01   7.155630e-03
2.362155000000000005e+00   6.144235e-01   7.143978e-03
2.366865999999999914e+00   6.060882e-01   7.122520e-03
2.371576999999999824e+00   6.006511e-01   7.111813e-03
2.376288999999999874e+00   5.970458e-01   7.099068e-03
2.380999999999999783e+00   6.074660e-01   7.096432e-03
2.385711000000000137e+00   6.035254e-01   7.093340e-03
2.390422000000000047e+00   5.953206e-01   7.078194e-03
2.395134000000000096e+00   6.009687e-01   7.070644e-03
2.399845000000000006e+00   5.883395e-01   7.056811e-03
2.404555999999999916e+00   5.776886e-01   7.042068e-03
2.409266999999999825e+00   5.868055e-01   7.035181e-03
2.413978999999999875e+00   5.983988e-01   7.034300e-03
2.418689999999999785e+00   5.793199e-01   7.013031e-03
2.423401000000000138e+00   5.729973e-01   6.999780e-03
2.428112000000000048e+00   5.759938e-01   7.000893e-03
2.432824000000000098e+00   5.659143e-01   6.976927e-03
2.437535000000000007e+00   5.775853e-01   6.983237e-03
2.442245999999999917e+00   5.720632e-01   6.973810e-03
2.446957999999999966e+00   5.722439e-01   6.964849e-03
2.451668999999999876e+00   5.607081e-01   6.940401e-03
2.456379999999999786e+00   5.552104e-01   6.938331e-03
2.461091000000000140e+00   5.573696e-01   6.929237e-03
2.465803000000000189e+00   5.612144e-01   6.928287e-03
2.470514000000000099e+00   5.610214e-01   6.923058e-03
2.475225000000000009e+00   5.623024e-01   6.911117e-03
2.479935999999999918e+00   5.554466e-01   6.900700e-03
2.484647999999999968e+00   5.525881e-01   6.890254e-03
2.489358999999999877e+00   5.508859e-01   6.880333e-03
2.494069999999999787e+00   5.362231e-01   6.856123e-03
2.498781000000000141e+00   5.456420e-01   6.860385e-03
2.503493000000000190e+00   5.454149e-01   6.853978e-03
2.508204000000000100e+00   5.484559e-01   6.852684e-03
2.512915000000000010e+00   5.306375e-01   6.831983e-03
2.517625999999999920e+00   5.210922e-01   6.808035e-03
2.522337999999999969e+00   5.288796e-01   6.796462e-03
2.527048999999999879e+00   5.266664e-01   6.777554e-03
2.531759999999999788e+00   5.230722e-01   6.766924e-03
2.536471000000000142e+00   5.205508e-01   6.760713e-03
2.541183000000000192e+00   5.227345e-01   6.755030e-03
2.545894000000000101e+00   5.233600e-01   6.751115e-03
2.550605000000000011e+00   5.199916e-01   6.745036e-03
2.555315999999999921e+00   5.145429e-01   6.727678e-03
2.560027999999999970e+00   5.091779e-01   6.713517e-03
2.564738999999999880e+00   5.064741e-01   6.709658e-03
2.569449999999999790e+00   5.112990e-01   6.715534e-03
2.574161000000000143e+00   5.156759e-01   6.726745e-03
2.578873000000000193e+00   5.135303e-01   6.724093e-03
2.583584000000000103e+00   5.097626e-01   6.711112e-03
2.588295000000000012e+00   5.114389e-01   6.703946e-03
2.593005999999999922e+00   5.115572e-01   6.697477e-03
2.597717999999999972e+00   4.995148e-01   6.682021e-03
2.602428999999999881e+00   5.037779e-01   6.677486e-03
2.607139999999999791e+00   5.001948e-01   6.669039e-03
2.611851000000000145e+00   4.924955e-01   6.655621e-03
2.616563000000000194e+00   4.947877e-01   6.654315e-03
2.621274000000000104e+00   5.027216e-01   6.652262e-03
2.625985000000000014e+00   4.879294e-01   6.641175e-03
2.630697000000000063e+00   4.884669e-01   6.631368e-03
2.635407999999999973e+00   4.909901e-01   6.625437e-03
2.640118999999999883e+00   4.891387e-01   6.618942e-03
2.644829999999999792e+00   4.794345e-01   6.603524e-03
2.649541999999999842e+00   4.776057e-01   6.596797e-03
2.654253000000000196e+00   4.775978e-01   6.587837e-03
2.658964000000000105e+00   4.718795e-01   6.579353e-03
2.663675000000000015e+00   4.711424e-01   6.572104e-03
2.668387000000000064e+00   4.679587e-01   6.563207e-03
2.673097999999999974e+00   4.759861e-01   6.559518e-03
2.677808999999999884e+00   4.646825e-01   6.548518e-03
2.682519999999999794e+00   4.648376e-01   6.546075e-03
2.687231999999999843e+00   4.597371e-01   6.532263e-03
2.691943000000000197e+00   4.619517e-01   6.526791e-03
2.696654000000000106e+00   4.640976e-01   6.520335e-03
2.701365000000000016e+00   4.671965e-01   6.519187e-03
2.706077000000000066e+00   4.630019e-01   6.514329e-03
2.710787999999999975e+00   4.570440e-01   6.498592e-03
2.715498999999999885e+00   4.526706e-01   6.489270e-03
2.720209999999999795e+00   4.586786e-01   6.486063e-03
2.724921999999999844e+00   4.602692e-01   6.484426e-03
2.729633000000000198e+00   4.509169e-01   6.469432e-03
2.734344000000000108e+00   4.441451e-01   6.457443e-03
2.739055000000000017e+00   4.455571e-01   6.451853e-03
2.743767000000000067e+00   4.418733e-01   6.443275e-03
2.748477999999999977e+00   4.423680e-01   6.443480e-03
2.753188999999999886e+00   4.495372e-01   6.440055e-03
2.757899999999999796e+00   4.441821e-01   6.430677e-03
2.762611999999999846e+00   4.426783e-01   6.421669e-03
2.767323000000000199e+00   4.424811e-01   6.412957e-03
2.772034000000000109e+00   4.401728e-01   6.403272e-03
2.776745000000000019e+00   4.436611e-01   6.405621e-03
2.781457000000000068e+00   4.285342e-01   6.390866e-03
2.786167999999999978e+00   4.260576e-01   6.379417e-03
2.790878999999999888e+00   4.224660e-01   6.375462e-03
2.795589999999999797e+00   4.356096e-01   6.374059e-03
2.800301999999999847e+00   4.213796e-01   6.362926e-03
2.805013000000000201e+00   4.260733e-01   6.393983e-03
2.809724000000000110e+00   4.210675e-01   6.549496e-03
2.814436000000000160e+00   4.132872e-01   6.649661e-03
2.819147000000000070e+00   4.206034e-01   6.729908e-03
2.823857999999999979e+00   4.130617e-01   6.785976e-03
2.828568999999999889e+00   4.216229e-01   6.829994e-03
2.833280999999999938e+00   4.133423e-01   6.846198e-03
2.837991999999999848e+00   4.201326e-01   6.866879e-03
2.842703000000000202e+00   4.167529e-01   6.884940e-03
2.847414000000000112e+00   4.044355e-01   6.899549e-03
2.852126000000000161e+00   4.089321e-01   6.920856e-03
2.856837000000000071e+00   3.994743e-01   6.920582e-03
2.861547999999999981e+00   4.049659e-01   6.940536e-03
2.866258999999999890e+00   4.011868e-01   6.948754e-03
2.870970999999999940e+00   4.145525e-01   6.904202e-03
2.875681999999999849e+00   4.022361e-01   6.720822e-03
2.880393000000000203e+00   3.958274e-01   6.610565e-03
2.885104000000000113e+00   4.068126e-01   6.544888e-03
2.889816000000000162e+00   4.049752e-01   6.493667e-03
2.894527000000000072e+00   3.893781e-01   6.457402e-03
2.899237999999999982e+00   3.911761e-01   6.438580e-03
2.903948999999999891e+00   3.916243e-01   6.428753e-03
2.908660999999999941e+00   3.877318e-01   6.408174e-03
2.913371999999999851e+00   3.918246e-01   6.400153e-03
2.918083000000000204e+00   3.885364e-01   6.384134e-03
2.922794000000000114e+00   3.907268e-01   6.373004e-03
2.927506000000000164e+00   3.863171e-01   6.363464e-03
2.932217000000000073e+00   3.846731e-01   6.349250e-03
2.936927999999999983e+00   3.915922e-01   6.345730e-03
2.941638999999999893e+00   3.773427e-01   6.325846e-03
2.946350999999999942e+00   3.812948e-01   6.317047e-03
2.951061999999999852e+00   3.769506e-01   6.305831e-03
2.955773000000000206e+00   3.826057e-01   6.298456e-03
2.960484000000000115e+00   3.719663e-01   6.274082e-03
2.965196000000000165e+00   3.661264e-01   6.266276e-03
2.969907000000000075e+00   3.757148e-01   6.269397e-03
2.974617999999999984e+00   3.767541e-01   6.261872e-03
2.979328999999999894e+00   3.834234e-01   6.255084e-03
2.984040999999999944e+00   3.777121e-01   6.245706e-03
2.988751999999999853e+00   3.664951e-01   6.233057e-03
2.993463000000000207e+00   3.653125e-01   6.227860e-03
2.998174999999999812e+00   3.678631e-01   6.223006e-03
3.002886000000000166e+00   3.664907e-01   6.215777e-03
3.007597000000000076e+00   3.698875e-01   6.202703e-03
3.012307999999999986e+00   3.709113e-01   6.197143e-03
3.017020000000000035e+00   3.651535e-01   6.184883e-03
3.021730999999999945e+00   3.544827e-01   6.172715e-03
3.026441999999999855e+00   3.593166e-01   6.166728e-03
3.031153000000000208e+00   3.564755e-01   6.161549e-03
3.035864999999999814e+00   3.497846e-01   6.151260e-03
3.040576000000000167e+00   3.544331e-01   6.149262e-03
3.045287000000000077e+00   3.526767e-01   6.139523e-03
3.049997999999999987e+00   3.432461e-01   6.133034e-03
3.054710000000000036e+00   3.456230e-01   6.123235e-03
3.059420999999999946e+00   3.492754e-01   6.117649e-03
3.064131999999999856e+00   3.470621e-01   6.110601e-03
3.068843000000000210e+00   3.443111e-01   6.104427e-03
3.073554999999999815e+00   3.476425e-01   6.098799e-03
3.078266000000000169e+00   3.456576e-01   6.090795e-03
3.082977000000000078e+00   3.435944e-01   6.085061e-03
3.087687999999999988e+00   3.444583e-01   6.076737e-03
3.092400000000000038e+00   3.391826e-01   6.065528e-03
3.097110999999999947e+00   3.316378e-01   6.059093e-03
3.101821999999999857e+00   3.331217e-01   6.053550e-03
3.106533000000000211e+00   3.393929e-01   6.047957e-03
3.111244999999999816e+00   3.332003e-01   6.041732e-03
3.115956000000000170e+00   3.400182e-01   6.042389e-03
3.120667000000000080e+00   3.367440e-01   6.032567e-03
3.125377999999999989e+00   3.301401e-01   6.027206e-03
3.130090000000000039e+00   3.265925e-01   6.019414e-03
3.134800999999999949e+00   3.301929e-01   6.011869e-03
3.139511999999999858e+00   3.348460e-01   6.011584e-03
3.144223000000000212e+00   3.257889e-01   5.998724e-03
3.148934999999999818e+00   3.287740e-01   5.992020e-03
3.153646000000000171e+00   3.259058e-01   5.986444e-03
3.158357000000000081e+00   3.220134e-01   5.977689e-03
3.163067999999999991e+00   3.221701e-01   5.980122e-03
3.167780000000000040e+00   3.225401e-01   5.968714e-03
3.172490999999999950e+00   3.259974e-01   5.966054e-03
3.177201999999999860e+00   3.152018e-01   5.957362e-03
3.181913999999999909e+00   3.187945e-01   5.955055e-03
3.186624999999999819e+00   3.108679e-01   5.941856e-03
3.191336000000000173e+00   3.167951e-01   5.932885e-03
3.196047000000000082e+00   3.088767e-01   5.917643e-03
3.200759000000000132e+00   3.064759e-01   5.904159e-03
3.205470000000000041e+00   3.059497e-01   5.895417e-03
3.210180999999999951e+00   3.054750e-01   5.890880e-03
3.214891999999999861e+00   3.079252e-01   5.888002e-03
3.219603999999999910e+00   3.064301e-01   5.881059e-03
3.224314999999999820e+00   3.055008e-01   5.872301e-03
3.229026000000000174e+00   3.007838e-01   5.865019e-03
3.233737000000000084e+00   2.971803e-01   5.862883e-03
3.238449000000000133e+00   2.964511e-01   5.860626e-03
3.243160000000000043e+00   3.014021e-01   5.858028e-03
3.247870999999999952e+00   3.000019e-01   5.848811e-03
3.252581999999999862e+00   3.026074e-01   5.853667e-03
3.257293999999999912e+00   3.043410e-01   5.857100e-03
3.262004999999999821e+00   3.014522e-01   5.855807e-03
3.266716000000000175e+00   2.968392e-01   5.848549e-03
3.271427000000000085e+00   2.971938e-01   5.837840e-03
3.276139000000000134e+00   2.971627e-01   5.834332e-03
3.280850000000000044e+00   2.945771e-01   5.828098e-03
3.285560999999999954e+00   2.992270e-01   5.827760e-03
3.290271999999999863e+00   2.987510e-01   5.821368e-03
3.294983999999999913e+00   2.862315e-01   5.809510e-03
3.299694999999999823e+00   2.816644e-01   5.801255e-03
3.304406000000000176e+00   2.842500e-01   5.799519e-03
3.309117000000000086e+00   2.923499e-01   5.794525e-03
3.313829000000000136e+00   2.919417e-01   5.791768e-03
3.318540000000000045e+00   2.907068e-01   5.785130e-03
3.323250999999999955e+00   2.859807e-01   5.777526e-03
3.327961999999999865e+00   2.790750e-01   5.770637e-03
3.332673999999999914e+00   2.791791e-01   5.762826e-03
3.337384999999999824e+00   2.853286e-01   5.764016e-03
3.342096000000000178e+00   2.727224e-01   5.755284e-03
3.346807000000000087e+00   2.778108e-01   5.750427e-03
3.351519000000000137e+00   2.853539e-01   5.753005e-03
3.356230000000000047e+00   2.771126e-01   5.741564e-03
3.360940999999999956e+00   2.806644e-01   5.738483e-03
3.365653000000000006e+00   2.791042e-01   5.729585e-03
3.370363999999999916e+00   2.715209e-01   5.720858e-03
3.375074999999999825e+00   2.790896e-01   5.720479e-03
3.379786000000000179e+00   2.788805e-01   5.720461e-03
3.384497999999999784e+00   2.673728e-01   5.706907e-03
3.389209000000000138e+00   2.783265e-01   5.746272e-03
3.393920000000000048e+00   2.785674e-01   5.882714e-03
3.398630999999999958e+00   2.719132e-01   5.955183e-03
3.403343000000000007e+00   2.700380e-01   6.015389e-03
3.408053999999999917e+00   2.650699e-01   6.065383e-03
3.412764999999999826e+00   2.686837e-01   6.083277e-03
3.417476000000000180e+00   2.660301e-01   6.077662e-03
3.422187999999999786e+00   2.602273e-01   6.079143e-03
3.426899000000000139e+00   2.586448e-01   6.091628e-03
3.431610000000000049e+00   2.694904e-01   6.108371e-03
3.436320999999999959e+00   2.574449e-01   6.121866e-03
3.441033000000000008e+00   2.645685e-01   6.140871e-03
3.445743999999999918e+00   2.725075e-01   6.144998e-03
3.450454999999999828e+00   2.707306e-01   6.156166e-03
3.455166000000000182e+00   2.629774e-01   6.164220e-03
3.459877999999999787e+00   2.560502e-01   6.174123e-03
3.464589000000000141e+00   2.628332e-01   6.189232e-03
3.469300000000000050e+00   2.657761e-01   6.200655e-03
3.474010999999999960e+00   2.657830e-01   6.207375e-03
3.478723000000000010e+00   2.630778e-01   6.216524e-03
3.483433999999999919e+00   2.577041e-01   6.218136e-03
3.488144999999999829e+00   2.637375e-01   6.233704e-03
3.492856000000000183e+00   2.618175e-01   6.240623e-03
3.497567999999999788e+00   2.638484e-01   6.245163e-03
3.502279000000000142e+00   2.548005e-01   6.247909e-03
3.506990000000000052e+00   2.520220e-01   6.251699e-03
3.511700999999999961e+00   2.514029e-01   6.258954e-03
3.516413000000000011e+00   2.511883e-01   6.262862e-03
3.521123999999999921e+00   2.465364e-01   6.271406e-03
3.525834999999999830e+00   2.478273e-01   6.279840e-03
3.530546000000000184e+00   2.508056e-01   6.286825e-03
3.535257999999999790e+00   2.463590e-01   6.289149e-03
3.539969000000000143e+00   2.429099e-01   6.293357e-03
3.544680000000000053e+00   2.438089e-01   6.297344e-03
3.549392000000000102e+00   2.446413e-01   6.302603e-03
3.554103000000000012e+00   2.337506e-01   6.296186e-03
3.558813999999999922e+00   2.436599e-01   6.314849e-03
3.563524999999999832e+00   2.419136e-01   6.322141e-03
3.568236999999999881e+00   2.379347e-01   6.315655e-03
3.572947999999999791e+00   2.445564e-01   6.330739e-03
3.577659000000000145e+00   2.446931e-01   6.336254e-03
3.582370000000000054e+00   2.505484e-01   6.346519e-03
3.587082000000000104e+00   2.364011e-01   6.342370e-03
3.591793000000000013e+00   2.364585e-01   6.348227e-03
3.596503999999999923e+00   2.366025e-01   6.339462e-03
3.601214999999999833e+00   2.382464e-01   6.339196e-03
3.605926999999999882e+00   2.419797e-01   6.346303e-03
3.610637999999999792e+00   2.319463e-01   6.461017e-03
3.615349000000000146e+00   2.370983e-01   6.651246e-03
3.620060000000000056e+00   2.357922e-01   6.764640e-03
3.624772000000000105e+00   2.391051e-01   6.848682e-03
3.629483000000000015e+00   2.397212e-01   6.903096e-03
3.634193999999999924e+00   2.301707e-01   6.938831e-03
3.638904999999999834e+00   2.388310e-01   6.985550e-03
3.643616999999999884e+00   2.391832e-01   7.027997e-03
3.648327999999999793e+00   2.350181e-01   7.062757e-03
3.653039000000000147e+00   2.293540e-01   7.097097e-03
3.657750000000000057e+00   2.244628e-01   7.125330e-03
3.662462000000000106e+00   2.254247e-01   7.164936e-03
3.667173000000000016e+00   2.249782e-01   7.196849e-03
3.671883999999999926e+00   2.219486e-01   7.234370e-03
3.676594999999999835e+00   2.245822e-01   7.260968e-03
3.681306999999999885e+00   2.253186e-01   7.300156e-03
3.686017999999999795e+00   2.268636e-01   7.334778e-03
3.690729000000000148e+00   2.200621e-01   7.354130e-03
3.695440000000000058e+00   2.234954e-01   7.388495e-03
3.700152000000000108e+00   2.188442e-01   7.415504e-03
3.704863000000000017e+00   2.189514e-01   7.444433e-03
3.709573999999999927e+00   2.212204e-01   7.473203e-03
3.714284999999999837e+00   2.203573e-01   7.504045e-03
3.718996999999999886e+00   2.119113e-01   7.522414e-03
3.723707999999999796e+00   2.167546e-01   7.553374e-03
3.728419000000000150e+00   2.078242e-01   7.577560e-03
3.733131000000000199e+00   2.144734e-01   7.618405e-03
3.737842000000000109e+00   2.204255e-01   7.643544e-03
3.742553000000000019e+00   2.218062e-01   7.687487e-03
3.747263999999999928e+00   2.274749e-01   7.714825e-03
3.751975999999999978e+00   2.210464e-01   7.736665e-03
3.756686999999999887e+00   2.124723e-01   7.757489e-03
3.761397999999999797e+00   2.215755e-01   7.795234e-03
3.766109000000000151e+00   2.218999e-01   7.828330e-03
3.770821000000000200e+00   2.188089e-01   7.850490e-03
3.775532000000000110e+00   2.128654e-01   7.866007e-03
3.780243000000000020e+00   2.207229e-01   7.905356e-03
3.784953999999999930e+00   2.080167e-01   7.917319e-03
3.789665999999999979e+00   2.048362e-01   7.948465e-03
3.794376999999999889e+00   2.108446e-01   7.980225e-03
3.799087999999999798e+00   2.074654e-01   8.010216e-03
3.803799000000000152e+00   2.167119e-01   8.038559e-03
3.808511000000000202e+00   1.983568e-01   8.043450e-03
3.813222000000000111e+00   2.099986e-01   8.097545e-03
3.817933000000000021e+00   2.107045e-01   8.124822e-03
3.822643999999999931e+00   2.219662e-01   8.156419e-03
3.827355999999999980e+00   2.047321e-01   8.169265e-03
3.832066999999999890e+00   2.031243e-01   8.189358e-03
3.836777999999999800e+00   2.051635e-01   8.224216e-03
3.841489000000000154e+00   1.996121e-01   8.250151e-03
3.846201000000000203e+00   2.026875e-01   8.286325e-03
3.850912000000000113e+00   2.016137e-01   8.312920e-03
3.855623000000000022e+00   2.018340e-01   8.337613e-03
3.860333999999999932e+00   1.938444e-01   8.356468e-03
3.865045999999999982e+00   2.062439e-01   8.388046e-03
3.869756999999999891e+00   1.913638e-01   8.408855e-03
3.874467999999999801e+00   1.949466e-01   8.441668e-03
3.879179000000000155e+00   1.989225e-01   8.471207e-03
3.883891000000000204e+00   1.958716e-01   8.497628e-03
3.888602000000000114e+00   2.007003e-01   8.538459e-03
3.893313000000000024e+00   1.998589e-01   8.565689e-03
3.898023999999999933e+00   2.070640e-01   8.604954e-03
3.902735999999999983e+00   2.140540e-01   8.636643e-03
3.907446999999999893e+00   2.065888e-01   8.655602e-03
3.912157999999999802e+00   1.936261e-01   8.678041e-03
3.916869999999999852e+00   2.039912e-01   8.689679e-03
3.921581000000000206e+00   1.992757e-01   8.688346e-03
3.926292000000000115e+00   1.971366e-01   8.715320e-03
3.931003000000000025e+00   1.911897e-01   8.739796e-03
3.935715000000000074e+00   1.905133e-01   8.750162e-03
3.940425999999999984e+00   1.850204e-01   8.753422e-03
3.945136999999999894e+00   1.875985e-01   8.761511e-03
3.949847999999999804e+00   1.839189e-01   8.764793e-03
3.954559999999999853e+00   1.840584e-01   8.780292e-03
3.959271000000000207e+00   1.952758e-01   8.809288e-03
3.963982000000000117e+00   1.906734e-01   8.811922e-03
3.968693000000000026e+00   1.933404e-01   8.820913e-03
3.973405000000000076e+00   1.873259e-01   8.838825e-03
3.978115999999999985e+00   1.844017e-01   8.866474e-03
3.982826999999999895e+00   1.762292e-01   8.895975e-03
3.987537999999999805e+00   1.719357e-01   8.922116e-03
3.992249999999999854e+00   1.792494e-01   8.961569e-03
3.996961000000000208e+00   1.777087e-01   8.989032e-03
4.001672000000000118e+00   1.845676e-01   9.019395e-03
4.006382999999999583e+00   1.841969e-01   9.048438e-03
4.011095000000000077e+00   1.780789e-01   9.068225e-03
4.015806000000000431e+00   1.867737e-01   9.108887e-03
4.020516999999999896e+00   1.764830e-01   9.126955e-03
4.025228000000000250e+00   1.823589e-01   9.178121e-03
4.029939999999999856e+00   1.901230e-01   9.216676e-03
4.034651000000000209e+00   1.903220e-01   9.247669e-03
4.039361999999999675e+00   1.874468e-01   9.280892e-03
4.044073000000000029e+00   1.785254e-01   9.283189e-03
4.048784999999999634e+00   1.726563e-01   9.295047e-03
4.053495999999999988e+00   1.692140e-01   9.337019e-03
4.058207000000000342e+00   1.776121e-01   9.374852e-03
4.062917999999999807e+00   1.763403e-01   9.416347e-03
4.067630000000000301e+00   1.748394e-01   9.445674e-03
4.072340999999999767e+00   1.685645e-01   9.474391e-03
4.077052000000000120e+00   1.738205e-01   9.525167e-03
4.081762999999999586e+00   1.783983e-01   9.554082e-03
4.086475000000000080e+00   1.800550e-01   9.601155e-03
4.091186000000000433e+00   1.606791e-01   9.585345e-03
4.095896999999999899e+00   1.662782e-01   9.639108e-03
4.100609000000000393e+00   1.686397e-01   9.679320e-03
4.105319999999999858e+00   1.644419e-01   9.705385e-03
4.110031000000000212e+00   1.633176e-01   9.751184e-03
4.114741999999999678e+00   1.749529e-01   9.795201e-03
4.119454000000000171e+00   1.822481e-01   9.823730e-03
4.124164999999999637e+00   1.719944e-01   9.848404e-03
4.128875999999999991e+00   1.806116e-01   9.907407e-03
4.133587000000000344e+00   1.795357e-01   9.935067e-03
4.138298999999999950e+00   1.650109e-01   9.957553e-03
4.143010000000000304e+00   1.614275e-01   9.988544e-03
4.147720999999999769e+00   1.672483e-01   1.003199e-02
4.152432000000000123e+00   1.493041e-01   1.004721e-02
4.157143999999999728e+00   1.636728e-01   1.009232e-02
4.161855000000000082e+00   1.736781e-01   1.014277e-02
4.166566000000000436e+00   1.627752e-01   1.017308e-02
4.171276999999999902e+00   1.707748e-01   1.023090e-02
4.175989000000000395e+00   1.645477e-01   1.025746e-02
4.180699999999999861e+00   1.691319e-01   1.031182e-02
4.185411000000000215e+00   1.692184e-01   1.033697e-02
4.190121999999999680e+00   1.746642e-01   1.038086e-02
4.194834000000000174e+00   1.661923e-01   1.039858e-02
4.199544999999999639e+00   1.561629e-01   1.042716e-02
4.204255999999999993e+00   1.562810e-01   1.048501e-02
4.208967000000000347e+00   1.672865e-01   1.053446e-02
4.213678999999999952e+00   1.649391e-01   1.056583e-02
4.218390000000000306e+00   1.630443e-01   1.060879e-02
4.223100999999999772e+00   1.699037e-01   1.066354e-02
4.227812000000000126e+00   1.675653e-01   1.070809e-02
4.232523999999999731e+00   1.616514e-01   1.072032e-02
4.237235000000000085e+00   1.685976e-01   1.077661e-02
4.241946000000000438e+00   1.576475e-01   1.081815e-02
4.246656999999999904e+00   1.621218e-01   1.086562e-02
4.251369000000000398e+00   1.579862e-01   1.091400e-02
4.256079999999999863e+00   1.525164e-01   1.094335e-02
4.260791000000000217e+00   1.704322e-01   1.100751e-02
4.265501999999999683e+00   1.658472e-01   1.104719e-02
4.270214000000000176e+00   1.493233e-01   1.107234e-02
4.274924999999999642e+00   1.628611e-01   1.113872e-02
4.279635999999999996e+00   1.594072e-01   1.117867e-02
4.284347999999999601e+00   1.486267e-01   1.120424e-02
4.289058999999999955e+00   1.532656e-01   1.127113e-02
4.293770000000000309e+00   1.510164e-01   1.131243e-02
4.298480999999999774e+00   1.529783e-01   1.137051e-02
4.303193000000000268e+00   1.565633e-01   1.142241e-02
4.307903999999999733e+00   1.629675e-01   1.146256e-02
4.312615000000000087e+00   1.551648e-01   1.151596e-02
4.317326000000000441e+00   1.621790e-01   1.157651e-02
4.322038000000000046e+00   1.563010e-01   1.162531e-02
4.326749000000000400e+00   1.425720e-01   1.165231e-02
4.331459999999999866e+00   1.503908e-01   1.172099e-02
4.336171000000000220e+00   1.586593e-01   1.177994e-02
4.340882999999999825e+00   1.382588e-01   1.181355e-02
4.345594000000000179e+00   1.522901e-01   1.189043e-02
4.350304999999999644e+00   1.601058e-01   1.194546e-02
4.355015999999999998e+00   1.682160e-01   1.201741e-02
4.359727999999999604e+00   1.590736e-01   1.205591e-02
4.364438999999999957e+00   1.636275e-01   1.212254e-02
4.369150000000000311e+00   1.589489e-01   1.217088e-02
4.373860999999999777e+00   1.609899e-01   1.221919e-02
4.378573000000000270e+00   1.636257e-01   1.230093e-02
4.383283999999999736e+00   1.529503e-01   1.236016e-02
4.387995000000000090e+00   1.375649e-01   1.237101e-02
4.392706000000000444e+00   1.539947e-01   1.244902e-02
4.397418000000000049e+00   1.386870e-01   1.249359e-02
4.402129000000000403e+00   1.390706e-01   1.247987e-02
4.406839999999999868e+00   1.501880e-01   1.251399e-02
4.411551000000000222e+00   1.525355e-01   1.252186e-02
4.416262999999999828e+00   1.533415e-01   1.256141e-02
4.420974000000000181e+00   1.454738e-01   1.252939e-02
4.425684999999999647e+00   1.398774e-01   1.252050e-02
4.430396000000000001e+00   1.540578e-01   1.257319e-02
4.435107999999999606e+00   1.400559e-01   1.259250e-02
4.439818999999999960e+00   1.368682e-01   1.260192e-02
4.444530000000000314e+00   1.344702e-01   1.262499e-02
4.449240999999999779e+00   1.385792e-01   1.269330e-02
4.453953000000000273e+00   1.497485e-01   1.278052e-02
4.458663999999999739e+00   1.439088e-01   1.285734e-02
4.463375000000000092e+00   1.413010e-01   1.290658e-02
4.468086999999999698e+00   1.308422e-01   1.296249e-02
4.472798000000000052e+00   1.272044e-01   1.303843e-02
4.477509000000000405e+00   1.328941e-01   1.310155e-02
4.482219999999999871e+00   1.466102e-01   1.320730e-02
4.486932000000000365e+00   1.579230e-01   1.329855e-02
4.491642999999999830e+00   1.457317e-01   1.335977e-02
4.496354000000000184e+00   1.396307e-01   1.340220e-02
4.501064999999999650e+00   1.437676e-01   1.348074e-02
4.505777000000000143e+00   1.388763e-01   1.356894e-02
4.510487999999999609e+00   1.436619e-01   1.367012e-02
4.515198999999999963e+00   1.548483e-01   1.376974e-02
4.519910000000000316e+00   1.483351e-01   1.381812e-02
4.524621999999999922e+00   1.551538e-01   1.387366e-02
4.529333000000000276e+00   1.351804e-01   1.394403e-02
4.534043999999999741e+00   1.462822e-01   1.409075e-02
4.538755000000000095e+00   1.138147e-01   1.410192e-02
4.543466999999999700e+00   1.235823e-01   1.419223e-02
4.548178000000000054e+00   1.491875e-01   1.430844e-02
4.552889000000000408e+00   1.448630e-01   1.441254e-02
4.557599999999999874e+00   1.263923e-01   1.449356e-02
4.562312000000000367e+00   1.319755e-01   1.458284e-02
4.567022999999999833e+00   1.201025e-01   1.464016e-02
4.571734000000000187e+00   1.157340e-01   1.468918e-02
4.576444999999999652e+00   1.225745e-01   1.483010e-02
4.581157000000000146e+00   1.598488e-01   1.499812e-02
4.585867999999999611e+00   1.482619e-01   1.508545e-02
4.590578999999999965e+00   1.298058e-01   1.518744e-02
4.595290000000000319e+00   1.110492e-01   1.524760e-02
4.600001999999999924e+00   1.163870e-01   1.534472e-02
4.604713000000000278e+00   1.345638e-01   1.546173e-02
4.609423999999999744e+00   1.438662e-01   1.563063e-02
4.614135000000000097e+00   1.600400e-01   1.578560e-02
4.618846999999999703e+00   1.494470e-01   1.588490e-02
4.623558000000000057e+00   1.370291e-01   1.597716e-02
4.628269000000000410e+00   1.495457e-01   1.613527e-02
4.632979999999999876e+00   1.511579e-01   1.624245e-02
4.637692000000000370e+00   1.251691e-01   1.631965e-02
4.642402999999999835e+00   1.391366e-01   1.654178e-02
4.647114000000000189e+00   1.157884e-01   1.659258e-02
4.651825999999999794e+00   1.335373e-01   1.675796e-02
4.656537000000000148e+00   1.367954e-01   1.690957e-02
4.661247999999999614e+00   1.201852e-01   1.697924e-02
4.665958999999999968e+00   1.057104e-01   1.712728e-02
4.670670999999999573e+00   1.237874e-01   1.733136e-02
4.675381999999999927e+00   1.487857e-01   1.755446e-02
4.680093000000000281e+00   1.387804e-01   1.772041e-02
4.684803999999999746e+00   1.229362e-01   1.776903e-02
4.689516000000000240e+00   1.089414e-01   1.796933e-02
4.694226999999999705e+00   1.187146e-01   1.812147e-02
4.698938000000000059e+00   1.236907e-01   1.834211e-02
4.703649000000000413e+00   1.239755e-01   1.853230e-02
4.708361000000000018e+00   1.288909e-01   1.871463e-02
4.713072000000000372e+00   1.057351e-01   1.878706e-02
4.717782999999999838e+00   1.207367e-01   1.900374e-02
4.722494000000000192e+00   1.117144e-01   1.921179e-02
4.727205999999999797e+00   1.541935e-01   1.953165e-02
4.731917000000000151e+00   1.426331e-01   1.969399e-02
4.736627999999999616e+00   1.332444e-01   1.991134e-02
4.741338999999999970e+00   9.747198e-02   2.009051e-02
4.746050999999999576e+00   1.155305e-01   2.038283e-02
4.750761999999999929e+00   1.369936e-01   2.068422e-02
4.755473000000000283e+00   1.139012e-01   2.094054e-02
4.760183999999999749e+00   1.067430e-01   2.115676e-02
4.764896000000000242e+00   1.342004e-01   2.159993e-02
4.769606999999999708e+00   1.266577e-01   2.176674e-02
4.774318000000000062e+00   1.263645e-01   2.200368e-02
4.779029000000000416e+00   1.108384e-01   2.233519e-02
4.783741000000000021e+00   1.165278e-01   2.259041e-02
4.788452000000000375e+00   9.144255e-02   2.301471e-02
4.793162999999999840e+00   1.051383e-01   2.332061e-02
4.797874000000000194e+00   1.283209e-01   2.384744e-02
4.802585999999999800e+00   9.632856e-02   2.413415e-02
4.807297000000000153e+00   1.010088e-01   2.455275e-02
4.812007999999999619e+00   9.463425e-02   2.497651e-02
4.816718999999999973e+00   1.118778e-01   2.544178e-02
4.821430999999999578e+00   1.514739e-01   2.604374e-02
4.826141999999999932e+00   1.364252e-01   2.643369e-02
4.830853000000000286e+00   9.623542e-02   2.687061e-02
4.835564999999999891e+00   1.228159e-01   2.756477e-02
4.840276000000000245e+00   1.421898e-01   2.832965e-02
4.844986999999999711e+00   1.173346e-01   2.885069e-02
4.849698000000000064e+00   9.391261e-02   2.940449e-02
4.854409999999999670e+00   1.171371e-01   3.032243e-02
4.859121000000000024e+00   1.152811e-01   3.116428e-02
4.863832000000000377e+00   1.256381e-01   3.206545e-02
4.868542999999999843e+00   1.154508e-01   3.312831e-02
4.873255000000000337e+00   8.425531e-02   3.391940e-02
4.877965999999999802e+00   9.441150e-02   3.508295e-02
4.882677000000000156e+00   1.552014e-01   3.660372e-02
4.887387999999999622e+00   1.264009e-01   3.776287e-02
4.892100000000000115e+00   1.174542e-01   3.957725e-02
4.896810999999999581e+00   1.158748e-01   4.179435e-02
4.901521999999999935e+00   5.644500e-02   4.359915e-02
4.906233000000000288e+00   5.463927e-02   4.584983e-02
4.910944999999999894e+00   1.055983e-01   4.933306e-02
4.915656000000000247e+00   6.859110e-02   5.266770e-02
4.920366999999999713e+00   4.949795e-02   5.712860e-02
4.925078000000000067e+00   1.212929e-01   6.402584e-02
4.929789999999999672e+00   1.316504e-01   7.369541e-02
4.934501000000000026e+00   2.500456e-01   8.909354e-02
4.939212000000000380e+00   1.509764e-01   1.158572e-01
4.943922999999999845e+00   6.641948e-02   2.024929e-01