# [1]
# Sample c= 10.54 mg/ml
# Intensity scaled by concentration
# Buffer subtracted data file:
# Protein DatFile = /data/visitor/mx1908/bm29/20161119/giulio/1d/mM25_022_ave.dat
# Buffer DatFile = /data/visitor/mx1908/bm29/20161119/giulio/ednaSub/mM25_022_ave_averbuffer.dat
# 
# AutoRg: Rg   =   0.0000 +/- 0.00
# AutoRg: I(0) =   0.00 +/- 0.0000
# AutoRg: Points   0 to 0 ( 1 total)
# AutoRg: Quality: 0.0%
# 
# 
# Sample Information:
# Storage Temperature (degrees C): 20.0
# Measurement Temperature (degrees C): 20.02
# Concentration: 10.54
# Code: 
3.479420999999999903e-02   6.405882e-01   7.299868e-01
3.950545999999999919e-02  -4.581926e-01   2.848905e-01
4.421672000000000102e-02  -1.250674e+00   1.839102e-01
4.892798000000000286e-02  -2.056904e+00   1.394128e-01
5.363923000000000302e-02  -2.248854e+00   1.107434e-01
5.835048999999999791e-02  -2.396241e+00   8.997526e-02
6.306174999999999975e-02  -2.403310e+00   7.386062e-02
6.777299999999999991e-02  -2.371289e+00   6.209994e-02
7.248425999999999481e-02  -2.349716e+00   5.308159e-02
7.719552000000000358e-02  -2.293042e+00   4.613625e-02
8.190677000000000374e-02  -2.295301e+00   4.020528e-02
8.661802999999999864e-02  -2.303131e+00   3.545127e-02
9.132928999999999353e-02  -2.288658e+00   3.171965e-02
9.604053999999999369e-02  -2.308692e+00   2.866880e-02
1.007518000000000025e-01  -2.270181e+00   2.600917e-02
1.054631000000000041e-01  -2.192467e+00   2.371406e-02
1.101743000000000028e-01  -2.227144e+00   2.177638e-02
1.148856000000000044e-01  -2.210205e+00   2.010534e-02
1.195968000000000031e-01  -2.182789e+00   1.863636e-02
1.243081000000000047e-01  -2.144969e+00   1.740993e-02
1.290193000000000034e-01  -2.165315e+00   1.627976e-02
1.337306000000000050e-01  -2.138480e+00   1.533226e-02
1.384419000000000066e-01  -2.143047e+00   1.450581e-02
1.431531000000000053e-01  -2.125062e+00   1.371646e-02
1.478644000000000069e-01  -2.107553e+00   1.304249e-02
1.525756000000000057e-01  -2.095362e+00   1.245874e-02
1.572869000000000073e-01  -2.109858e+00   1.192188e-02
1.619981000000000060e-01  -2.080397e+00   1.141741e-02
1.667094000000000076e-01  -2.083372e+00   1.100465e-02
1.714206000000000063e-01  -2.066732e+00   1.061532e-02
1.761319000000000079e-01  -2.064331e+00   1.024465e-02
1.808432000000000095e-01  -2.053364e+00   9.908327e-03
1.855544000000000082e-01  -2.048633e+00   9.632193e-03
1.902657000000000098e-01  -2.046647e+00   9.346613e-03
1.949769000000000085e-01  -2.051210e+00   9.100849e-03
1.996882000000000101e-01  -2.047505e+00   8.843102e-03
2.043994000000000089e-01  -2.048112e+00   8.614805e-03
2.091107000000000105e-01  -2.042705e+00   8.422853e-03
2.138220000000000121e-01  -2.039374e+00   8.243272e-03
2.185332000000000108e-01  -2.041132e+00   8.065090e-03
2.232445000000000124e-01  -2.036868e+00   7.899525e-03
2.279557000000000111e-01  -2.031755e+00   7.770913e-03
2.326670000000000127e-01  -2.030447e+00   7.607640e-03
2.373782000000000114e-01  -2.011653e+00   7.483396e-03
2.420895000000000130e-01  -2.014084e+00   7.335532e-03
2.468007000000000117e-01  -2.014236e+00   7.219930e-03
2.515120000000000133e-01  -2.014434e+00   7.114012e-03
2.562232999999999872e-01  -2.008285e+00   7.006962e-03
2.609345000000000137e-01  -2.016177e+00   6.898312e-03
2.656457999999999875e-01  -2.018365e+00   6.792549e-03
2.703570000000000140e-01  -2.027453e+00   6.690320e-03
2.750682999999999878e-01  -2.021610e+00   6.617064e-03
2.797795000000000143e-01  -2.006167e+00   6.526989e-03
2.844907999999999881e-01  -2.002602e+00   6.444809e-03
2.892021000000000175e-01  -1.998628e+00   6.383427e-03
2.939132999999999885e-01  -2.007318e+00   6.319058e-03
2.986246000000000178e-01  -2.010067e+00   6.234874e-03
3.033357999999999888e-01  -2.010881e+00   6.158870e-03
3.080471000000000181e-01  -2.005304e+00   6.087011e-03
3.127582999999999891e-01  -1.996697e+00   6.028211e-03
3.174696000000000184e-01  -2.003389e+00   5.974087e-03
3.221808999999999923e-01  -1.998929e+00   5.908312e-03
3.268921000000000188e-01  -1.999532e+00   5.867777e-03
3.316033999999999926e-01  -2.010712e+00   5.815156e-03
3.363146000000000191e-01  -2.016324e+00   5.853077e-03
3.410258999999999929e-01  -2.017117e+00   5.900344e-03
3.457371000000000194e-01  -2.014403e+00   5.910939e-03
3.504483999999999932e-01  -2.016479e+00   5.981589e-03
3.551596000000000197e-01  -2.004910e+00   6.093649e-03
3.598708999999999936e-01  -2.008487e+00   6.168610e-03
3.645822000000000229e-01  -2.011793e+00   6.219693e-03
3.692933999999999939e-01  -2.003581e+00   6.263361e-03
3.740047000000000232e-01  -2.002079e+00   6.302504e-03
3.787158999999999942e-01  -2.004828e+00   6.325265e-03
3.834272000000000236e-01  -2.003580e+00   6.364108e-03
3.881383999999999945e-01  -2.019553e+00   6.390750e-03
3.928497000000000239e-01  -2.016110e+00   6.542807e-03
3.975609999999999977e-01  -2.009985e+00   6.721413e-03
4.022722000000000242e-01  -2.012631e+00   6.859484e-03
4.069834999999999980e-01  -2.009918e+00   7.011909e-03
4.116947000000000245e-01  -2.009446e+00   7.112754e-03
4.164059999999999984e-01  -2.010011e+00   7.196307e-03
4.211172000000000248e-01  -2.019148e+00   7.326247e-03
4.258284999999999987e-01  -2.015401e+00   7.405531e-03
4.305397000000000252e-01  -2.011498e+00   7.512644e-03
4.352509999999999990e-01  -2.001779e+00   7.614715e-03
4.399622999999999728e-01  -1.999360e+00   7.736866e-03
4.446734999999999993e-01  -2.008918e+00   7.872021e-03
4.493847999999999732e-01  -2.011836e+00   7.967144e-03
4.540959999999999996e-01  -2.008881e+00   8.026027e-03
4.588072999999999735e-01  -2.009855e+00   7.763841e-03
4.635185000000000000e-01  -2.006770e+00   7.547511e-03
4.682297999999999738e-01  -2.011601e+00   7.437706e-03
4.729411000000000032e-01  -2.012350e+00   7.347864e-03
4.776522999999999741e-01  -2.004170e+00   7.280693e-03
4.823636000000000035e-01  -2.002689e+00   7.239973e-03
4.870747999999999744e-01  -1.999938e+00   7.189696e-03
4.917861000000000038e-01  -2.003857e+00   7.147358e-03
4.964972999999999748e-01  -2.001987e+00   7.069864e-03
5.012086000000000041e-01  -2.000648e+00   7.043492e-03
5.059198999999999780e-01  -2.009288e+00   7.018739e-03
5.106311000000000044e-01  -1.993262e+00   6.979665e-03
5.153423999999999783e-01  -1.986550e+00   6.945730e-03
5.200536000000000048e-01  -1.989984e+00   6.893834e-03
5.247648999999999786e-01  -1.995668e+00   6.826637e-03
5.294761000000000051e-01  -1.991013e+00   6.804626e-03
5.341873999999999789e-01  -1.992038e+00   6.748051e-03
5.388986000000000054e-01  -1.997671e+00   6.680576e-03
5.436098999999999792e-01  -1.990821e+00   6.635337e-03
5.483211999999999531e-01  -1.984585e+00   6.605484e-03
5.530323999999999796e-01  -1.996872e+00   6.553798e-03
5.577436999999999534e-01  -1.987858e+00   6.520423e-03
5.624548999999999799e-01  -1.990354e+00   6.459443e-03
5.671661999999999537e-01  -2.003610e+00   6.445308e-03
5.718773999999999802e-01  -1.999223e+00   6.419310e-03
5.765886999999999540e-01  -1.988169e+00   6.400693e-03
5.813000000000000389e-01  -1.985493e+00   6.381075e-03
5.860111999999999544e-01  -1.975794e+00   6.376637e-03
5.907225000000000392e-01  -1.983859e+00   6.350049e-03
5.954336999999999547e-01  -1.988547e+00   6.339807e-03
6.001450000000000395e-01  -1.994127e+00   6.320380e-03
6.048561999999999550e-01  -1.984822e+00   6.302411e-03
6.095675000000000399e-01  -1.985182e+00   6.295108e-03
6.142788000000000137e-01  -1.996208e+00   6.282007e-03
6.189900000000000402e-01  -1.988994e+00   6.253603e-03
6.237013000000000140e-01  -1.988423e+00   6.233553e-03
6.284125000000000405e-01  -1.989771e+00   6.232756e-03
6.331238000000000143e-01  -1.987809e+00   6.206893e-03
6.378350000000000408e-01  -2.002905e+00   6.181627e-03
6.425463000000000147e-01  -1.993303e+00   6.176947e-03
6.472575000000000411e-01  -1.979973e+00   6.167435e-03
6.519688000000000150e-01  -1.991806e+00   6.150827e-03
6.566800999999999888e-01  -2.002246e+00   6.133290e-03
6.613913000000000153e-01  -1.990375e+00   6.129666e-03
6.661025999999999891e-01  -1.992468e+00   6.114219e-03
6.708138000000000156e-01  -1.992710e+00   6.083112e-03
6.755250999999999895e-01  -1.997636e+00   6.062603e-03
6.802363000000000159e-01  -1.984496e+00   6.061475e-03
6.849475999999999898e-01  -1.989424e+00   6.036410e-03
6.896588999999999636e-01  -1.983932e+00   6.025920e-03
6.943700999999999901e-01  -1.991774e+00   6.016637e-03
6.990813999999999639e-01  -1.979781e+00   6.007402e-03
7.037925999999999904e-01  -1.987697e+00   5.984566e-03
7.085038999999999643e-01  -1.986652e+00   5.982383e-03
7.132150999999999907e-01  -1.981423e+00   5.969493e-03
7.179263999999999646e-01  -1.992694e+00   5.955577e-03
7.226375999999999911e-01  -1.998114e+00   5.943208e-03
7.273488999999999649e-01  -1.993149e+00   5.926140e-03
7.320602000000000498e-01  -1.989898e+00   5.905634e-03
7.367713999999999652e-01  -1.987497e+00   5.897832e-03
7.414827000000000501e-01  -1.983462e+00   5.892533e-03
7.461938999999999655e-01  -1.982552e+00   5.888544e-03
7.509052000000000504e-01  -1.990723e+00   5.849151e-03
7.556163999999999659e-01  -1.993138e+00   5.833445e-03
7.603277000000000507e-01  -1.994671e+00   5.837578e-03
7.650390000000000246e-01  -1.993657e+00   5.826494e-03
7.697502000000000510e-01  -1.981088e+00   5.807477e-03
7.744615000000000249e-01  -1.987446e+00   5.779270e-03
7.791727000000000514e-01  -1.998429e+00   5.781069e-03
7.838840000000000252e-01  -1.989174e+00   5.764748e-03
7.885952000000000517e-01  -1.987606e+00   5.764728e-03
7.933065000000000255e-01  -1.992532e+00   5.759262e-03
7.980177999999999994e-01  -1.985729e+00   5.747507e-03
8.027290000000000258e-01  -1.983470e+00   5.737081e-03
8.074402999999999997e-01  -1.985036e+00   5.725657e-03
8.121515000000000262e-01  -1.987687e+00   5.710280e-03
8.168628000000000000e-01  -1.983899e+00   5.701404e-03
8.215740000000000265e-01  -1.990874e+00   5.671540e-03
8.262853000000000003e-01  -1.989258e+00   5.670889e-03
8.309965000000000268e-01  -1.994534e+00   5.661538e-03
8.357078000000000007e-01  -1.982646e+00   5.650666e-03
8.404190999999999745e-01  -1.983969e+00   5.636524e-03
8.451303000000000010e-01  -1.980885e+00   5.636143e-03
8.498415999999999748e-01  -1.971530e+00   5.617518e-03
8.545528000000000013e-01  -1.976744e+00   5.608663e-03
8.592640999999999751e-01  -1.985956e+00   5.593832e-03
8.639753000000000016e-01  -1.983235e+00   5.570666e-03
8.686865999999999755e-01  -1.981377e+00   5.561861e-03
8.733978999999999493e-01  -1.978534e+00   5.565034e-03
8.781090999999999758e-01  -1.985794e+00   5.551172e-03
8.828203999999999496e-01  -1.984408e+00   5.534107e-03
8.875315999999999761e-01  -1.981331e+00   5.517751e-03
8.922428999999999499e-01  -1.983384e+00   5.526889e-03
8.969540999999999764e-01  -1.984043e+00   5.515784e-03
9.016653999999999503e-01  -1.978568e+00   5.502915e-03
9.063767000000000351e-01  -1.984315e+00   5.482822e-03
9.110878999999999506e-01  -1.974971e+00   5.472312e-03
9.157992000000000354e-01  -1.981083e+00   5.470369e-03
9.205103999999999509e-01  -1.980784e+00   5.453772e-03
9.252217000000000358e-01  -1.978428e+00   5.443335e-03
9.299328999999999512e-01  -1.977999e+00   5.428889e-03
9.346442000000000361e-01  -1.979915e+00   5.424341e-03
9.393553999999999515e-01  -1.980863e+00   5.411840e-03
9.440667000000000364e-01  -1.980886e+00   5.407933e-03
9.487780000000000102e-01  -1.980735e+00   5.394225e-03
9.534892000000000367e-01  -1.980663e+00   5.382006e-03
9.582005000000000106e-01  -1.982241e+00   5.380754e-03
9.629117000000000370e-01  -1.974224e+00   5.365988e-03
9.676230000000000109e-01  -1.985215e+00   5.349633e-03
9.723342000000000374e-01  -1.985302e+00   5.337482e-03
9.770455000000000112e-01  -1.981558e+00   5.336186e-03
9.817567999999999850e-01  -1.986582e+00   5.332386e-03
9.864680000000000115e-01  -1.976089e+00   5.325058e-03
9.911792999999999854e-01  -1.975187e+00   5.303854e-03
9.958905000000000118e-01  -1.980429e+00   5.302761e-03
1.000601999999999991e+00  -1.975325e+00   5.291603e-03
1.005312999999999901e+00  -1.978418e+00   5.272233e-03
1.010024000000000033e+00  -1.969195e+00   5.266191e-03
1.014736000000000082e+00  -1.976655e+00   5.271762e-03
1.019446999999999992e+00  -1.981081e+00   5.263535e-03
1.024157999999999902e+00  -1.981533e+00   5.242947e-03
1.028869000000000034e+00  -1.980946e+00   5.230849e-03
1.033581000000000083e+00  -1.977121e+00   5.226762e-03
1.038291999999999993e+00  -1.977280e+00   5.219534e-03
1.043002999999999902e+00  -1.973959e+00   5.221467e-03
1.047714000000000034e+00  -1.975550e+00   5.206367e-03
1.052426000000000084e+00  -1.971795e+00   5.190391e-03
1.057136999999999993e+00  -1.978213e+00   5.186752e-03
1.061847999999999903e+00  -1.973012e+00   5.172935e-03
1.066559000000000035e+00  -1.967973e+00   5.158299e-03
1.071271000000000084e+00  -1.973543e+00   5.148621e-03
1.075981999999999994e+00  -1.976877e+00   5.137231e-03
1.080692999999999904e+00  -1.976612e+00   5.137498e-03
1.085404000000000035e+00  -1.975905e+00   5.142340e-03
1.090116000000000085e+00  -1.975331e+00   5.124024e-03
1.094826999999999995e+00  -1.978241e+00   5.111258e-03
1.099537999999999904e+00  -1.977938e+00   5.108621e-03
1.104249000000000036e+00  -1.969622e+00   5.098492e-03
1.108961000000000086e+00  -1.977228e+00   5.087819e-03
1.113671999999999995e+00  -1.979047e+00   5.077140e-03
1.118382999999999905e+00  -1.976126e+00   5.085186e-03
1.123094000000000037e+00  -1.975028e+00   5.067890e-03
1.127806000000000086e+00  -1.972438e+00   5.053201e-03
1.132516999999999996e+00  -1.971797e+00   5.043883e-03
1.137227999999999906e+00  -1.975859e+00   5.040834e-03
1.141939000000000037e+00  -1.968911e+00   5.027235e-03
1.146651000000000087e+00  -1.969665e+00   5.032915e-03
1.151361999999999997e+00  -1.975225e+00   5.017186e-03
1.156072999999999906e+00  -1.969046e+00   5.010797e-03
1.160784000000000038e+00  -1.970467e+00   5.000420e-03
1.165496000000000087e+00  -1.969303e+00   4.990784e-03
1.170206999999999997e+00  -1.974394e+00   4.982354e-03
1.174917999999999907e+00  -1.977122e+00   4.981998e-03
1.179629999999999956e+00  -1.972939e+00   4.967937e-03
1.184341000000000088e+00  -1.979899e+00   4.967243e-03
1.189051999999999998e+00  -1.973457e+00   4.967271e-03
1.193762999999999908e+00  -1.977245e+00   4.967932e-03
1.198474999999999957e+00  -1.983425e+00   5.076549e-03
1.203186000000000089e+00  -1.978856e+00   5.198977e-03
1.207896999999999998e+00  -1.981151e+00   5.280306e-03
1.212607999999999908e+00  -1.972938e+00   5.360281e-03
1.217319999999999958e+00  -1.971278e+00   5.422806e-03
1.222031000000000089e+00  -1.969651e+00   5.468761e-03
1.226741999999999999e+00  -1.972524e+00   5.516009e-03
1.231452999999999909e+00  -1.975623e+00   5.571689e-03
1.236164999999999958e+00  -1.969010e+00   5.617086e-03
1.240876000000000090e+00  -1.961571e+00   5.667974e-03
1.245587000000000000e+00  -1.968871e+00   5.692876e-03
1.250297999999999909e+00  -1.972343e+00   5.702261e-03
1.255009999999999959e+00  -1.971069e+00   5.716108e-03
1.259721000000000091e+00  -1.973942e+00   5.722874e-03
1.264432000000000000e+00  -1.994420e+00   5.525228e-03
1.269142999999999910e+00  -1.982374e+00   5.387700e-03
1.273854999999999960e+00  -1.981237e+00   5.288288e-03
1.278566000000000091e+00  -1.978472e+00   5.226237e-03
1.283277000000000001e+00  -1.981534e+00   5.178955e-03
1.287987999999999911e+00  -1.977469e+00   5.127322e-03
1.292699999999999960e+00  -1.974589e+00   5.072340e-03
1.297411000000000092e+00  -1.973984e+00   5.029010e-03
1.302122000000000002e+00  -1.971983e+00   4.992461e-03
1.306832999999999911e+00  -1.964158e+00   4.976461e-03
1.311544999999999961e+00  -1.966306e+00   4.964791e-03
1.316256000000000093e+00  -1.976308e+00   4.954112e-03
1.320967000000000002e+00  -1.969877e+00   4.942992e-03
1.325677999999999912e+00  -1.968991e+00   4.923047e-03
1.330389999999999961e+00  -1.969716e+00   4.902246e-03
1.335101000000000093e+00  -1.976291e+00   4.897132e-03
1.339812000000000003e+00  -1.973536e+00   4.881022e-03
1.344522999999999913e+00  -1.967712e+00   4.879216e-03
1.349234999999999962e+00  -1.971391e+00   4.869362e-03
1.353946000000000094e+00  -1.979085e+00   4.860330e-03
1.358657000000000004e+00  -1.973754e+00   4.845596e-03
1.363369000000000053e+00  -1.970337e+00   4.836685e-03
1.368079999999999963e+00  -1.963260e+00   4.831595e-03
1.372791000000000095e+00  -1.971723e+00   4.825696e-03
1.377502000000000004e+00  -1.969712e+00   4.818829e-03
1.382214000000000054e+00  -1.970949e+00   4.804143e-03
1.386924999999999963e+00  -1.968648e+00   4.799479e-03
1.391636000000000095e+00  -1.963360e+00   4.785938e-03
1.396347000000000005e+00  -1.962722e+00   4.779341e-03
1.401059000000000054e+00  -1.965098e+00   4.774965e-03
1.405769999999999964e+00  -1.964535e+00   4.767939e-03
1.410481000000000096e+00  -1.974823e+00   4.765136e-03
1.415192000000000005e+00  -1.964283e+00   4.761541e-03
1.419904000000000055e+00  -1.966319e+00   4.746503e-03
1.424614999999999965e+00  -1.967143e+00   4.740320e-03
1.429326000000000096e+00  -1.964726e+00   4.734322e-03
1.434037000000000006e+00  -1.966088e+00   4.730771e-03
1.438749000000000056e+00  -1.966364e+00   4.718096e-03
1.443459999999999965e+00  -1.967963e+00   4.701911e-03
1.448171000000000097e+00  -1.965485e+00   4.702527e-03
1.452882000000000007e+00  -1.962892e+00   4.699046e-03
1.457594000000000056e+00  -1.965509e+00   4.690514e-03
1.462304999999999966e+00  -1.965034e+00   4.675274e-03
1.467016000000000098e+00  -1.966825e+00   4.664838e-03
1.471727000000000007e+00  -1.962212e+00   4.662664e-03
1.476439000000000057e+00  -1.961984e+00   4.662595e-03
1.481149999999999967e+00  -1.964372e+00   4.654960e-03
1.485861000000000098e+00  -1.963090e+00   4.647223e-03
1.490572000000000008e+00  -1.968364e+00   4.637924e-03
1.495284000000000058e+00  -1.966676e+00   4.632662e-03
1.499994999999999967e+00  -1.963924e+00   4.626184e-03
1.504706000000000099e+00  -1.968890e+00   4.614461e-03
1.509417000000000009e+00  -1.966212e+00   4.611678e-03
1.514129000000000058e+00  -1.981506e+00   4.632158e-03
1.518839999999999968e+00  -1.972652e+00   4.757135e-03
1.523551000000000100e+00  -1.972107e+00   4.852696e-03
1.528262999999999927e+00  -1.972649e+00   4.919486e-03
1.532974000000000059e+00  -1.981359e+00   4.982688e-03
1.537684999999999969e+00  -1.969338e+00   5.020960e-03
1.542396000000000100e+00  -1.968421e+00   5.022164e-03
1.547107999999999928e+00  -1.980773e+00   4.896912e-03
1.551819000000000059e+00  -1.981766e+00   4.846303e-03
1.556529999999999969e+00  -1.972117e+00   4.784165e-03
1.561241000000000101e+00  -1.970849e+00   4.745485e-03
1.565952999999999928e+00  -1.962641e+00   4.700765e-03
1.570664000000000060e+00  -1.972243e+00   4.654902e-03
1.575374999999999970e+00  -1.973096e+00   4.597357e-03
1.580086000000000102e+00  -1.963787e+00   4.557081e-03
1.584797999999999929e+00  -1.954192e+00   4.537415e-03
1.589509000000000061e+00  -1.952516e+00   4.531083e-03
1.594219999999999970e+00  -1.955520e+00   4.533411e-03
1.598931000000000102e+00  -1.956061e+00   4.534187e-03
1.603642999999999930e+00  -1.960165e+00   4.535461e-03
1.608354000000000061e+00  -1.956179e+00   4.550562e-03
1.613064999999999971e+00  -1.957670e+00   4.548651e-03
1.617776000000000103e+00  -1.960882e+00   4.530355e-03
1.622487999999999930e+00  -1.957920e+00   4.526052e-03
1.627199000000000062e+00  -1.956893e+00   4.518823e-03
1.631909999999999972e+00  -1.960657e+00   4.512822e-03
1.636621000000000103e+00  -1.959522e+00   4.507853e-03
1.641332999999999931e+00  -1.956684e+00   4.498189e-03
1.646044000000000063e+00  -1.957820e+00   4.493179e-03
1.650754999999999972e+00  -1.953308e+00   4.489082e-03
1.655466000000000104e+00  -1.959639e+00   4.477616e-03
1.660177999999999932e+00  -1.962703e+00   4.475677e-03
1.664889000000000063e+00  -1.957643e+00   4.469241e-03
1.669599999999999973e+00  -1.959746e+00   4.464658e-03
1.674311000000000105e+00  -1.958007e+00   4.454682e-03
1.679022999999999932e+00  -1.952204e+00   4.439149e-03
1.683734000000000064e+00  -1.951666e+00   4.435488e-03
1.688444999999999974e+00  -1.952735e+00   4.437979e-03
1.693156000000000105e+00  -1.950828e+00   4.428217e-03
1.697867999999999933e+00  -1.956886e+00   4.426073e-03
1.702579000000000065e+00  -1.948853e+00   4.413900e-03
1.707289999999999974e+00  -1.959276e+00   4.406649e-03
1.712002000000000024e+00  -1.952759e+00   4.403984e-03
1.716712999999999933e+00  -1.954963e+00   4.396703e-03
1.721424000000000065e+00  -1.960341e+00   4.394682e-03
1.726134999999999975e+00  -1.954659e+00   4.391430e-03
1.730847000000000024e+00  -1.954751e+00   4.376548e-03
1.735557999999999934e+00  -1.952628e+00   4.371359e-03
1.740269000000000066e+00  -1.957834e+00   4.360197e-03
1.744979999999999976e+00  -1.963080e+00   4.364279e-03
1.749692000000000025e+00  -1.954438e+00   4.355556e-03
1.754402999999999935e+00  -1.956127e+00   4.347184e-03
1.759114000000000066e+00  -1.957005e+00   4.343874e-03
1.763824999999999976e+00  -1.954837e+00   4.338008e-03
1.768537000000000026e+00  -1.954616e+00   4.338275e-03
1.773247999999999935e+00  -1.957018e+00   4.328128e-03
1.777959000000000067e+00  -1.956116e+00   4.326574e-03
1.782669999999999977e+00  -1.948138e+00   4.318919e-03
1.787382000000000026e+00  -1.948043e+00   4.319661e-03
1.792092999999999936e+00  -1.955035e+00   4.303652e-03
1.796804000000000068e+00  -1.953297e+00   4.303493e-03
1.801514999999999977e+00  -1.952107e+00   4.296754e-03
1.806227000000000027e+00  -1.944915e+00   4.293821e-03
1.810937999999999937e+00  -1.954681e+00   4.289008e-03
1.815649000000000068e+00  -1.957030e+00   4.278872e-03
1.820359999999999978e+00  -1.954173e+00   4.277784e-03
1.825072000000000028e+00  -1.943492e+00   4.275642e-03
1.829782999999999937e+00  -1.949169e+00   4.269479e-03
1.834494000000000069e+00  -1.954197e+00   4.258129e-03
1.839204999999999979e+00  -1.950876e+00   4.259615e-03
1.843917000000000028e+00  -1.946954e+00   4.254581e-03
1.848627999999999938e+00  -1.951853e+00   4.242559e-03
1.853339000000000070e+00  -1.945185e+00   4.233827e-03
1.858049999999999979e+00  -1.948903e+00   4.238232e-03
1.862762000000000029e+00  -1.953497e+00   4.232231e-03
1.867472999999999939e+00  -1.943398e+00   4.228374e-03
1.872184000000000070e+00  -1.942478e+00   4.220117e-03
1.876894999999999980e+00  -1.941764e+00   4.210868e-03
1.881607000000000030e+00  -1.951438e+00   4.206523e-03
1.886317999999999939e+00  -1.953069e+00   4.200999e-03
1.891029000000000071e+00  -1.948048e+00   4.197222e-03
1.895740999999999898e+00  -1.951361e+00   4.199453e-03
1.900452000000000030e+00  -1.953952e+00   4.193273e-03
1.905162999999999940e+00  -1.950298e+00   4.187989e-03
1.909874000000000072e+00  -1.945429e+00   4.177350e-03
1.914585999999999899e+00  -1.947481e+00   4.167374e-03
1.919297000000000031e+00  -1.943661e+00   4.167773e-03
1.924007999999999940e+00  -1.939900e+00   4.161049e-03
1.928719000000000072e+00  -1.943290e+00   4.156311e-03
1.933430999999999900e+00  -1.946223e+00   4.149664e-03
1.938142000000000031e+00  -1.942182e+00   4.135926e-03
1.942852999999999941e+00  -1.942472e+00   4.128470e-03
1.947564000000000073e+00  -1.948745e+00   4.115852e-03
1.952275999999999900e+00  -1.940507e+00   4.103474e-03
1.956987000000000032e+00  -1.944252e+00   4.100235e-03
1.961697999999999942e+00  -1.943171e+00   4.095299e-03
1.966409000000000074e+00  -1.938615e+00   4.093571e-03
1.971120999999999901e+00  -1.939266e+00   4.095485e-03
1.975832000000000033e+00  -1.940842e+00   4.098523e-03
1.980542999999999942e+00  -1.940370e+00   4.101272e-03
1.985254000000000074e+00  -1.943400e+00   4.096994e-03
1.989965999999999902e+00  -1.945945e+00   4.091812e-03
1.994677000000000033e+00  -1.946833e+00   4.089323e-03
1.999387999999999943e+00  -1.951592e+00   4.100214e-03
2.004099000000000075e+00  -1.957045e+00   4.194128e-03
2.008811000000000124e+00  -1.955636e+00   4.289064e-03
2.013522000000000034e+00  -1.943729e+00   4.342500e-03
2.018232999999999944e+00  -1.947641e+00   4.395523e-03
2.022943999999999853e+00  -1.946206e+00   4.433197e-03
2.027655999999999903e+00  -1.941708e+00   4.481729e-03
2.032366999999999813e+00  -1.940121e+00   4.500013e-03
2.037078000000000166e+00  -1.939789e+00   4.507559e-03
2.041789000000000076e+00  -1.938213e+00   4.534276e-03
2.046501000000000126e+00  -1.937444e+00   4.546363e-03
2.051212000000000035e+00  -1.938428e+00   4.553482e-03
2.055922999999999945e+00  -1.936638e+00   4.559338e-03
2.060633999999999855e+00  -1.937484e+00   4.576831e-03
2.065345999999999904e+00  -1.943744e+00   4.566270e-03
2.070056999999999814e+00  -1.958841e+00   4.427948e-03
2.074768000000000168e+00  -1.950611e+00   4.345726e-03
2.079480000000000217e+00  -1.949908e+00   4.281138e-03
2.084191000000000127e+00  -1.950034e+00   4.240385e-03
2.088902000000000037e+00  -1.942581e+00   4.200668e-03
2.093612999999999946e+00  -1.946236e+00   4.166255e-03
2.098324999999999996e+00  -1.945040e+00   4.151069e-03
2.103035999999999905e+00  -1.943237e+00   4.140956e-03
2.107746999999999815e+00  -1.939657e+00   4.130473e-03
2.112458000000000169e+00  -1.943127e+00   4.122237e-03
2.117170000000000218e+00  -1.938568e+00   4.117108e-03
2.121881000000000128e+00  -1.946113e+00   4.103012e-03
2.126592000000000038e+00  -1.941476e+00   4.092336e-03
2.131302999999999948e+00  -1.939626e+00   4.089745e-03
2.136014999999999997e+00  -1.934805e+00   4.081383e-03
2.140725999999999907e+00  -1.936158e+00   4.072575e-03
2.145436999999999816e+00  -1.934061e+00   4.065428e-03
2.150148000000000170e+00  -1.938051e+00   4.062594e-03
2.154860000000000220e+00  -1.935447e+00   4.053618e-03
2.159571000000000129e+00  -1.935364e+00   4.047794e-03
2.164282000000000039e+00  -1.938443e+00   4.041852e-03
2.168992999999999949e+00  -1.938269e+00   4.031510e-03
2.173704999999999998e+00  -1.933183e+00   4.029090e-03
2.178415999999999908e+00  -1.935448e+00   4.015700e-03
2.183126999999999818e+00  -1.926563e+00   4.012632e-03
2.187838000000000171e+00  -1.937955e+00   4.010973e-03
2.192550000000000221e+00  -1.934348e+00   4.000663e-03
2.197261000000000131e+00  -1.925026e+00   3.997213e-03
2.201972000000000040e+00  -1.927791e+00   3.990768e-03
2.206682999999999950e+00  -1.923564e+00   3.991192e-03
2.211395000000000000e+00  -1.927593e+00   3.983434e-03
2.216105999999999909e+00  -1.933704e+00   3.984094e-03
2.220816999999999819e+00  -1.932860e+00   3.977043e-03
2.225528000000000173e+00  -1.934789e+00   3.975059e-03
2.230239999999999778e+00  -1.934596e+00   3.962772e-03
2.234951000000000132e+00  -1.936584e+00   3.957406e-03
2.239662000000000042e+00  -1.932641e+00   3.952055e-03
2.244372999999999951e+00  -1.927397e+00   3.944852e-03
2.249085000000000001e+00  -1.929371e+00   3.946222e-03
2.253795999999999911e+00  -1.932269e+00   3.938607e-03
2.258506999999999820e+00  -1.932449e+00   3.929955e-03
2.263218999999999870e+00  -1.931592e+00   3.926432e-03
2.267929999999999779e+00  -1.932483e+00   3.926745e-03
2.272641000000000133e+00  -1.933181e+00   3.918190e-03
2.277352000000000043e+00  -1.928238e+00   3.913235e-03
2.282064000000000092e+00  -1.930677e+00   3.908656e-03
2.286775000000000002e+00  -1.924607e+00   3.908162e-03
2.291485999999999912e+00  -1.924826e+00   3.895834e-03
2.296196999999999822e+00  -1.930913e+00   3.898508e-03
2.300908999999999871e+00  -1.929493e+00   3.891929e-03
2.305619999999999781e+00  -1.926723e+00   3.887486e-03
2.310331000000000135e+00  -1.928635e+00   3.880371e-03
2.315042000000000044e+00  -1.927656e+00   3.877529e-03
2.319754000000000094e+00  -1.924378e+00   3.870832e-03
2.324465000000000003e+00  -1.927782e+00   3.871228e-03
2.329175999999999913e+00  -1.925571e+00   3.868952e-03
2.333886999999999823e+00  -1.921797e+00   3.856715e-03
2.338598999999999872e+00  -1.927937e+00   3.853974e-03
2.343309999999999782e+00  -1.932608e+00   3.850365e-03
2.348021000000000136e+00  -1.929434e+00   3.848836e-03
2.352732000000000046e+00  -1.930424e+00   3.849381e-03
2.357444000000000095e+00  -1.926866e+00   3.849122e-03
2.362155000000000005e+00  -1.926842e+00   3.844059e-03
2.366865999999999914e+00  -1.922381e+00   3.831380e-03
2.371576999999999824e+00  -1.923586e+00   3.823399e-03
2.376288999999999874e+00  -1.919670e+00   3.826727e-03
2.380999999999999783e+00  -1.922100e+00   3.826933e-03
2.385711000000000137e+00  -1.919919e+00   3.814270e-03
2.390422000000000047e+00  -1.923105e+00   3.811165e-03
2.395134000000000096e+00  -1.922641e+00   3.809113e-03
2.399845000000000006e+00  -1.927455e+00   3.802759e-03
2.404555999999999916e+00  -1.918369e+00   3.801474e-03
2.409266999999999825e+00  -1.923456e+00   3.803109e-03
2.413978999999999875e+00  -1.926154e+00   3.791751e-03
2.418689999999999785e+00  -1.920265e+00   3.783149e-03
2.423401000000000138e+00  -1.916560e+00   3.785831e-03
2.428112000000000048e+00  -1.920305e+00   3.785279e-03
2.432824000000000098e+00  -1.926847e+00   3.777737e-03
2.437535000000000007e+00  -1.927026e+00   3.778424e-03
2.442245999999999917e+00  -1.926159e+00   3.773119e-03
2.446957999999999966e+00  -1.922999e+00   3.767369e-03
2.451668999999999876e+00  -1.917868e+00   3.760085e-03
2.456379999999999786e+00  -1.921460e+00   3.758886e-03
2.461091000000000140e+00  -1.922557e+00   3.757929e-03
2.465803000000000189e+00  -1.919250e+00   3.754692e-03
2.470514000000000099e+00  -1.917020e+00   3.751536e-03
2.475225000000000009e+00  -1.919279e+00   3.742501e-03
2.479935999999999918e+00  -1.918693e+00   3.740658e-03
2.484647999999999968e+00  -1.919031e+00   3.739738e-03
2.489358999999999877e+00  -1.923245e+00   3.732518e-03
2.494069999999999787e+00  -1.916678e+00   3.726877e-03
2.498781000000000141e+00  -1.918594e+00   3.724930e-03
2.503493000000000190e+00  -1.917337e+00   3.722354e-03
2.508204000000000100e+00  -1.918264e+00   3.715334e-03
2.512915000000000010e+00  -1.920715e+00   3.710236e-03
2.517625999999999920e+00  -1.921408e+00   3.702605e-03
2.522337999999999969e+00  -1.917387e+00   3.694576e-03
2.527048999999999879e+00  -1.917096e+00   3.687764e-03
2.531759999999999788e+00  -1.917679e+00   3.681886e-03
2.536471000000000142e+00  -1.915839e+00   3.684954e-03
2.541183000000000192e+00  -1.918585e+00   3.684859e-03
2.545894000000000101e+00  -1.916154e+00   3.678587e-03
2.550605000000000011e+00  -1.916112e+00   3.667775e-03
2.555315999999999921e+00  -1.909968e+00   3.662394e-03
2.560027999999999970e+00  -1.913619e+00   3.661410e-03
2.564738999999999880e+00  -1.916129e+00   3.660186e-03
2.569449999999999790e+00  -1.912669e+00   3.665650e-03
2.574161000000000143e+00  -1.915655e+00   3.662025e-03
2.578873000000000193e+00  -1.915797e+00   3.663394e-03
2.583584000000000103e+00  -1.922553e+00   3.663633e-03
2.588295000000000012e+00  -1.918576e+00   3.654921e-03
2.593005999999999922e+00  -1.918691e+00   3.652109e-03
2.597717999999999972e+00  -1.916236e+00   3.649423e-03
2.602428999999999881e+00  -1.912005e+00   3.640459e-03
2.607139999999999791e+00  -1.914026e+00   3.647204e-03
2.611851000000000145e+00  -1.918689e+00   3.643823e-03
2.616563000000000194e+00  -1.912921e+00   3.639981e-03
2.621274000000000104e+00  -1.913026e+00   3.633667e-03
2.625985000000000014e+00  -1.910830e+00   3.633178e-03
2.630697000000000063e+00  -1.913546e+00   3.630466e-03
2.635407999999999973e+00  -1.914835e+00   3.634634e-03
2.640118999999999883e+00  -1.916090e+00   3.629405e-03
2.644829999999999792e+00  -1.916420e+00   3.615379e-03
2.649541999999999842e+00  -1.916013e+00   3.616938e-03
2.654253000000000196e+00  -1.910897e+00   3.611849e-03
2.658964000000000105e+00  -1.913344e+00   3.604250e-03
2.663675000000000015e+00  -1.911447e+00   3.608229e-03
2.668387000000000064e+00  -1.913888e+00   3.606430e-03
2.673097999999999974e+00  -1.914578e+00   3.602018e-03
2.677808999999999884e+00  -1.909679e+00   3.602836e-03
2.682519999999999794e+00  -1.904686e+00   3.597444e-03
2.687231999999999843e+00  -1.906590e+00   3.594946e-03
2.691943000000000197e+00  -1.906021e+00   3.586602e-03
2.696654000000000106e+00  -1.913540e+00   3.584196e-03
2.701365000000000016e+00  -1.916045e+00   3.585076e-03
2.706077000000000066e+00  -1.913661e+00   3.578785e-03
2.710787999999999975e+00  -1.916230e+00   3.571202e-03
2.715498999999999885e+00  -1.915350e+00   3.567968e-03
2.720209999999999795e+00  -1.912787e+00   3.569410e-03
2.724921999999999844e+00  -1.919762e+00   3.569187e-03
2.729633000000000198e+00  -1.912084e+00   3.564467e-03
2.734344000000000108e+00  -1.910642e+00   3.559602e-03
2.739055000000000017e+00  -1.912829e+00   3.554216e-03
2.743767000000000067e+00  -1.908295e+00   3.552613e-03
2.748477999999999977e+00  -1.909563e+00   3.550801e-03
2.753188999999999886e+00  -1.905175e+00   3.546631e-03
2.757899999999999796e+00  -1.906391e+00   3.547936e-03
2.762611999999999846e+00  -1.905576e+00   3.546045e-03
2.767323000000000199e+00  -1.909228e+00   3.539166e-03
2.772034000000000109e+00  -1.914422e+00   3.536012e-03
2.776745000000000019e+00  -1.914476e+00   3.537799e-03
2.781457000000000068e+00  -1.912159e+00   3.532645e-03
2.786167999999999978e+00  -1.909537e+00   3.528309e-03
2.790878999999999888e+00  -1.908104e+00   3.524380e-03
2.795589999999999797e+00  -1.907485e+00   3.527534e-03
2.800301999999999847e+00  -1.910937e+00   3.520624e-03
2.805013000000000201e+00  -1.920552e+00   3.531698e-03
2.809724000000000110e+00  -1.921253e+00   3.619260e-03
2.814436000000000160e+00  -1.916291e+00   3.681014e-03
2.819147000000000070e+00  -1.911247e+00   3.721979e-03
2.823857999999999979e+00  -1.908364e+00   3.753596e-03
2.828568999999999889e+00  -1.905526e+00   3.776956e-03
2.833280999999999938e+00  -1.909412e+00   3.790179e-03
2.837991999999999848e+00  -1.911496e+00   3.801768e-03
2.842703000000000202e+00  -1.905161e+00   3.813003e-03
2.847414000000000112e+00  -1.903532e+00   3.828882e-03
2.852126000000000161e+00  -1.908899e+00   3.841347e-03
2.856837000000000071e+00  -1.911680e+00   3.844002e-03
2.861547999999999981e+00  -1.907682e+00   3.851783e-03
2.866258999999999890e+00  -1.908091e+00   3.861585e-03
2.870970999999999940e+00  -1.912809e+00   3.831350e-03
2.875681999999999849e+00  -1.920783e+00   3.736933e-03
2.880393000000000203e+00  -1.912212e+00   3.678262e-03
2.885104000000000113e+00  -1.908468e+00   3.638355e-03
2.889816000000000162e+00  -1.907773e+00   3.611226e-03
2.894527000000000072e+00  -1.910572e+00   3.593099e-03
2.899237999999999982e+00  -1.913017e+00   3.585220e-03
2.903948999999999891e+00  -1.906122e+00   3.576482e-03
2.908660999999999941e+00  -1.900375e+00   3.567552e-03
2.913371999999999851e+00  -1.904527e+00   3.558718e-03
2.918083000000000204e+00  -1.908366e+00   3.550051e-03
2.922794000000000114e+00  -1.904813e+00   3.544961e-03
2.927506000000000164e+00  -1.908384e+00   3.540593e-03
2.932217000000000073e+00  -1.906378e+00   3.539432e-03
2.936927999999999983e+00  -1.906986e+00   3.535799e-03
2.941638999999999893e+00  -1.900757e+00   3.524077e-03
2.946350999999999942e+00  -1.902623e+00   3.520849e-03
2.951061999999999852e+00  -1.906173e+00   3.518403e-03
2.955773000000000206e+00  -1.906510e+00   3.512839e-03
2.960484000000000115e+00  -1.906087e+00   3.508402e-03
2.965196000000000165e+00  -1.905686e+00   3.509058e-03
2.969907000000000075e+00  -1.906865e+00   3.501029e-03
2.974617999999999984e+00  -1.907216e+00   3.489773e-03
2.979328999999999894e+00  -1.902225e+00   3.489607e-03
2.984040999999999944e+00  -1.906139e+00   3.489200e-03
2.988751999999999853e+00  -1.900242e+00   3.479920e-03
2.993463000000000207e+00  -1.901033e+00   3.481536e-03
2.998174999999999812e+00  -1.903472e+00   3.478542e-03
3.002886000000000166e+00  -1.901117e+00   3.476101e-03
3.007597000000000076e+00  -1.902641e+00   3.468972e-03
3.012307999999999986e+00  -1.902114e+00   3.466281e-03
3.017020000000000035e+00  -1.895141e+00   3.459691e-03
3.021730999999999945e+00  -1.901440e+00   3.459488e-03
3.026441999999999855e+00  -1.900283e+00   3.452290e-03
3.031153000000000208e+00  -1.900261e+00   3.452888e-03
3.035864999999999814e+00  -1.900079e+00   3.448309e-03
3.040576000000000167e+00  -1.905760e+00   3.446522e-03
3.045287000000000077e+00  -1.901194e+00   3.443506e-03
3.049997999999999987e+00  -1.898760e+00   3.438135e-03
3.054710000000000036e+00  -1.898368e+00   3.431945e-03
3.059420999999999946e+00  -1.900550e+00   3.430140e-03
3.064131999999999856e+00  -1.895245e+00   3.422001e-03
3.068843000000000210e+00  -1.897023e+00   3.421430e-03
3.073554999999999815e+00  -1.899214e+00   3.424643e-03
3.078266000000000169e+00  -1.897461e+00   3.419858e-03
3.082977000000000078e+00  -1.901779e+00   3.419256e-03
3.087687999999999988e+00  -1.904490e+00   3.413346e-03
3.092400000000000038e+00  -1.900449e+00   3.409725e-03
3.097110999999999947e+00  -1.900563e+00   3.404077e-03
3.101821999999999857e+00  -1.898985e+00   3.403099e-03
3.106533000000000211e+00  -1.900862e+00   3.400995e-03
3.111244999999999816e+00  -1.895196e+00   3.398542e-03
3.115956000000000170e+00  -1.895136e+00   3.394773e-03
3.120667000000000080e+00  -1.894714e+00   3.387030e-03
3.125377999999999989e+00  -1.894296e+00   3.384985e-03
3.130090000000000039e+00  -1.893125e+00   3.386076e-03
3.134800999999999949e+00  -1.896671e+00   3.381876e-03
3.139511999999999858e+00  -1.899939e+00   3.377698e-03
3.144223000000000212e+00  -1.901008e+00   3.371136e-03
3.148934999999999818e+00  -1.898722e+00   3.370744e-03
3.153646000000000171e+00  -1.898574e+00   3.370685e-03
3.158357000000000081e+00  -1.897716e+00   3.367104e-03
3.163067999999999991e+00  -1.905275e+00   3.363399e-03
3.167780000000000040e+00  -1.899703e+00   3.365028e-03
3.172490999999999950e+00  -1.898494e+00   3.360421e-03
3.177201999999999860e+00  -1.891636e+00   3.357728e-03
3.181913999999999909e+00  -1.897099e+00   3.351743e-03
3.186624999999999819e+00  -1.895804e+00   3.349756e-03
3.191336000000000173e+00  -1.894662e+00   3.345741e-03
3.196047000000000082e+00  -1.896364e+00   3.341961e-03
3.200759000000000132e+00  -1.895397e+00   3.338851e-03
3.205470000000000041e+00  -1.893548e+00   3.332955e-03
3.210180999999999951e+00  -1.891423e+00   3.327822e-03
3.214891999999999861e+00  -1.893895e+00   3.322943e-03
3.219603999999999910e+00  -1.893988e+00   3.325118e-03
3.224314999999999820e+00  -1.889555e+00   3.320875e-03
3.229026000000000174e+00  -1.892650e+00   3.322534e-03
3.233737000000000084e+00  -1.891904e+00   3.318166e-03
3.238449000000000133e+00  -1.894703e+00   3.313207e-03
3.243160000000000043e+00  -1.894446e+00   3.311027e-03
3.247870999999999952e+00  -1.896372e+00   3.312636e-03
3.252581999999999862e+00  -1.894944e+00   3.309070e-03
3.257293999999999912e+00  -1.888840e+00   3.311048e-03
3.262004999999999821e+00  -1.893017e+00   3.309717e-03
3.266716000000000175e+00  -1.892769e+00   3.308307e-03
3.271427000000000085e+00  -1.891084e+00   3.304815e-03
3.276139000000000134e+00  -1.894755e+00   3.304100e-03
3.280850000000000044e+00  -1.895260e+00   3.298344e-03
3.285560999999999954e+00  -1.895453e+00   3.295318e-03
3.290271999999999863e+00  -1.892744e+00   3.298017e-03
3.294983999999999913e+00  -1.896420e+00   3.294737e-03
3.299694999999999823e+00  -1.890372e+00   3.294536e-03
3.304406000000000176e+00  -1.894023e+00   3.290513e-03
3.309117000000000086e+00  -1.899059e+00   3.283586e-03
3.313829000000000136e+00  -1.893176e+00   3.282935e-03
3.318540000000000045e+00  -1.889452e+00   3.280467e-03
3.323250999999999955e+00  -1.892948e+00   3.278114e-03
3.327961999999999865e+00  -1.894358e+00   3.278279e-03
3.332673999999999914e+00  -1.891566e+00   3.276101e-03
3.337384999999999824e+00  -1.893637e+00   3.271594e-03
3.342096000000000178e+00  -1.893690e+00   3.268543e-03
3.346807000000000087e+00  -1.896653e+00   3.268413e-03
3.351519000000000137e+00  -1.891545e+00   3.265592e-03
3.356230000000000047e+00  -1.896100e+00   3.265818e-03
3.360940999999999956e+00  -1.892348e+00   3.265743e-03
3.365653000000000006e+00  -1.890621e+00   3.262250e-03
3.370363999999999916e+00  -1.886814e+00   3.253100e-03
3.375074999999999825e+00  -1.889302e+00   3.252717e-03
3.379786000000000179e+00  -1.890152e+00   3.251006e-03
3.384497999999999784e+00  -1.889522e+00   3.249302e-03
3.389209000000000138e+00  -1.899842e+00   3.270875e-03
3.393920000000000048e+00  -1.896602e+00   3.339757e-03
3.398630999999999958e+00  -1.892300e+00   3.377241e-03
3.403343000000000007e+00  -1.890827e+00   3.415971e-03
3.408053999999999917e+00  -1.888243e+00   3.444269e-03
3.412764999999999826e+00  -1.891570e+00   3.453083e-03
3.417476000000000180e+00  -1.895000e+00   3.450802e-03
3.422187999999999786e+00  -1.887751e+00   3.452305e-03
3.426899000000000139e+00  -1.890279e+00   3.461902e-03
3.431610000000000049e+00  -1.893625e+00   3.467468e-03
3.436320999999999959e+00  -1.890487e+00   3.474472e-03
3.441033000000000008e+00  -1.895640e+00   3.480819e-03
3.445743999999999918e+00  -1.894738e+00   3.486549e-03
3.450454999999999828e+00  -1.893765e+00   3.494696e-03
3.455166000000000182e+00  -1.887356e+00   3.501987e-03
3.459877999999999787e+00  -1.890311e+00   3.504119e-03
3.464589000000000141e+00  -1.891618e+00   3.509174e-03
3.469300000000000050e+00  -1.887431e+00   3.518755e-03
3.474010999999999960e+00  -1.887799e+00   3.523771e-03
3.478723000000000010e+00  -1.889671e+00   3.529783e-03
3.483433999999999919e+00  -1.888967e+00   3.536145e-03
3.488144999999999829e+00  -1.884979e+00   3.544044e-03
3.492856000000000183e+00  -1.884241e+00   3.549415e-03
3.497567999999999788e+00  -1.890063e+00   3.548229e-03
3.502279000000000142e+00  -1.890758e+00   3.550828e-03
3.506990000000000052e+00  -1.888306e+00   3.557186e-03
3.511700999999999961e+00  -1.889677e+00   3.561100e-03
3.516413000000000011e+00  -1.885886e+00   3.565136e-03
3.521123999999999921e+00  -1.885806e+00   3.566936e-03
3.525834999999999830e+00  -1.890168e+00   3.570414e-03
3.530546000000000184e+00  -1.887262e+00   3.576429e-03
3.535257999999999790e+00  -1.878976e+00   3.584159e-03
3.539969000000000143e+00  -1.887256e+00   3.586707e-03
3.544680000000000053e+00  -1.889420e+00   3.584780e-03
3.549392000000000102e+00  -1.888646e+00   3.584748e-03
3.554103000000000012e+00  -1.888405e+00   3.591383e-03
3.558813999999999922e+00  -1.881905e+00   3.599002e-03
3.563524999999999832e+00  -1.884215e+00   3.606732e-03
3.568236999999999881e+00  -1.886477e+00   3.604902e-03
3.572947999999999791e+00  -1.885588e+00   3.606264e-03
3.577659000000000145e+00  -1.890148e+00   3.610025e-03
3.582370000000000054e+00  -1.890822e+00   3.611565e-03
3.587082000000000104e+00  -1.886945e+00   3.615001e-03
3.591793000000000013e+00  -1.887206e+00   3.618970e-03
3.596503999999999923e+00  -1.887142e+00   3.618069e-03
3.601214999999999833e+00  -1.885869e+00   3.620253e-03
3.605926999999999882e+00  -1.893789e+00   3.623791e-03
3.610637999999999792e+00  -1.898084e+00   3.686843e-03
3.615349000000000146e+00  -1.898276e+00   3.803814e-03
3.620060000000000056e+00  -1.894492e+00   3.858989e-03
3.624772000000000105e+00  -1.893205e+00   3.900055e-03
3.629483000000000015e+00  -1.888255e+00   3.929504e-03
3.634193999999999924e+00  -1.888093e+00   3.959737e-03
3.638904999999999834e+00  -1.877101e+00   3.990520e-03
3.643616999999999884e+00  -1.892522e+00   4.013780e-03
3.648327999999999793e+00  -1.896303e+00   4.034801e-03
3.653039000000000147e+00  -1.881018e+00   4.050991e-03
3.657750000000000057e+00  -1.880069e+00   4.070228e-03
3.662462000000000106e+00  -1.884821e+00   4.092795e-03
3.667173000000000016e+00  -1.885439e+00   4.112554e-03
3.671883999999999926e+00  -1.883195e+00   4.131562e-03
3.676594999999999835e+00  -1.882037e+00   4.149281e-03
3.681306999999999885e+00  -1.891502e+00   4.172243e-03
3.686017999999999795e+00  -1.884222e+00   4.187069e-03
3.690729000000000148e+00  -1.881420e+00   4.204243e-03
3.695440000000000058e+00  -1.885774e+00   4.220127e-03
3.700152000000000108e+00  -1.887476e+00   4.245473e-03
3.704863000000000017e+00  -1.885369e+00   4.264718e-03
3.709573999999999927e+00  -1.889299e+00   4.276862e-03
3.714284999999999837e+00  -1.887446e+00   4.297284e-03
3.718996999999999886e+00  -1.880263e+00   4.317910e-03
3.723707999999999796e+00  -1.881103e+00   4.329224e-03
3.728419000000000150e+00  -1.885396e+00   4.344617e-03
3.733131000000000199e+00  -1.880355e+00   4.364705e-03
3.737842000000000109e+00  -1.886830e+00   4.376993e-03
3.742553000000000019e+00  -1.883219e+00   4.390679e-03
3.747263999999999928e+00  -1.887264e+00   4.410162e-03
3.751975999999999978e+00  -1.887784e+00   4.424141e-03
3.756686999999999887e+00  -1.884715e+00   4.449971e-03
3.761397999999999797e+00  -1.882143e+00   4.462922e-03
3.766109000000000151e+00  -1.888017e+00   4.477082e-03
3.770821000000000200e+00  -1.883381e+00   4.492339e-03
3.775532000000000110e+00  -1.887422e+00   4.515151e-03
3.780243000000000020e+00  -1.883717e+00   4.532150e-03
3.784953999999999930e+00  -1.883055e+00   4.550352e-03
3.789665999999999979e+00  -1.885925e+00   4.562869e-03
3.794376999999999889e+00  -1.878909e+00   4.584682e-03
3.799087999999999798e+00  -1.884177e+00   4.605174e-03
3.803799000000000152e+00  -1.884960e+00   4.613340e-03
3.808511000000000202e+00  -1.882844e+00   4.636008e-03
3.813222000000000111e+00  -1.878892e+00   4.649647e-03
3.817933000000000021e+00  -1.874531e+00   4.665325e-03
3.822643999999999931e+00  -1.884296e+00   4.683213e-03
3.827355999999999980e+00  -1.878336e+00   4.700701e-03
3.832066999999999890e+00  -1.887350e+00   4.717647e-03
3.836777999999999800e+00  -1.882980e+00   4.739917e-03
3.841489000000000154e+00  -1.881666e+00   4.752863e-03
3.846201000000000203e+00  -1.878587e+00   4.766900e-03
3.850912000000000113e+00  -1.886643e+00   4.772765e-03
3.855623000000000022e+00  -1.886768e+00   4.794608e-03
3.860333999999999932e+00  -1.884806e+00   4.817674e-03
3.865045999999999982e+00  -1.884999e+00   4.830032e-03
3.869756999999999891e+00  -1.888363e+00   4.842069e-03
3.874467999999999801e+00  -1.881260e+00   4.860405e-03
3.879179000000000155e+00  -1.886229e+00   4.882442e-03
3.883891000000000204e+00  -1.879648e+00   4.895601e-03
3.888602000000000114e+00  -1.882886e+00   4.917414e-03
3.893313000000000024e+00  -1.882185e+00   4.927699e-03
3.898023999999999933e+00  -1.883638e+00   4.942293e-03
3.902735999999999983e+00  -1.879093e+00   4.966009e-03
3.907446999999999893e+00  -1.883209e+00   4.987873e-03
3.912157999999999802e+00  -1.878867e+00   5.003974e-03
3.916869999999999852e+00  -1.877073e+00   5.011965e-03
3.921581000000000206e+00  -1.879205e+00   5.016743e-03
3.926292000000000115e+00  -1.881653e+00   5.022784e-03
3.931003000000000025e+00  -1.881473e+00   5.031172e-03
3.935715000000000074e+00  -1.877949e+00   5.056372e-03
3.940425999999999984e+00  -1.874823e+00   5.050888e-03
3.945136999999999894e+00  -1.873373e+00   5.066343e-03
3.949847999999999804e+00  -1.872078e+00   5.071223e-03
3.954559999999999853e+00  -1.874972e+00   5.081571e-03
3.959271000000000207e+00  -1.866128e+00   5.085564e-03
3.963982000000000117e+00  -1.876078e+00   5.092696e-03
3.968693000000000026e+00  -1.876441e+00   5.093770e-03
3.973405000000000076e+00  -1.877552e+00   5.109714e-03
3.978115999999999985e+00  -1.876893e+00   5.132765e-03
3.982826999999999895e+00  -1.872758e+00   5.148249e-03
3.987537999999999805e+00  -1.873481e+00   5.166396e-03
3.992249999999999854e+00  -1.875633e+00   5.180089e-03
3.996961000000000208e+00  -1.870607e+00   5.204481e-03
4.001672000000000118e+00  -1.871323e+00   5.222316e-03
4.006382999999999583e+00  -1.871465e+00   5.234609e-03
4.011095000000000077e+00  -1.879681e+00   5.258758e-03
4.015806000000000431e+00  -1.882563e+00   5.270319e-03
4.020516999999999896e+00  -1.877262e+00   5.289799e-03
4.025228000000000250e+00  -1.875602e+00   5.308503e-03
4.029939999999999856e+00  -1.867322e+00   5.322239e-03
4.034651000000000209e+00  -1.874859e+00   5.339728e-03
4.039361999999999675e+00  -1.874010e+00   5.363697e-03
4.044073000000000029e+00  -1.875881e+00   5.377919e-03
4.048784999999999634e+00  -1.878406e+00   5.392820e-03
4.053495999999999988e+00  -1.871413e+00   5.417811e-03
4.058207000000000342e+00  -1.875051e+00   5.441470e-03
4.062917999999999807e+00  -1.875908e+00   5.470397e-03
4.067630000000000301e+00  -1.877071e+00   5.484709e-03
4.072340999999999767e+00  -1.877658e+00   5.494545e-03
4.077052000000000120e+00  -1.875309e+00   5.522761e-03
4.081762999999999586e+00  -1.876462e+00   5.540876e-03
4.086475000000000080e+00  -1.871116e+00   5.556322e-03
4.091186000000000433e+00  -1.872255e+00   5.584521e-03
4.095896999999999899e+00  -1.865008e+00   5.607481e-03
4.100609000000000393e+00  -1.876337e+00   5.622579e-03
4.105319999999999858e+00  -1.879776e+00   5.651342e-03
4.110031000000000212e+00  -1.878239e+00   5.672586e-03
4.114741999999999678e+00  -1.875454e+00   5.687375e-03
4.119454000000000171e+00  -1.871068e+00   5.712623e-03
4.124164999999999637e+00  -1.872222e+00   5.727499e-03
4.128875999999999991e+00  -1.875381e+00   5.747198e-03
4.133587000000000344e+00  -1.875274e+00   5.777160e-03
4.138298999999999950e+00  -1.879412e+00   5.787962e-03
4.143010000000000304e+00  -1.875277e+00   5.806182e-03
4.147720999999999769e+00  -1.876990e+00   5.836408e-03
4.152432000000000123e+00  -1.875352e+00   5.866241e-03
4.157143999999999728e+00  -1.874033e+00   5.888263e-03
4.161855000000000082e+00  -1.872068e+00   5.902088e-03
4.166566000000000436e+00  -1.873935e+00   5.927328e-03
4.171276999999999902e+00  -1.870330e+00   5.949181e-03
4.175989000000000395e+00  -1.874158e+00   5.981450e-03
4.180699999999999861e+00  -1.879439e+00   5.995577e-03
4.185411000000000215e+00  -1.880154e+00   6.023369e-03
4.190121999999999680e+00  -1.877772e+00   6.048130e-03
4.194834000000000174e+00  -1.877524e+00   6.072438e-03
4.199544999999999639e+00  -1.870923e+00   6.090141e-03
4.204255999999999993e+00  -1.875261e+00   6.098092e-03
4.208967000000000347e+00  -1.873194e+00   6.139050e-03
4.213678999999999952e+00  -1.877005e+00   6.170579e-03
4.218390000000000306e+00  -1.871775e+00   6.195611e-03
4.223100999999999772e+00  -1.871270e+00   6.216324e-03
4.227812000000000126e+00  -1.868944e+00   6.231342e-03
4.232523999999999731e+00  -1.868190e+00   6.263720e-03
4.237235000000000085e+00  -1.871231e+00   6.292442e-03
4.241946000000000438e+00  -1.872403e+00   6.304998e-03
4.246656999999999904e+00  -1.873280e+00   6.349103e-03
4.251369000000000398e+00  -1.870786e+00   6.374365e-03
4.256079999999999863e+00  -1.865525e+00   6.411189e-03
4.260791000000000217e+00  -1.873464e+00   6.431787e-03
4.265501999999999683e+00  -1.868876e+00   6.446400e-03
4.270214000000000176e+00  -1.882472e+00   6.481375e-03
4.274924999999999642e+00  -1.880260e+00   6.512016e-03
4.279635999999999996e+00  -1.876515e+00   6.533873e-03
4.284347999999999601e+00  -1.870309e+00   6.570962e-03
4.289058999999999955e+00  -1.872324e+00   6.599855e-03
4.293770000000000309e+00  -1.874959e+00   6.619159e-03
4.298480999999999774e+00  -1.864917e+00   6.656469e-03
4.303193000000000268e+00  -1.862019e+00   6.687430e-03
4.307903999999999733e+00  -1.875343e+00   6.718307e-03
4.312615000000000087e+00  -1.870837e+00   6.750268e-03
4.317326000000000441e+00  -1.864017e+00   6.780791e-03
4.322038000000000046e+00  -1.862231e+00   6.795066e-03
4.326749000000000400e+00  -1.867605e+00   6.848384e-03
4.331459999999999866e+00  -1.873333e+00   6.860205e-03
4.336171000000000220e+00  -1.877566e+00   6.889662e-03
4.340882999999999825e+00  -1.865091e+00   6.930714e-03
4.345594000000000179e+00  -1.864950e+00   6.967142e-03
4.350304999999999644e+00  -1.861981e+00   7.003904e-03
4.355015999999999998e+00  -1.860073e+00   7.020984e-03
4.359727999999999604e+00  -1.883517e+00   7.048096e-03
4.364438999999999957e+00  -1.873005e+00   7.101272e-03
4.369150000000000311e+00  -1.872151e+00   7.140183e-03
4.373860999999999777e+00  -1.865754e+00   7.173111e-03
4.378573000000000270e+00  -1.865335e+00   7.212368e-03
4.383283999999999736e+00  -1.862373e+00   7.228916e-03
4.387995000000000090e+00  -1.864663e+00   7.292837e-03
4.392706000000000444e+00  -1.873159e+00   7.334401e-03
4.397418000000000049e+00  -1.870674e+00   7.337218e-03
4.402129000000000403e+00  -1.858790e+00   7.335405e-03
4.406839999999999868e+00  -1.862313e+00   7.348373e-03
4.411551000000000222e+00  -1.866566e+00   7.364299e-03
4.416262999999999828e+00  -1.864955e+00   7.357213e-03
4.420974000000000181e+00  -1.864375e+00   7.376452e-03
4.425684999999999647e+00  -1.864335e+00   7.375538e-03
4.430396000000000001e+00  -1.865580e+00   7.376270e-03
4.435107999999999606e+00  -1.870359e+00   7.386234e-03
4.439818999999999960e+00  -1.876083e+00   7.398197e-03
4.444530000000000314e+00  -1.866915e+00   7.458742e-03
4.449240999999999779e+00  -1.861021e+00   7.483102e-03
4.453953000000000273e+00  -1.866512e+00   7.503687e-03
4.458663999999999739e+00  -1.877109e+00   7.563641e-03
4.463375000000000092e+00  -1.876171e+00   7.593992e-03
4.468086999999999698e+00  -1.872726e+00   7.640479e-03
4.472798000000000052e+00  -1.868547e+00   7.677588e-03
4.477509000000000405e+00  -1.854802e+00   7.731705e-03
4.482219999999999871e+00  -1.858872e+00   7.785401e-03
4.486932000000000365e+00  -1.867672e+00   7.837287e-03
4.491642999999999830e+00  -1.853550e+00   7.883489e-03
4.496354000000000184e+00  -1.862812e+00   7.907839e-03
4.501064999999999650e+00  -1.863139e+00   7.967310e-03
4.505777000000000143e+00  -1.864818e+00   8.010574e-03
4.510487999999999609e+00  -1.865623e+00   8.055781e-03
4.515198999999999963e+00  -1.858650e+00   8.095165e-03
4.519910000000000316e+00  -1.853742e+00   8.120566e-03
4.524621999999999922e+00  -1.858593e+00   8.183626e-03
4.529333000000000276e+00  -1.868880e+00   8.259837e-03
4.534043999999999741e+00  -1.865334e+00   8.282596e-03
4.538755000000000095e+00  -1.856100e+00   8.357289e-03
4.543466999999999700e+00  -1.866599e+00   8.418415e-03
4.548178000000000054e+00  -1.863634e+00   8.465293e-03
4.552889000000000408e+00  -1.875803e+00   8.513633e-03
4.557599999999999874e+00  -1.875222e+00   8.553783e-03
4.562312000000000367e+00  -1.868437e+00   8.586353e-03
4.567022999999999833e+00  -1.872879e+00   8.670403e-03
4.571734000000000187e+00  -1.864719e+00   8.760141e-03
4.576444999999999652e+00  -1.857659e+00   8.825891e-03
4.581157000000000146e+00  -1.861183e+00   8.850410e-03
4.585867999999999611e+00  -1.870693e+00   8.945977e-03
4.590578999999999965e+00  -1.872978e+00   8.993972e-03
4.595290000000000319e+00  -1.863860e+00   9.032642e-03
4.600001999999999924e+00  -1.870578e+00   9.117078e-03
4.604713000000000278e+00  -1.866807e+00   9.196834e-03
4.609423999999999744e+00  -1.867339e+00   9.265232e-03
4.614135000000000097e+00  -1.867740e+00   9.307939e-03
4.618846999999999703e+00  -1.870917e+00   9.414666e-03
4.623558000000000057e+00  -1.850190e+00   9.466300e-03
4.628269000000000410e+00  -1.866894e+00   9.542106e-03
4.632979999999999876e+00  -1.868109e+00   9.639587e-03
4.637692000000000370e+00  -1.859230e+00   9.698516e-03
4.642402999999999835e+00  -1.859848e+00   9.771078e-03
4.647114000000000189e+00  -1.857856e+00   9.855890e-03
4.651825999999999794e+00  -1.870214e+00   9.905948e-03
4.656537000000000148e+00  -1.857191e+00   1.002625e-02
4.661247999999999614e+00  -1.862322e+00   1.010123e-02
4.665958999999999968e+00  -1.864710e+00   1.017488e-02
4.670670999999999573e+00  -1.878824e+00   1.027838e-02
4.675381999999999927e+00  -1.865479e+00   1.039187e-02
4.680093000000000281e+00  -1.870599e+00   1.046095e-02
4.684803999999999746e+00  -1.885348e+00   1.057946e-02
4.689516000000000240e+00  -1.858686e+00   1.066720e-02
4.694226999999999705e+00  -1.877241e+00   1.077547e-02
4.698938000000000059e+00  -1.867464e+00   1.091193e-02
4.703649000000000413e+00  -1.869205e+00   1.097141e-02
4.708361000000000018e+00  -1.861139e+00   1.107636e-02
4.713072000000000372e+00  -1.878901e+00   1.118590e-02
4.717782999999999838e+00  -1.868314e+00   1.130186e-02
4.722494000000000192e+00  -1.852575e+00   1.145220e-02
4.727205999999999797e+00  -1.849193e+00   1.158417e-02
4.731917000000000151e+00  -1.879274e+00   1.174689e-02
4.736627999999999616e+00  -1.869619e+00   1.188352e-02
4.741338999999999970e+00  -1.849609e+00   1.200097e-02
4.746050999999999576e+00  -1.856188e+00   1.217578e-02
4.750761999999999929e+00  -1.886159e+00   1.230877e-02
4.755473000000000283e+00  -1.881018e+00   1.247370e-02
4.760183999999999749e+00  -1.879340e+00   1.263781e-02
4.764896000000000242e+00  -1.873594e+00   1.278742e-02
4.769606999999999708e+00  -1.868147e+00   1.296937e-02
4.774318000000000062e+00  -1.867554e+00   1.314784e-02
4.779029000000000416e+00  -1.860710e+00   1.334267e-02
4.783741000000000021e+00  -1.859400e+00   1.356845e-02
4.788452000000000375e+00  -1.864243e+00   1.378902e-02
4.793162999999999840e+00  -1.859609e+00   1.402415e-02
4.797874000000000194e+00  -1.848292e+00   1.422826e-02
4.802585999999999800e+00  -1.846184e+00   1.443089e-02
4.807297000000000153e+00  -1.850771e+00   1.468972e-02
4.812007999999999619e+00  -1.870801e+00   1.499951e-02
4.816718999999999973e+00  -1.877707e+00   1.527412e-02
4.821430999999999578e+00  -1.871841e+00   1.554271e-02
4.826141999999999932e+00  -1.869138e+00   1.577998e-02
4.830853000000000286e+00  -1.876655e+00   1.614430e-02
4.835564999999999891e+00  -1.850882e+00   1.640279e-02
4.840276000000000245e+00  -1.854574e+00   1.690951e-02
4.844986999999999711e+00  -1.851288e+00   1.743688e-02
4.849698000000000064e+00  -1.866591e+00   1.774397e-02
4.854409999999999670e+00  -1.869479e+00   1.813502e-02
4.859121000000000024e+00  -1.851313e+00   1.860248e-02
4.863832000000000377e+00  -1.859880e+00   1.920613e-02
4.868542999999999843e+00  -1.869293e+00   1.967895e-02
4.873255000000000337e+00  -1.869743e+00   2.038719e-02
4.877965999999999802e+00  -1.893137e+00   2.119078e-02
4.882677000000000156e+00  -1.884707e+00   2.199633e-02
4.887387999999999622e+00  -1.861993e+00   2.270383e-02
4.892100000000000115e+00  -1.887557e+00   2.366272e-02
4.896810999999999581e+00  -1.881181e+00   2.482524e-02
4.901521999999999935e+00  -1.892872e+00   2.610740e-02
4.906233000000000288e+00  -1.898078e+00   2.771579e-02
4.910944999999999894e+00  -1.930000e+00   2.956256e-02
4.915656000000000247e+00  -1.890883e+00   3.213576e-02
4.920366999999999713e+00  -1.898392e+00   3.472965e-02
4.925078000000000067e+00  -1.886220e+00   3.790786e-02
4.929789999999999672e+00  -1.883295e+00   4.379622e-02
4.934501000000000026e+00  -1.994161e+00   5.188578e-02
4.939212000000000380e+00  -2.184649e+00   6.868236e-02
4.943922999999999845e+00  -2.497226e+00   1.239163e-01