# [1]
# Sample c= 2.58 mg/ml
# Intensity scaled by concentration
# Buffer subtracted data file:
# Protein DatFile = /data/visitor/mx1908/bm29/20161119/giulio/1d/mM25_041_ave.dat
# Buffer DatFile = /data/visitor/mx1908/bm29/20161119/giulio/ednaSub/mM25_041_ave_averbuffer.dat
# 
# AutoRg: Rg   =   0.9136 +/- 0.12 ( 13.3%)
# AutoRg: I(0) =   4.04 +/- 0.0132
# AutoRg: Points   187 to 295 ( 109 total)
# AutoRg: Quality: 67.0%
# 
# 
# Sample Information:
# Storage Temperature (degrees C): 20.0
# Measurement Temperature (degrees C): 20.02
# Concentration: 2.58
# Code: 
3.479420999999999903e-02  -1.051744e+00   2.849754e+00
3.950545999999999919e-02   1.597219e+00   1.126355e+00
4.421672000000000102e-02   2.335390e+00   7.333810e-01
4.892798000000000286e-02   3.170742e+00   5.611930e-01
5.363923000000000302e-02   2.474880e+00   4.486324e-01
5.835048999999999791e-02   2.839191e+00   3.673988e-01
6.306174999999999975e-02   2.816568e+00   3.049016e-01
6.777299999999999991e-02   2.779274e+00   2.586147e-01
7.248425999999999481e-02   3.185054e+00   2.240611e-01
7.719552000000000358e-02   3.245726e+00   1.972461e-01
8.190677000000000374e-02   3.016139e+00   1.746899e-01
8.661802999999999864e-02   3.096073e+00   1.568971e-01
9.132928999999999353e-02   2.970836e+00   1.429722e-01
9.604053999999999369e-02   3.092600e+00   1.319296e-01
1.007518000000000025e-01   3.019325e+00   1.217387e-01
1.054631000000000041e-01   3.242875e+00   1.134280e-01
1.101743000000000028e-01   3.266788e+00   1.062912e-01
1.148856000000000044e-01   3.239834e+00   9.993712e-02
1.195968000000000031e-01   3.211649e+00   9.454450e-02
1.243081000000000047e-01   3.352362e+00   8.999594e-02
1.290193000000000034e-01   3.264864e+00   8.576006e-02
1.337306000000000050e-01   3.240806e+00   8.216983e-02
1.384419000000000066e-01   3.230294e+00   7.902611e-02
1.431531000000000053e-01   3.238308e+00   7.600422e-02
1.478644000000000069e-01   3.166868e+00   7.348520e-02
1.525756000000000057e-01   3.159438e+00   7.122221e-02
1.572869000000000073e-01   3.297579e+00   6.926558e-02
1.619981000000000060e-01   3.295552e+00   6.705871e-02
1.667094000000000076e-01   3.294962e+00   6.546915e-02
1.714206000000000063e-01   3.298474e+00   6.391270e-02
1.761319000000000079e-01   3.200497e+00   6.238316e-02
1.808432000000000095e-01   3.212204e+00   6.093395e-02
1.855544000000000082e-01   3.321372e+00   5.980848e-02
1.902657000000000098e-01   3.305320e+00   5.868558e-02
1.949769000000000085e-01   3.265569e+00   5.763957e-02
1.996882000000000101e-01   3.247546e+00   5.649108e-02
2.043994000000000089e-01   3.266999e+00   5.554268e-02
2.091107000000000105e-01   3.327717e+00   5.476616e-02
2.138220000000000121e-01   3.322634e+00   5.395075e-02
2.185332000000000108e-01   3.295787e+00   5.306622e-02
2.232445000000000124e-01   3.305987e+00   5.226226e-02
2.279557000000000111e-01   3.342483e+00   5.156170e-02
2.326670000000000127e-01   3.300187e+00   5.086660e-02
2.373782000000000114e-01   3.211373e+00   5.009270e-02
2.420895000000000130e-01   3.292978e+00   4.952479e-02
2.468007000000000117e-01   3.316388e+00   4.888836e-02
2.515120000000000133e-01   3.332862e+00   4.839350e-02
2.562232999999999872e-01   3.278835e+00   4.782569e-02
2.609345000000000137e-01   3.301578e+00   4.727998e-02
2.656457999999999875e-01   3.348801e+00   4.678535e-02
2.703570000000000140e-01   3.390049e+00   4.638466e-02
2.750682999999999878e-01   3.362797e+00   4.594477e-02
2.797795000000000143e-01   3.420230e+00   4.548328e-02
2.844907999999999881e-01   3.384273e+00   4.506604e-02
2.892021000000000175e-01   3.351017e+00   4.455314e-02
2.939132999999999885e-01   3.307527e+00   4.411260e-02
2.986246000000000178e-01   3.370494e+00   4.371938e-02
3.033357999999999888e-01   3.403218e+00   4.334220e-02
3.080471000000000181e-01   3.430040e+00   4.299304e-02
3.127582999999999891e-01   3.369768e+00   4.262801e-02
3.174696000000000184e-01   3.395627e+00   4.222001e-02
3.221808999999999923e-01   3.385609e+00   4.187447e-02
3.268921000000000188e-01   3.364876e+00   4.154218e-02
3.316033999999999926e-01   3.362358e+00   4.127035e-02
3.363146000000000191e-01   3.375489e+00   4.160830e-02
3.410258999999999929e-01   3.468756e+00   4.204690e-02
3.457371000000000194e-01   3.436411e+00   4.219445e-02
3.504483999999999932e-01   3.429052e+00   4.270938e-02
3.551596000000000197e-01   3.467292e+00   4.366265e-02
3.598708999999999936e-01   3.467852e+00   4.420769e-02
3.645822000000000229e-01   3.348781e+00   4.456088e-02
3.692933999999999939e-01   3.344407e+00   4.489942e-02
3.740047000000000232e-01   3.370450e+00   4.525501e-02
3.787158999999999942e-01   3.416720e+00   4.553653e-02
3.834272000000000236e-01   3.378343e+00   4.567842e-02
3.881383999999999945e-01   3.412527e+00   4.599974e-02
3.928497000000000239e-01   3.489621e+00   4.715229e-02
3.975609999999999977e-01   3.450010e+00   4.853761e-02
4.022722000000000242e-01   3.470554e+00   4.963069e-02
4.069834999999999980e-01   3.413844e+00   5.054034e-02
4.116947000000000245e-01   3.465710e+00   5.138348e-02
4.164059999999999984e-01   3.471279e+00   5.210362e-02
4.211172000000000248e-01   3.481667e+00   5.287261e-02
4.258284999999999987e-01   3.504115e+00   5.371115e-02
4.305397000000000252e-01   3.566079e+00   5.456842e-02
4.352509999999999990e-01   3.510468e+00   5.523768e-02
4.399622999999999728e-01   3.444994e+00   5.599035e-02
4.446734999999999993e-01   3.422973e+00   5.699796e-02
4.493847999999999732e-01   3.474942e+00   5.769756e-02
4.540959999999999996e-01   3.556559e+00   5.836144e-02
4.588072999999999735e-01   3.546970e+00   5.638559e-02
4.635185000000000000e-01   3.506304e+00   5.489408e-02
4.682297999999999738e-01   3.534751e+00   5.412370e-02
4.729411000000000032e-01   3.545312e+00   5.356253e-02
4.776522999999999741e-01   3.520086e+00   5.304149e-02
4.823636000000000035e-01   3.466228e+00   5.257746e-02
4.870747999999999744e-01   3.462366e+00   5.225644e-02
4.917861000000000038e-01   3.381301e+00   5.181368e-02
4.964972999999999748e-01   3.403861e+00   5.147933e-02
5.012086000000000041e-01   3.454805e+00   5.129618e-02
5.059198999999999780e-01   3.525262e+00   5.120981e-02
5.106311000000000044e-01   3.465803e+00   5.085478e-02
5.153423999999999783e-01   3.457151e+00   5.049086e-02
5.200536000000000048e-01   3.527524e+00   5.026863e-02
5.247648999999999786e-01   3.496306e+00   4.984908e-02
5.294761000000000051e-01   3.484814e+00   4.946779e-02
5.341873999999999789e-01   3.469773e+00   4.908414e-02
5.388986000000000054e-01   3.503093e+00   4.884198e-02
5.436098999999999792e-01   3.505195e+00   4.855836e-02
5.483211999999999531e-01   3.482234e+00   4.820134e-02
5.530323999999999796e-01   3.541736e+00   4.796519e-02
5.577436999999999534e-01   3.460532e+00   4.761520e-02
5.624548999999999799e-01   3.468264e+00   4.734108e-02
5.671661999999999537e-01   3.449539e+00   4.715200e-02
5.718773999999999802e-01   3.524620e+00   4.705972e-02
5.765886999999999540e-01   3.439747e+00   4.682919e-02
5.813000000000000389e-01   3.462037e+00   4.674409e-02
5.860111999999999544e-01   3.460232e+00   4.663013e-02
5.907225000000000392e-01   3.462884e+00   4.648223e-02
5.954336999999999547e-01   3.464715e+00   4.638952e-02
6.001450000000000395e-01   3.482696e+00   4.626765e-02
6.048561999999999550e-01   3.505380e+00   4.617671e-02
6.095675000000000399e-01   3.436285e+00   4.609021e-02
6.142788000000000137e-01   3.450255e+00   4.594917e-02
6.189900000000000402e-01   3.473475e+00   4.582710e-02
6.237013000000000140e-01   3.442844e+00   4.566728e-02
6.284125000000000405e-01   3.463318e+00   4.564817e-02
6.331238000000000143e-01   3.470196e+00   4.548083e-02
6.378350000000000408e-01   3.459741e+00   4.538887e-02
6.425463000000000147e-01   3.457372e+00   4.530002e-02
6.472575000000000411e-01   3.438858e+00   4.516668e-02
6.519688000000000150e-01   3.439886e+00   4.502887e-02
6.566800999999999888e-01   3.517314e+00   4.500526e-02
6.613913000000000153e-01   3.488952e+00   4.492225e-02
6.661025999999999891e-01   3.444268e+00   4.475554e-02
6.708138000000000156e-01   3.439178e+00   4.462936e-02
6.755250999999999895e-01   3.419584e+00   4.454033e-02
6.802363000000000159e-01   3.394140e+00   4.443042e-02
6.849475999999999898e-01   3.461463e+00   4.433268e-02
6.896588999999999636e-01   3.448661e+00   4.420305e-02
6.943700999999999901e-01   3.445177e+00   4.410523e-02
6.990813999999999639e-01   3.386363e+00   4.397706e-02
7.037925999999999904e-01   3.403768e+00   4.397570e-02
7.085038999999999643e-01   3.515856e+00   4.396943e-02
7.132150999999999907e-01   3.308729e+00   4.370060e-02
7.179263999999999646e-01   3.343044e+00   4.358190e-02
7.226375999999999911e-01   3.417235e+00   4.357967e-02
7.273488999999999649e-01   3.355517e+00   4.344128e-02
7.320602000000000498e-01   3.361075e+00   4.330835e-02
7.367713999999999652e-01   3.456729e+00   4.335535e-02
7.414827000000000501e-01   3.366408e+00   4.317273e-02
7.461938999999999655e-01   3.373889e+00   4.309351e-02
7.509052000000000504e-01   3.430527e+00   4.301768e-02
7.556163999999999659e-01   3.394829e+00   4.286413e-02
7.603277000000000507e-01   3.415982e+00   4.279247e-02
7.650390000000000246e-01   3.359252e+00   4.268031e-02
7.697502000000000510e-01   3.340937e+00   4.255634e-02
7.744615000000000249e-01   3.358620e+00   4.249948e-02
7.791727000000000514e-01   3.359817e+00   4.247567e-02
7.838840000000000252e-01   3.351409e+00   4.234082e-02
7.885952000000000517e-01   3.357909e+00   4.225921e-02
7.933065000000000255e-01   3.322237e+00   4.215469e-02
7.980177999999999994e-01   3.393633e+00   4.221265e-02
8.027290000000000258e-01   3.324649e+00   4.200319e-02
8.074402999999999997e-01   3.402533e+00   4.197141e-02
8.121515000000000262e-01   3.327186e+00   4.181099e-02
8.168628000000000000e-01   3.337133e+00   4.168780e-02
8.215740000000000265e-01   3.262682e+00   4.157734e-02
8.262853000000000003e-01   3.297387e+00   4.153884e-02
8.309965000000000268e-01   3.280136e+00   4.140774e-02
8.357078000000000007e-01   3.324518e+00   4.137517e-02
8.404190999999999745e-01   3.309615e+00   4.131207e-02
8.451303000000000010e-01   3.261991e+00   4.117957e-02
8.498415999999999748e-01   3.287664e+00   4.112694e-02
8.545528000000000013e-01   3.271883e+00   4.100664e-02
8.592640999999999751e-01   3.291045e+00   4.095103e-02
8.639753000000000016e-01   3.283568e+00   4.088820e-02
8.686865999999999755e-01   3.185799e+00   4.066958e-02
8.733978999999999493e-01   3.184159e+00   4.060935e-02
8.781090999999999758e-01   3.188903e+00   4.054473e-02
8.828203999999999496e-01   3.259408e+00   4.054843e-02
8.875315999999999761e-01   3.256416e+00   4.044645e-02
8.922428999999999499e-01   3.196012e+00   4.035638e-02
8.969540999999999764e-01   3.158638e+00   4.021368e-02
9.016653999999999503e-01   3.164659e+00   4.011080e-02
9.063767000000000351e-01   3.159194e+00   4.004026e-02
9.110878999999999506e-01   3.223773e+00   4.000549e-02
9.157992000000000354e-01   3.209675e+00   3.994773e-02
9.205103999999999509e-01   3.236421e+00   3.991287e-02
9.252217000000000358e-01   3.140413e+00   3.975557e-02
9.299328999999999512e-01   3.165793e+00   3.969062e-02
9.346442000000000361e-01   3.128655e+00   3.958249e-02
9.393553999999999515e-01   3.194436e+00   3.956825e-02
9.440667000000000364e-01   3.176750e+00   3.944361e-02
9.487780000000000102e-01   3.153891e+00   3.934591e-02
9.534892000000000367e-01   3.131770e+00   3.931351e-02
9.582005000000000106e-01   3.163829e+00   3.924728e-02
9.629117000000000370e-01   3.083962e+00   3.913818e-02
9.676230000000000109e-01   3.104208e+00   3.904501e-02
9.723342000000000374e-01   3.121309e+00   3.894733e-02
9.770455000000000112e-01   3.118877e+00   3.888430e-02
9.817567999999999850e-01   3.119762e+00   3.883249e-02
9.864680000000000115e-01   3.084229e+00   3.874071e-02
9.911792999999999854e-01   3.043670e+00   3.865183e-02
9.958905000000000118e-01   3.052724e+00   3.855943e-02
1.000601999999999991e+00   3.132273e+00   3.857505e-02
1.005312999999999901e+00   3.018562e+00   3.839461e-02
1.010024000000000033e+00   3.031759e+00   3.834522e-02
1.014736000000000082e+00   3.006217e+00   3.828750e-02
1.019446999999999992e+00   3.027985e+00   3.820491e-02
1.024157999999999902e+00   3.050310e+00   3.817778e-02
1.028869000000000034e+00   3.038739e+00   3.808982e-02
1.033581000000000083e+00   2.998680e+00   3.796981e-02
1.038291999999999993e+00   2.947261e+00   3.791037e-02
1.043002999999999902e+00   2.942252e+00   3.783747e-02
1.047714000000000034e+00   2.958196e+00   3.773047e-02
1.052426000000000084e+00   2.932202e+00   3.766163e-02
1.057136999999999993e+00   2.966855e+00   3.766002e-02
1.061847999999999903e+00   2.989405e+00   3.756545e-02
1.066559000000000035e+00   2.945533e+00   3.742687e-02
1.071271000000000084e+00   2.937541e+00   3.739908e-02
1.075981999999999994e+00   2.953410e+00   3.735544e-02
1.080692999999999904e+00   2.913367e+00   3.728043e-02
1.085404000000000035e+00   2.893103e+00   3.719970e-02
1.090116000000000085e+00   2.914543e+00   3.715235e-02
1.094826999999999995e+00   2.922513e+00   3.707188e-02
1.099537999999999904e+00   2.854487e+00   3.698100e-02
1.104249000000000036e+00   2.883936e+00   3.694345e-02
1.108961000000000086e+00   2.851143e+00   3.682722e-02
1.113671999999999995e+00   2.865194e+00   3.677852e-02
1.118382999999999905e+00   2.848746e+00   3.673451e-02
1.123094000000000037e+00   2.860315e+00   3.666796e-02
1.127806000000000086e+00   2.846954e+00   3.656486e-02
1.132516999999999996e+00   2.865350e+00   3.656748e-02
1.137227999999999906e+00   2.826095e+00   3.645360e-02
1.141939000000000037e+00   2.813202e+00   3.634993e-02
1.146651000000000087e+00   2.814343e+00   3.630726e-02
1.151361999999999997e+00   2.804320e+00   3.627483e-02
1.156072999999999906e+00   2.768621e+00   3.616863e-02
1.160784000000000038e+00   2.792104e+00   3.615168e-02
1.165496000000000087e+00   2.766978e+00   3.607239e-02
1.170206999999999997e+00   2.762987e+00   3.597949e-02
1.174917999999999907e+00   2.774325e+00   3.596697e-02
1.179629999999999956e+00   2.734234e+00   3.583599e-02
1.184341000000000088e+00   2.746358e+00   3.578095e-02
1.189051999999999998e+00   2.712669e+00   3.571551e-02
1.193762999999999908e+00   2.687722e+00   3.571962e-02
1.198474999999999957e+00   2.708061e+00   3.649618e-02
1.203186000000000089e+00   2.706702e+00   3.743367e-02
1.207896999999999998e+00   2.700798e+00   3.806731e-02
1.212607999999999908e+00   2.695457e+00   3.854058e-02
1.217319999999999958e+00   2.718371e+00   3.906363e-02
1.222031000000000089e+00   2.733637e+00   3.946100e-02
1.226741999999999999e+00   2.637714e+00   3.969874e-02
1.231452999999999909e+00   2.643004e+00   4.004900e-02
1.236164999999999958e+00   2.593980e+00   4.030506e-02
1.240876000000000090e+00   2.613397e+00   4.069971e-02
1.245587000000000000e+00   2.602672e+00   4.085293e-02
1.250297999999999909e+00   2.602331e+00   4.094778e-02
1.255009999999999959e+00   2.594931e+00   4.103149e-02
1.259721000000000091e+00   2.619884e+00   4.107431e-02
1.264432000000000000e+00   2.661516e+00   3.970414e-02
1.269142999999999910e+00   2.589299e+00   3.865806e-02
1.273854999999999960e+00   2.602816e+00   3.797949e-02
1.278566000000000091e+00   2.562326e+00   3.739750e-02
1.283277000000000001e+00   2.555782e+00   3.698304e-02
1.287987999999999911e+00   2.527399e+00   3.665046e-02
1.292699999999999960e+00   2.568630e+00   3.640519e-02
1.297411000000000092e+00   2.508188e+00   3.603251e-02
1.302122000000000002e+00   2.552505e+00   3.582949e-02
1.306832999999999911e+00   2.531219e+00   3.558407e-02
1.311544999999999961e+00   2.492384e+00   3.546055e-02
1.316256000000000093e+00   2.486954e+00   3.537447e-02
1.320967000000000002e+00   2.475009e+00   3.528484e-02
1.325677999999999912e+00   2.453165e+00   3.516115e-02
1.330389999999999961e+00   2.474261e+00   3.509861e-02
1.335101000000000093e+00   2.452674e+00   3.499300e-02
1.339812000000000003e+00   2.444536e+00   3.491661e-02
1.344522999999999913e+00   2.461345e+00   3.485475e-02
1.349234999999999962e+00   2.401800e+00   3.474349e-02
1.353946000000000094e+00   2.439309e+00   3.469894e-02
1.358657000000000004e+00   2.398090e+00   3.458014e-02
1.363369000000000053e+00   2.431685e+00   3.455021e-02
1.368079999999999963e+00   2.406058e+00   3.446156e-02
1.372791000000000095e+00   2.433701e+00   3.442239e-02
1.377502000000000004e+00   2.398770e+00   3.433809e-02
1.382214000000000054e+00   2.389865e+00   3.422654e-02
1.386924999999999963e+00   2.383287e+00   3.418946e-02
1.391636000000000095e+00   2.345576e+00   3.411109e-02
1.396347000000000005e+00   2.321865e+00   3.400753e-02
1.401059000000000054e+00   2.318146e+00   3.394761e-02
1.405769999999999964e+00   2.352530e+00   3.388582e-02
1.410481000000000096e+00   2.309117e+00   3.383312e-02
1.415192000000000005e+00   2.303640e+00   3.376983e-02
1.419904000000000055e+00   2.306226e+00   3.368021e-02
1.424614999999999965e+00   2.334270e+00   3.364810e-02
1.429326000000000096e+00   2.325443e+00   3.362410e-02
1.434037000000000006e+00   2.234033e+00   3.349218e-02
1.438749000000000056e+00   2.248886e+00   3.343825e-02
1.443459999999999965e+00   2.315112e+00   3.344127e-02
1.448171000000000097e+00   2.259565e+00   3.335146e-02
1.452882000000000007e+00   2.267319e+00   3.329731e-02
1.457594000000000056e+00   2.222979e+00   3.316539e-02
1.462304999999999966e+00   2.220101e+00   3.310825e-02
1.467016000000000098e+00   2.203767e+00   3.308388e-02
1.471727000000000007e+00   2.220947e+00   3.306000e-02
1.476439000000000057e+00   2.210080e+00   3.298612e-02
1.481149999999999967e+00   2.231174e+00   3.294219e-02
1.485861000000000098e+00   2.218722e+00   3.288504e-02
1.490572000000000008e+00   2.226675e+00   3.285424e-02
1.495284000000000058e+00   2.217885e+00   3.280486e-02
1.499994999999999967e+00   2.224050e+00   3.275780e-02
1.504706000000000099e+00   2.203920e+00   3.266854e-02
1.509417000000000009e+00   2.132306e+00   3.257990e-02
1.514129000000000058e+00   2.168735e+00   3.269700e-02
1.518839999999999968e+00   2.180482e+00   3.363302e-02
1.523551000000000100e+00   2.108122e+00   3.428872e-02
1.528262999999999927e+00   2.083180e+00   3.474196e-02
1.532974000000000059e+00   2.104370e+00   3.519720e-02
1.537684999999999969e+00   2.107230e+00   3.555621e-02
1.542396000000000100e+00   2.147692e+00   3.556331e-02
1.547107999999999928e+00   2.135531e+00   3.466462e-02
1.551819000000000059e+00   2.087526e+00   3.415411e-02
1.556529999999999969e+00   2.095225e+00   3.381582e-02
1.561241000000000101e+00   2.099276e+00   3.346737e-02
1.565952999999999928e+00   2.071068e+00   3.313976e-02
1.570664000000000060e+00   2.084949e+00   3.281552e-02
1.575374999999999970e+00   2.021976e+00   3.239793e-02
1.580086000000000102e+00   2.008545e+00   3.210275e-02
1.584797999999999929e+00   1.993088e+00   3.191569e-02
1.589509000000000061e+00   1.995920e+00   3.189158e-02
1.594219999999999970e+00   1.992406e+00   3.183906e-02
1.598931000000000102e+00   1.979512e+00   3.187548e-02
1.603642999999999930e+00   1.961682e+00   3.187202e-02
1.608354000000000061e+00   2.001196e+00   3.191493e-02
1.613064999999999971e+00   2.008190e+00   3.193577e-02
1.617776000000000103e+00   1.988073e+00   3.186044e-02
1.622487999999999930e+00   1.937498e+00   3.176500e-02
1.627199000000000062e+00   1.902023e+00   3.165768e-02
1.631909999999999972e+00   1.914132e+00   3.162064e-02
1.636621000000000103e+00   1.918876e+00   3.157559e-02
1.641332999999999931e+00   1.905835e+00   3.152676e-02
1.646044000000000063e+00   1.905450e+00   3.145858e-02
1.650754999999999972e+00   1.867459e+00   3.136213e-02
1.655466000000000104e+00   1.893045e+00   3.136715e-02
1.660177999999999932e+00   1.865005e+00   3.128953e-02
1.664889000000000063e+00   1.878273e+00   3.125863e-02
1.669599999999999973e+00   1.848532e+00   3.117415e-02
1.674311000000000105e+00   1.790044e+00   3.108264e-02
1.679022999999999932e+00   1.823462e+00   3.107398e-02
1.683734000000000064e+00   1.827476e+00   3.104340e-02
1.688444999999999974e+00   1.859259e+00   3.099169e-02
1.693156000000000105e+00   1.886485e+00   3.095247e-02
1.697867999999999933e+00   1.867958e+00   3.092956e-02
1.702579000000000065e+00   1.850509e+00   3.086045e-02
1.707289999999999974e+00   1.844412e+00   3.084767e-02
1.712002000000000024e+00   1.781150e+00   3.072805e-02
1.716712999999999933e+00   1.797792e+00   3.065699e-02
1.721424000000000065e+00   1.797405e+00   3.061178e-02
1.726134999999999975e+00   1.803827e+00   3.060130e-02
1.730847000000000024e+00   1.822367e+00   3.058485e-02
1.735557999999999934e+00   1.807234e+00   3.052260e-02
1.740269000000000066e+00   1.796262e+00   3.046520e-02
1.744979999999999976e+00   1.784761e+00   3.042051e-02
1.749692000000000025e+00   1.752134e+00   3.033877e-02
1.754402999999999935e+00   1.720497e+00   3.027330e-02
1.759114000000000066e+00   1.683011e+00   3.024189e-02
1.763824999999999976e+00   1.743502e+00   3.022635e-02
1.768537000000000026e+00   1.735390e+00   3.019281e-02
1.773247999999999935e+00   1.771841e+00   3.017029e-02
1.777959000000000067e+00   1.718021e+00   3.008681e-02
1.782669999999999977e+00   1.722818e+00   3.005138e-02
1.787382000000000026e+00   1.710387e+00   3.000330e-02
1.792092999999999936e+00   1.686869e+00   2.994968e-02
1.796804000000000068e+00   1.694940e+00   2.992202e-02
1.801514999999999977e+00   1.689139e+00   2.987659e-02
1.806227000000000027e+00   1.691376e+00   2.981626e-02
1.810937999999999937e+00   1.677030e+00   2.981005e-02
1.815649000000000068e+00   1.685797e+00   2.973661e-02
1.820359999999999978e+00   1.643447e+00   2.965632e-02
1.825072000000000028e+00   1.606753e+00   2.962711e-02
1.829782999999999937e+00   1.604169e+00   2.959279e-02
1.834494000000000069e+00   1.625613e+00   2.956255e-02
1.839204999999999979e+00   1.634084e+00   2.954309e-02
1.843917000000000028e+00   1.612109e+00   2.946995e-02
1.848627999999999938e+00   1.596756e+00   2.940554e-02
1.853339000000000070e+00   1.605617e+00   2.938425e-02
1.858049999999999979e+00   1.568016e+00   2.934284e-02
1.862762000000000029e+00   1.572799e+00   2.927094e-02
1.867472999999999939e+00   1.575937e+00   2.927590e-02
1.872184000000000070e+00   1.540770e+00   2.919643e-02
1.876894999999999980e+00   1.541741e+00   2.914060e-02
1.881607000000000030e+00   1.513400e+00   2.909543e-02
1.886317999999999939e+00   1.535186e+00   2.907448e-02
1.891029000000000071e+00   1.559513e+00   2.905064e-02
1.895740999999999898e+00   1.533277e+00   2.901956e-02
1.900452000000000030e+00   1.520091e+00   2.897184e-02
1.905162999999999940e+00   1.525016e+00   2.892013e-02
1.909874000000000072e+00   1.517397e+00   2.887743e-02
1.914585999999999899e+00   1.512699e+00   2.883141e-02
1.919297000000000031e+00   1.458145e+00   2.876204e-02
1.924007999999999940e+00   1.501914e+00   2.875212e-02
1.928719000000000072e+00   1.492218e+00   2.871100e-02
1.933430999999999900e+00   1.458878e+00   2.866046e-02
1.938142000000000031e+00   1.500177e+00   2.861723e-02
1.942852999999999941e+00   1.512687e+00   2.855862e-02
1.947564000000000073e+00   1.445280e+00   2.840823e-02
1.952275999999999900e+00   1.427338e+00   2.831539e-02
1.956987000000000032e+00   1.447304e+00   2.829133e-02
1.961697999999999942e+00   1.482026e+00   2.832768e-02
1.966409000000000074e+00   1.427456e+00   2.824540e-02
1.971120999999999901e+00   1.426652e+00   2.821937e-02
1.975832000000000033e+00   1.404338e+00   2.818520e-02
1.980542999999999942e+00   1.418060e+00   2.817007e-02
1.985254000000000074e+00   1.428299e+00   2.819145e-02
1.989965999999999902e+00   1.383547e+00   2.816922e-02
1.994677000000000033e+00   1.408485e+00   2.819773e-02
1.999387999999999943e+00   1.413767e+00   2.823425e-02
2.004099000000000075e+00   1.392714e+00   2.885455e-02
2.008811000000000124e+00   1.373225e+00   2.948141e-02
2.013522000000000034e+00   1.377235e+00   2.988911e-02
2.018232999999999944e+00   1.359020e+00   3.021488e-02
2.022943999999999853e+00   1.379833e+00   3.050218e-02
2.027655999999999903e+00   1.371676e+00   3.078488e-02
2.032366999999999813e+00   1.393345e+00   3.095337e-02
2.037078000000000166e+00   1.355062e+00   3.100751e-02
2.041789000000000076e+00   1.370366e+00   3.111549e-02
2.046501000000000126e+00   1.386335e+00   3.124035e-02
2.051212000000000035e+00   1.337204e+00   3.128172e-02
2.055922999999999945e+00   1.330684e+00   3.130834e-02
2.060633999999999855e+00   1.329973e+00   3.136951e-02
2.065345999999999904e+00   1.353295e+00   3.130948e-02
2.070056999999999814e+00   1.321560e+00   3.037906e-02
2.074768000000000168e+00   1.302574e+00   2.976602e-02
2.079480000000000217e+00   1.289372e+00   2.934132e-02
2.084191000000000127e+00   1.276172e+00   2.899881e-02
2.088902000000000037e+00   1.290524e+00   2.879020e-02
2.093612999999999946e+00   1.302819e+00   2.858986e-02
2.098324999999999996e+00   1.256118e+00   2.846553e-02
2.103035999999999905e+00   1.300972e+00   2.839412e-02
2.107746999999999815e+00   1.264684e+00   2.829465e-02
2.112458000000000169e+00   1.262317e+00   2.823325e-02
2.117170000000000218e+00   1.222844e+00   2.816582e-02
2.121881000000000128e+00   1.224282e+00   2.806274e-02
2.126592000000000038e+00   1.253916e+00   2.802597e-02
2.131302999999999948e+00   1.223058e+00   2.797523e-02
2.136014999999999997e+00   1.244684e+00   2.791940e-02
2.140725999999999907e+00   1.227540e+00   2.786351e-02
2.145436999999999816e+00   1.225347e+00   2.780684e-02
2.150148000000000170e+00   1.208792e+00   2.776567e-02
2.154860000000000220e+00   1.217146e+00   2.771287e-02
2.159571000000000129e+00   1.207653e+00   2.765777e-02
2.164282000000000039e+00   1.229557e+00   2.762937e-02
2.168992999999999949e+00   1.158825e+00   2.754010e-02
2.173704999999999998e+00   1.210930e+00   2.752439e-02
2.178415999999999908e+00   1.185785e+00   2.747446e-02
2.183126999999999818e+00   1.178683e+00   2.743161e-02
2.187838000000000171e+00   1.214318e+00   2.741156e-02
2.192550000000000221e+00   1.186681e+00   2.734886e-02
2.197261000000000131e+00   1.184543e+00   2.730696e-02
2.201972000000000040e+00   1.143955e+00   2.725355e-02
2.206682999999999950e+00   1.140664e+00   2.722442e-02
2.211395000000000000e+00   1.136174e+00   2.717071e-02
2.216105999999999909e+00   1.116119e+00   2.711696e-02
2.220816999999999819e+00   1.106830e+00   2.706472e-02
2.225528000000000173e+00   1.125485e+00   2.706124e-02
2.230239999999999778e+00   1.122796e+00   2.701459e-02
2.234951000000000132e+00   1.123681e+00   2.699201e-02
2.239662000000000042e+00   1.089132e+00   2.696010e-02
2.244372999999999951e+00   1.070025e+00   2.688796e-02
2.249085000000000001e+00   1.109822e+00   2.686492e-02
2.253795999999999911e+00   1.086492e+00   2.680394e-02
2.258506999999999820e+00   1.105011e+00   2.680670e-02
2.263218999999999870e+00   1.116444e+00   2.676156e-02
2.267929999999999779e+00   1.081043e+00   2.673439e-02
2.272641000000000133e+00   1.109039e+00   2.669787e-02
2.277352000000000043e+00   1.100603e+00   2.666576e-02
2.282064000000000092e+00   1.093392e+00   2.660489e-02
2.286775000000000002e+00   1.057133e+00   2.656667e-02
2.291485999999999912e+00   1.081238e+00   2.654545e-02
2.296196999999999822e+00   1.114812e+00   2.650077e-02
2.300908999999999871e+00   1.070359e+00   2.647895e-02
2.305619999999999781e+00   1.014424e+00   2.642546e-02
2.310331000000000135e+00   1.048853e+00   2.639680e-02
2.315042000000000044e+00   1.073297e+00   2.637433e-02
2.319754000000000094e+00   1.030521e+00   2.632039e-02
2.324465000000000003e+00   1.007301e+00   2.629431e-02
2.329175999999999913e+00   1.064352e+00   2.628260e-02
2.333886999999999823e+00   1.014834e+00   2.623440e-02
2.338598999999999872e+00   1.024844e+00   2.621088e-02
2.343309999999999782e+00   9.934982e-01   2.614859e-02
2.348021000000000136e+00   1.031378e+00   2.615699e-02
2.352732000000000046e+00   9.904786e-01   2.610592e-02
2.357444000000000095e+00   9.756959e-01   2.607036e-02
2.362155000000000005e+00   9.976345e-01   2.604856e-02
2.366865999999999914e+00   1.019535e+00   2.605482e-02
2.371576999999999824e+00   1.014016e+00   2.600019e-02
2.376288999999999874e+00   9.812382e-01   2.593933e-02
2.380999999999999783e+00   9.762400e-01   2.590853e-02
2.385711000000000137e+00   9.489715e-01   2.587386e-02
2.390422000000000047e+00   9.429564e-01   2.584485e-02
2.395134000000000096e+00   1.039151e+00   2.586126e-02
2.399845000000000006e+00   9.679945e-01   2.580234e-02
2.404555999999999916e+00   9.455828e-01   2.578287e-02
2.409266999999999825e+00   9.430856e-01   2.573664e-02
2.413978999999999875e+00   9.427985e-01   2.567897e-02
2.418689999999999785e+00   9.386606e-01   2.565467e-02
2.423401000000000138e+00   9.519018e-01   2.564067e-02
2.428112000000000048e+00   9.910082e-01   2.564703e-02
2.432824000000000098e+00   9.563785e-01   2.557430e-02
2.437535000000000007e+00   9.610861e-01   2.557520e-02
2.442245999999999917e+00   9.498424e-01   2.555213e-02
2.446957999999999966e+00   9.204283e-01   2.550357e-02
2.451668999999999876e+00   8.930326e-01   2.544249e-02
2.456379999999999786e+00   9.404714e-01   2.545338e-02
2.461091000000000140e+00   9.216388e-01   2.541089e-02
2.465803000000000189e+00   9.282483e-01   2.538999e-02
2.470514000000000099e+00   9.046621e-01   2.535236e-02
2.475225000000000009e+00   9.085427e-01   2.532769e-02
2.479935999999999918e+00   8.716415e-01   2.527553e-02
2.484647999999999968e+00   8.823678e-01   2.526037e-02
2.489358999999999877e+00   8.964172e-01   2.523753e-02
2.494069999999999787e+00   9.050172e-01   2.520798e-02
2.498781000000000141e+00   9.157567e-01   2.519113e-02
2.503493000000000190e+00   8.869931e-01   2.517605e-02
2.508204000000000100e+00   8.500952e-01   2.511451e-02
2.512915000000000010e+00   8.385148e-01   2.504944e-02
2.517625999999999920e+00   9.132379e-01   2.505567e-02
2.522337999999999969e+00   8.499860e-01   2.496680e-02
2.527048999999999879e+00   8.501667e-01   2.490323e-02
2.531759999999999788e+00   8.549984e-01   2.488604e-02
2.536471000000000142e+00   8.757492e-01   2.488086e-02
2.541183000000000192e+00   8.435898e-01   2.483711e-02
2.545894000000000101e+00   8.430897e-01   2.480760e-02
2.550605000000000011e+00   8.225868e-01   2.476612e-02
2.555315999999999921e+00   8.305279e-01   2.475889e-02
2.560027999999999970e+00   8.260984e-01   2.472423e-02
2.564738999999999880e+00   8.516386e-01   2.473066e-02
2.569449999999999790e+00   8.534253e-01   2.474156e-02
2.574161000000000143e+00   8.318047e-01   2.473478e-02
2.578873000000000193e+00   8.079521e-01   2.470978e-02
2.583584000000000103e+00   8.151505e-01   2.468170e-02
2.588295000000000012e+00   8.722969e-01   2.469952e-02
2.593005999999999922e+00   8.271995e-01   2.466421e-02
2.597717999999999972e+00   8.232324e-01   2.463476e-02
2.602428999999999881e+00   8.361397e-01   2.460930e-02
2.607139999999999791e+00   7.830849e-01   2.458669e-02
2.611851000000000145e+00   7.885976e-01   2.455350e-02
2.616563000000000194e+00   7.506135e-01   2.450216e-02
2.621274000000000104e+00   8.035775e-01   2.451015e-02
2.625985000000000014e+00   8.004135e-01   2.448504e-02
2.630697000000000063e+00   7.694758e-01   2.444025e-02
2.635407999999999973e+00   7.789538e-01   2.444232e-02
2.640118999999999883e+00   8.087112e-01   2.442053e-02
2.644829999999999792e+00   8.005180e-01   2.440179e-02
2.649541999999999842e+00   7.679178e-01   2.434337e-02
2.654253000000000196e+00   7.467430e-01   2.430650e-02
2.658964000000000105e+00   7.360269e-01   2.429481e-02
2.663675000000000015e+00   7.779881e-01   2.430766e-02
2.668387000000000064e+00   7.484074e-01   2.425102e-02
2.673097999999999974e+00   7.281642e-01   2.421940e-02
2.677808999999999884e+00   7.364450e-01   2.419371e-02
2.682519999999999794e+00   7.707946e-01   2.420372e-02
2.687231999999999843e+00   7.567610e-01   2.416363e-02
2.691943000000000197e+00   7.443077e-01   2.411247e-02
2.696654000000000106e+00   7.249681e-01   2.409465e-02
2.701365000000000016e+00   7.628335e-01   2.411077e-02
2.706077000000000066e+00   7.309591e-01   2.404018e-02
2.710787999999999975e+00   7.502580e-01   2.403819e-02
2.715498999999999885e+00   7.462478e-01   2.401372e-02
2.720209999999999795e+00   7.342214e-01   2.398908e-02
2.724921999999999844e+00   7.380755e-01   2.399104e-02
2.729633000000000198e+00   7.241790e-01   2.393774e-02
2.734344000000000108e+00   7.209450e-01   2.392845e-02
2.739055000000000017e+00   7.158673e-01   2.388038e-02
2.743767000000000067e+00   7.103161e-01   2.385922e-02
2.748477999999999977e+00   6.967578e-01   2.385447e-02
2.753188999999999886e+00   7.077155e-01   2.383784e-02
2.757899999999999796e+00   6.877121e-01   2.378757e-02
2.762611999999999846e+00   6.821138e-01   2.377857e-02
2.767323000000000199e+00   6.948319e-01   2.376335e-02
2.772034000000000109e+00   6.935441e-01   2.376043e-02
2.776745000000000019e+00   6.671366e-01   2.372247e-02
2.781457000000000068e+00   6.718649e-01   2.367232e-02
2.786167999999999978e+00   6.972625e-01   2.365679e-02
2.790878999999999888e+00   7.053179e-01   2.364626e-02
2.795589999999999797e+00   6.862574e-01   2.363757e-02
2.800301999999999847e+00   6.679962e-01   2.361365e-02
2.805013000000000201e+00   6.740856e-01   2.370874e-02
2.809724000000000110e+00   6.827243e-01   2.432077e-02
2.814436000000000160e+00   7.103851e-01   2.471421e-02
2.819147000000000070e+00   6.982514e-01   2.501370e-02
2.823857999999999979e+00   6.755315e-01   2.521318e-02
2.828568999999999889e+00   6.494172e-01   2.531707e-02
2.833280999999999938e+00   6.798381e-01   2.542893e-02
2.837991999999999848e+00   6.717716e-01   2.551145e-02
2.842703000000000202e+00   6.609423e-01   2.556169e-02
2.847414000000000112e+00   6.487000e-01   2.562862e-02
2.852126000000000161e+00   6.616766e-01   2.571024e-02
2.856837000000000071e+00   6.402634e-01   2.575500e-02
2.861547999999999981e+00   6.345821e-01   2.581863e-02
2.866258999999999890e+00   6.488741e-01   2.588658e-02
2.870970999999999940e+00   6.449994e-01   2.568895e-02
2.875681999999999849e+00   6.624576e-01   2.504773e-02
2.880393000000000203e+00   6.270229e-01   2.461437e-02
2.885104000000000113e+00   6.155583e-01   2.434858e-02
2.889816000000000162e+00   6.544555e-01   2.417837e-02
2.894527000000000072e+00   6.467443e-01   2.407507e-02
2.899237999999999982e+00   6.228223e-01   2.397845e-02
2.903948999999999891e+00   6.040033e-01   2.392235e-02
2.908660999999999941e+00   6.200360e-01   2.385850e-02
2.913371999999999851e+00   6.161285e-01   2.381930e-02
2.918083000000000204e+00   6.251104e-01   2.378401e-02
2.922794000000000114e+00   6.004322e-01   2.373306e-02
2.927506000000000164e+00   6.141383e-01   2.369685e-02
2.932217000000000073e+00   6.123637e-01   2.365296e-02
2.936927999999999983e+00   5.931089e-01   2.359757e-02
2.941638999999999893e+00   5.983999e-01   2.355435e-02
2.946350999999999942e+00   6.076103e-01   2.354769e-02
2.951061999999999852e+00   5.816839e-01   2.351250e-02
2.955773000000000206e+00   5.912411e-01   2.348944e-02
2.960484000000000115e+00   5.812115e-01   2.343537e-02
2.965196000000000165e+00   5.809408e-01   2.339729e-02
2.969907000000000075e+00   5.627057e-01   2.336822e-02
2.974617999999999984e+00   5.776647e-01   2.333796e-02
2.979328999999999894e+00   5.980722e-01   2.332033e-02
2.984040999999999944e+00   5.761000e-01   2.327404e-02
2.988751999999999853e+00   6.017373e-01   2.326963e-02
2.993463000000000207e+00   5.158302e-01   2.320772e-02
2.998174999999999812e+00   5.580929e-01   2.319874e-02
3.002886000000000166e+00   5.851521e-01   2.320250e-02
3.007597000000000076e+00   5.792217e-01   2.315019e-02
3.012307999999999986e+00   5.670987e-01   2.312260e-02
3.017020000000000035e+00   5.816576e-01   2.310912e-02
3.021730999999999945e+00   5.504772e-01   2.306860e-02
3.026441999999999855e+00   5.608768e-01   2.303434e-02
3.031153000000000208e+00   5.576683e-01   2.303050e-02
3.035864999999999814e+00   5.531950e-01   2.298359e-02
3.040576000000000167e+00   5.157837e-01   2.293988e-02
3.045287000000000077e+00   5.363935e-01   2.292034e-02
3.049997999999999987e+00   5.567426e-01   2.292461e-02
3.054710000000000036e+00   5.713382e-01   2.291028e-02
3.059420999999999946e+00   5.456406e-01   2.287481e-02
3.064131999999999856e+00   5.639154e-01   2.285849e-02
3.068843000000000210e+00   5.799801e-01   2.286148e-02
3.073554999999999815e+00   5.762939e-01   2.284166e-02
3.078266000000000169e+00   5.510854e-01   2.277992e-02
3.082977000000000078e+00   5.436457e-01   2.278247e-02
3.087687999999999988e+00   5.420999e-01   2.275384e-02
3.092400000000000038e+00   5.479300e-01   2.274231e-02
3.097110999999999947e+00   5.587036e-01   2.269848e-02
3.101821999999999857e+00   5.653227e-01   2.267358e-02
3.106533000000000211e+00   5.378981e-01   2.265495e-02
3.111244999999999816e+00   5.433782e-01   2.264308e-02
3.115956000000000170e+00   5.351213e-01   2.260082e-02
3.120667000000000080e+00   5.276582e-01   2.257341e-02
3.125377999999999989e+00   5.519532e-01   2.258588e-02
3.130090000000000039e+00   5.581988e-01   2.257283e-02
3.134800999999999949e+00   5.426337e-01   2.252555e-02
3.139511999999999858e+00   5.168113e-01   2.248952e-02
3.144223000000000212e+00   4.931878e-01   2.248032e-02
3.148934999999999818e+00   5.075669e-01   2.247512e-02
3.153646000000000171e+00   5.082088e-01   2.243678e-02
3.158357000000000081e+00   5.127551e-01   2.241586e-02
3.163067999999999991e+00   5.256057e-01   2.241253e-02
3.167780000000000040e+00   5.109703e-01   2.239052e-02
3.172490999999999950e+00   5.135241e-01   2.235149e-02
3.177201999999999860e+00   5.184582e-01   2.235933e-02
3.181913999999999909e+00   5.091403e-01   2.234554e-02
3.186624999999999819e+00   4.754679e-01   2.228546e-02
3.191336000000000173e+00   5.160245e-01   2.229013e-02
3.196047000000000082e+00   5.151920e-01   2.224478e-02
3.200759000000000132e+00   5.021698e-01   2.217746e-02
3.205470000000000041e+00   5.025492e-01   2.215803e-02
3.210180999999999951e+00   4.894978e-01   2.214138e-02
3.214891999999999861e+00   5.237550e-01   2.214328e-02
3.219603999999999910e+00   4.822999e-01   2.210204e-02
3.224314999999999820e+00   4.507669e-01   2.206799e-02
3.229026000000000174e+00   4.594568e-01   2.204297e-02
3.233737000000000084e+00   4.617951e-01   2.202489e-02
3.238449000000000133e+00   4.668096e-01   2.203619e-02
3.243160000000000043e+00   4.820158e-01   2.203492e-02
3.247870999999999952e+00   4.700931e-01   2.199593e-02
3.252581999999999862e+00   4.777757e-01   2.201796e-02
3.257293999999999912e+00   4.710612e-01   2.203018e-02
3.262004999999999821e+00   4.680515e-01   2.199879e-02
3.266716000000000175e+00   4.588489e-01   2.197245e-02
3.271427000000000085e+00   4.854135e-01   2.196628e-02
3.276139000000000134e+00   4.606389e-01   2.195151e-02
3.280850000000000044e+00   4.941314e-01   2.194921e-02
3.285560999999999954e+00   4.700467e-01   2.190145e-02
3.290271999999999863e+00   4.636627e-01   2.187665e-02
3.294983999999999913e+00   4.669729e-01   2.186303e-02
3.299694999999999823e+00   4.619296e-01   2.183944e-02
3.304406000000000176e+00   4.844565e-01   2.186807e-02
3.309117000000000086e+00   4.555828e-01   2.180715e-02
3.313829000000000136e+00   4.794054e-01   2.179451e-02
3.318540000000000045e+00   4.560597e-01   2.178135e-02
3.323250999999999955e+00   4.429837e-01   2.175448e-02
3.327961999999999865e+00   4.443863e-01   2.173513e-02
3.332673999999999914e+00   4.565197e-01   2.172251e-02
3.337384999999999824e+00   4.309583e-01   2.170670e-02
3.342096000000000178e+00   4.427947e-01   2.169771e-02
3.346807000000000087e+00   4.783064e-01   2.169529e-02
3.351519000000000137e+00   4.238478e-01   2.164043e-02
3.356230000000000047e+00   4.472477e-01   2.165322e-02
3.360940999999999956e+00   4.857267e-01   2.165015e-02
3.365653000000000006e+00   4.553646e-01   2.162078e-02
3.370363999999999916e+00   4.491083e-01   2.159591e-02
3.375074999999999825e+00   4.566340e-01   2.160354e-02
3.379786000000000179e+00   4.762853e-01   2.158179e-02
3.384497999999999784e+00   4.430301e-01   2.156581e-02
3.389209000000000138e+00   4.400132e-01   2.167878e-02
3.393920000000000048e+00   4.536385e-01   2.218296e-02
3.398630999999999958e+00   4.162732e-01   2.247148e-02
3.403343000000000007e+00   4.180118e-01   2.270212e-02
3.408053999999999917e+00   4.446593e-01   2.288863e-02
3.412764999999999826e+00   4.321031e-01   2.296048e-02
3.417476000000000180e+00   4.328320e-01   2.294346e-02
3.422187999999999786e+00   4.032797e-01   2.293973e-02
3.426899000000000139e+00   4.402574e-01   2.301303e-02
3.431610000000000049e+00   4.549629e-01   2.308345e-02
3.436320999999999959e+00   4.451832e-01   2.313142e-02
3.441033000000000008e+00   4.091563e-01   2.317515e-02
3.445743999999999918e+00   3.950617e-01   2.319081e-02
3.450454999999999828e+00   4.059335e-01   2.323776e-02
3.455166000000000182e+00   4.015623e-01   2.327229e-02
3.459877999999999787e+00   4.552029e-01   2.333192e-02
3.464589000000000141e+00   3.918364e-01   2.333069e-02
3.469300000000000050e+00   3.978315e-01   2.336318e-02
3.474010999999999960e+00   4.070802e-01   2.341928e-02
3.478723000000000010e+00   4.179820e-01   2.346008e-02
3.483433999999999919e+00   4.239117e-01   2.348063e-02
3.488144999999999829e+00   3.968318e-01   2.351901e-02
3.492856000000000183e+00   4.255344e-01   2.355900e-02
3.497567999999999788e+00   3.599903e-01   2.355496e-02
3.502279000000000142e+00   3.545054e-01   2.356901e-02
3.506990000000000052e+00   4.260979e-01   2.363448e-02
3.511700999999999961e+00   4.390887e-01   2.366265e-02
3.516413000000000011e+00   4.197391e-01   2.368713e-02
3.521123999999999921e+00   3.936053e-01   2.369560e-02
3.525834999999999830e+00   3.689240e-01   2.372109e-02
3.530546000000000184e+00   3.628030e-01   2.374814e-02
3.535257999999999790e+00   3.685891e-01   2.377106e-02
3.539969000000000143e+00   3.847385e-01   2.380621e-02
3.544680000000000053e+00   4.164175e-01   2.384069e-02
3.549392000000000102e+00   3.806266e-01   2.386556e-02
3.554103000000000012e+00   3.880413e-01   2.388413e-02
3.558813999999999922e+00   3.668309e-01   2.387873e-02
3.563524999999999832e+00   4.043719e-01   2.393142e-02
3.568236999999999881e+00   4.018748e-01   2.392246e-02
3.572947999999999791e+00   3.881780e-01   2.395174e-02
3.577659000000000145e+00   3.910329e-01   2.397381e-02
3.582370000000000054e+00   3.905440e-01   2.399707e-02
3.587082000000000104e+00   3.767238e-01   2.400516e-02
3.591793000000000013e+00   3.621523e-01   2.399223e-02
3.596503999999999923e+00   3.947647e-01   2.402148e-02
3.601214999999999833e+00   3.755636e-01   2.401020e-02
3.605926999999999882e+00   3.531174e-01   2.402733e-02
3.610637999999999792e+00   3.784673e-01   2.447161e-02
3.615349000000000146e+00   3.870425e-01   2.519078e-02
3.620060000000000056e+00   3.774984e-01   2.562096e-02
3.624772000000000105e+00   3.539161e-01   2.591845e-02
3.629483000000000015e+00   3.467572e-01   2.610962e-02
3.634193999999999924e+00   3.559534e-01   2.629192e-02
3.638904999999999834e+00   3.858111e-01   2.649282e-02
3.643616999999999884e+00   3.616274e-01   2.662391e-02
3.648327999999999793e+00   3.452832e-01   2.676252e-02
3.653039000000000147e+00   3.752376e-01   2.690653e-02
3.657750000000000057e+00   3.545851e-01   2.702173e-02
3.662462000000000106e+00   3.622009e-01   2.717237e-02
3.667173000000000016e+00   3.848337e-01   2.731251e-02
3.671883999999999926e+00   3.783018e-01   2.743265e-02
3.676594999999999835e+00   3.622094e-01   2.752349e-02
3.681306999999999885e+00   3.453636e-01   2.762455e-02
3.686017999999999795e+00   3.553472e-01   2.778177e-02
3.690729000000000148e+00   3.623769e-01   2.792062e-02
3.695440000000000058e+00   3.421109e-01   2.801096e-02
3.700152000000000108e+00   3.343106e-01   2.811059e-02
3.704863000000000017e+00   3.573835e-01   2.825145e-02
3.709573999999999927e+00   3.373075e-01   2.836537e-02
3.714284999999999837e+00   3.680388e-01   2.849815e-02
3.718996999999999886e+00   3.798415e-01   2.859073e-02
3.723707999999999796e+00   3.904450e-01   2.873448e-02
3.728419000000000150e+00   4.069525e-01   2.884659e-02
3.733131000000000199e+00   3.400414e-01   2.892393e-02
3.737842000000000109e+00   3.494242e-01   2.906507e-02
3.742553000000000019e+00   3.318384e-01   2.913499e-02
3.747263999999999928e+00   3.641402e-01   2.924055e-02
3.751975999999999978e+00   3.621699e-01   2.936662e-02
3.756686999999999887e+00   3.477868e-01   2.948203e-02
3.761397999999999797e+00   3.406985e-01   2.958817e-02
3.766109000000000151e+00   3.210911e-01   2.965469e-02
3.770821000000000200e+00   3.230147e-01   2.978882e-02
3.775532000000000110e+00   2.963513e-01   2.988814e-02
3.780243000000000020e+00   3.120229e-01   3.003099e-02
3.784953999999999930e+00   2.847416e-01   3.009076e-02
3.789665999999999979e+00   3.600193e-01   3.025426e-02
3.794376999999999889e+00   3.711211e-01   3.036657e-02
3.799087999999999798e+00   3.006120e-01   3.041942e-02
3.803799000000000152e+00   3.536500e-01   3.055462e-02
3.808511000000000202e+00   3.543728e-01   3.064978e-02
3.813222000000000111e+00   3.917328e-01   3.078389e-02
3.817933000000000021e+00   3.011186e-01   3.081513e-02
3.822643999999999931e+00   2.683420e-01   3.092011e-02
3.827355999999999980e+00   3.151052e-01   3.104732e-02
3.832066999999999890e+00   3.733935e-01   3.123663e-02
3.836777999999999800e+00   3.321846e-01   3.132011e-02
3.841489000000000154e+00   3.337245e-01   3.145404e-02
3.846201000000000203e+00   3.267981e-01   3.152450e-02
3.850912000000000113e+00   3.610419e-01   3.162138e-02
3.855623000000000022e+00   3.459497e-01   3.174233e-02
3.860333999999999932e+00   3.757752e-01   3.186760e-02
3.865045999999999982e+00   3.668041e-01   3.199971e-02
3.869756999999999891e+00   3.135582e-01   3.204157e-02
3.874467999999999801e+00   3.353278e-01   3.217215e-02
3.879179000000000155e+00   3.318712e-01   3.228457e-02
3.883891000000000204e+00   2.938157e-01   3.236427e-02
3.888602000000000114e+00   2.883361e-01   3.249371e-02
3.893313000000000024e+00   3.268191e-01   3.260343e-02
3.898023999999999933e+00   3.246999e-01   3.268719e-02
3.902735999999999983e+00   3.174821e-01   3.280309e-02
3.907446999999999893e+00   3.126942e-01   3.294304e-02
3.912157999999999802e+00   2.790524e-01   3.305812e-02
3.916869999999999852e+00   2.769949e-01   3.308654e-02
3.921581000000000206e+00   3.320808e-01   3.312881e-02
3.926292000000000115e+00   3.204579e-01   3.319625e-02
3.931003000000000025e+00   3.248631e-01   3.333405e-02
3.935715000000000074e+00   2.919958e-01   3.336515e-02
3.940425999999999984e+00   3.218312e-01   3.341595e-02
3.945136999999999894e+00   3.015162e-01   3.340847e-02
3.949847999999999804e+00   3.331612e-01   3.353093e-02
3.954559999999999853e+00   3.617514e-01   3.358633e-02
3.959271000000000207e+00   3.282685e-01   3.358513e-02
3.963982000000000117e+00   3.398131e-01   3.362791e-02
3.968693000000000026e+00   3.640977e-01   3.366679e-02
3.973405000000000076e+00   3.263731e-01   3.374725e-02
3.978115999999999985e+00   3.230028e-01   3.389667e-02
3.982826999999999895e+00   2.814178e-01   3.398144e-02
3.987537999999999805e+00   2.927427e-01   3.412255e-02
3.992249999999999854e+00   2.646862e-01   3.419603e-02
3.996961000000000208e+00   2.741459e-01   3.426079e-02
4.001672000000000118e+00   3.174329e-01   3.443625e-02
4.006382999999999583e+00   3.290517e-01   3.456164e-02
4.011095000000000077e+00   3.433320e-01   3.471384e-02
4.015806000000000431e+00   3.215495e-01   3.478368e-02
4.020516999999999896e+00   3.524903e-01   3.492355e-02
4.025228000000000250e+00   3.332447e-01   3.503875e-02
4.029939999999999856e+00   2.962294e-01   3.514280e-02
4.034651000000000209e+00   3.113466e-01   3.527422e-02
4.039361999999999675e+00   2.919615e-01   3.536434e-02
4.044073000000000029e+00   2.652184e-01   3.546633e-02
4.048784999999999634e+00   3.141247e-01   3.565474e-02
4.053495999999999988e+00   3.087389e-01   3.574796e-02
4.058207000000000342e+00   3.169813e-01   3.586320e-02
4.062917999999999807e+00   3.059124e-01   3.600511e-02
4.067630000000000301e+00   2.743149e-01   3.608019e-02
4.072340999999999767e+00   3.219262e-01   3.623150e-02
4.077052000000000120e+00   2.991454e-01   3.638061e-02
4.081762999999999586e+00   3.391603e-01   3.646292e-02
4.086475000000000080e+00   3.071839e-01   3.660946e-02
4.091186000000000433e+00   2.852000e-01   3.676935e-02
4.095896999999999899e+00   2.959565e-01   3.689737e-02
4.100609000000000393e+00   2.874817e-01   3.700513e-02
4.105319999999999858e+00   3.217314e-01   3.719042e-02
4.110031000000000212e+00   3.272143e-01   3.731257e-02
4.114741999999999678e+00   3.086838e-01   3.740196e-02
4.119454000000000171e+00   2.827243e-01   3.753234e-02
4.124164999999999637e+00   2.903838e-01   3.767442e-02
4.128875999999999991e+00   2.446128e-01   3.775911e-02
4.133587000000000344e+00   2.624088e-01   3.798295e-02
4.138298999999999950e+00   2.717396e-01   3.813289e-02
4.143010000000000304e+00   3.356410e-01   3.826139e-02
4.147720999999999769e+00   3.048880e-01   3.836611e-02
4.152432000000000123e+00   2.793967e-01   3.847506e-02
4.157143999999999728e+00   2.095286e-01   3.858890e-02
4.161855000000000082e+00   2.802324e-01   3.878916e-02
4.166566000000000436e+00   3.100624e-01   3.894462e-02
4.171276999999999902e+00   3.059034e-01   3.914246e-02
4.175989000000000395e+00   3.130495e-01   3.932703e-02
4.180699999999999861e+00   2.751609e-01   3.946095e-02
4.185411000000000215e+00   2.684162e-01   3.953715e-02
4.190121999999999680e+00   2.274876e-01   3.967713e-02
4.194834000000000174e+00   2.196420e-01   3.977591e-02
4.199544999999999639e+00   2.230756e-01   3.987101e-02
4.204255999999999993e+00   2.643653e-01   4.012703e-02
4.208967000000000347e+00   2.310655e-01   4.024444e-02
4.213678999999999952e+00   3.064805e-01   4.049461e-02
4.218390000000000306e+00   3.289110e-01   4.071179e-02
4.223100999999999772e+00   3.193902e-01   4.084753e-02
4.227812000000000126e+00   2.700498e-01   4.091996e-02
4.232523999999999731e+00   2.587995e-01   4.112035e-02
4.237235000000000085e+00   2.570543e-01   4.128013e-02
4.241946000000000438e+00   2.417664e-01   4.141402e-02
4.246656999999999904e+00   2.238229e-01   4.159245e-02
4.251369000000000398e+00   2.338120e-01   4.175097e-02
4.256079999999999863e+00   3.010239e-01   4.206815e-02
4.260791000000000217e+00   2.648945e-01   4.218218e-02
4.265501999999999683e+00   3.101059e-01   4.240395e-02
4.270214000000000176e+00   2.094632e-01   4.245228e-02
4.274924999999999642e+00   2.661961e-01   4.261426e-02
4.279635999999999996e+00   3.262554e-01   4.284119e-02
4.284347999999999601e+00   2.426825e-01   4.299961e-02
4.289058999999999955e+00   2.936768e-01   4.318550e-02
4.293770000000000309e+00   2.359041e-01   4.334107e-02
4.298480999999999774e+00   2.331870e-01   4.359643e-02
4.303193000000000268e+00   2.861761e-01   4.384424e-02
4.307903999999999733e+00   2.269921e-01   4.395041e-02
4.312615000000000087e+00   2.269302e-01   4.413980e-02
4.317326000000000441e+00   2.929637e-01   4.437639e-02
4.322038000000000046e+00   2.270378e-01   4.453943e-02
4.326749000000000400e+00   2.568603e-01   4.471735e-02
4.331459999999999866e+00   2.083972e-01   4.494824e-02
4.336171000000000220e+00   2.328232e-01   4.521287e-02
4.340882999999999825e+00   2.332832e-01   4.539582e-02
4.345594000000000179e+00   2.312995e-01   4.552912e-02
4.350304999999999644e+00   2.649997e-01   4.581934e-02
4.355015999999999998e+00   2.786650e-01   4.605657e-02
4.359727999999999604e+00   2.698854e-01   4.625934e-02
4.364438999999999957e+00   2.857164e-01   4.646834e-02
4.369150000000000311e+00   2.254776e-01   4.663867e-02
4.373860999999999777e+00   3.081508e-01   4.702351e-02
4.378573000000000270e+00   2.759769e-01   4.724071e-02
4.383283999999999736e+00   1.580218e-01   4.726280e-02
4.387995000000000090e+00   2.150860e-01   4.754911e-02
4.392706000000000444e+00   2.620514e-01   4.783963e-02
4.397418000000000049e+00   2.318563e-01   4.791153e-02
4.402129000000000403e+00   2.265022e-01   4.807515e-02
4.406839999999999868e+00   3.075247e-01   4.817802e-02
4.411551000000000222e+00   2.462187e-01   4.812830e-02
4.416262999999999828e+00   2.560191e-01   4.814805e-02
4.420974000000000181e+00   2.353943e-01   4.822855e-02
4.425684999999999647e+00   2.282183e-01   4.817643e-02
4.430396000000000001e+00   2.572029e-01   4.836216e-02
4.435107999999999606e+00   2.408282e-01   4.837043e-02
4.439818999999999960e+00   2.644535e-01   4.844364e-02
4.444530000000000314e+00   2.818863e-01   4.864144e-02
4.449240999999999779e+00   2.796628e-01   4.886824e-02
4.453953000000000273e+00   2.403462e-01   4.915749e-02
4.458663999999999739e+00   1.879432e-01   4.932507e-02
4.463375000000000092e+00   2.352297e-01   4.960662e-02
4.468086999999999698e+00   2.225169e-01   4.990092e-02
4.472798000000000052e+00   2.548447e-01   5.016906e-02
4.477509000000000405e+00   2.152903e-01   5.042877e-02
4.482219999999999871e+00   2.456264e-01   5.078909e-02
4.486932000000000365e+00   2.271662e-01   5.110729e-02
4.491642999999999830e+00   2.378092e-01   5.132610e-02
4.496354000000000184e+00   2.675714e-01   5.160229e-02
4.501064999999999650e+00   2.850828e-01   5.195749e-02
4.505777000000000143e+00   2.761003e-01   5.223070e-02
4.510487999999999609e+00   2.046816e-01   5.242881e-02
4.515198999999999963e+00   1.662922e-01   5.260809e-02
4.519910000000000316e+00   1.949018e-01   5.297372e-02
4.524621999999999922e+00   2.673067e-01   5.338625e-02
4.529333000000000276e+00   2.241057e-01   5.371154e-02
4.534043999999999741e+00   2.142399e-01   5.410534e-02
4.538755000000000095e+00   1.613078e-01   5.434037e-02
4.543466999999999700e+00   1.709852e-01   5.459781e-02
4.548178000000000054e+00   2.703432e-01   5.509595e-02
4.552889000000000408e+00   2.593226e-01   5.547528e-02
4.557599999999999874e+00   1.872641e-01   5.578177e-02
4.562312000000000367e+00   2.495038e-01   5.619834e-02
4.567022999999999833e+00   2.313947e-01   5.652624e-02
4.571734000000000187e+00   2.414790e-01   5.685410e-02
4.576444999999999652e+00   2.673157e-01   5.732179e-02
4.581157000000000146e+00   2.577253e-01   5.775635e-02
4.585867999999999611e+00   2.288547e-01   5.786399e-02
4.590578999999999965e+00   2.670448e-01   5.842051e-02
4.595290000000000319e+00   2.496526e-01   5.885178e-02
4.600001999999999924e+00   2.328016e-01   5.924618e-02
4.604713000000000278e+00   2.742728e-01   5.966364e-02
4.609423999999999744e+00   2.299032e-01   6.014102e-02
4.614135000000000097e+00   1.955320e-01   6.043840e-02
4.618846999999999703e+00   1.803885e-01   6.107296e-02
4.623558000000000057e+00   1.476423e-01   6.152773e-02
4.628269000000000410e+00   2.434226e-01   6.208264e-02
4.632979999999999876e+00   2.677275e-01   6.263344e-02
4.637692000000000370e+00   2.267358e-01   6.289408e-02
4.642402999999999835e+00   2.231585e-01   6.350273e-02
4.647114000000000189e+00   2.114648e-01   6.403684e-02
4.651825999999999794e+00   2.757316e-01   6.467562e-02
4.656537000000000148e+00   2.611664e-01   6.518111e-02
4.661247999999999614e+00   2.675178e-01   6.570334e-02
4.665958999999999968e+00   2.380961e-01   6.632898e-02
4.670670999999999573e+00   1.414586e-01   6.677654e-02
4.675381999999999927e+00   1.797726e-01   6.747014e-02
4.680093000000000281e+00   2.072237e-01   6.809684e-02
4.684803999999999746e+00   2.580823e-01   6.871817e-02
4.689516000000000240e+00   2.227885e-01   6.930615e-02
4.694226999999999705e+00   2.233312e-01   6.992293e-02
4.698938000000000059e+00   1.262880e-01   7.052664e-02
4.703649000000000413e+00   1.262227e-01   7.115309e-02
4.708361000000000018e+00   2.006578e-01   7.185502e-02
4.713072000000000372e+00   2.564080e-01   7.285307e-02
4.717782999999999838e+00   1.289093e-01   7.337642e-02
4.722494000000000192e+00   2.014977e-01   7.441194e-02
4.727205999999999797e+00   1.778584e-01   7.518513e-02
4.731917000000000151e+00   1.722435e-01   7.596216e-02
4.736627999999999616e+00   2.118868e-01   7.683777e-02
4.741338999999999970e+00   1.677730e-01   7.762189e-02
4.746050999999999576e+00   2.360151e-01   7.883059e-02
4.750761999999999929e+00   1.545407e-01   7.975913e-02
4.755473000000000283e+00   1.157240e-01   8.058703e-02
4.760183999999999749e+00   2.213567e-01   8.195788e-02
4.764896000000000242e+00   2.517006e-01   8.300736e-02
4.769606999999999708e+00   2.461640e-01   8.425273e-02
4.774318000000000062e+00   2.101134e-01   8.531755e-02
4.779029000000000416e+00   1.715644e-01   8.637637e-02
4.783741000000000021e+00   1.782327e-01   8.775725e-02
4.788452000000000375e+00   1.369085e-01   8.896091e-02
4.793162999999999840e+00   3.198797e-01   9.065415e-02
4.797874000000000194e+00   1.477033e-01   9.170952e-02
4.802585999999999800e+00   1.602810e-01   9.310335e-02
4.807297000000000153e+00   2.730974e-01   9.504733e-02
4.812007999999999619e+00   2.657100e-01   9.651338e-02
4.816718999999999973e+00   3.114798e-01   9.879464e-02
4.821430999999999578e+00   2.794517e-01   1.005494e-01
4.826141999999999932e+00   2.573881e-01   1.024030e-01
4.830853000000000286e+00   3.036952e-01   1.046294e-01
4.835564999999999891e+00   2.498244e-01   1.064659e-01
4.840276000000000245e+00   7.414680e-02   1.084937e-01
4.844986999999999711e+00   1.197081e-01   1.115508e-01
4.849698000000000064e+00   2.995672e-01   1.148343e-01
4.854409999999999670e+00   2.773797e-01   1.177482e-01
4.859121000000000024e+00   1.911737e-01   1.208071e-01
4.863832000000000377e+00   2.154294e-01   1.241066e-01
4.868542999999999843e+00   2.482202e-01   1.281135e-01
4.873255000000000337e+00   4.312126e-01   1.327551e-01
4.877965999999999802e+00   2.905637e-01   1.369515e-01
4.882677000000000156e+00   2.121997e-01   1.412870e-01
4.887387999999999622e+00   3.409149e-01   1.475707e-01
4.892100000000000115e+00   3.538982e-01   1.538528e-01
4.896810999999999581e+00   3.621112e-01   1.612490e-01
4.901521999999999935e+00   3.202789e-01   1.687236e-01
4.906233000000000288e+00   2.001688e-01   1.792749e-01
4.910944999999999894e+00   1.810609e-01   1.902065e-01
4.915656000000000247e+00   2.971627e-01   2.050928e-01
4.920366999999999713e+00   2.217721e-01   2.233530e-01
4.925078000000000067e+00   6.342331e-01   2.492866e-01
4.929789999999999672e+00   2.958336e-01   2.832718e-01
4.934501000000000026e+00   5.853398e-01   3.376130e-01
4.939212000000000380e+00  -1.599348e-01   4.333112e-01
4.943922999999999845e+00  -1.881006e-01   7.675081e-01