# [7]
# Sample c= 2.48 mg/ml
# Intensity scaled by concentration
# Buffer subtracted data file:
# Protein DatFile = /data/visitor/mx1908/bm29/20161119/giulio/1d/mM300_128_ave.dat
# Buffer DatFile = /data/visitor/mx1908/bm29/20161119/giulio/ednaSub/mM300_128_ave_averbuffer.dat
# 
# AutoRg: Rg   =   0.7893 +/- 0.09 ( 11.9%)
# AutoRg: I(0) =   1.88 +/- 0.0042
# AutoRg: Points   40 to 269 ( 230 total)
# AutoRg: Quality: 90.6%
# 
# 
# Sample Information:
# Storage Temperature (degrees C): 20.0
# Measurement Temperature (degrees C): 20.09
# Concentration: 2.48
# Code: 
3.479420999999999903e-02  -2.384173e-01   3.079952e+00
3.950545999999999919e-02   9.891331e-01   1.231249e+00
4.421672000000000102e-02   3.191270e-01   8.043627e-01
4.892798000000000286e-02   1.819579e+00   6.168053e-01
5.363923000000000302e-02   1.425884e+00   4.938031e-01
5.835048999999999791e-02   1.488565e+00   4.050851e-01
6.306174999999999975e-02   1.993787e+00   3.366017e-01
6.777299999999999991e-02   1.824902e+00   2.857670e-01
7.248425999999999481e-02   1.852740e+00   2.475832e-01
7.719552000000000358e-02   2.029452e+00   2.184224e-01
8.190677000000000374e-02   1.878102e+00   1.940292e-01
8.661802999999999864e-02   1.941516e+00   1.747660e-01
9.132928999999999353e-02   1.999317e+00   1.596891e-01
9.604053999999999369e-02   1.738106e+00   1.474890e-01
1.007518000000000025e-01   1.686086e+00   1.362881e-01
1.054631000000000041e-01   1.887481e+00   1.272954e-01
1.101743000000000028e-01   1.734359e+00   1.192541e-01
1.148856000000000044e-01   1.792748e+00   1.125564e-01
1.195968000000000031e-01   1.780924e+00   1.067511e-01
1.243081000000000047e-01   1.870640e+00   1.016261e-01
1.290193000000000034e-01   1.762984e+00   9.717584e-02
1.337306000000000050e-01   1.840553e+00   9.324193e-02
1.384419000000000066e-01   1.909116e+00   8.977354e-02
1.431531000000000053e-01   1.870107e+00   8.643091e-02
1.478644000000000069e-01   1.942658e+00   8.369322e-02
1.525756000000000057e-01   1.883814e+00   8.116038e-02
1.572869000000000073e-01   1.840682e+00   7.917964e-02
1.619981000000000060e-01   1.996256e+00   7.706068e-02
1.667094000000000076e-01   1.780592e+00   7.477151e-02
1.714206000000000063e-01   1.823942e+00   7.295732e-02
1.761319000000000079e-01   1.906002e+00   7.144651e-02
1.808432000000000095e-01   1.940076e+00   6.978411e-02
1.855544000000000082e-01   1.805553e+00   6.838123e-02
1.902657000000000098e-01   1.898457e+00   6.720950e-02
1.949769000000000085e-01   1.916877e+00   6.607642e-02
1.996882000000000101e-01   1.868099e+00   6.482196e-02
2.043994000000000089e-01   1.853487e+00   6.374551e-02
2.091107000000000105e-01   1.782350e+00   6.256746e-02
2.138220000000000121e-01   1.794032e+00   6.163382e-02
2.185332000000000108e-01   1.829631e+00   6.078289e-02
2.232445000000000124e-01   1.872654e+00   5.983310e-02
2.279557000000000111e-01   1.917342e+00   5.911613e-02
2.326670000000000127e-01   1.923499e+00   5.831025e-02
2.373782000000000114e-01   1.850325e+00   5.747666e-02
2.420895000000000130e-01   1.873300e+00   5.670600e-02
2.468007000000000117e-01   1.866456e+00   5.602642e-02
2.515120000000000133e-01   1.866131e+00   5.545610e-02
2.562232999999999872e-01   1.936406e+00   5.486988e-02
2.609345000000000137e-01   1.821768e+00   5.412646e-02
2.656457999999999875e-01   1.921767e+00   5.367441e-02
2.703570000000000140e-01   1.896477e+00   5.303813e-02
2.750682999999999878e-01   1.800659e+00   5.249558e-02
2.797795000000000143e-01   1.818869e+00   5.188437e-02
2.844907999999999881e-01   1.831816e+00   5.137022e-02
2.892021000000000175e-01   1.892717e+00   5.101083e-02
2.939132999999999885e-01   1.825712e+00   5.056981e-02
2.986246000000000178e-01   1.847264e+00   5.004882e-02
3.033357999999999888e-01   1.839783e+00   4.958186e-02
3.080471000000000181e-01   1.811640e+00   4.915073e-02
3.127582999999999891e-01   1.800486e+00   4.869641e-02
3.174696000000000184e-01   1.834602e+00   4.830138e-02
3.221808999999999923e-01   1.904423e+00   4.796441e-02
3.268921000000000188e-01   1.824326e+00   4.755505e-02
3.316033999999999926e-01   1.778088e+00   4.724978e-02
3.363146000000000191e-01   1.774766e+00   4.757879e-02
3.410258999999999929e-01   1.888407e+00   4.810472e-02
3.457371000000000194e-01   1.872629e+00   4.832486e-02
3.504483999999999932e-01   1.853508e+00   4.887918e-02
3.551596000000000197e-01   1.882575e+00   4.990879e-02
3.598708999999999936e-01   1.873352e+00   5.056667e-02
3.645822000000000229e-01   1.856157e+00   5.112511e-02
3.692933999999999939e-01   1.796181e+00   5.136071e-02
3.740047000000000232e-01   1.843465e+00   5.182633e-02
3.787158999999999942e-01   1.892048e+00   5.212714e-02
3.834272000000000236e-01   1.802079e+00   5.223620e-02
3.881383999999999945e-01   1.732687e+00   5.251696e-02
3.928497000000000239e-01   1.779937e+00   5.383520e-02
3.975609999999999977e-01   1.834748e+00   5.548409e-02
4.022722000000000242e-01   1.785182e+00   5.663817e-02
4.069834999999999980e-01   1.758869e+00   5.765551e-02
4.116947000000000245e-01   1.777019e+00   5.860437e-02
4.164059999999999984e-01   1.832849e+00   5.958840e-02
4.211172000000000248e-01   1.851985e+00   6.053463e-02
4.258284999999999987e-01   1.779712e+00   6.132226e-02
4.305397000000000252e-01   1.811283e+00   6.215066e-02
4.352509999999999990e-01   1.713042e+00   6.284098e-02
4.399622999999999728e-01   1.751531e+00   6.380378e-02
4.446734999999999993e-01   1.808848e+00   6.518852e-02
4.493847999999999732e-01   1.772581e+00   6.602779e-02
4.540959999999999996e-01   1.799653e+00   6.657632e-02
4.588072999999999735e-01   1.808464e+00   6.429145e-02
4.635185000000000000e-01   1.722976e+00   6.265126e-02
4.682297999999999738e-01   1.804746e+00   6.181790e-02
4.729411000000000032e-01   1.776471e+00   6.110905e-02
4.776522999999999741e-01   1.694398e+00   6.039783e-02
4.823636000000000035e-01   1.738541e+00   5.993069e-02
4.870747999999999744e-01   1.760457e+00   5.961879e-02
4.917861000000000038e-01   1.752263e+00   5.926607e-02
4.964972999999999748e-01   1.742663e+00   5.887175e-02
5.012086000000000041e-01   1.770979e+00   5.869586e-02
5.059198999999999780e-01   1.823667e+00   5.840677e-02
5.106311000000000044e-01   1.796454e+00   5.814882e-02
5.153423999999999783e-01   1.790474e+00   5.775760e-02
5.200536000000000048e-01   1.750097e+00   5.726112e-02
5.247648999999999786e-01   1.720873e+00   5.688414e-02
5.294761000000000051e-01   1.815882e+00   5.659865e-02
5.341873999999999789e-01   1.856347e+00   5.620568e-02
5.388986000000000054e-01   1.767466e+00   5.574153e-02
5.436098999999999792e-01   1.793816e+00   5.547160e-02
5.483211999999999531e-01   1.753236e+00   5.507783e-02
5.530323999999999796e-01   1.712905e+00   5.468960e-02
5.577436999999999534e-01   1.756431e+00   5.434470e-02
5.624548999999999799e-01   1.769546e+00   5.410055e-02
5.671661999999999537e-01   1.785304e+00   5.382919e-02
5.718773999999999802e-01   1.741110e+00   5.362458e-02
5.765886999999999540e-01   1.744082e+00   5.340744e-02
5.813000000000000389e-01   1.736809e+00   5.329655e-02
5.860111999999999544e-01   1.749228e+00   5.328077e-02
5.907225000000000392e-01   1.747542e+00   5.317448e-02
5.954336999999999547e-01   1.707150e+00   5.293355e-02
6.001450000000000395e-01   1.701430e+00   5.275010e-02
6.048561999999999550e-01   1.694061e+00   5.266653e-02
6.095675000000000399e-01   1.661668e+00   5.258897e-02
6.142788000000000137e-01   1.682863e+00   5.240658e-02
6.189900000000000402e-01   1.757471e+00   5.235054e-02
6.237013000000000140e-01   1.712703e+00   5.219031e-02
6.284125000000000405e-01   1.735093e+00   5.218059e-02
6.331238000000000143e-01   1.767548e+00   5.201260e-02
6.378350000000000408e-01   1.743325e+00   5.183824e-02
6.425463000000000147e-01   1.747058e+00   5.178976e-02
6.472575000000000411e-01   1.717549e+00   5.159579e-02
6.519688000000000150e-01   1.795805e+00   5.154557e-02
6.566800999999999888e-01   1.795145e+00   5.142013e-02
6.613913000000000153e-01   1.715065e+00   5.126822e-02
6.661025999999999891e-01   1.658918e+00   5.116947e-02
6.708138000000000156e-01   1.758792e+00   5.117227e-02
6.755250999999999895e-01   1.755839e+00   5.095730e-02
6.802363000000000159e-01   1.782296e+00   5.091000e-02
6.849475999999999898e-01   1.740806e+00   5.079746e-02
6.896588999999999636e-01   1.787773e+00   5.067351e-02
6.943700999999999901e-01   1.730736e+00   5.053118e-02
6.990813999999999639e-01   1.747349e+00   5.043007e-02
7.037925999999999904e-01   1.737045e+00   5.023431e-02
7.085038999999999643e-01   1.763410e+00   5.010204e-02
7.132150999999999907e-01   1.760941e+00   5.005692e-02
7.179263999999999646e-01   1.734292e+00   4.995032e-02
7.226375999999999911e-01   1.637542e+00   4.973771e-02
7.273488999999999649e-01   1.671742e+00   4.964269e-02
7.320602000000000498e-01   1.694611e+00   4.958525e-02
7.367713999999999652e-01   1.669742e+00   4.947248e-02
7.414827000000000501e-01   1.653689e+00   4.936897e-02
7.461938999999999655e-01   1.678263e+00   4.929960e-02
7.509052000000000504e-01   1.702098e+00   4.916984e-02
7.556163999999999659e-01   1.682729e+00   4.906031e-02
7.603277000000000507e-01   1.700747e+00   4.901821e-02
7.650390000000000246e-01   1.726181e+00   4.892979e-02
7.697502000000000510e-01   1.587676e+00   4.863956e-02
7.744615000000000249e-01   1.599434e+00   4.862324e-02
7.791727000000000514e-01   1.673624e+00   4.860999e-02
7.838840000000000252e-01   1.683634e+00   4.847071e-02
7.885952000000000517e-01   1.639885e+00   4.829161e-02
7.933065000000000255e-01   1.748128e+00   4.832187e-02
7.980177999999999994e-01   1.684677e+00   4.824544e-02
8.027290000000000258e-01   1.686448e+00   4.809836e-02
8.074402999999999997e-01   1.746416e+00   4.804848e-02
8.121515000000000262e-01   1.656901e+00   4.783474e-02
8.168628000000000000e-01   1.623800e+00   4.766946e-02
8.215740000000000265e-01   1.682524e+00   4.772001e-02
8.262853000000000003e-01   1.687526e+00   4.764473e-02
8.309965000000000268e-01   1.696136e+00   4.751825e-02
8.357078000000000007e-01   1.626116e+00   4.734436e-02
8.404190999999999745e-01   1.630578e+00   4.730590e-02
8.451303000000000010e-01   1.646563e+00   4.722054e-02
8.498415999999999748e-01   1.607990e+00   4.705805e-02
8.545528000000000013e-01   1.571400e+00   4.696202e-02
8.592640999999999751e-01   1.610240e+00   4.689448e-02
8.639753000000000016e-01   1.589508e+00   4.681496e-02
8.686865999999999755e-01   1.648837e+00   4.667375e-02
8.733978999999999493e-01   1.621729e+00   4.665006e-02
8.781090999999999758e-01   1.588747e+00   4.654534e-02
8.828203999999999496e-01   1.591399e+00   4.650762e-02
8.875315999999999761e-01   1.545562e+00   4.635002e-02
8.922428999999999499e-01   1.551714e+00   4.621724e-02
8.969540999999999764e-01   1.510924e+00   4.610095e-02
9.016653999999999503e-01   1.573605e+00   4.611068e-02
9.063767000000000351e-01   1.610488e+00   4.601010e-02
9.110878999999999506e-01   1.588136e+00   4.587344e-02
9.157992000000000354e-01   1.527837e+00   4.575801e-02
9.205103999999999509e-01   1.616132e+00   4.583505e-02
9.252217000000000358e-01   1.691485e+00   4.581851e-02
9.299328999999999512e-01   1.523693e+00   4.554775e-02
9.346442000000000361e-01   1.517871e+00   4.542426e-02
9.393553999999999515e-01   1.571409e+00   4.541561e-02
9.440667000000000364e-01   1.568915e+00   4.531923e-02
9.487780000000000102e-01   1.579245e+00   4.524151e-02
9.534892000000000367e-01   1.541521e+00   4.513123e-02
9.582005000000000106e-01   1.566559e+00   4.509040e-02
9.629117000000000370e-01   1.526180e+00   4.495084e-02
9.676230000000000109e-01   1.534239e+00   4.488276e-02
9.723342000000000374e-01   1.541357e+00   4.476992e-02
9.770455000000000112e-01   1.529650e+00   4.480043e-02
9.817567999999999850e-01   1.513575e+00   4.471114e-02
9.864680000000000115e-01   1.551323e+00   4.460333e-02
9.911792999999999854e-01   1.482729e+00   4.447551e-02
9.958905000000000118e-01   1.515290e+00   4.436806e-02
1.000601999999999991e+00   1.499382e+00   4.425985e-02
1.005312999999999901e+00   1.515022e+00   4.419746e-02
1.010024000000000033e+00   1.542255e+00   4.419145e-02
1.014736000000000082e+00   1.567798e+00   4.414267e-02
1.019446999999999992e+00   1.526056e+00   4.400967e-02
1.024157999999999902e+00   1.533432e+00   4.396440e-02
1.028869000000000034e+00   1.507536e+00   4.391165e-02
1.033581000000000083e+00   1.494906e+00   4.382508e-02
1.038291999999999993e+00   1.485006e+00   4.368700e-02
1.043002999999999902e+00   1.523909e+00   4.364319e-02
1.047714000000000034e+00   1.435362e+00   4.347095e-02
1.052426000000000084e+00   1.465330e+00   4.345509e-02
1.057136999999999993e+00   1.463843e+00   4.338115e-02
1.061847999999999903e+00   1.450459e+00   4.327839e-02
1.066559000000000035e+00   1.455688e+00   4.318713e-02
1.071271000000000084e+00   1.480315e+00   4.314758e-02
1.075981999999999994e+00   1.428235e+00   4.309413e-02
1.080692999999999904e+00   1.476897e+00   4.305693e-02
1.085404000000000035e+00   1.443141e+00   4.286224e-02
1.090116000000000085e+00   1.496194e+00   4.284549e-02
1.094826999999999995e+00   1.442129e+00   4.279000e-02
1.099537999999999904e+00   1.480737e+00   4.278284e-02
1.104249000000000036e+00   1.479646e+00   4.266108e-02
1.108961000000000086e+00   1.422665e+00   4.255410e-02
1.113671999999999995e+00   1.430099e+00   4.249658e-02
1.118382999999999905e+00   1.458413e+00   4.243074e-02
1.123094000000000037e+00   1.418245e+00   4.233085e-02
1.127806000000000086e+00   1.455416e+00   4.233280e-02
1.132516999999999996e+00   1.407340e+00   4.222394e-02
1.137227999999999906e+00   1.398352e+00   4.211539e-02
1.141939000000000037e+00   1.369232e+00   4.203067e-02
1.146651000000000087e+00   1.403231e+00   4.196434e-02
1.151361999999999997e+00   1.394243e+00   4.191508e-02
1.156072999999999906e+00   1.390212e+00   4.190010e-02
1.160784000000000038e+00   1.440613e+00   4.186412e-02
1.165496000000000087e+00   1.462541e+00   4.178938e-02
1.170206999999999997e+00   1.411517e+00   4.166136e-02
1.174917999999999907e+00   1.438080e+00   4.158567e-02
1.179629999999999956e+00   1.452032e+00   4.154809e-02
1.184341000000000088e+00   1.437469e+00   4.146124e-02
1.189051999999999998e+00   1.454103e+00   4.147119e-02
1.193762999999999908e+00   1.417012e+00   4.151655e-02
1.198474999999999957e+00   1.436489e+00   4.236535e-02
1.203186000000000089e+00   1.406550e+00   4.346788e-02
1.207896999999999998e+00   1.413672e+00   4.418140e-02
1.212607999999999908e+00   1.415598e+00   4.480571e-02
1.217319999999999958e+00   1.415012e+00   4.525293e-02
1.222031000000000089e+00   1.433830e+00   4.571875e-02
1.226741999999999999e+00   1.385024e+00   4.614502e-02
1.231452999999999909e+00   1.406635e+00   4.662624e-02
1.236164999999999958e+00   1.331267e+00   4.692123e-02
1.240876000000000090e+00   1.319796e+00   4.723393e-02
1.245587000000000000e+00   1.323809e+00   4.741326e-02
1.250297999999999909e+00   1.338076e+00   4.759290e-02
1.255009999999999959e+00   1.342311e+00   4.769035e-02
1.259721000000000091e+00   1.380439e+00   4.775787e-02
1.264432000000000000e+00   1.398800e+00   4.612573e-02
1.269142999999999910e+00   1.371974e+00   4.487286e-02
1.273854999999999960e+00   1.346735e+00   4.412298e-02
1.278566000000000091e+00   1.359397e+00   4.359057e-02
1.283277000000000001e+00   1.348815e+00   4.311197e-02
1.287987999999999911e+00   1.319309e+00   4.270544e-02
1.292699999999999960e+00   1.293802e+00   4.232039e-02
1.297411000000000092e+00   1.337147e+00   4.201372e-02
1.302122000000000002e+00   1.278970e+00   4.164610e-02
1.306832999999999911e+00   1.375395e+00   4.149882e-02
1.311544999999999961e+00   1.221034e+00   4.123313e-02
1.316256000000000093e+00   1.275063e+00   4.117919e-02
1.320967000000000002e+00   1.271350e+00   4.106499e-02
1.325677999999999912e+00   1.231383e+00   4.094889e-02
1.330389999999999961e+00   1.316693e+00   4.091703e-02
1.335101000000000093e+00   1.273487e+00   4.078900e-02
1.339812000000000003e+00   1.305899e+00   4.070874e-02
1.344522999999999913e+00   1.259848e+00   4.060580e-02
1.349234999999999962e+00   1.250761e+00   4.049247e-02
1.353946000000000094e+00   1.246237e+00   4.042866e-02
1.358657000000000004e+00   1.303415e+00   4.039869e-02
1.363369000000000053e+00   1.300617e+00   4.032753e-02
1.368079999999999963e+00   1.253076e+00   4.020271e-02
1.372791000000000095e+00   1.264654e+00   4.019960e-02
1.377502000000000004e+00   1.297963e+00   4.005545e-02
1.382214000000000054e+00   1.327060e+00   4.005286e-02
1.386924999999999963e+00   1.274047e+00   3.991752e-02
1.391636000000000095e+00   1.199962e+00   3.980352e-02
1.396347000000000005e+00   1.239153e+00   3.977506e-02
1.401059000000000054e+00   1.239911e+00   3.966424e-02
1.405769999999999964e+00   1.262020e+00   3.960929e-02
1.410481000000000096e+00   1.211734e+00   3.955033e-02
1.415192000000000005e+00   1.249127e+00   3.950988e-02
1.419904000000000055e+00   1.284672e+00   3.940359e-02
1.424614999999999965e+00   1.261123e+00   3.938479e-02
1.429326000000000096e+00   1.213876e+00   3.932344e-02
1.434037000000000006e+00   1.135075e+00   3.912745e-02
1.438749000000000056e+00   1.213671e+00   3.909476e-02
1.443459999999999965e+00   1.208564e+00   3.908661e-02
1.448171000000000097e+00   1.279919e+00   3.907862e-02
1.452882000000000007e+00   1.252842e+00   3.898456e-02
1.457594000000000056e+00   1.173616e+00   3.884353e-02
1.462304999999999966e+00   1.189031e+00   3.881175e-02
1.467016000000000098e+00   1.205631e+00   3.881187e-02
1.471727000000000007e+00   1.201709e+00   3.871198e-02
1.476439000000000057e+00   1.137273e+00   3.860924e-02
1.481149999999999967e+00   1.135221e+00   3.852859e-02
1.485861000000000098e+00   1.182303e+00   3.852024e-02
1.490572000000000008e+00   1.240320e+00   3.848399e-02
1.495284000000000058e+00   1.227661e+00   3.841774e-02
1.499994999999999967e+00   1.193390e+00   3.836010e-02
1.504706000000000099e+00   1.095647e+00   3.828301e-02
1.509417000000000009e+00   1.099930e+00   3.821516e-02
1.514129000000000058e+00   1.185142e+00   3.836466e-02
1.518839999999999968e+00   1.129151e+00   3.940641e-02
1.523551000000000100e+00   1.134006e+00   4.019562e-02
1.528262999999999927e+00   1.133714e+00   4.081194e-02
1.532974000000000059e+00   1.115163e+00   4.124210e-02
1.537684999999999969e+00   1.119126e+00   4.171470e-02
1.542396000000000100e+00   1.113112e+00   4.166507e-02
1.547107999999999928e+00   1.059488e+00   4.062325e-02
1.551819000000000059e+00   1.093647e+00   4.011570e-02
1.556529999999999969e+00   1.200634e+00   3.978415e-02
1.561241000000000101e+00   1.094434e+00   3.928246e-02
1.565952999999999928e+00   1.098900e+00   3.887883e-02
1.570664000000000060e+00   1.149645e+00   3.856907e-02
1.575374999999999970e+00   1.131472e+00   3.810225e-02
1.580086000000000102e+00   1.134886e+00   3.778226e-02
1.584797999999999929e+00   1.117860e+00   3.757581e-02
1.589509000000000061e+00   1.071142e+00   3.747351e-02
1.594219999999999970e+00   1.086995e+00   3.745055e-02
1.598931000000000102e+00   1.133122e+00   3.755485e-02
1.603642999999999930e+00   1.033729e+00   3.753717e-02
1.608354000000000061e+00   1.127524e+00   3.761706e-02
1.613064999999999971e+00   1.087581e+00   3.754475e-02
1.617776000000000103e+00   1.057440e+00   3.747913e-02
1.622487999999999930e+00   1.125635e+00   3.743845e-02
1.627199000000000062e+00   1.092801e+00   3.734165e-02
1.631909999999999972e+00   1.034902e+00   3.727880e-02
1.636621000000000103e+00   1.032167e+00   3.720342e-02
1.641332999999999931e+00   1.060218e+00   3.713468e-02
1.646044000000000063e+00   1.013429e+00   3.706731e-02
1.650754999999999972e+00   9.880571e-01   3.696118e-02
1.655466000000000104e+00   1.054684e+00   3.696527e-02
1.660177999999999932e+00   1.001778e+00   3.687862e-02
1.664889000000000063e+00   1.015953e+00   3.682844e-02
1.669599999999999973e+00   1.058089e+00   3.679343e-02
1.674311000000000105e+00   1.061997e+00   3.674557e-02
1.679022999999999932e+00   1.032379e+00   3.665374e-02
1.683734000000000064e+00   1.036062e+00   3.662903e-02
1.688444999999999974e+00   1.012514e+00   3.658421e-02
1.693156000000000105e+00   1.008789e+00   3.649324e-02
1.697867999999999933e+00   9.959450e-01   3.644065e-02
1.702579000000000065e+00   9.863730e-01   3.636036e-02
1.707289999999999974e+00   9.566097e-01   3.632358e-02
1.712002000000000024e+00   9.924353e-01   3.628882e-02
1.716712999999999933e+00   1.027144e+00   3.623929e-02
1.721424000000000065e+00   1.045262e+00   3.621430e-02
1.726134999999999975e+00   9.955070e-01   3.611249e-02
1.730847000000000024e+00   1.015421e+00   3.605394e-02
1.735557999999999934e+00   1.029018e+00   3.604984e-02
1.740269000000000066e+00   1.021455e+00   3.601980e-02
1.744979999999999976e+00   9.650271e-01   3.587230e-02
1.749692000000000025e+00   9.797430e-01   3.582699e-02
1.754402999999999935e+00   9.797507e-01   3.580053e-02
1.759114000000000066e+00   9.479383e-01   3.575034e-02
1.763824999999999976e+00   1.020878e+00   3.576285e-02
1.768537000000000026e+00   9.539656e-01   3.562389e-02
1.773247999999999935e+00   9.041554e-01   3.555052e-02
1.777959000000000067e+00   8.773631e-01   3.550690e-02
1.782669999999999977e+00   9.860280e-01   3.552781e-02
1.787382000000000026e+00   9.668783e-01   3.545283e-02
1.792092999999999936e+00   9.841393e-01   3.543622e-02
1.796804000000000068e+00   8.879332e-01   3.533476e-02
1.801514999999999977e+00   9.004193e-01   3.528289e-02
1.806227000000000027e+00   9.094414e-01   3.524201e-02
1.810937999999999937e+00   9.272157e-01   3.527272e-02
1.815649000000000068e+00   9.115777e-01   3.517719e-02
1.820359999999999978e+00   9.437942e-01   3.517516e-02
1.825072000000000028e+00   9.206432e-01   3.508121e-02
1.829782999999999937e+00   8.982903e-01   3.502178e-02
1.834494000000000069e+00   8.767881e-01   3.494068e-02
1.839204999999999979e+00   8.834323e-01   3.494870e-02
1.843917000000000028e+00   8.949990e-01   3.492659e-02
1.848627999999999938e+00   8.948882e-01   3.485277e-02
1.853339000000000070e+00   8.749213e-01   3.477372e-02
1.858049999999999979e+00   8.587840e-01   3.470895e-02
1.862762000000000029e+00   9.025906e-01   3.472305e-02
1.867472999999999939e+00   9.023037e-01   3.464683e-02
1.872184000000000070e+00   8.399713e-01   3.457357e-02
1.876894999999999980e+00   8.412879e-01   3.456483e-02
1.881607000000000030e+00   8.774694e-01   3.454978e-02
1.886317999999999939e+00   9.117603e-01   3.455427e-02
1.891029000000000071e+00   8.740677e-01   3.443863e-02
1.895740999999999898e+00   8.557970e-01   3.439587e-02
1.900452000000000030e+00   8.499620e-01   3.434931e-02
1.905162999999999940e+00   8.346454e-01   3.429628e-02
1.909874000000000072e+00   8.694356e-01   3.424390e-02
1.914585999999999899e+00   8.334428e-01   3.419346e-02
1.919297000000000031e+00   8.795763e-01   3.418160e-02
1.924007999999999940e+00   8.800298e-01   3.414689e-02
1.928719000000000072e+00   8.398394e-01   3.408092e-02
1.933430999999999900e+00   8.688213e-01   3.402640e-02
1.938142000000000031e+00   8.216221e-01   3.393161e-02
1.942852999999999941e+00   8.019706e-01   3.382831e-02
1.947564000000000073e+00   8.238270e-01   3.373382e-02
1.952275999999999900e+00   8.585486e-01   3.366893e-02
1.956987000000000032e+00   8.480608e-01   3.365059e-02
1.961697999999999942e+00   7.913704e-01   3.354509e-02
1.966409000000000074e+00   8.447942e-01   3.355017e-02
1.971120999999999901e+00   8.051122e-01   3.349318e-02
1.975832000000000033e+00   7.765301e-01   3.346400e-02
1.980542999999999942e+00   7.797851e-01   3.351373e-02
1.985254000000000074e+00   8.193125e-01   3.351204e-02
1.989965999999999902e+00   7.752433e-01   3.349190e-02
1.994677000000000033e+00   7.874931e-01   3.352322e-02
1.999387999999999943e+00   8.347945e-01   3.359879e-02
2.004099000000000075e+00   7.962624e-01   3.430962e-02
2.008811000000000124e+00   8.286120e-01   3.506495e-02
2.013522000000000034e+00   8.018503e-01   3.554936e-02
2.018232999999999944e+00   7.526064e-01   3.588898e-02
2.022943999999999853e+00   7.838006e-01   3.631326e-02
2.027655999999999903e+00   7.858707e-01   3.661487e-02
2.032366999999999813e+00   7.665192e-01   3.676879e-02
2.037078000000000166e+00   7.753752e-01   3.688230e-02
2.041789000000000076e+00   7.340851e-01   3.698488e-02
2.046501000000000126e+00   7.636583e-01   3.708855e-02
2.051212000000000035e+00   7.585598e-01   3.718154e-02
2.055922999999999945e+00   7.552854e-01   3.726276e-02
2.060633999999999855e+00   7.614419e-01   3.738597e-02
2.065345999999999904e+00   7.830921e-01   3.729811e-02
2.070056999999999814e+00   7.938697e-01   3.621217e-02
2.074768000000000168e+00   7.430567e-01   3.547945e-02
2.079480000000000217e+00   7.705748e-01   3.502103e-02
2.084191000000000127e+00   7.789922e-01   3.464845e-02
2.088902000000000037e+00   7.404208e-01   3.426211e-02
2.093612999999999946e+00   7.705443e-01   3.407469e-02
2.098324999999999996e+00   7.916850e-01   3.396735e-02
2.103035999999999905e+00   7.529774e-01   3.381019e-02
2.107746999999999815e+00   7.028477e-01   3.368774e-02
2.112458000000000169e+00   7.300404e-01   3.363817e-02
2.117170000000000218e+00   7.583922e-01   3.356942e-02
2.121881000000000128e+00   7.326634e-01   3.348592e-02
2.126592000000000038e+00   7.640554e-01   3.346292e-02
2.131302999999999948e+00   6.838185e-01   3.334861e-02
2.136014999999999997e+00   6.925606e-01   3.329383e-02
2.140725999999999907e+00   7.878007e-01   3.330633e-02
2.145436999999999816e+00   7.436886e-01   3.320055e-02
2.150148000000000170e+00   7.115518e-01   3.312735e-02
2.154860000000000220e+00   6.954329e-01   3.307736e-02
2.159571000000000129e+00   7.273246e-01   3.302018e-02
2.164282000000000039e+00   7.161758e-01   3.294960e-02
2.168992999999999949e+00   6.992228e-01   3.292549e-02
2.173704999999999998e+00   6.844607e-01   3.285054e-02
2.178415999999999908e+00   6.789736e-01   3.278082e-02
2.183126999999999818e+00   7.104265e-01   3.275376e-02
2.187838000000000171e+00   6.583206e-01   3.269261e-02
2.192550000000000221e+00   6.570479e-01   3.263632e-02
2.197261000000000131e+00   7.521501e-01   3.264417e-02
2.201972000000000040e+00   6.963702e-01   3.256575e-02
2.206682999999999950e+00   7.055190e-01   3.251750e-02
2.211395000000000000e+00   7.241897e-01   3.246112e-02
2.216105999999999909e+00   6.571410e-01   3.241349e-02
2.220816999999999819e+00   6.583623e-01   3.234815e-02
2.225528000000000173e+00   6.730424e-01   3.232871e-02
2.230239999999999778e+00   6.559585e-01   3.227033e-02
2.234951000000000132e+00   6.372668e-01   3.220788e-02
2.239662000000000042e+00   6.458020e-01   3.217169e-02
2.244372999999999951e+00   6.729479e-01   3.216089e-02
2.249085000000000001e+00   6.416050e-01   3.208333e-02
2.253795999999999911e+00   6.352127e-01   3.205565e-02
2.258506999999999820e+00   6.479925e-01   3.201639e-02
2.263218999999999870e+00   6.383431e-01   3.197234e-02
2.267929999999999779e+00   6.493152e-01   3.195215e-02
2.272641000000000133e+00   6.445255e-01   3.191474e-02
2.277352000000000043e+00   6.593475e-01   3.189363e-02
2.282064000000000092e+00   6.048892e-01   3.178586e-02
2.286775000000000002e+00   6.318365e-01   3.176463e-02
2.291485999999999912e+00   6.396559e-01   3.174493e-02
2.296196999999999822e+00   6.165464e-01   3.170771e-02
2.300908999999999871e+00   6.001721e-01   3.161212e-02
2.305619999999999781e+00   6.624760e-01   3.163198e-02
2.310331000000000135e+00   6.939169e-01   3.163911e-02
2.315042000000000044e+00   6.274229e-01   3.156583e-02
2.319754000000000094e+00   6.585048e-01   3.154551e-02
2.324465000000000003e+00   6.653164e-01   3.152192e-02
2.329175999999999913e+00   6.482807e-01   3.143318e-02
2.333886999999999823e+00   6.090829e-01   3.141255e-02
2.338598999999999872e+00   6.321484e-01   3.137413e-02
2.343309999999999782e+00   5.555916e-01   3.130263e-02
2.348021000000000136e+00   6.010455e-01   3.129966e-02
2.352732000000000046e+00   5.999358e-01   3.123376e-02
2.357444000000000095e+00   6.049573e-01   3.120955e-02
2.362155000000000005e+00   6.123526e-01   3.119401e-02
2.366865999999999914e+00   6.005001e-01   3.114556e-02
2.371576999999999824e+00   6.337177e-01   3.116817e-02
2.376288999999999874e+00   5.933237e-01   3.106553e-02
2.380999999999999783e+00   6.201035e-01   3.106822e-02
2.385711000000000137e+00   6.350548e-01   3.105872e-02
2.390422000000000047e+00   5.969617e-01   3.098104e-02
2.395134000000000096e+00   5.424990e-01   3.090950e-02
2.399845000000000006e+00   5.422660e-01   3.088653e-02
2.404555999999999916e+00   5.354594e-01   3.083948e-02
2.409266999999999825e+00   5.770819e-01   3.083489e-02
2.413978999999999875e+00   5.803042e-01   3.078809e-02
2.418689999999999785e+00   5.556096e-01   3.075457e-02
2.423401000000000138e+00   5.815560e-01   3.074901e-02
2.428112000000000048e+00   5.836449e-01   3.069012e-02
2.432824000000000098e+00   5.627169e-01   3.066738e-02
2.437535000000000007e+00   5.517349e-01   3.064005e-02
2.442245999999999917e+00   5.676803e-01   3.059916e-02
2.446957999999999966e+00   5.541596e-01   3.054687e-02
2.451668999999999876e+00   6.021723e-01   3.055653e-02
2.456379999999999786e+00   6.149676e-01   3.052807e-02
2.461091000000000140e+00   5.552226e-01   3.043500e-02
2.465803000000000189e+00   5.333440e-01   3.042591e-02
2.470514000000000099e+00   5.645621e-01   3.044169e-02
2.475225000000000009e+00   5.620159e-01   3.037772e-02
2.479935999999999918e+00   5.169404e-01   3.035505e-02
2.484647999999999968e+00   5.491758e-01   3.031444e-02
2.489358999999999877e+00   5.655661e-01   3.027032e-02
2.494069999999999787e+00   5.534372e-01   3.022714e-02
2.498781000000000141e+00   5.492408e-01   3.020670e-02
2.503493000000000190e+00   4.821322e-01   3.017826e-02
2.508204000000000100e+00   5.153579e-01   3.011563e-02
2.512915000000000010e+00   5.083980e-01   3.008050e-02
2.517625999999999920e+00   5.199421e-01   3.002223e-02
2.522337999999999969e+00   4.951338e-01   2.996683e-02
2.527048999999999879e+00   5.231037e-01   2.992320e-02
2.531759999999999788e+00   5.550547e-01   2.989294e-02
2.536471000000000142e+00   5.555300e-01   2.985293e-02
2.541183000000000192e+00   4.902073e-01   2.979357e-02
2.545894000000000101e+00   5.137407e-01   2.980287e-02
2.550605000000000011e+00   4.763077e-01   2.973301e-02
2.555315999999999921e+00   5.211792e-01   2.973919e-02
2.560027999999999970e+00   5.070782e-01   2.969515e-02
2.564738999999999880e+00   5.001484e-01   2.968134e-02
2.569449999999999790e+00   4.658486e-01   2.965813e-02
2.574161000000000143e+00   4.782910e-01   2.966127e-02
2.578873000000000193e+00   5.155858e-01   2.971363e-02
2.583584000000000103e+00   4.817669e-01   2.967129e-02
2.588295000000000012e+00   4.891716e-01   2.961960e-02
2.593005999999999922e+00   4.732360e-01   2.957626e-02
2.597717999999999972e+00   4.902382e-01   2.956610e-02
2.602428999999999881e+00   4.950421e-01   2.953807e-02
2.607139999999999791e+00   4.959762e-01   2.951035e-02
2.611851000000000145e+00   5.329483e-01   2.949746e-02
2.616563000000000194e+00   4.688538e-01   2.943755e-02
2.621274000000000104e+00   4.824251e-01   2.942307e-02
2.625985000000000014e+00   4.950810e-01   2.943189e-02
2.630697000000000063e+00   4.612556e-01   2.935017e-02
2.635407999999999973e+00   4.860073e-01   2.935495e-02
2.640118999999999883e+00   5.138495e-01   2.932925e-02
2.644829999999999792e+00   4.889390e-01   2.929608e-02
2.649541999999999842e+00   5.217087e-01   2.930557e-02
2.654253000000000196e+00   4.485386e-01   2.921413e-02
2.658964000000000105e+00   4.735909e-01   2.918981e-02
2.663675000000000015e+00   5.114355e-01   2.923069e-02
2.668387000000000064e+00   4.882060e-01   2.916434e-02
2.673097999999999974e+00   4.847670e-01   2.913149e-02
2.677808999999999884e+00   4.449676e-01   2.905891e-02
2.682519999999999794e+00   4.562388e-01   2.906846e-02
2.687231999999999843e+00   4.960325e-01   2.905085e-02
2.691943000000000197e+00   4.744074e-01   2.900741e-02
2.696654000000000106e+00   4.256014e-01   2.898864e-02
2.701365000000000016e+00   4.761713e-01   2.900020e-02
2.706077000000000066e+00   4.729212e-01   2.897261e-02
2.710787999999999975e+00   4.549590e-01   2.890224e-02
2.715498999999999885e+00   4.414905e-01   2.885851e-02
2.720209999999999795e+00   4.342700e-01   2.884345e-02
2.724921999999999844e+00   4.481058e-01   2.881872e-02
2.729633000000000198e+00   4.232860e-01   2.876133e-02
2.734344000000000108e+00   4.345196e-01   2.874676e-02
2.739055000000000017e+00   4.460592e-01   2.874072e-02
2.743767000000000067e+00   4.244501e-01   2.868157e-02
2.748477999999999977e+00   3.982577e-01   2.865266e-02
2.753188999999999886e+00   4.494197e-01   2.868290e-02
2.757899999999999796e+00   4.416501e-01   2.863787e-02
2.762611999999999846e+00   4.379184e-01   2.861537e-02
2.767323000000000199e+00   4.238768e-01   2.855162e-02
2.772034000000000109e+00   3.869960e-01   2.854740e-02
2.776745000000000019e+00   4.239554e-01   2.855442e-02
2.781457000000000068e+00   4.407560e-01   2.853509e-02
2.786167999999999978e+00   4.411732e-01   2.849672e-02
2.790878999999999888e+00   4.020566e-01   2.844873e-02
2.795589999999999797e+00   4.009396e-01   2.841041e-02
2.800301999999999847e+00   4.005623e-01   2.840464e-02
2.805013000000000201e+00   4.249824e-01   2.853037e-02
2.809724000000000110e+00   4.257065e-01   2.926098e-02
2.814436000000000160e+00   4.362405e-01   2.970064e-02
2.819147000000000070e+00   4.322529e-01   3.008278e-02
2.823857999999999979e+00   4.169620e-01   3.033074e-02
2.828568999999999889e+00   4.652573e-01   3.052177e-02
2.833280999999999938e+00   3.420132e-01   3.054358e-02
2.837991999999999848e+00   3.938002e-01   3.070162e-02
2.842703000000000202e+00   4.353494e-01   3.078652e-02
2.847414000000000112e+00   4.130456e-01   3.086455e-02
2.852126000000000161e+00   3.926803e-01   3.093188e-02
2.856837000000000071e+00   3.833090e-01   3.097307e-02
2.861547999999999981e+00   3.791733e-01   3.105577e-02
2.866258999999999890e+00   3.916939e-01   3.110724e-02
2.870970999999999940e+00   4.400647e-01   3.088837e-02
2.875681999999999849e+00   3.962044e-01   3.009618e-02
2.880393000000000203e+00   3.811136e-01   2.961991e-02
2.885104000000000113e+00   3.849868e-01   2.931036e-02
2.889816000000000162e+00   3.951044e-01   2.905591e-02
2.894527000000000072e+00   3.990457e-01   2.895923e-02
2.899237999999999982e+00   3.934252e-01   2.887907e-02
2.903948999999999891e+00   4.276213e-01   2.882658e-02
2.908660999999999941e+00   4.009283e-01   2.874464e-02
2.913371999999999851e+00   3.812325e-01   2.868103e-02
2.918083000000000204e+00   3.900363e-01   2.858992e-02
2.922794000000000114e+00   3.790191e-01   2.855564e-02
2.927506000000000164e+00   3.815060e-01   2.853610e-02
2.932217000000000073e+00   3.302144e-01   2.845419e-02
2.936927999999999983e+00   3.846274e-01   2.841688e-02
2.941638999999999893e+00   4.203952e-01   2.839898e-02
2.946350999999999942e+00   3.633356e-01   2.832982e-02
2.951061999999999852e+00   3.467021e-01   2.828232e-02
2.955773000000000206e+00   4.046728e-01   2.826887e-02
2.960484000000000115e+00   3.515943e-01   2.818932e-02
2.965196000000000165e+00   3.301981e-01   2.814622e-02
2.969907000000000075e+00   3.759437e-01   2.813177e-02
2.974617999999999984e+00   4.126365e-01   2.813131e-02
2.979328999999999894e+00   3.903881e-01   2.809176e-02
2.984040999999999944e+00   3.530536e-01   2.804348e-02
2.988751999999999853e+00   3.217674e-01   2.799032e-02
2.993463000000000207e+00   3.793201e-01   2.799221e-02
2.998174999999999812e+00   3.795272e-01   2.795079e-02
3.002886000000000166e+00   3.244177e-01   2.789253e-02
3.007597000000000076e+00   3.904184e-01   2.791188e-02
3.012307999999999986e+00   3.506901e-01   2.786240e-02
3.017020000000000035e+00   3.118620e-01   2.782292e-02
3.021730999999999945e+00   3.505558e-01   2.778539e-02
3.026441999999999855e+00   3.797404e-01   2.775415e-02
3.031153000000000208e+00   3.748205e-01   2.773740e-02
3.035864999999999814e+00   3.566420e-01   2.769328e-02
3.040576000000000167e+00   3.679617e-01   2.768097e-02
3.045287000000000077e+00   3.670885e-01   2.768300e-02
3.049997999999999987e+00   3.441867e-01   2.763068e-02
3.054710000000000036e+00   3.179641e-01   2.758580e-02
3.059420999999999946e+00   3.629926e-01   2.757311e-02
3.064131999999999856e+00   3.556504e-01   2.753826e-02
3.068843000000000210e+00   3.161214e-01   2.751382e-02
3.073554999999999815e+00   3.524284e-01   2.750867e-02
3.078266000000000169e+00   3.911397e-01   2.748012e-02
3.082977000000000078e+00   3.638746e-01   2.742175e-02
3.087687999999999988e+00   3.771063e-01   2.743014e-02
3.092400000000000038e+00   3.329892e-01   2.738576e-02
3.097110999999999947e+00   3.089644e-01   2.732203e-02
3.101821999999999857e+00   3.618055e-01   2.734852e-02
3.106533000000000211e+00   2.875559e-01   2.726328e-02
3.111244999999999816e+00   3.316788e-01   2.726962e-02
3.115956000000000170e+00   3.379460e-01   2.724162e-02
3.120667000000000080e+00   3.206991e-01   2.721805e-02
3.125377999999999989e+00   3.432823e-01   2.722534e-02
3.130090000000000039e+00   3.433984e-01   2.716108e-02
3.134800999999999949e+00   3.513312e-01   2.714548e-02
3.139511999999999858e+00   3.398186e-01   2.711779e-02
3.144223000000000212e+00   2.934289e-01   2.707587e-02
3.148934999999999818e+00   3.260027e-01   2.706465e-02
3.153646000000000171e+00   3.295637e-01   2.701447e-02
3.158357000000000081e+00   3.249703e-01   2.702595e-02
3.163067999999999991e+00   2.889155e-01   2.699778e-02
3.167780000000000040e+00   2.934507e-01   2.696404e-02
3.172490999999999950e+00   3.339102e-01   2.694037e-02
3.177201999999999860e+00   2.888909e-01   2.691666e-02
3.181913999999999909e+00   3.132733e-01   2.691212e-02
3.186624999999999819e+00   3.046144e-01   2.685981e-02
3.191336000000000173e+00   3.502010e-01   2.685186e-02
3.196047000000000082e+00   2.915053e-01   2.678068e-02
3.200759000000000132e+00   3.160660e-01   2.673876e-02
3.205470000000000041e+00   3.516345e-01   2.673514e-02
3.210180999999999951e+00   3.522143e-01   2.672829e-02
3.214891999999999861e+00   2.976578e-01   2.667039e-02
3.219603999999999910e+00   2.606375e-01   2.661154e-02
3.224314999999999820e+00   2.984514e-01   2.661523e-02
3.229026000000000174e+00   2.990653e-01   2.657862e-02
3.233737000000000084e+00   3.227011e-01   2.655666e-02
3.238449000000000133e+00   3.375330e-01   2.656585e-02
3.243160000000000043e+00   3.129297e-01   2.653343e-02
3.247870999999999952e+00   3.160699e-01   2.653264e-02
3.252581999999999862e+00   2.968575e-01   2.653246e-02
3.257293999999999912e+00   3.310164e-01   2.654070e-02
3.262004999999999821e+00   2.816144e-01   2.650034e-02
3.266716000000000175e+00   2.789209e-01   2.648220e-02
3.271427000000000085e+00   2.810117e-01   2.644228e-02
3.276139000000000134e+00   3.124988e-01   2.644067e-02
3.280850000000000044e+00   3.121185e-01   2.643659e-02
3.285560999999999954e+00   2.938226e-01   2.641315e-02
3.290271999999999863e+00   3.176849e-01   2.640468e-02
3.294983999999999913e+00   3.308208e-01   2.639199e-02
3.299694999999999823e+00   3.083347e-01   2.636162e-02
3.304406000000000176e+00   3.374329e-01   2.633244e-02
3.309117000000000086e+00   2.938767e-01   2.630566e-02
3.313829000000000136e+00   3.180280e-01   2.631533e-02
3.318540000000000045e+00   3.519075e-01   2.630214e-02
3.323250999999999955e+00   3.279689e-01   2.628844e-02
3.327961999999999865e+00   2.977640e-01   2.621763e-02
3.332673999999999914e+00   3.137615e-01   2.622166e-02
3.337384999999999824e+00   3.065859e-01   2.620334e-02
3.342096000000000178e+00   2.883452e-01   2.616578e-02
3.346807000000000087e+00   3.056460e-01   2.615626e-02
3.351519000000000137e+00   3.286129e-01   2.614683e-02
3.356230000000000047e+00   2.873686e-01   2.610147e-02
3.360940999999999956e+00   2.968734e-01   2.609632e-02
3.365653000000000006e+00   2.710786e-01   2.604691e-02
3.370363999999999916e+00   2.656588e-01   2.600043e-02
3.375074999999999825e+00   2.690220e-01   2.601966e-02
3.379786000000000179e+00   2.994186e-01   2.599899e-02
3.384497999999999784e+00   3.204459e-01   2.599637e-02
3.389209000000000138e+00   3.124771e-01   2.614723e-02
3.393920000000000048e+00   3.281390e-01   2.675509e-02
3.398630999999999958e+00   3.011325e-01   2.712949e-02
3.403343000000000007e+00   2.937859e-01   2.739118e-02
3.408053999999999917e+00   2.587465e-01   2.758848e-02
3.412764999999999826e+00   2.883235e-01   2.768003e-02
3.417476000000000180e+00   2.851678e-01   2.768075e-02
3.422187999999999786e+00   2.403630e-01   2.765267e-02
3.426899000000000139e+00   2.420537e-01   2.769733e-02
3.431610000000000049e+00   2.248997e-01   2.778207e-02
3.436320999999999959e+00   2.803380e-01   2.788835e-02
3.441033000000000008e+00   2.745759e-01   2.791466e-02
3.445743999999999918e+00   2.788654e-01   2.797330e-02
3.450454999999999828e+00   2.573126e-01   2.802213e-02
3.455166000000000182e+00   2.767855e-01   2.810538e-02
3.459877999999999787e+00   2.756664e-01   2.813982e-02
3.464589000000000141e+00   2.388139e-01   2.814309e-02
3.469300000000000050e+00   2.526094e-01   2.820799e-02
3.474010999999999960e+00   2.552467e-01   2.823850e-02
3.478723000000000010e+00   2.341387e-01   2.826969e-02
3.483433999999999919e+00   2.125307e-01   2.829600e-02
3.488144999999999829e+00   2.370660e-01   2.834696e-02
3.492856000000000183e+00   2.426191e-01   2.840327e-02
3.497567999999999788e+00   2.515972e-01   2.846415e-02
3.502279000000000142e+00   2.954668e-01   2.847906e-02
3.506990000000000052e+00   2.654075e-01   2.850126e-02
3.511700999999999961e+00   2.187672e-01   2.852460e-02
3.516413000000000011e+00   2.569428e-01   2.856793e-02
3.521123999999999921e+00   2.113387e-01   2.857300e-02
3.525834999999999830e+00   2.631621e-01   2.864695e-02
3.530546000000000184e+00   2.802661e-01   2.868493e-02
3.535257999999999790e+00   2.527298e-01   2.869183e-02
3.539969000000000143e+00   2.517875e-01   2.869066e-02
3.544680000000000053e+00   2.700253e-01   2.874406e-02
3.549392000000000102e+00   2.658509e-01   2.876234e-02
3.554103000000000012e+00   2.467383e-01   2.876159e-02
3.558813999999999922e+00   2.527418e-01   2.881073e-02
3.563524999999999832e+00   2.405156e-01   2.886286e-02
3.568236999999999881e+00   2.604286e-01   2.889892e-02
3.572947999999999791e+00   2.474016e-01   2.889078e-02
3.577659000000000145e+00   2.549467e-01   2.891605e-02
3.582370000000000054e+00   2.353954e-01   2.894501e-02
3.587082000000000104e+00   2.256349e-01   2.896791e-02
3.591793000000000013e+00   2.266075e-01   2.897682e-02
3.596503999999999923e+00   2.431382e-01   2.900671e-02
3.601214999999999833e+00   2.240760e-01   2.896076e-02
3.605926999999999882e+00   2.153477e-01   2.898423e-02
3.610637999999999792e+00   2.416127e-01   2.950300e-02
3.615349000000000146e+00   2.685475e-01   3.041325e-02
3.620060000000000056e+00   2.730444e-01   3.092433e-02
3.624772000000000105e+00   1.931835e-01   3.125273e-02
3.629483000000000015e+00   1.702087e-01   3.148407e-02
3.634193999999999924e+00   2.274109e-01   3.171412e-02
3.638904999999999834e+00   2.346172e-01   3.192679e-02
3.643616999999999884e+00   2.383960e-01   3.211670e-02
3.648327999999999793e+00   2.361800e-01   3.226629e-02
3.653039000000000147e+00   2.221400e-01   3.244355e-02
3.657750000000000057e+00   1.962300e-01   3.259489e-02
3.662462000000000106e+00   2.251286e-01   3.276030e-02
3.667173000000000016e+00   2.477881e-01   3.296518e-02
3.671883999999999926e+00   2.263179e-01   3.306615e-02
3.676594999999999835e+00   2.274410e-01   3.322450e-02
3.681306999999999885e+00   1.940511e-01   3.333542e-02
3.686017999999999795e+00   2.152014e-01   3.349063e-02
3.690729000000000148e+00   2.549922e-01   3.367298e-02
3.695440000000000058e+00   2.457842e-01   3.378916e-02
3.700152000000000108e+00   2.011733e-01   3.391344e-02
3.704863000000000017e+00   2.042993e-01   3.402416e-02
3.709573999999999927e+00   2.015225e-01   3.419156e-02
3.714284999999999837e+00   2.003273e-01   3.437373e-02
3.718996999999999886e+00   2.303698e-01   3.448404e-02
3.723707999999999796e+00   2.629457e-01   3.461821e-02
3.728419000000000150e+00   2.609561e-01   3.477933e-02
3.733131000000000199e+00   2.700885e-01   3.490262e-02
3.737842000000000109e+00   2.099613e-01   3.501196e-02
3.742553000000000019e+00   2.013460e-01   3.517016e-02
3.747263999999999928e+00   2.171276e-01   3.529167e-02
3.751975999999999978e+00   2.335226e-01   3.541619e-02
3.756686999999999887e+00   2.421969e-01   3.556271e-02
3.761397999999999797e+00   2.270781e-01   3.566780e-02
3.766109000000000151e+00   2.842813e-01   3.584426e-02
3.770821000000000200e+00   1.975050e-01   3.590894e-02
3.775532000000000110e+00   2.259225e-01   3.606099e-02
3.780243000000000020e+00   1.918099e-01   3.614872e-02
3.784953999999999930e+00   2.309109e-01   3.631498e-02
3.789665999999999979e+00   1.803142e-01   3.640466e-02
3.794376999999999889e+00   1.960006e-01   3.655451e-02
3.799087999999999798e+00   2.283275e-01   3.668210e-02
3.803799000000000152e+00   2.429335e-01   3.688096e-02
3.808511000000000202e+00   2.270740e-01   3.696663e-02
3.813222000000000111e+00   2.006981e-01   3.710556e-02
3.817933000000000021e+00   2.303671e-01   3.726851e-02
3.822643999999999931e+00   1.741470e-01   3.730054e-02
3.827355999999999980e+00   1.726816e-01   3.742502e-02
3.832066999999999890e+00   2.492530e-01   3.762350e-02
3.836777999999999800e+00   2.580683e-01   3.778735e-02
3.841489000000000154e+00   1.957484e-01   3.784084e-02
3.846201000000000203e+00   2.241283e-01   3.800036e-02
3.850912000000000113e+00   2.235989e-01   3.814910e-02
3.855623000000000022e+00   1.950813e-01   3.822076e-02
3.860333999999999932e+00   1.806676e-01   3.833960e-02
3.865045999999999982e+00   2.310287e-01   3.854652e-02
3.869756999999999891e+00   2.118082e-01   3.866448e-02
3.874467999999999801e+00   1.875282e-01   3.876389e-02
3.879179000000000155e+00   2.443722e-01   3.891505e-02
3.883891000000000204e+00   2.470011e-01   3.906467e-02
3.888602000000000114e+00   2.418454e-01   3.921870e-02
3.893313000000000024e+00   2.221951e-01   3.930181e-02
3.898023999999999933e+00   2.344294e-01   3.944374e-02
3.902735999999999983e+00   2.439376e-01   3.962439e-02
3.907446999999999893e+00   1.675600e-01   3.968188e-02
3.912157999999999802e+00   2.134016e-01   3.986420e-02
3.916869999999999852e+00   1.623155e-01   3.984113e-02
3.921581000000000206e+00   1.629086e-01   3.988467e-02
3.926292000000000115e+00   1.843704e-01   3.998841e-02
3.931003000000000025e+00   2.364907e-01   4.017732e-02
3.935715000000000074e+00   1.804668e-01   4.019805e-02
3.940425999999999984e+00   1.841213e-01   4.021123e-02
3.945136999999999894e+00   1.869339e-01   4.033186e-02
3.949847999999999804e+00   2.039168e-01   4.042156e-02
3.954559999999999853e+00   1.936270e-01   4.039173e-02
3.959271000000000207e+00   2.199446e-01   4.046241e-02
3.963982000000000117e+00   1.861223e-01   4.049086e-02
3.968693000000000026e+00   1.860981e-01   4.056766e-02
3.973405000000000076e+00   2.660476e-01   4.069995e-02
3.978115999999999985e+00   2.114357e-01   4.084743e-02
3.982826999999999895e+00   1.535363e-01   4.090443e-02
3.987537999999999805e+00   1.581380e-01   4.102796e-02
3.992249999999999854e+00   1.808066e-01   4.115665e-02
3.996961000000000208e+00   9.564556e-02   4.124637e-02
4.001672000000000118e+00   1.322487e-01   4.139454e-02
4.006382999999999583e+00   1.781835e-01   4.163644e-02
4.011095000000000077e+00   2.434827e-01   4.181224e-02
4.015806000000000431e+00   2.318218e-01   4.195093e-02
4.020516999999999896e+00   2.042640e-01   4.207475e-02
4.025228000000000250e+00   2.126874e-01   4.218924e-02
4.029939999999999856e+00   1.864396e-01   4.232150e-02
4.034651000000000209e+00   2.074604e-01   4.247994e-02
4.039361999999999675e+00   1.719106e-01   4.258130e-02
4.044073000000000029e+00   2.123653e-01   4.283555e-02
4.048784999999999634e+00   2.615658e-01   4.297709e-02
4.053495999999999988e+00   2.299317e-01   4.308470e-02
4.058207000000000342e+00   1.999303e-01   4.319436e-02
4.062917999999999807e+00   2.383960e-01   4.342199e-02
4.067630000000000301e+00   1.697472e-01   4.348139e-02
4.072340999999999767e+00   1.388858e-01   4.362436e-02
4.077052000000000120e+00   1.338933e-01   4.379707e-02
4.081762999999999586e+00   2.452769e-01   4.400417e-02
4.086475000000000080e+00   2.153428e-01   4.413590e-02
4.091186000000000433e+00   2.375432e-01   4.427556e-02
4.095896999999999899e+00   2.052640e-01   4.444327e-02
4.100609000000000393e+00   1.539336e-01   4.456223e-02
4.105319999999999858e+00   2.038705e-01   4.476054e-02
4.110031000000000212e+00   2.290752e-01   4.493395e-02
4.114741999999999678e+00   1.747220e-01   4.503682e-02
4.119454000000000171e+00   1.415271e-01   4.518858e-02
4.124164999999999637e+00   1.851474e-01   4.543126e-02
4.128875999999999991e+00   2.194846e-01   4.558256e-02
4.133587000000000344e+00   1.449037e-01   4.567398e-02
4.138298999999999950e+00   1.325309e-01   4.584787e-02
4.143010000000000304e+00   1.193285e-01   4.605752e-02
4.147720999999999769e+00   2.203237e-01   4.625583e-02
4.152432000000000123e+00   2.272313e-01   4.646964e-02
4.157143999999999728e+00   1.754283e-01   4.660706e-02
4.161855000000000082e+00   1.689200e-01   4.667567e-02
4.166566000000000436e+00   2.158461e-01   4.690782e-02
4.171276999999999902e+00   2.246061e-01   4.711873e-02
4.175989000000000395e+00   1.946851e-01   4.733689e-02
4.180699999999999861e+00   1.582445e-01   4.750881e-02
4.185411000000000215e+00   1.090168e-01   4.754277e-02
4.190121999999999680e+00   1.540157e-01   4.782394e-02
4.194834000000000174e+00   1.778400e-01   4.797211e-02
4.199544999999999639e+00   1.900803e-01   4.815512e-02
4.204255999999999993e+00   2.360395e-01   4.844604e-02
4.208967000000000347e+00   1.743891e-01   4.858431e-02
4.213678999999999952e+00   1.395044e-01   4.862670e-02
4.218390000000000306e+00   2.596707e-01   4.898155e-02
4.223100999999999772e+00   2.391589e-01   4.919722e-02
4.227812000000000126e+00   1.132612e-01   4.925772e-02
4.232523999999999731e+00   1.341342e-01   4.951756e-02
4.237235000000000085e+00   2.067517e-01   4.979582e-02
4.241946000000000438e+00   1.999747e-01   4.991287e-02
4.246656999999999904e+00   1.382743e-01   5.001710e-02
4.251369000000000398e+00   1.885383e-01   5.042661e-02
4.256079999999999863e+00   1.629293e-01   5.068694e-02
4.260791000000000217e+00   1.213954e-01   5.072406e-02
4.265501999999999683e+00   1.130328e-01   5.089236e-02
4.270214000000000176e+00   1.745704e-01   5.106663e-02
4.274924999999999642e+00   1.752165e-01   5.132587e-02
4.279635999999999996e+00   2.827983e-01   5.170513e-02
4.284347999999999601e+00   2.473318e-01   5.183872e-02
4.289058999999999955e+00   1.534940e-01   5.206543e-02
4.293770000000000309e+00   1.399712e-01   5.228884e-02
4.298480999999999774e+00   1.943928e-01   5.249204e-02
4.303193000000000268e+00   3.015905e-01   5.285905e-02
4.307903999999999733e+00   2.669082e-01   5.307286e-02
4.312615000000000087e+00   1.427678e-01   5.319150e-02
4.317326000000000441e+00   1.196776e-01   5.347053e-02
4.322038000000000046e+00   1.916861e-01   5.373366e-02
4.326749000000000400e+00   1.739730e-01   5.391884e-02
4.331459999999999866e+00   1.460854e-01   5.403513e-02
4.336171000000000220e+00   1.481080e-01   5.422140e-02
4.340882999999999825e+00   1.957176e-01   5.467519e-02
4.345594000000000179e+00   1.477171e-01   5.489162e-02
4.350304999999999644e+00   2.060754e-01   5.517766e-02
4.355015999999999998e+00   2.326142e-01   5.549348e-02
4.359727999999999604e+00   1.824254e-01   5.571172e-02
4.364438999999999957e+00   1.199637e-01   5.591288e-02
4.369150000000000311e+00   4.637490e-02   5.601654e-02
4.373860999999999777e+00   1.070655e-01   5.630278e-02
4.378573000000000270e+00   8.842218e-02   5.675090e-02
4.383283999999999736e+00   1.489733e-01   5.707413e-02
4.387995000000000090e+00   1.779099e-01   5.735887e-02
4.392706000000000444e+00   1.455719e-01   5.743475e-02
4.397418000000000049e+00   1.297793e-01   5.769907e-02
4.402129000000000403e+00   1.941473e-01   5.792152e-02
4.406839999999999868e+00   1.531822e-01   5.788331e-02
4.411551000000000222e+00   7.105242e-02   5.779290e-02
4.416262999999999828e+00   1.283151e-01   5.796716e-02
4.420974000000000181e+00   1.343163e-01   5.795848e-02
4.425684999999999647e+00   1.731075e-01   5.799698e-02
4.430396000000000001e+00   1.282664e-01   5.803767e-02
4.435107999999999606e+00   1.102563e-01   5.798161e-02
4.439818999999999960e+00   1.312064e-01   5.822276e-02
4.444530000000000314e+00   1.444560e-01   5.862290e-02
4.449240999999999779e+00   6.955081e-02   5.875904e-02
4.453953000000000273e+00   5.222379e-02   5.905035e-02
4.458663999999999739e+00   1.269194e-01   5.947598e-02
4.463375000000000092e+00   1.776490e-01   5.963638e-02
4.468086999999999698e+00   1.185727e-01   5.989848e-02
4.472798000000000052e+00   1.751173e-01   6.039959e-02
4.477509000000000405e+00   2.308014e-01   6.067429e-02
4.482219999999999871e+00   1.255249e-01   6.108678e-02
4.486932000000000365e+00   9.290897e-02   6.132434e-02
4.491642999999999830e+00   6.082933e-02   6.168278e-02
4.496354000000000184e+00   1.306950e-01   6.214764e-02
4.501064999999999650e+00   1.106240e-01   6.239155e-02
4.505777000000000143e+00   1.502673e-01   6.270024e-02
4.510487999999999609e+00   2.362895e-01   6.319456e-02
4.515198999999999963e+00   2.460776e-01   6.361931e-02
4.519910000000000316e+00   9.656401e-02   6.380865e-02
4.524621999999999922e+00   1.386954e-01   6.426072e-02
4.529333000000000276e+00   1.336315e-01   6.461453e-02
4.534043999999999741e+00   1.791216e-01   6.510132e-02
4.538755000000000095e+00   2.507574e-01   6.547370e-02
4.543466999999999700e+00   1.506185e-01   6.569272e-02
4.548178000000000054e+00   1.187962e-01   6.617088e-02
4.552889000000000408e+00   8.425060e-02   6.659346e-02
4.557599999999999874e+00   7.239516e-03   6.702979e-02
4.562312000000000367e+00   9.217843e-02   6.763796e-02
4.567022999999999833e+00   1.087150e-01   6.804521e-02
4.571734000000000187e+00   1.934490e-01   6.854489e-02
4.576444999999999652e+00   8.155413e-02   6.876400e-02
4.581157000000000146e+00   9.576573e-02   6.921734e-02
4.585867999999999611e+00   1.138838e-01   6.969543e-02
4.590578999999999965e+00   1.387929e-01   7.018500e-02
4.595290000000000319e+00   1.114932e-01   7.069431e-02
4.600001999999999924e+00   1.493732e-01   7.116025e-02
4.604713000000000278e+00   2.330292e-01   7.200486e-02
4.609423999999999744e+00   1.682505e-01   7.240413e-02
4.614135000000000097e+00   2.037939e-01   7.280517e-02
4.618846999999999703e+00   9.224002e-02   7.323703e-02
4.623558000000000057e+00   1.315143e-01   7.393243e-02
4.628269000000000410e+00   7.455393e-02   7.458501e-02
4.632979999999999876e+00   9.261613e-02   7.499494e-02
4.637692000000000370e+00   1.687645e-01   7.583470e-02
4.642402999999999835e+00   1.623660e-01   7.653530e-02
4.647114000000000189e+00   2.193105e-01   7.711938e-02
4.651825999999999794e+00   1.707791e-01   7.764286e-02
4.656537000000000148e+00   9.741361e-02   7.817399e-02
4.661247999999999614e+00   1.699359e-01   7.913542e-02
4.665958999999999968e+00   2.199842e-01   7.974015e-02
4.670670999999999573e+00   1.733152e-01   8.032935e-02
4.675381999999999927e+00   8.503730e-02   8.106123e-02
4.680093000000000281e+00   2.428336e-01   8.192993e-02
4.684803999999999746e+00   7.981331e-02   8.240164e-02
4.689516000000000240e+00   9.617258e-02   8.319386e-02
4.694226999999999705e+00   1.893238e-01   8.424518e-02
4.698938000000000059e+00   1.905854e-01   8.501519e-02
4.703649000000000413e+00   1.861254e-01   8.587203e-02
4.708361000000000018e+00   1.557182e-01   8.651231e-02
4.713072000000000372e+00   2.484960e-01   8.785831e-02
4.717782999999999838e+00   2.391827e-01   8.886695e-02
4.722494000000000192e+00   2.134459e-01   8.965283e-02
4.727205999999999797e+00   2.046474e-01   9.037081e-02
4.731917000000000151e+00   1.807242e-01   9.167735e-02
4.736627999999999616e+00   9.769667e-02   9.256817e-02
4.741338999999999970e+00   1.117375e-01   9.349507e-02
4.746050999999999576e+00   1.377607e-01   9.491648e-02
4.750761999999999929e+00   6.474980e-02   9.559702e-02
4.755473000000000283e+00   1.703269e-01   9.712267e-02
4.760183999999999749e+00   1.674070e-01   9.831904e-02
4.764896000000000242e+00   1.775242e-01   9.952700e-02
4.769606999999999708e+00   1.561044e-01   1.006506e-01
4.774318000000000062e+00   1.607560e-01   1.021165e-01
4.779029000000000416e+00   1.100669e-01   1.035004e-01
4.783741000000000021e+00   2.365358e-01   1.054515e-01
4.788452000000000375e+00   8.881300e-02   1.065692e-01
4.793162999999999840e+00   6.633065e-04   1.082418e-01
4.797874000000000194e+00   7.997359e-02   1.100963e-01
4.802585999999999800e+00   2.800990e-01   1.125117e-01
4.807297000000000153e+00   2.224805e-01   1.143653e-01
4.812007999999999619e+00   2.420504e-01   1.167054e-01
4.816718999999999973e+00   1.422039e-01   1.179707e-01
4.821430999999999578e+00   1.690189e-01   1.210775e-01
4.826141999999999932e+00   4.910141e-02   1.229076e-01
4.830853000000000286e+00   4.082228e-02   1.255479e-01
4.835564999999999891e+00   2.040264e-01   1.281211e-01
4.840276000000000245e+00   8.376452e-02   1.309195e-01
4.844986999999999711e+00   1.340260e-01   1.338460e-01
4.849698000000000064e+00   8.470716e-02   1.370368e-01
4.854409999999999670e+00   3.905323e-02   1.407455e-01
4.859121000000000024e+00   1.303115e-02   1.444457e-01
4.863832000000000377e+00   9.897238e-02   1.492760e-01
4.868542999999999843e+00   4.860464e-02   1.534674e-01
4.873255000000000337e+00   2.453295e-01   1.589074e-01
4.877965999999999802e+00   2.447580e-01   1.644940e-01
4.882677000000000156e+00   3.178244e-01   1.702839e-01
4.887387999999999622e+00   1.104681e-01   1.758555e-01
4.892100000000000115e+00   1.419304e-02   1.837281e-01
4.896810999999999581e+00   6.840222e-02   1.926997e-01
4.901521999999999935e+00   2.219822e-01   2.043070e-01
4.906233000000000288e+00   3.185173e-01   2.165727e-01
4.910944999999999894e+00   1.807893e-01   2.294289e-01
4.915656000000000247e+00   1.440462e-01   2.464552e-01
4.920366999999999713e+00   3.225672e-01   2.700006e-01
4.925078000000000067e+00   3.819917e-01   3.020782e-01
4.929789999999999672e+00  -1.389260e-01   3.378293e-01
4.934501000000000026e+00   2.373747e-01   4.081924e-01
4.939212000000000380e+00  -6.308098e-01   5.290245e-01
4.943922999999999845e+00   1.029438e+00   9.582962e-01