# [6]
# Sample c= 2.48 mg/ml
# Intensity scaled by concentration
# Buffer subtracted data file:
# Protein DatFile = /data/visitor/mx1908/bm29/20161119/giulio/1d/mM300_126_ave.dat
# Buffer DatFile = /data/visitor/mx1908/bm29/20161119/giulio/ednaSub/mM300_126_ave_averbuffer.dat
# 
# AutoRg: Rg   =   0.8115 +/- 0.06 ( 7.2%)
# AutoRg: I(0) =   1.89 +/- 0.0057
# AutoRg: Points   124 to 334 ( 211 total)
# AutoRg: Quality: 78.8%
# 
# 
# Sample Information:
# Storage Temperature (degrees C): 20.0
# Measurement Temperature (degrees C): 20.09
# Concentration: 2.48
# Code: 
3.479420999999999903e-02  -4.518649e-01   3.099837e+00
3.950545999999999919e-02   1.594063e+00   1.236397e+00
4.421672000000000102e-02   1.902559e+00   8.084282e-01
4.892798000000000286e-02   1.726555e+00   6.194526e-01
5.363923000000000302e-02   1.665154e+00   4.962649e-01
5.835048999999999791e-02   1.685618e+00   4.065103e-01
6.306174999999999975e-02   1.443262e+00   3.372929e-01
6.777299999999999991e-02   1.796657e+00   2.867101e-01
7.248425999999999481e-02   2.084876e+00   2.487404e-01
7.719552000000000358e-02   1.794466e+00   2.190164e-01
8.190677000000000374e-02   1.594498e+00   1.943313e-01
8.661802999999999864e-02   1.758414e+00   1.749172e-01
9.132928999999999353e-02   1.796518e+00   1.596646e-01
9.604053999999999369e-02   1.741420e+00   1.478355e-01
1.007518000000000025e-01   1.798124e+00   1.367827e-01
1.054631000000000041e-01   1.807575e+00   1.275599e-01
1.101743000000000028e-01   1.914627e+00   1.198311e-01
1.148856000000000044e-01   1.915588e+00   1.129328e-01
1.195968000000000031e-01   1.751394e+00   1.068693e-01
1.243081000000000047e-01   1.889001e+00   1.016668e-01
1.290193000000000034e-01   1.822421e+00   9.724556e-02
1.337306000000000050e-01   1.785507e+00   9.320894e-02
1.384419000000000066e-01   1.614609e+00   8.950477e-02
1.431531000000000053e-01   1.844171e+00   8.651214e-02
1.478644000000000069e-01   1.944846e+00   8.374999e-02
1.525756000000000057e-01   1.863676e+00   8.129366e-02
1.572869000000000073e-01   1.805976e+00   7.901095e-02
1.619981000000000060e-01   1.853698e+00   7.679281e-02
1.667094000000000076e-01   1.814610e+00   7.477805e-02
1.714206000000000063e-01   1.859454e+00   7.296144e-02
1.761319000000000079e-01   1.886302e+00   7.141024e-02
1.808432000000000095e-01   1.838802e+00   6.969078e-02
1.855544000000000082e-01   1.859131e+00   6.846987e-02
1.902657000000000098e-01   1.827205e+00   6.716862e-02
1.949769000000000085e-01   1.898845e+00   6.589779e-02
1.996882000000000101e-01   1.866179e+00   6.476263e-02
2.043994000000000089e-01   1.767049e+00   6.354077e-02
2.091107000000000105e-01   1.793615e+00   6.258453e-02
2.138220000000000121e-01   1.850370e+00   6.164016e-02
2.185332000000000108e-01   1.870428e+00   6.076984e-02
2.232445000000000124e-01   1.932861e+00   5.988497e-02
2.279557000000000111e-01   1.845131e+00   5.894903e-02
2.326670000000000127e-01   1.764033e+00   5.813971e-02
2.373782000000000114e-01   1.810421e+00   5.749570e-02
2.420895000000000130e-01   1.865721e+00   5.670597e-02
2.468007000000000117e-01   1.890408e+00   5.608572e-02
2.515120000000000133e-01   1.822534e+00   5.543248e-02
2.562232999999999872e-01   1.777411e+00   5.468179e-02
2.609345000000000137e-01   1.752435e+00   5.403868e-02
2.656457999999999875e-01   1.806493e+00   5.354152e-02
2.703570000000000140e-01   1.844552e+00   5.303142e-02
2.750682999999999878e-01   1.911379e+00   5.266489e-02
2.797795000000000143e-01   1.916314e+00   5.203693e-02
2.844907999999999881e-01   1.893934e+00   5.146151e-02
2.892021000000000175e-01   1.872045e+00   5.099003e-02
2.939132999999999885e-01   1.802440e+00   5.050083e-02
2.986246000000000178e-01   1.808939e+00   4.996371e-02
3.033357999999999888e-01   1.833476e+00   4.959975e-02
3.080471000000000181e-01   1.761006e+00   4.905639e-02
3.127582999999999891e-01   1.824546e+00   4.876206e-02
3.174696000000000184e-01   1.788693e+00   4.826487e-02
3.221808999999999923e-01   1.852614e+00   4.786486e-02
3.268921000000000188e-01   1.908532e+00   4.758916e-02
3.316033999999999926e-01   1.823710e+00   4.723163e-02
3.363146000000000191e-01   1.803515e+00   4.752946e-02
3.410258999999999929e-01   1.816425e+00   4.798667e-02
3.457371000000000194e-01   1.815811e+00   4.821874e-02
3.504483999999999932e-01   1.871451e+00   4.889602e-02
3.551596000000000197e-01   1.819073e+00   4.980662e-02
3.598708999999999936e-01   1.801569e+00   5.046888e-02
3.645822000000000229e-01   1.765337e+00   5.095514e-02
3.692933999999999939e-01   1.783235e+00   5.133682e-02
3.740047000000000232e-01   1.866501e+00   5.178450e-02
3.787158999999999942e-01   1.809023e+00   5.204836e-02
3.834272000000000236e-01   1.777028e+00   5.224806e-02
3.881383999999999945e-01   1.808736e+00   5.260342e-02
3.928497000000000239e-01   1.856310e+00   5.388336e-02
3.975609999999999977e-01   1.751872e+00   5.540615e-02
4.022722000000000242e-01   1.762874e+00   5.665701e-02
4.069834999999999980e-01   1.760711e+00   5.767248e-02
4.116947000000000245e-01   1.806354e+00   5.856597e-02
4.164059999999999984e-01   1.770536e+00   5.942515e-02
4.211172000000000248e-01   1.780027e+00   6.036780e-02
4.258284999999999987e-01   1.818605e+00   6.137749e-02
4.305397000000000252e-01   1.811716e+00   6.217743e-02
4.352509999999999990e-01   1.732957e+00   6.285042e-02
4.399622999999999728e-01   1.761501e+00   6.381988e-02
4.446734999999999993e-01   1.814017e+00   6.513593e-02
4.493847999999999732e-01   1.732829e+00   6.592207e-02
4.540959999999999996e-01   1.739215e+00   6.633978e-02
4.588072999999999735e-01   1.870822e+00   6.436671e-02
4.635185000000000000e-01   1.873658e+00   6.272760e-02
4.682297999999999738e-01   1.789408e+00   6.174223e-02
4.729411000000000032e-01   1.819215e+00   6.112405e-02
4.776522999999999741e-01   1.805340e+00   6.045871e-02
4.823636000000000035e-01   1.823806e+00   6.010519e-02
4.870747999999999744e-01   1.795703e+00   5.971063e-02
4.917861000000000038e-01   1.735347e+00   5.922471e-02
4.964972999999999748e-01   1.751353e+00   5.898969e-02
5.012086000000000041e-01   1.813697e+00   5.874708e-02
5.059198999999999780e-01   1.838359e+00   5.835125e-02
5.106311000000000044e-01   1.847455e+00   5.817097e-02
5.153423999999999783e-01   1.767657e+00   5.779495e-02
5.200536000000000048e-01   1.717615e+00   5.723476e-02
5.247648999999999786e-01   1.828361e+00   5.691669e-02
5.294761000000000051e-01   1.788390e+00   5.645496e-02
5.341873999999999789e-01   1.680960e+00   5.599874e-02
5.388986000000000054e-01   1.745342e+00   5.569042e-02
5.436098999999999792e-01   1.723424e+00   5.534391e-02
5.483211999999999531e-01   1.719644e+00   5.501705e-02
5.530323999999999796e-01   1.678130e+00   5.448533e-02
5.577436999999999534e-01   1.726930e+00   5.426339e-02
5.624548999999999799e-01   1.695298e+00   5.395981e-02
5.671661999999999537e-01   1.864705e+00   5.391690e-02
5.718773999999999802e-01   1.810192e+00   5.367641e-02
5.765886999999999540e-01   1.789626e+00   5.346887e-02
5.813000000000000389e-01   1.770496e+00   5.333519e-02
5.860111999999999544e-01   1.778883e+00   5.322248e-02
5.907225000000000392e-01   1.768335e+00   5.315072e-02
5.954336999999999547e-01   1.779051e+00   5.302263e-02
6.001450000000000395e-01   1.814093e+00   5.286296e-02
6.048561999999999550e-01   1.663086e+00   5.262941e-02
6.095675000000000399e-01   1.641362e+00   5.252985e-02
6.142788000000000137e-01   1.735107e+00   5.248089e-02
6.189900000000000402e-01   1.723235e+00   5.230188e-02
6.237013000000000140e-01   1.682564e+00   5.214004e-02
6.284125000000000405e-01   1.671924e+00   5.203309e-02
6.331238000000000143e-01   1.757650e+00   5.195834e-02
6.378350000000000408e-01   1.733055e+00   5.181943e-02
6.425463000000000147e-01   1.719012e+00   5.164373e-02
6.472575000000000411e-01   1.704627e+00   5.158958e-02
6.519688000000000150e-01   1.721948e+00   5.149058e-02
6.566800999999999888e-01   1.782060e+00   5.137012e-02
6.613913000000000153e-01   1.712317e+00   5.120749e-02
6.661025999999999891e-01   1.674604e+00   5.112791e-02
6.708138000000000156e-01   1.774820e+00   5.108072e-02
6.755250999999999895e-01   1.735987e+00   5.092884e-02
6.802363000000000159e-01   1.703316e+00   5.077079e-02
6.849475999999999898e-01   1.713632e+00   5.073231e-02
6.896588999999999636e-01   1.676792e+00   5.052125e-02
6.943700999999999901e-01   1.688518e+00   5.038709e-02
6.990813999999999639e-01   1.721660e+00   5.034890e-02
7.037925999999999904e-01   1.676155e+00   5.013860e-02
7.085038999999999643e-01   1.755752e+00   5.018044e-02
7.132150999999999907e-01   1.695783e+00   5.004456e-02
7.179263999999999646e-01   1.669525e+00   4.985210e-02
7.226375999999999911e-01   1.680063e+00   4.978729e-02
7.273488999999999649e-01   1.710977e+00   4.968755e-02
7.320602000000000498e-01   1.702617e+00   4.958796e-02
7.367713999999999652e-01   1.673744e+00   4.943214e-02
7.414827000000000501e-01   1.682480e+00   4.933921e-02
7.461938999999999655e-01   1.640938e+00   4.925904e-02
7.509052000000000504e-01   1.692836e+00   4.917116e-02
7.556163999999999659e-01   1.731653e+00   4.909163e-02
7.603277000000000507e-01   1.620045e+00   4.897515e-02
7.650390000000000246e-01   1.609872e+00   4.879990e-02
7.697502000000000510e-01   1.611926e+00   4.868497e-02
7.744615000000000249e-01   1.603370e+00   4.862192e-02
7.791727000000000514e-01   1.599219e+00   4.852624e-02
7.838840000000000252e-01   1.676483e+00   4.842089e-02
7.885952000000000517e-01   1.710601e+00   4.837058e-02
7.933065000000000255e-01   1.633760e+00   4.819321e-02
7.980177999999999994e-01   1.639567e+00   4.821324e-02
8.027290000000000258e-01   1.606836e+00   4.798530e-02
8.074402999999999997e-01   1.642088e+00   4.794231e-02
8.121515000000000262e-01   1.623946e+00   4.784060e-02
8.168628000000000000e-01   1.617364e+00   4.765825e-02
8.215740000000000265e-01   1.694408e+00   4.766538e-02
8.262853000000000003e-01   1.638272e+00   4.753153e-02
8.309965000000000268e-01   1.602887e+00   4.736767e-02
8.357078000000000007e-01   1.620506e+00   4.732081e-02
8.404190999999999745e-01   1.659697e+00   4.726657e-02
8.451303000000000010e-01   1.641691e+00   4.720841e-02
8.498415999999999748e-01   1.617923e+00   4.705245e-02
8.545528000000000013e-01   1.609271e+00   4.698949e-02
8.592640999999999751e-01   1.605434e+00   4.691288e-02
8.639753000000000016e-01   1.615893e+00   4.689700e-02
8.686865999999999755e-01   1.617199e+00   4.666145e-02
8.733978999999999493e-01   1.597240e+00   4.658039e-02
8.781090999999999758e-01   1.599728e+00   4.653645e-02
8.828203999999999496e-01   1.614495e+00   4.649180e-02
8.875315999999999761e-01   1.515290e+00   4.625087e-02
8.922428999999999499e-01   1.585730e+00   4.623482e-02
8.969540999999999764e-01   1.547835e+00   4.611639e-02
9.016653999999999503e-01   1.587066e+00   4.607992e-02
9.063767000000000351e-01   1.557072e+00   4.588877e-02
9.110878999999999506e-01   1.587960e+00   4.585666e-02
9.157992000000000354e-01   1.615278e+00   4.582137e-02
9.205103999999999509e-01   1.544898e+00   4.569853e-02
9.252217000000000358e-01   1.501855e+00   4.556130e-02
9.299328999999999512e-01   1.534830e+00   4.554594e-02
9.346442000000000361e-01   1.570558e+00   4.553111e-02
9.393553999999999515e-01   1.562137e+00   4.541165e-02
9.440667000000000364e-01   1.562662e+00   4.530406e-02
9.487780000000000102e-01   1.546079e+00   4.523437e-02
9.534892000000000367e-01   1.505166e+00   4.510109e-02
9.582005000000000106e-01   1.548340e+00   4.507070e-02
9.629117000000000370e-01   1.595122e+00   4.500606e-02
9.676230000000000109e-01   1.514636e+00   4.481883e-02
9.723342000000000374e-01   1.542334e+00   4.477438e-02
9.770455000000000112e-01   1.465759e+00   4.466004e-02
9.817567999999999850e-01   1.496482e+00   4.462451e-02
9.864680000000000115e-01   1.546888e+00   4.453475e-02
9.911792999999999854e-01   1.509747e+00   4.445724e-02
9.958905000000000118e-01   1.528299e+00   4.439964e-02
1.000601999999999991e+00   1.533059e+00   4.429763e-02
1.005312999999999901e+00   1.527349e+00   4.419488e-02
1.010024000000000033e+00   1.474580e+00   4.410349e-02
1.014736000000000082e+00   1.494984e+00   4.405947e-02
1.019446999999999992e+00   1.479617e+00   4.397520e-02
1.024157999999999902e+00   1.533367e+00   4.394660e-02
1.028869000000000034e+00   1.508686e+00   4.384833e-02
1.033581000000000083e+00   1.468475e+00   4.374720e-02
1.038291999999999993e+00   1.485036e+00   4.366402e-02
1.043002999999999902e+00   1.444234e+00   4.351208e-02
1.047714000000000034e+00   1.474972e+00   4.352383e-02
1.052426000000000084e+00   1.448144e+00   4.345291e-02
1.057136999999999993e+00   1.445732e+00   4.335382e-02
1.061847999999999903e+00   1.440379e+00   4.325269e-02
1.066559000000000035e+00   1.469466e+00   4.319982e-02
1.071271000000000084e+00   1.486648e+00   4.311767e-02
1.075981999999999994e+00   1.452376e+00   4.306680e-02
1.080692999999999904e+00   1.442578e+00   4.297727e-02
1.085404000000000035e+00   1.503020e+00   4.292870e-02
1.090116000000000085e+00   1.433918e+00   4.278697e-02
1.094826999999999995e+00   1.410535e+00   4.272539e-02
1.099537999999999904e+00   1.433589e+00   4.267852e-02
1.104249000000000036e+00   1.464330e+00   4.261792e-02
1.108961000000000086e+00   1.399596e+00   4.257713e-02
1.113671999999999995e+00   1.387000e+00   4.243083e-02
1.118382999999999905e+00   1.414038e+00   4.239099e-02
1.123094000000000037e+00   1.407533e+00   4.233156e-02
1.127806000000000086e+00   1.487616e+00   4.234448e-02
1.132516999999999996e+00   1.436752e+00   4.225382e-02
1.137227999999999906e+00   1.430502e+00   4.216079e-02
1.141939000000000037e+00   1.361572e+00   4.201326e-02
1.146651000000000087e+00   1.376600e+00   4.197338e-02
1.151361999999999997e+00   1.404505e+00   4.196300e-02
1.156072999999999906e+00   1.393956e+00   4.186524e-02
1.160784000000000038e+00   1.393682e+00   4.176964e-02
1.165496000000000087e+00   1.338267e+00   4.167020e-02
1.170206999999999997e+00   1.377972e+00   4.165441e-02
1.174917999999999907e+00   1.384780e+00   4.156952e-02
1.179629999999999956e+00   1.328777e+00   4.142654e-02
1.184341000000000088e+00   1.337306e+00   4.139374e-02
1.189051999999999998e+00   1.409406e+00   4.144988e-02
1.193762999999999908e+00   1.397087e+00   4.139777e-02
1.198474999999999957e+00   1.444117e+00   4.230911e-02
1.203186000000000089e+00   1.442402e+00   4.348309e-02
1.207896999999999998e+00   1.370294e+00   4.415303e-02
1.212607999999999908e+00   1.350871e+00   4.469413e-02
1.217319999999999958e+00   1.339363e+00   4.515850e-02
1.222031000000000089e+00   1.395883e+00   4.567765e-02
1.226741999999999999e+00   1.338458e+00   4.611787e-02
1.231452999999999909e+00   1.339337e+00   4.647270e-02
1.236164999999999958e+00   1.304095e+00   4.684352e-02
1.240876000000000090e+00   1.320001e+00   4.717063e-02
1.245587000000000000e+00   1.341461e+00   4.739101e-02
1.250297999999999909e+00   1.335380e+00   4.759279e-02
1.255009999999999959e+00   1.359082e+00   4.772207e-02
1.259721000000000091e+00   1.373671e+00   4.771993e-02
1.264432000000000000e+00   1.382529e+00   4.605935e-02
1.269142999999999910e+00   1.342884e+00   4.483175e-02
1.273854999999999960e+00   1.306991e+00   4.405719e-02
1.278566000000000091e+00   1.349687e+00   4.356017e-02
1.283277000000000001e+00   1.327454e+00   4.306640e-02
1.287987999999999911e+00   1.283518e+00   4.264300e-02
1.292699999999999960e+00   1.291069e+00   4.234397e-02
1.297411000000000092e+00   1.323583e+00   4.199367e-02
1.302122000000000002e+00   1.272372e+00   4.164046e-02
1.306832999999999911e+00   1.290117e+00   4.141325e-02
1.311544999999999961e+00   1.226052e+00   4.126355e-02
1.316256000000000093e+00   1.296191e+00   4.119730e-02
1.320967000000000002e+00   1.247311e+00   4.101091e-02
1.325677999999999912e+00   1.271857e+00   4.099189e-02
1.330389999999999961e+00   1.254709e+00   4.086675e-02
1.335101000000000093e+00   1.311512e+00   4.082325e-02
1.339812000000000003e+00   1.239607e+00   4.064560e-02
1.344522999999999913e+00   1.271670e+00   4.064631e-02
1.349234999999999962e+00   1.285221e+00   4.053713e-02
1.353946000000000094e+00   1.319700e+00   4.050348e-02
1.358657000000000004e+00   1.271868e+00   4.036334e-02
1.363369000000000053e+00   1.282475e+00   4.024711e-02
1.368079999999999963e+00   1.237992e+00   4.016270e-02
1.372791000000000095e+00   1.291137e+00   4.018276e-02
1.377502000000000004e+00   1.249757e+00   4.004340e-02
1.382214000000000054e+00   1.258506e+00   3.993750e-02
1.386924999999999963e+00   1.244339e+00   3.986174e-02
1.391636000000000095e+00   1.190744e+00   3.979329e-02
1.396347000000000005e+00   1.190110e+00   3.974677e-02
1.401059000000000054e+00   1.200773e+00   3.962058e-02
1.405769999999999964e+00   1.242054e+00   3.959406e-02
1.410481000000000096e+00   1.250624e+00   3.955177e-02
1.415192000000000005e+00   1.258715e+00   3.947941e-02
1.419904000000000055e+00   1.234636e+00   3.936618e-02
1.424614999999999965e+00   1.215739e+00   3.937150e-02
1.429326000000000096e+00   1.244935e+00   3.928248e-02
1.434037000000000006e+00   1.176874e+00   3.917871e-02
1.438749000000000056e+00   1.195273e+00   3.906409e-02
1.443459999999999965e+00   1.158781e+00   3.902755e-02
1.448171000000000097e+00   1.251996e+00   3.902532e-02
1.452882000000000007e+00   1.179374e+00   3.890853e-02
1.457594000000000056e+00   1.123745e+00   3.879236e-02
1.462304999999999966e+00   1.214032e+00   3.879202e-02
1.467016000000000098e+00   1.149377e+00   3.871730e-02
1.471727000000000007e+00   1.195677e+00   3.869729e-02
1.476439000000000057e+00   1.157367e+00   3.863172e-02
1.481149999999999967e+00   1.166884e+00   3.849688e-02
1.485861000000000098e+00   1.117717e+00   3.844358e-02
1.490572000000000008e+00   1.164620e+00   3.841885e-02
1.495284000000000058e+00   1.157345e+00   3.832901e-02
1.499994999999999967e+00   1.175563e+00   3.831962e-02
1.504706000000000099e+00   1.107107e+00   3.827207e-02
1.509417000000000009e+00   1.122055e+00   3.821953e-02
1.514129000000000058e+00   1.139082e+00   3.832332e-02
1.518839999999999968e+00   1.125158e+00   3.939518e-02
1.523551000000000100e+00   1.131130e+00   4.019774e-02
1.528262999999999927e+00   1.158679e+00   4.083933e-02
1.532974000000000059e+00   1.083546e+00   4.123690e-02
1.537684999999999969e+00   1.146833e+00   4.177802e-02
1.542396000000000100e+00   1.117409e+00   4.171444e-02
1.547107999999999928e+00   1.158014e+00   4.069503e-02
1.551819000000000059e+00   1.089612e+00   4.006875e-02
1.556529999999999969e+00   1.131050e+00   3.963880e-02
1.561241000000000101e+00   1.101364e+00   3.928710e-02
1.565952999999999928e+00   1.082660e+00   3.891797e-02
1.570664000000000060e+00   1.117586e+00   3.850595e-02
1.575374999999999970e+00   1.111835e+00   3.805256e-02
1.580086000000000102e+00   1.123385e+00   3.772834e-02
1.584797999999999929e+00   1.091379e+00   3.752518e-02
1.589509000000000061e+00   1.046181e+00   3.742403e-02
1.594219999999999970e+00   1.040831e+00   3.744853e-02
1.598931000000000102e+00   1.085545e+00   3.752038e-02
1.603642999999999930e+00   1.071288e+00   3.757312e-02
1.608354000000000061e+00   1.066823e+00   3.758596e-02
1.613064999999999971e+00   1.102049e+00   3.755721e-02
1.617776000000000103e+00   1.089295e+00   3.748513e-02
1.622487999999999930e+00   1.088687e+00   3.739366e-02
1.627199000000000062e+00   1.090572e+00   3.733418e-02
1.631909999999999972e+00   1.023874e+00   3.722455e-02
1.636621000000000103e+00   1.058571e+00   3.720304e-02
1.641332999999999931e+00   1.014751e+00   3.710601e-02
1.646044000000000063e+00   1.035935e+00   3.710546e-02
1.650754999999999972e+00   1.076433e+00   3.706273e-02
1.655466000000000104e+00   1.075242e+00   3.695508e-02
1.660177999999999932e+00   1.003875e+00   3.687644e-02
1.664889000000000063e+00   1.033690e+00   3.683281e-02
1.669599999999999973e+00   1.002887e+00   3.674505e-02
1.674311000000000105e+00   1.008056e+00   3.667635e-02
1.679022999999999932e+00   1.034986e+00   3.664024e-02
1.683734000000000064e+00   1.053221e+00   3.663166e-02
1.688444999999999974e+00   9.710095e-01   3.655424e-02
1.693156000000000105e+00   9.950004e-01   3.646120e-02
1.697867999999999933e+00   1.027418e+00   3.644743e-02
1.702579000000000065e+00   1.054648e+00   3.642276e-02
1.707289999999999974e+00   9.812507e-01   3.630742e-02
1.712002000000000024e+00   9.819787e-01   3.626125e-02
1.716712999999999933e+00   1.022807e+00   3.624305e-02
1.721424000000000065e+00   9.807934e-01   3.614647e-02
1.726134999999999975e+00   1.040806e+00   3.614617e-02
1.730847000000000024e+00   1.014055e+00   3.605435e-02
1.735557999999999934e+00   9.270385e-01   3.599604e-02
1.740269000000000066e+00   9.886435e-01   3.595348e-02
1.744979999999999976e+00   1.011660e+00   3.593103e-02
1.749692000000000025e+00   1.005450e+00   3.587175e-02
1.754402999999999935e+00   9.387832e-01   3.575607e-02
1.759114000000000066e+00   9.446724e-01   3.572602e-02
1.763824999999999976e+00   9.261111e-01   3.566837e-02
1.768537000000000026e+00   9.393008e-01   3.563806e-02
1.773247999999999935e+00   9.931218e-01   3.562548e-02
1.777959000000000067e+00   9.676633e-01   3.555432e-02
1.782669999999999977e+00   9.149402e-01   3.547029e-02
1.787382000000000026e+00   8.799748e-01   3.539166e-02
1.792092999999999936e+00   9.296828e-01   3.537173e-02
1.796804000000000068e+00   9.263950e-01   3.533059e-02
1.801514999999999977e+00   9.051848e-01   3.527753e-02
1.806227000000000027e+00   9.568118e-01   3.527243e-02
1.810937999999999937e+00   9.113368e-01   3.520889e-02
1.815649000000000068e+00   9.284851e-01   3.517783e-02
1.820359999999999978e+00   8.964607e-01   3.512277e-02
1.825072000000000028e+00   8.898934e-01   3.505427e-02
1.829782999999999937e+00   9.532338e-01   3.503262e-02
1.834494000000000069e+00   8.933355e-01   3.497836e-02
1.839204999999999979e+00   9.211160e-01   3.499919e-02
1.843917000000000028e+00   8.972020e-01   3.488583e-02
1.848627999999999938e+00   8.819049e-01   3.482198e-02
1.853339000000000070e+00   8.955504e-01   3.479949e-02
1.858049999999999979e+00   8.685581e-01   3.474103e-02
1.862762000000000029e+00   8.784076e-01   3.471604e-02
1.867472999999999939e+00   9.356316e-01   3.468316e-02
1.872184000000000070e+00   8.522528e-01   3.457407e-02
1.876894999999999980e+00   8.614020e-01   3.457282e-02
1.881607000000000030e+00   8.770642e-01   3.453480e-02
1.886317999999999939e+00   8.543797e-01   3.446864e-02
1.891029000000000071e+00   8.523707e-01   3.441969e-02
1.895740999999999898e+00   8.850881e-01   3.443834e-02
1.900452000000000030e+00   8.324308e-01   3.433988e-02
1.905162999999999940e+00   8.267686e-01   3.427672e-02
1.909874000000000072e+00   8.568822e-01   3.425677e-02
1.914585999999999899e+00   8.681973e-01   3.423835e-02
1.919297000000000031e+00   8.705668e-01   3.419436e-02
1.924007999999999940e+00   8.415002e-01   3.412792e-02
1.928719000000000072e+00   8.600233e-01   3.410149e-02
1.933430999999999900e+00   8.541691e-01   3.401945e-02
1.938142000000000031e+00   8.045881e-01   3.390925e-02
1.942852999999999941e+00   7.988373e-01   3.381491e-02
1.947564000000000073e+00   8.053902e-01   3.372816e-02
1.952275999999999900e+00   8.420335e-01   3.366515e-02
1.956987000000000032e+00   8.635296e-01   3.367115e-02
1.961697999999999942e+00   8.089505e-01   3.357822e-02
1.966409000000000074e+00   8.070888e-01   3.349891e-02
1.971120999999999901e+00   7.844874e-01   3.348008e-02
1.975832000000000033e+00   7.869177e-01   3.347042e-02
1.980542999999999942e+00   7.710083e-01   3.348641e-02
1.985254000000000074e+00   7.636257e-01   3.346900e-02
1.989965999999999902e+00   7.672205e-01   3.349869e-02
1.994677000000000033e+00   7.814699e-01   3.351433e-02
1.999387999999999943e+00   7.741691e-01   3.353656e-02
2.004099000000000075e+00   7.814606e-01   3.432854e-02
2.008811000000000124e+00   8.449558e-01   3.508135e-02
2.013522000000000034e+00   8.025398e-01   3.550973e-02
2.018232999999999944e+00   8.042786e-01   3.593115e-02
2.022943999999999853e+00   8.158657e-01   3.630525e-02
2.027655999999999903e+00   7.699116e-01   3.656412e-02
2.032366999999999813e+00   7.959724e-01   3.676436e-02
2.037078000000000166e+00   7.910241e-01   3.688410e-02
2.041789000000000076e+00   7.055945e-01   3.689875e-02
2.046501000000000126e+00   7.656492e-01   3.709454e-02
2.051212000000000035e+00   7.863563e-01   3.720181e-02
2.055922999999999945e+00   8.074943e-01   3.729325e-02
2.060633999999999855e+00   7.561184e-01   3.734318e-02
2.065345999999999904e+00   7.479334e-01   3.726156e-02
2.070056999999999814e+00   6.825371e-01   3.610113e-02
2.074768000000000168e+00   7.881208e-01   3.549105e-02
2.079480000000000217e+00   7.342865e-01   3.494961e-02
2.084191000000000127e+00   7.254972e-01   3.456441e-02
2.088902000000000037e+00   7.547956e-01   3.428034e-02
2.093612999999999946e+00   7.183739e-01   3.403784e-02
2.098324999999999996e+00   7.844363e-01   3.398011e-02
2.103035999999999905e+00   7.490644e-01   3.382530e-02
2.107746999999999815e+00   7.244873e-01   3.367703e-02
2.112458000000000169e+00   7.768350e-01   3.364708e-02
2.117170000000000218e+00   7.571364e-01   3.357059e-02
2.121881000000000128e+00   7.440066e-01   3.349533e-02
2.126592000000000038e+00   7.187319e-01   3.344228e-02
2.131302999999999948e+00   6.765497e-01   3.334143e-02
2.136014999999999997e+00   6.904270e-01   3.325713e-02
2.140725999999999907e+00   6.668507e-01   3.318243e-02
2.145436999999999816e+00   6.644582e-01   3.314023e-02
2.150148000000000170e+00   6.728692e-01   3.309776e-02
2.154860000000000220e+00   6.958728e-01   3.304207e-02
2.159571000000000129e+00   6.901273e-01   3.300012e-02
2.164282000000000039e+00   6.676928e-01   3.288471e-02
2.168992999999999949e+00   7.045089e-01   3.287487e-02
2.173704999999999998e+00   6.757081e-01   3.282773e-02
2.178415999999999908e+00   6.545342e-01   3.277003e-02
2.183126999999999818e+00   6.809819e-01   3.270467e-02
2.187838000000000171e+00   6.506394e-01   3.267872e-02
2.192550000000000221e+00   6.772860e-01   3.266085e-02
2.197261000000000131e+00   6.769449e-01   3.257658e-02
2.201972000000000040e+00   6.506411e-01   3.250778e-02
2.206682999999999950e+00   6.848736e-01   3.252425e-02
2.211395000000000000e+00   6.507935e-01   3.246157e-02
2.216105999999999909e+00   6.831459e-01   3.244065e-02
2.220816999999999819e+00   7.306080e-01   3.242151e-02
2.225528000000000173e+00   6.341313e-01   3.228673e-02
2.230239999999999778e+00   6.542315e-01   3.226476e-02
2.234951000000000132e+00   6.839775e-01   3.225907e-02
2.239662000000000042e+00   6.469763e-01   3.221075e-02
2.244372999999999951e+00   6.499685e-01   3.218235e-02
2.249085000000000001e+00   6.622620e-01   3.212525e-02
2.253795999999999911e+00   6.427847e-01   3.206892e-02
2.258506999999999820e+00   6.218962e-01   3.199783e-02
2.263218999999999870e+00   6.484146e-01   3.198800e-02
2.267929999999999779e+00   6.696082e-01   3.197414e-02
2.272641000000000133e+00   6.312300e-01   3.190059e-02
2.277352000000000043e+00   6.014947e-01   3.184216e-02
2.282064000000000092e+00   5.852218e-01   3.179249e-02
2.286775000000000002e+00   6.008634e-01   3.176793e-02
2.291485999999999912e+00   6.279538e-01   3.172507e-02
2.296196999999999822e+00   6.037280e-01   3.167080e-02
2.300908999999999871e+00   6.053345e-01   3.162040e-02
2.305619999999999781e+00   6.532725e-01   3.162459e-02
2.310331000000000135e+00   6.001564e-01   3.153767e-02
2.315042000000000044e+00   6.069044e-01   3.151160e-02
2.319754000000000094e+00   6.023316e-01   3.149055e-02
2.324465000000000003e+00   6.063355e-01   3.146254e-02
2.329175999999999913e+00   6.518039e-01   3.143846e-02
2.333886999999999823e+00   6.111734e-01   3.142127e-02
2.338598999999999872e+00   6.248862e-01   3.137342e-02
2.343309999999999782e+00   6.149624e-01   3.135338e-02
2.348021000000000136e+00   6.157646e-01   3.130751e-02
2.352732000000000046e+00   6.129074e-01   3.122361e-02
2.357444000000000095e+00   6.172898e-01   3.120102e-02
2.362155000000000005e+00   6.275277e-01   3.118204e-02
2.366865999999999914e+00   5.436734e-01   3.107685e-02
2.371576999999999824e+00   5.050344e-01   3.103966e-02
2.376288999999999874e+00   5.906815e-01   3.105988e-02
2.380999999999999783e+00   6.137581e-01   3.105032e-02
2.385711000000000137e+00   5.831618e-01   3.097838e-02
2.390422000000000047e+00   5.919832e-01   3.098969e-02
2.395134000000000096e+00   5.543064e-01   3.092906e-02
2.399845000000000006e+00   5.636766e-01   3.089097e-02
2.404555999999999916e+00   6.047155e-01   3.089297e-02
2.409266999999999825e+00   5.906041e-01   3.083794e-02
2.413978999999999875e+00   5.782968e-01   3.081318e-02
2.418689999999999785e+00   5.478889e-01   3.077623e-02
2.423401000000000138e+00   5.762237e-01   3.073489e-02
2.428112000000000048e+00   5.746424e-01   3.069986e-02
2.432824000000000098e+00   5.791904e-01   3.066202e-02
2.437535000000000007e+00   5.641926e-01   3.064297e-02
2.442245999999999917e+00   5.660527e-01   3.061838e-02
2.446957999999999966e+00   5.401533e-01   3.054194e-02
2.451668999999999876e+00   5.667146e-01   3.053672e-02
2.456379999999999786e+00   5.595551e-01   3.049903e-02
2.461091000000000140e+00   5.341776e-01   3.045497e-02
2.465803000000000189e+00   5.379157e-01   3.043054e-02
2.470514000000000099e+00   5.188580e-01   3.038036e-02
2.475225000000000009e+00   5.579101e-01   3.036741e-02
2.479935999999999918e+00   5.008622e-01   3.031136e-02
2.484647999999999968e+00   5.483316e-01   3.030238e-02
2.489358999999999877e+00   5.439096e-01   3.023045e-02
2.494069999999999787e+00   5.430830e-01   3.021238e-02
2.498781000000000141e+00   5.329262e-01   3.021632e-02
2.503493000000000190e+00   4.985203e-01   3.018135e-02
2.508204000000000100e+00   5.173446e-01   3.012648e-02
2.512915000000000010e+00   4.965633e-01   3.006640e-02
2.517625999999999920e+00   5.261827e-01   3.002108e-02
2.522337999999999969e+00   5.170850e-01   2.997784e-02
2.527048999999999879e+00   5.327888e-01   2.992502e-02
2.531759999999999788e+00   5.528189e-01   2.987007e-02
2.536471000000000142e+00   5.719154e-01   2.986939e-02
2.541183000000000192e+00   5.080536e-01   2.980575e-02
2.545894000000000101e+00   4.837093e-01   2.976959e-02
2.550605000000000011e+00   4.957895e-01   2.974462e-02
2.555315999999999921e+00   5.134403e-01   2.971579e-02
2.560027999999999970e+00   4.953700e-01   2.967427e-02
2.564738999999999880e+00   5.209125e-01   2.970888e-02
2.569449999999999790e+00   5.201931e-01   2.971703e-02
2.574161000000000143e+00   5.151845e-01   2.970305e-02
2.578873000000000193e+00   5.267981e-01   2.970560e-02
2.583584000000000103e+00   4.472385e-01   2.963537e-02
2.588295000000000012e+00   4.751538e-01   2.959567e-02
2.593005999999999922e+00   4.668344e-01   2.957429e-02
2.597717999999999972e+00   4.821424e-01   2.954461e-02
2.602428999999999881e+00   4.769429e-01   2.953702e-02
2.607139999999999791e+00   5.135801e-01   2.953995e-02
2.611851000000000145e+00   5.426337e-01   2.951778e-02
2.616563000000000194e+00   5.143041e-01   2.946275e-02
2.621274000000000104e+00   4.502994e-01   2.941039e-02
2.625985000000000014e+00   4.517638e-01   2.939251e-02
2.630697000000000063e+00   4.837672e-01   2.937774e-02
2.635407999999999973e+00   4.811408e-01   2.935293e-02
2.640118999999999883e+00   5.019495e-01   2.931718e-02
2.644829999999999792e+00   4.912170e-01   2.927253e-02
2.649541999999999842e+00   4.852656e-01   2.925641e-02
2.654253000000000196e+00   4.466639e-01   2.922262e-02
2.658964000000000105e+00   4.524203e-01   2.918824e-02
2.663675000000000015e+00   5.213845e-01   2.921577e-02
2.668387000000000064e+00   4.680690e-01   2.914140e-02
2.673097999999999974e+00   4.060185e-01   2.909545e-02
2.677808999999999884e+00   4.441517e-01   2.906125e-02
2.682519999999999794e+00   4.681913e-01   2.906744e-02
2.687231999999999843e+00   4.981560e-01   2.903264e-02
2.691943000000000197e+00   4.502873e-01   2.899509e-02
2.696654000000000106e+00   4.486014e-01   2.898936e-02
2.701365000000000016e+00   4.495201e-01   2.895387e-02
2.706077000000000066e+00   4.159155e-01   2.893393e-02
2.710787999999999975e+00   4.282129e-01   2.887423e-02
2.715498999999999885e+00   4.465173e-01   2.885931e-02
2.720209999999999795e+00   4.226456e-01   2.884224e-02
2.724921999999999844e+00   4.562486e-01   2.881472e-02
2.729633000000000198e+00   4.313707e-01   2.877772e-02
2.734344000000000108e+00   4.203384e-01   2.875229e-02
2.739055000000000017e+00   4.504069e-01   2.873902e-02
2.743767000000000067e+00   4.722068e-01   2.873265e-02
2.748477999999999977e+00   4.359391e-01   2.870483e-02
2.753188999999999886e+00   4.005967e-01   2.864502e-02
2.757899999999999796e+00   4.029491e-01   2.861387e-02
2.762611999999999846e+00   3.802380e-01   2.858284e-02
2.767323000000000199e+00   4.394391e-01   2.856567e-02
2.772034000000000109e+00   4.233674e-01   2.855245e-02
2.776745000000000019e+00   4.301097e-01   2.854455e-02
2.781457000000000068e+00   3.866262e-01   2.848733e-02
2.786167999999999978e+00   3.950053e-01   2.844632e-02
2.790878999999999888e+00   4.060733e-01   2.843385e-02
2.795589999999999797e+00   4.329520e-01   2.842100e-02
2.800301999999999847e+00   4.307022e-01   2.842182e-02
2.805013000000000201e+00   4.408193e-01   2.855301e-02
2.809724000000000110e+00   4.226643e-01   2.926794e-02
2.814436000000000160e+00   4.361591e-01   2.972433e-02
2.819147000000000070e+00   4.155396e-01   3.007547e-02
2.823857999999999979e+00   4.219388e-01   3.033449e-02
2.828568999999999889e+00   4.712006e-01   3.053974e-02
2.833280999999999938e+00   3.910611e-01   3.060803e-02
2.837991999999999848e+00   3.968389e-01   3.070710e-02
2.842703000000000202e+00   3.991983e-01   3.076076e-02
2.847414000000000112e+00   4.075897e-01   3.085012e-02
2.852126000000000161e+00   3.969995e-01   3.091174e-02
2.856837000000000071e+00   3.599526e-01   3.093344e-02
2.861547999999999981e+00   3.283356e-01   3.097241e-02
2.866258999999999890e+00   4.120853e-01   3.110999e-02
2.870970999999999940e+00   4.033210e-01   3.087422e-02
2.875681999999999849e+00   3.851022e-01   3.010520e-02
2.880393000000000203e+00   3.979581e-01   2.964919e-02
2.885104000000000113e+00   3.495683e-01   2.929108e-02
2.889816000000000162e+00   3.868967e-01   2.906105e-02
2.894527000000000072e+00   3.933550e-01   2.894127e-02
2.899237999999999982e+00   3.950026e-01   2.887018e-02
2.903948999999999891e+00   3.523105e-01   2.877720e-02
2.908660999999999941e+00   3.775644e-01   2.871663e-02
2.913371999999999851e+00   3.675387e-01   2.868019e-02
2.918083000000000204e+00   3.714542e-01   2.859683e-02
2.922794000000000114e+00   3.889370e-01   2.855436e-02
2.927506000000000164e+00   3.689738e-01   2.852490e-02
2.932217000000000073e+00   3.445976e-01   2.843420e-02
2.936927999999999983e+00   3.492849e-01   2.838013e-02
2.941638999999999893e+00   3.705377e-01   2.835253e-02
2.946350999999999942e+00   3.937911e-01   2.834382e-02
2.951061999999999852e+00   3.971246e-01   2.829318e-02
2.955773000000000206e+00   3.592370e-01   2.822967e-02
2.960484000000000115e+00   3.489796e-01   2.818884e-02
2.965196000000000165e+00   3.802533e-01   2.821689e-02
2.969907000000000075e+00   3.445316e-01   2.812645e-02
2.974617999999999984e+00   3.919671e-01   2.811179e-02
2.979328999999999894e+00   3.952889e-01   2.807887e-02
2.984040999999999944e+00   3.424330e-01   2.802875e-02
2.988751999999999853e+00   3.467642e-01   2.800710e-02
2.993463000000000207e+00   3.718376e-01   2.798884e-02
2.998174999999999812e+00   3.595155e-01   2.795064e-02
3.002886000000000166e+00   3.595297e-01   2.792850e-02
3.007597000000000076e+00   3.827035e-01   2.790087e-02
3.012307999999999986e+00   3.713646e-01   2.786819e-02
3.017020000000000035e+00   3.470927e-01   2.782513e-02
3.021730999999999945e+00   3.701054e-01   2.779569e-02
3.026441999999999855e+00   3.594181e-01   2.775497e-02
3.031153000000000208e+00   3.327983e-01   2.771734e-02
3.035864999999999814e+00   2.910668e-01   2.763881e-02
3.040576000000000167e+00   3.631800e-01   2.767404e-02
3.045287000000000077e+00   3.532028e-01   2.764508e-02
3.049997999999999987e+00   3.496346e-01   2.764896e-02
3.054710000000000036e+00   3.406681e-01   2.760700e-02
3.059420999999999946e+00   3.251075e-01   2.755393e-02
3.064131999999999856e+00   3.357316e-01   2.752724e-02
3.068843000000000210e+00   3.060372e-01   2.749212e-02
3.073554999999999815e+00   3.343553e-01   2.749726e-02
3.078266000000000169e+00   3.406646e-01   2.744124e-02
3.082977000000000078e+00   3.466544e-01   2.739225e-02
3.087687999999999988e+00   3.326347e-01   2.739050e-02
3.092400000000000038e+00   3.175234e-01   2.736443e-02
3.097110999999999947e+00   3.545177e-01   2.735765e-02
3.101821999999999857e+00   3.053150e-01   2.729366e-02
3.106533000000000211e+00   3.316752e-01   2.729884e-02
3.111244999999999816e+00   3.571101e-01   2.727649e-02
3.115956000000000170e+00   3.554775e-01   2.726796e-02
3.120667000000000080e+00   3.564083e-01   2.723501e-02
3.125377999999999989e+00   3.222935e-01   2.718303e-02
3.130090000000000039e+00   3.313389e-01   2.718591e-02
3.134800999999999949e+00   3.035568e-01   2.712589e-02
3.139511999999999858e+00   2.712636e-01   2.705779e-02
3.144223000000000212e+00   2.991268e-01   2.708677e-02
3.148934999999999818e+00   3.150975e-01   2.705897e-02
3.153646000000000171e+00   3.171607e-01   2.701219e-02
3.158357000000000081e+00   3.186637e-01   2.702021e-02
3.163067999999999991e+00   3.429601e-01   2.702773e-02
3.167780000000000040e+00   3.334477e-01   2.696996e-02
3.172490999999999950e+00   3.190726e-01   2.692812e-02
3.177201999999999860e+00   2.764298e-01   2.691503e-02
3.181913999999999909e+00   2.897556e-01   2.688931e-02
3.186624999999999819e+00   3.374646e-01   2.688393e-02
3.191336000000000173e+00   3.868461e-01   2.688447e-02
3.196047000000000082e+00   3.119177e-01   2.680703e-02
3.200759000000000132e+00   3.317005e-01   2.675193e-02
3.205470000000000041e+00   3.264178e-01   2.672983e-02
3.210180999999999951e+00   3.107319e-01   2.668737e-02
3.214891999999999861e+00   3.305915e-01   2.668377e-02
3.219603999999999910e+00   3.013455e-01   2.664442e-02
3.224314999999999820e+00   2.562529e-01   2.659684e-02
3.229026000000000174e+00   3.046634e-01   2.659815e-02
3.233737000000000084e+00   3.219413e-01   2.655645e-02
3.238449000000000133e+00   3.369597e-01   2.657158e-02
3.243160000000000043e+00   3.195510e-01   2.653704e-02
3.247870999999999952e+00   3.275252e-01   2.656397e-02
3.252581999999999862e+00   3.314909e-01   2.655471e-02
3.257293999999999912e+00   3.144578e-01   2.652139e-02
3.262004999999999821e+00   2.773742e-01   2.647301e-02
3.266716000000000175e+00   2.746465e-01   2.649585e-02
3.271427000000000085e+00   3.384506e-01   2.648949e-02
3.276139000000000134e+00   3.195355e-01   2.646201e-02
3.280850000000000044e+00   2.799582e-01   2.642277e-02
3.285560999999999954e+00   2.708992e-01   2.640146e-02
3.290271999999999863e+00   2.843416e-01   2.639279e-02
3.294983999999999913e+00   2.919545e-01   2.637269e-02
3.299694999999999823e+00   2.859604e-01   2.635286e-02
3.304406000000000176e+00   2.997835e-01   2.632730e-02
3.309117000000000086e+00   2.951509e-01   2.630184e-02
3.313829000000000136e+00   2.490249e-01   2.625456e-02
3.318540000000000045e+00   2.936891e-01   2.624317e-02
3.323250999999999955e+00   3.002481e-01   2.624858e-02
3.327961999999999865e+00   3.089615e-01   2.622517e-02
3.332673999999999914e+00   2.593153e-01   2.617517e-02
3.337384999999999824e+00   2.842530e-01   2.618355e-02
3.342096000000000178e+00   3.211428e-01   2.619038e-02
3.346807000000000087e+00   3.020640e-01   2.615601e-02
3.351519000000000137e+00   2.755315e-01   2.611351e-02
3.356230000000000047e+00   2.671535e-01   2.608360e-02
3.360940999999999956e+00   2.651119e-01   2.605751e-02
3.365653000000000006e+00   2.625043e-01   2.604598e-02
3.370363999999999916e+00   3.088206e-01   2.603994e-02
3.375074999999999825e+00   2.845398e-01   2.602553e-02
3.379786000000000179e+00   3.048397e-01   2.600274e-02
3.384497999999999784e+00   2.863179e-01   2.597355e-02
3.389209000000000138e+00   2.611011e-01   2.612498e-02
3.393920000000000048e+00   2.612537e-01   2.672530e-02
3.398630999999999958e+00   2.777857e-01   2.709170e-02
3.403343000000000007e+00   3.302778e-01   2.741629e-02
3.408053999999999917e+00   2.958689e-01   2.760954e-02
3.412764999999999826e+00   2.511664e-01   2.765548e-02
3.417476000000000180e+00   2.498537e-01   2.768158e-02
3.422187999999999786e+00   2.254605e-01   2.767361e-02
3.426899000000000139e+00   2.519798e-01   2.773883e-02
3.431610000000000049e+00   2.760516e-01   2.783139e-02
3.436320999999999959e+00   2.855131e-01   2.787856e-02
3.441033000000000008e+00   2.897396e-01   2.793686e-02
3.445743999999999918e+00   2.764949e-01   2.798076e-02
3.450454999999999828e+00   2.684124e-01   2.802317e-02
3.455166000000000182e+00   2.708173e-01   2.810941e-02
3.459877999999999787e+00   2.628356e-01   2.813121e-02
3.464589000000000141e+00   2.423404e-01   2.815123e-02
3.469300000000000050e+00   2.364344e-01   2.819499e-02
3.474010999999999960e+00   2.550012e-01   2.823123e-02
3.478723000000000010e+00   2.411379e-01   2.828869e-02
3.483433999999999919e+00   2.575540e-01   2.833578e-02
3.488144999999999829e+00   2.533364e-01   2.833090e-02
3.492856000000000183e+00   2.691116e-01   2.843137e-02
3.497567999999999788e+00   2.389418e-01   2.843566e-02
3.502279000000000142e+00   2.672623e-01   2.846170e-02
3.506990000000000052e+00   2.608247e-01   2.851462e-02
3.511700999999999961e+00   2.327852e-01   2.852508e-02
3.516413000000000011e+00   2.587630e-01   2.857236e-02
3.521123999999999921e+00   2.174101e-01   2.858581e-02
3.525834999999999830e+00   2.194626e-01   2.860675e-02
3.530546000000000184e+00   2.402984e-01   2.865090e-02
3.535257999999999790e+00   2.259971e-01   2.867492e-02
3.539969000000000143e+00   2.593115e-01   2.872268e-02
3.544680000000000053e+00   2.539221e-01   2.875392e-02
3.549392000000000102e+00   2.491015e-01   2.877218e-02
3.554103000000000012e+00   2.736534e-01   2.878959e-02
3.558813999999999922e+00   2.681709e-01   2.883210e-02
3.563524999999999832e+00   2.396980e-01   2.885526e-02
3.568236999999999881e+00   2.352998e-01   2.883969e-02
3.572947999999999791e+00   2.420380e-01   2.889051e-02
3.577659000000000145e+00   2.571109e-01   2.890267e-02
3.582370000000000054e+00   2.679800e-01   2.895982e-02
3.587082000000000104e+00   2.409984e-01   2.898719e-02
3.591793000000000013e+00   2.225148e-01   2.898838e-02
3.596503999999999923e+00   1.850317e-01   2.896330e-02
3.601214999999999833e+00   1.942708e-01   2.892959e-02
3.605926999999999882e+00   2.559048e-01   2.899162e-02
3.610637999999999792e+00   2.581813e-01   2.953498e-02
3.615349000000000146e+00   2.476162e-01   3.040716e-02
3.620060000000000056e+00   2.371417e-01   3.090453e-02
3.624772000000000105e+00   2.128768e-01   3.126394e-02
3.629483000000000015e+00   2.393277e-01   3.152866e-02
3.634193999999999924e+00   2.593048e-01   3.171549e-02
3.638904999999999834e+00   1.927804e-01   3.188252e-02
3.643616999999999884e+00   2.029179e-01   3.208482e-02
3.648327999999999793e+00   2.286676e-01   3.226639e-02
3.653039000000000147e+00   2.423873e-01   3.243355e-02
3.657750000000000057e+00   2.427965e-01   3.258693e-02
3.662462000000000106e+00   2.672259e-01   3.279156e-02
3.667173000000000016e+00   2.508371e-01   3.297012e-02
3.671883999999999926e+00   2.345363e-01   3.306453e-02
3.676594999999999835e+00   1.672167e-01   3.313439e-02
3.681306999999999885e+00   2.034321e-01   3.332314e-02
3.686017999999999795e+00   2.485936e-01   3.350722e-02
3.690729000000000148e+00   2.309905e-01   3.364913e-02
3.695440000000000058e+00   2.093560e-01   3.374742e-02
3.700152000000000108e+00   2.214313e-01   3.392311e-02
3.704863000000000017e+00   2.642417e-01   3.408824e-02
3.709573999999999927e+00   2.290627e-01   3.420176e-02
3.714284999999999837e+00   2.092930e-01   3.436355e-02
3.718996999999999886e+00   2.467598e-01   3.448011e-02
3.723707999999999796e+00   2.491466e-01   3.460923e-02
3.728419000000000150e+00   1.929591e-01   3.474026e-02
3.733131000000000199e+00   1.844294e-01   3.478924e-02
3.737842000000000109e+00   2.058065e-01   3.500568e-02
3.742553000000000019e+00   2.141862e-01   3.517011e-02
3.747263999999999928e+00   2.189142e-01   3.527629e-02
3.751975999999999978e+00   2.250588e-01   3.542193e-02
3.756686999999999887e+00   2.384957e-01   3.553721e-02
3.761397999999999797e+00   1.907942e-01   3.563041e-02
3.766109000000000151e+00   1.943509e-01   3.577136e-02
3.770821000000000200e+00   2.140389e-01   3.591824e-02
3.775532000000000110e+00   1.678939e-01   3.604564e-02
3.780243000000000020e+00   1.744453e-01   3.612602e-02
3.784953999999999930e+00   2.209882e-01   3.631899e-02
3.789665999999999979e+00   2.122576e-01   3.643285e-02
3.794376999999999889e+00   1.971001e-01   3.653170e-02
3.799087999999999798e+00   1.960747e-01   3.670268e-02
3.803799000000000152e+00   1.997730e-01   3.684791e-02
3.808511000000000202e+00   1.861257e-01   3.696185e-02
3.813222000000000111e+00   2.340735e-01   3.716856e-02
3.817933000000000021e+00   2.339576e-01   3.724444e-02
3.822643999999999931e+00   1.926466e-01   3.730294e-02
3.827355999999999980e+00   1.521191e-01   3.743318e-02
3.832066999999999890e+00   1.922495e-01   3.759582e-02
3.836777999999999800e+00   2.435073e-01   3.779068e-02
3.841489000000000154e+00   1.723460e-01   3.783049e-02
3.846201000000000203e+00   1.640093e-01   3.793493e-02
3.850912000000000113e+00   1.852682e-01   3.811812e-02
3.855623000000000022e+00   1.803920e-01   3.822457e-02
3.860333999999999932e+00   2.070951e-01   3.839324e-02
3.865045999999999982e+00   2.223790e-01   3.854520e-02
3.869756999999999891e+00   1.958787e-01   3.862430e-02
3.874467999999999801e+00   1.953138e-01   3.880205e-02
3.879179000000000155e+00   2.103023e-01   3.889729e-02
3.883891000000000204e+00   1.941491e-01   3.901224e-02
3.888602000000000114e+00   1.864000e-01   3.917913e-02
3.893313000000000024e+00   2.662929e-01   3.935417e-02
3.898023999999999933e+00   1.758109e-01   3.937677e-02
3.902735999999999983e+00   1.956083e-01   3.954300e-02
3.907446999999999893e+00   2.103420e-01   3.977565e-02
3.912157999999999802e+00   1.779144e-01   3.985269e-02
3.916869999999999852e+00   2.033118e-01   3.989821e-02
3.921581000000000206e+00   1.694952e-01   3.987328e-02
3.926292000000000115e+00   2.053251e-01   4.000567e-02
3.931003000000000025e+00   1.573848e-01   4.007421e-02
3.935715000000000074e+00   1.831952e-01   4.022805e-02
3.940425999999999984e+00   1.880628e-01   4.029708e-02
3.945136999999999894e+00   1.694106e-01   4.032410e-02
3.949847999999999804e+00   1.954758e-01   4.039333e-02
3.954559999999999853e+00   2.035418e-01   4.040146e-02
3.959271000000000207e+00   2.292915e-01   4.045470e-02
3.963982000000000117e+00   1.784749e-01   4.049209e-02
3.968693000000000026e+00   1.247627e-01   4.049735e-02
3.973405000000000076e+00   2.014340e-01   4.064229e-02
3.978115999999999985e+00   1.961952e-01   4.080007e-02
3.982826999999999895e+00   2.132737e-01   4.096452e-02
3.987537999999999805e+00   1.898605e-01   4.111008e-02
3.992249999999999854e+00   2.304337e-01   4.126615e-02
3.996961000000000208e+00   2.081578e-01   4.139580e-02
4.001672000000000118e+00   2.133082e-01   4.151796e-02
4.006382999999999583e+00   1.958972e-01   4.166182e-02
4.011095000000000077e+00   2.212297e-01   4.179264e-02
4.015806000000000431e+00   1.605336e-01   4.185180e-02
4.020516999999999896e+00   1.515859e-01   4.202572e-02
4.025228000000000250e+00   1.709639e-01   4.212355e-02
4.029939999999999856e+00   1.587442e-01   4.228114e-02
4.034651000000000209e+00   2.405084e-01   4.253534e-02
4.039361999999999675e+00   2.132589e-01   4.259853e-02
4.044073000000000029e+00   1.482524e-01   4.276711e-02
4.048784999999999634e+00   1.903177e-01   4.291255e-02
4.053495999999999988e+00   2.274951e-01   4.301833e-02
4.058207000000000342e+00   1.958693e-01   4.318573e-02
4.062917999999999807e+00   1.740314e-01   4.329720e-02
4.067630000000000301e+00   2.038155e-01   4.354045e-02
4.072340999999999767e+00   1.666073e-01   4.369437e-02
4.077052000000000120e+00   1.744252e-01   4.385680e-02
4.081762999999999586e+00   1.963055e-01   4.400077e-02
4.086475000000000080e+00   1.970225e-01   4.413562e-02
4.091186000000000433e+00   1.915841e-01   4.421717e-02
4.095896999999999899e+00   1.909475e-01   4.439298e-02
4.100609000000000393e+00   1.380050e-01   4.457520e-02
4.105319999999999858e+00   1.775158e-01   4.472545e-02
4.110031000000000212e+00   1.873678e-01   4.491662e-02
4.114741999999999678e+00   1.489956e-01   4.505979e-02
4.119454000000000171e+00   1.933164e-01   4.523608e-02
4.124164999999999637e+00   1.805694e-01   4.535053e-02
4.128875999999999991e+00   2.068491e-01   4.556581e-02
4.133587000000000344e+00   1.719742e-01   4.573059e-02
4.138298999999999950e+00   1.915052e-01   4.589493e-02
4.143010000000000304e+00   1.413596e-01   4.601717e-02
4.147720999999999769e+00   1.936638e-01   4.621465e-02
4.152432000000000123e+00   1.780398e-01   4.639475e-02
4.157143999999999728e+00   1.648575e-01   4.659790e-02
4.161855000000000082e+00   1.470586e-01   4.668441e-02
4.166566000000000436e+00   2.028337e-01   4.696508e-02
4.171276999999999902e+00   2.375605e-01   4.715658e-02
4.175989000000000395e+00   1.326351e-01   4.730597e-02
4.180699999999999861e+00   1.816408e-01   4.759327e-02
4.185411000000000215e+00   1.604879e-01   4.762131e-02
4.190121999999999680e+00   2.119602e-01   4.781425e-02
4.194834000000000174e+00   2.272793e-01   4.804448e-02
4.199544999999999639e+00   2.359316e-01   4.817595e-02
4.204255999999999993e+00   2.392261e-01   4.838290e-02
4.208967000000000347e+00   1.869738e-01   4.855890e-02
4.213678999999999952e+00   1.789894e-01   4.873548e-02
4.218390000000000306e+00   2.281082e-01   4.898044e-02
4.223100999999999772e+00   1.874802e-01   4.913541e-02
4.227812000000000126e+00   1.098521e-01   4.923491e-02
4.232523999999999731e+00   1.093914e-01   4.944355e-02
4.237235000000000085e+00   1.118066e-01   4.968478e-02
4.241946000000000438e+00   1.142905e-01   4.984475e-02
4.246656999999999904e+00   9.606623e-02   5.004569e-02
4.251369000000000398e+00   1.268053e-01   5.034575e-02
4.256079999999999863e+00   1.376880e-01   5.059214e-02
4.260791000000000217e+00   1.705598e-01   5.080022e-02
4.265501999999999683e+00   1.668483e-01   5.106265e-02
4.270214000000000176e+00   1.729523e-01   5.114280e-02
4.274924999999999642e+00   1.180776e-01   5.131625e-02
4.279635999999999996e+00   1.793013e-01   5.161575e-02
4.284347999999999601e+00   1.467331e-01   5.181109e-02
4.289058999999999955e+00   1.305836e-01   5.197602e-02
4.293770000000000309e+00   8.908427e-02   5.218714e-02
4.298480999999999774e+00   1.415513e-01   5.240254e-02
4.303193000000000268e+00   1.670625e-01   5.267349e-02
4.307903999999999733e+00   1.905450e-01   5.290279e-02
4.312615000000000087e+00   2.134180e-01   5.325790e-02
4.317326000000000441e+00   2.089024e-01   5.356546e-02
4.322038000000000046e+00   2.034088e-01   5.383245e-02
4.326749000000000400e+00   1.570333e-01   5.393422e-02
4.331459999999999866e+00   1.244473e-01   5.406974e-02
4.336171000000000220e+00   1.211608e-01   5.437048e-02
4.340882999999999825e+00   4.268589e-02   5.455750e-02
4.345594000000000179e+00   1.028840e-01   5.485409e-02
4.350304999999999644e+00   1.422139e-01   5.514564e-02
4.355015999999999998e+00   1.861579e-01   5.540771e-02
4.359727999999999604e+00   2.223480e-01   5.564647e-02
4.364438999999999957e+00   1.823617e-01   5.590813e-02
4.369150000000000311e+00   2.392560e-01   5.616462e-02
4.373860999999999777e+00   2.127580e-01   5.645560e-02
4.378573000000000270e+00   1.286457e-01   5.681129e-02
4.383283999999999736e+00   7.366331e-02   5.692183e-02
4.387995000000000090e+00   5.928206e-02   5.716043e-02
4.392706000000000444e+00   1.337661e-01   5.748584e-02
4.397418000000000049e+00   1.468994e-01   5.777356e-02
4.402129000000000403e+00   1.484702e-01   5.786188e-02
4.406839999999999868e+00   2.061064e-01   5.796738e-02
4.411551000000000222e+00   1.181546e-01   5.789730e-02
4.416262999999999828e+00   1.543464e-01   5.802213e-02
4.420974000000000181e+00   1.945328e-01   5.812433e-02
4.425684999999999647e+00   1.451417e-01   5.801180e-02
4.430396000000000001e+00   8.147913e-02   5.787356e-02
4.435107999999999606e+00   2.054412e-01   5.813794e-02
4.439818999999999960e+00   5.861058e-02   5.820068e-02
4.444530000000000314e+00   9.854698e-02   5.857629e-02
4.449240999999999779e+00   1.382459e-01   5.879454e-02
4.453953000000000273e+00   1.624736e-01   5.911879e-02
4.458663999999999739e+00   9.019526e-02   5.929338e-02
4.463375000000000092e+00   6.274113e-02   5.953905e-02
4.468086999999999698e+00   1.939573e-01   6.010100e-02
4.472798000000000052e+00   1.810984e-01   6.033502e-02
4.477509000000000405e+00   1.736574e-01   6.066186e-02
4.482219999999999871e+00   1.591328e-01   6.106141e-02
4.486932000000000365e+00   1.530133e-01   6.145044e-02
4.491642999999999830e+00   2.103380e-01   6.193170e-02
4.496354000000000184e+00   1.335145e-01   6.211179e-02
4.501064999999999650e+00   1.227423e-01   6.233080e-02
4.505777000000000143e+00   8.574556e-02   6.255746e-02
4.510487999999999609e+00   1.558758e-01   6.301766e-02
4.515198999999999963e+00   6.271804e-02   6.327172e-02
4.519910000000000316e+00   9.981079e-02   6.373674e-02
4.524621999999999922e+00   1.903475e-01   6.432838e-02
4.529333000000000276e+00   7.077308e-02   6.460645e-02
4.534043999999999741e+00   1.490559e-01   6.505821e-02
4.538755000000000095e+00   2.170349e-01   6.545578e-02
4.543466999999999700e+00   1.863522e-01   6.583524e-02
4.548178000000000054e+00   4.309032e-02   6.596069e-02
4.552889000000000408e+00   2.344257e-01   6.679886e-02
4.557599999999999874e+00   1.990825e-01   6.722759e-02
4.562312000000000367e+00   1.523173e-01   6.766090e-02
4.567022999999999833e+00   5.431542e-02   6.788592e-02
4.571734000000000187e+00   5.186633e-02   6.825328e-02
4.576444999999999652e+00   1.250105e-01   6.879008e-02
4.581157000000000146e+00   1.494014e-01   6.928256e-02
4.585867999999999611e+00   1.604668e-01   6.979156e-02
4.590578999999999965e+00   1.657515e-01   7.029451e-02
4.595290000000000319e+00   9.084325e-02   7.068347e-02
4.600001999999999924e+00   1.716331e-01   7.135086e-02
4.604713000000000278e+00   9.179859e-02   7.173981e-02
4.609423999999999744e+00   7.786925e-02   7.230225e-02
4.614135000000000097e+00   1.657382e-01   7.283859e-02
4.618846999999999703e+00   4.935565e-02   7.332591e-02
4.623558000000000057e+00   7.594133e-02   7.389189e-02
4.628269000000000410e+00   8.181603e-02   7.452931e-02
4.632979999999999876e+00   1.067490e-01   7.512066e-02
4.637692000000000370e+00   1.156311e-01   7.570024e-02
4.642402999999999835e+00   5.762097e-02   7.633801e-02
4.647114000000000189e+00   2.383953e-01   7.701805e-02
4.651825999999999794e+00   2.752976e-01   7.776842e-02
4.656537000000000148e+00   2.349958e-01   7.850417e-02
4.661247999999999614e+00   1.959304e-01   7.908579e-02
4.665958999999999968e+00   1.685420e-01   7.967178e-02
4.670670999999999573e+00   5.605726e-02   8.000796e-02
4.675381999999999927e+00   1.218252e-01   8.094779e-02
4.680093000000000281e+00   6.686683e-02   8.167014e-02
4.684803999999999746e+00   6.678105e-02   8.235992e-02
4.689516000000000240e+00   1.184059e-01   8.330603e-02
4.694226999999999705e+00   1.725424e-01   8.409179e-02
4.698938000000000059e+00   1.563951e-01   8.511599e-02
4.703649000000000413e+00   1.211472e-01   8.584998e-02
4.708361000000000018e+00   6.523256e-02   8.641421e-02
4.713072000000000372e+00   1.560923e-01   8.770734e-02
4.717782999999999838e+00   1.154266e-01   8.858117e-02
4.722494000000000192e+00   1.053685e-01   8.945836e-02
4.727205999999999797e+00   2.163363e-01   9.039201e-02
4.731917000000000151e+00   1.304214e-01   9.152882e-02
4.736627999999999616e+00   6.945595e-02   9.231682e-02
4.741338999999999970e+00   7.195938e-02   9.348951e-02
4.746050999999999576e+00   1.778143e-01   9.482170e-02
4.750761999999999929e+00   3.484852e-01   9.646560e-02
4.755473000000000283e+00   1.749252e-01   9.709820e-02
4.760183999999999749e+00   1.467424e-01   9.833433e-02
4.764896000000000242e+00   1.182569e-01   9.952004e-02
4.769606999999999708e+00   8.578145e-02   1.008804e-01
4.774318000000000062e+00   3.558004e-02   1.020218e-01
4.779029000000000416e+00   1.123083e-01   1.037016e-01
4.783741000000000021e+00   2.486259e-01   1.054661e-01
4.788452000000000375e+00   1.506246e-01   1.068673e-01
4.793162999999999840e+00   3.766946e-02   1.083029e-01
4.797874000000000194e+00   6.950907e-02   1.099332e-01
4.802585999999999800e+00   1.843547e-01   1.120967e-01
4.807297000000000153e+00   1.996884e-01   1.143011e-01
4.812007999999999619e+00   1.259567e-01   1.163399e-01
4.816718999999999973e+00   2.098659e-01   1.184853e-01
4.821430999999999578e+00   8.912187e-02   1.205766e-01
4.826141999999999932e+00   1.929110e-01   1.231997e-01
4.830853000000000286e+00   2.073814e-01   1.259222e-01
4.835564999999999891e+00   1.795671e-01   1.286455e-01
4.840276000000000245e+00   2.758189e-01   1.314460e-01
4.844986999999999711e+00   2.102665e-01   1.340641e-01
4.849698000000000064e+00   7.213034e-02   1.371673e-01
4.854409999999999670e+00   1.723216e-02   1.409508e-01
4.859121000000000024e+00  -4.089083e-02   1.442846e-01
4.863832000000000377e+00  -8.321734e-02   1.486867e-01
4.868542999999999843e+00  -1.629647e-02   1.530979e-01
4.873255000000000337e+00  -6.939113e-03   1.578175e-01
4.877965999999999802e+00   5.512288e-02   1.631548e-01
4.882677000000000156e+00   1.584128e-01   1.695987e-01
4.887387999999999622e+00   1.274776e-01   1.763104e-01
4.892100000000000115e+00   1.757381e-01   1.841144e-01
4.896810999999999581e+00   4.472636e-01   1.950960e-01
4.901521999999999935e+00   2.545519e-01   2.046341e-01
4.906233000000000288e+00   1.231225e-01   2.150323e-01
4.910944999999999894e+00   2.916621e-01   2.300595e-01
4.915656000000000247e+00   2.181622e-01   2.460350e-01
4.920366999999999713e+00   1.776446e-01   2.675353e-01
4.925078000000000067e+00   1.768205e-01   2.979767e-01
4.929789999999999672e+00  -3.957046e-02   3.395004e-01
4.934501000000000026e+00  -2.293781e-01   4.023794e-01
4.939212000000000380e+00  -2.596310e-01   5.261140e-01
4.943922999999999845e+00  -6.283165e-02   9.215432e-01