# [5]
# Sample c= 11.14 mg/ml
# Intensity scaled by concentration
# Buffer subtracted data file:
# Protein DatFile = /data/visitor/mx1908/bm29/20161119/giulio/1d/mM30Acetate_112_ave.dat
# Buffer DatFile = /data/visitor/mx1908/bm29/20161119/giulio/ednaSub/mM30Acetate_112_ave_averbuffer.dat
# 
# AutoRg: Rg   =   0.6315 +/- 0.15 ( 24.0%)
# AutoRg: I(0) =   2.50 +/- 0.0228
# AutoRg: Points   221 to 266 ( 46 total)
# AutoRg: Quality: 53.1%
# 
# 
# Sample Information:
# Storage Temperature (degrees C): 20.0
# Measurement Temperature (degrees C): 20.01
# Concentration: 11.14
# Code: 
3.479420999999999903e-02  -7.792992e-02   9.633835e-01
3.950545999999999919e-02   1.242033e-01   3.833623e-01
4.421672000000000102e-02  -2.007594e-01   2.498448e-01
4.892798000000000286e-02   9.460910e-02   1.916895e-01
5.363923000000000302e-02   3.865456e-01   1.540291e-01
5.835048999999999791e-02   4.462410e-01   1.264641e-01
6.306174999999999975e-02   5.157448e-01   1.052201e-01
6.777299999999999991e-02   4.805317e-01   8.964341e-02
7.248425999999999481e-02   6.704764e-01   7.772746e-02
7.719552000000000358e-02   6.937270e-01   6.864932e-02
8.190677000000000374e-02   6.797672e-01   6.122685e-02
8.661802999999999864e-02   7.824006e-01   5.523118e-02
9.132928999999999353e-02   8.951570e-01   5.058314e-02
9.604053999999999369e-02   9.168147e-01   4.685314e-02
1.007518000000000025e-01   8.713447e-01   4.341728e-02
1.054631000000000041e-01   9.491224e-01   4.065274e-02
1.101743000000000028e-01   9.712356e-01   3.828095e-02
1.148856000000000044e-01   9.748973e-01   3.606802e-02
1.195968000000000031e-01   9.692874e-01   3.422454e-02
1.243081000000000047e-01   9.903153e-01   3.254403e-02
1.290193000000000034e-01   1.010447e+00   3.118650e-02
1.337306000000000050e-01   1.037797e+00   2.998689e-02
1.384419000000000066e-01   1.022819e+00   2.892029e-02
1.431531000000000053e-01   1.032148e+00   2.789268e-02
1.478644000000000069e-01   1.041271e+00   2.697954e-02
1.525756000000000057e-01   1.074713e+00   2.625909e-02
1.572869000000000073e-01   1.093062e+00   2.555223e-02
1.619981000000000060e-01   1.051626e+00   2.479927e-02
1.667094000000000076e-01   1.075315e+00   2.422895e-02
1.714206000000000063e-01   1.099968e+00   2.365007e-02
1.761319000000000079e-01   1.102635e+00   2.311793e-02
1.808432000000000095e-01   1.085147e+00   2.262119e-02
1.855544000000000082e-01   1.102274e+00   2.218380e-02
1.902657000000000098e-01   1.124060e+00   2.182117e-02
1.949769000000000085e-01   1.117453e+00   2.144775e-02
1.996882000000000101e-01   1.088081e+00   2.098344e-02
2.043994000000000089e-01   1.105026e+00   2.073031e-02
2.091107000000000105e-01   1.121805e+00   2.035708e-02
2.138220000000000121e-01   1.136974e+00   2.008553e-02
2.185332000000000108e-01   1.136168e+00   1.979615e-02
2.232445000000000124e-01   1.116538e+00   1.945285e-02
2.279557000000000111e-01   1.110797e+00   1.918646e-02
2.326670000000000127e-01   1.130289e+00   1.897046e-02
2.373782000000000114e-01   1.129010e+00   1.871730e-02
2.420895000000000130e-01   1.136882e+00   1.847930e-02
2.468007000000000117e-01   1.159581e+00   1.826468e-02
2.515120000000000133e-01   1.162744e+00   1.809579e-02
2.562232999999999872e-01   1.153822e+00   1.789339e-02
2.609345000000000137e-01   1.156541e+00   1.767612e-02
2.656457999999999875e-01   1.145992e+00   1.746194e-02
2.703570000000000140e-01   1.164931e+00   1.732297e-02
2.750682999999999878e-01   1.178684e+00   1.716725e-02
2.797795000000000143e-01   1.174631e+00   1.699466e-02
2.844907999999999881e-01   1.177963e+00   1.683746e-02
2.892021000000000175e-01   1.172664e+00   1.668504e-02
2.939132999999999885e-01   1.181318e+00   1.654339e-02
2.986246000000000178e-01   1.176272e+00   1.637516e-02
3.033357999999999888e-01   1.208065e+00   1.624718e-02
3.080471000000000181e-01   1.199180e+00   1.613367e-02
3.127582999999999891e-01   1.201226e+00   1.601069e-02
3.174696000000000184e-01   1.205448e+00   1.581504e-02
3.221808999999999923e-01   1.203306e+00   1.573204e-02
3.268921000000000188e-01   1.215443e+00   1.562058e-02
3.316033999999999926e-01   1.233131e+00   1.551449e-02
3.363146000000000191e-01   1.242847e+00   1.565683e-02
3.410258999999999929e-01   1.233540e+00   1.577865e-02
3.457371000000000194e-01   1.227639e+00   1.585985e-02
3.504483999999999932e-01   1.260280e+00   1.608803e-02
3.551596000000000197e-01   1.264851e+00   1.643217e-02
3.598708999999999936e-01   1.280588e+00   1.667764e-02
3.645822000000000229e-01   1.269203e+00   1.682047e-02
3.692933999999999939e-01   1.275008e+00   1.694599e-02
3.740047000000000232e-01   1.266653e+00   1.705302e-02
3.787158999999999942e-01   1.296705e+00   1.718257e-02
3.834272000000000236e-01   1.286350e+00   1.728177e-02
3.881383999999999945e-01   1.317202e+00   1.741969e-02
3.928497000000000239e-01   1.321468e+00   1.784183e-02
3.975609999999999977e-01   1.299152e+00   1.835732e-02
4.022722000000000242e-01   1.315009e+00   1.877482e-02
4.069834999999999980e-01   1.312800e+00   1.912454e-02
4.116947000000000245e-01   1.318248e+00   1.943180e-02
4.164059999999999984e-01   1.325449e+00   1.973090e-02
4.211172000000000248e-01   1.329469e+00   1.999897e-02
4.258284999999999987e-01   1.354883e+00   2.035288e-02
4.305397000000000252e-01   1.346010e+00   2.065324e-02
4.352509999999999990e-01   1.373328e+00   2.098784e-02
4.399622999999999728e-01   1.368158e+00   2.131516e-02
4.446734999999999993e-01   1.359264e+00   2.169153e-02
4.493847999999999732e-01   1.386773e+00   2.202391e-02
4.540959999999999996e-01   1.395874e+00   2.223744e-02
4.588072999999999735e-01   1.406845e+00   2.146169e-02
4.635185000000000000e-01   1.404582e+00   2.094947e-02
4.682297999999999738e-01   1.403397e+00   2.061067e-02
4.729411000000000032e-01   1.414622e+00   2.042561e-02
4.776522999999999741e-01   1.442196e+00   2.031068e-02
4.823636000000000035e-01   1.446139e+00   2.011589e-02
4.870747999999999744e-01   1.454817e+00   1.999874e-02
4.917861000000000038e-01   1.412580e+00   1.983901e-02
4.964972999999999748e-01   1.441109e+00   1.974499e-02
5.012086000000000041e-01   1.481436e+00   1.972168e-02
5.059198999999999780e-01   1.467713e+00   1.963102e-02
5.106311000000000044e-01   1.439677e+00   1.955301e-02
5.153423999999999783e-01   1.472558e+00   1.942631e-02
5.200536000000000048e-01   1.461247e+00   1.930295e-02
5.247648999999999786e-01   1.489851e+00   1.917847e-02
5.294761000000000051e-01   1.482659e+00   1.903095e-02
5.341873999999999789e-01   1.483977e+00   1.893288e-02
5.388986000000000054e-01   1.516544e+00   1.884104e-02
5.436098999999999792e-01   1.547545e+00   1.878402e-02
5.483211999999999531e-01   1.556561e+00   1.865297e-02
5.530323999999999796e-01   1.533676e+00   1.851935e-02
5.577436999999999534e-01   1.559333e+00   1.843743e-02
5.624548999999999799e-01   1.562182e+00   1.834451e-02
5.671661999999999537e-01   1.549754e+00   1.823151e-02
5.718773999999999802e-01   1.549000e+00   1.821490e-02
5.765886999999999540e-01   1.553346e+00   1.817314e-02
5.813000000000000389e-01   1.565430e+00   1.815860e-02
5.860111999999999544e-01   1.589066e+00   1.816001e-02
5.907225000000000392e-01   1.602271e+00   1.813026e-02
5.954336999999999547e-01   1.597925e+00   1.808368e-02
6.001450000000000395e-01   1.588672e+00   1.801716e-02
6.048561999999999550e-01   1.617871e+00   1.801340e-02
6.095675000000000399e-01   1.606196e+00   1.801506e-02
6.142788000000000137e-01   1.646955e+00   1.799530e-02
6.189900000000000402e-01   1.665385e+00   1.795289e-02
6.237013000000000140e-01   1.641640e+00   1.788306e-02
6.284125000000000405e-01   1.635292e+00   1.787430e-02
6.331238000000000143e-01   1.666522e+00   1.784758e-02
6.378350000000000408e-01   1.685107e+00   1.784950e-02
6.425463000000000147e-01   1.677143e+00   1.780070e-02
6.472575000000000411e-01   1.686805e+00   1.775814e-02
6.519688000000000150e-01   1.719776e+00   1.778015e-02
6.566800999999999888e-01   1.710143e+00   1.774490e-02
6.613913000000000153e-01   1.722732e+00   1.770454e-02
6.661025999999999891e-01   1.722528e+00   1.766814e-02
6.708138000000000156e-01   1.723616e+00   1.761993e-02
6.755250999999999895e-01   1.733962e+00   1.759804e-02
6.802363000000000159e-01   1.750151e+00   1.760186e-02
6.849475999999999898e-01   1.746004e+00   1.758522e-02
6.896588999999999636e-01   1.740502e+00   1.753101e-02
6.943700999999999901e-01   1.770949e+00   1.750164e-02
6.990813999999999639e-01   1.765048e+00   1.745791e-02
7.037925999999999904e-01   1.777906e+00   1.745397e-02
7.085038999999999643e-01   1.794068e+00   1.744186e-02
7.132150999999999907e-01   1.798237e+00   1.741317e-02
7.179263999999999646e-01   1.823639e+00   1.742307e-02
7.226375999999999911e-01   1.814006e+00   1.737372e-02
7.273488999999999649e-01   1.799072e+00   1.733392e-02
7.320602000000000498e-01   1.837707e+00   1.734479e-02
7.367713999999999652e-01   1.853464e+00   1.734808e-02
7.414827000000000501e-01   1.863720e+00   1.730365e-02
7.461938999999999655e-01   1.841174e+00   1.722479e-02
7.509052000000000504e-01   1.862353e+00   1.723332e-02
7.556163999999999659e-01   1.880248e+00   1.721345e-02
7.603277000000000507e-01   1.888671e+00   1.723989e-02
7.650390000000000246e-01   1.865113e+00   1.715702e-02
7.697502000000000510e-01   1.891670e+00   1.713829e-02
7.744615000000000249e-01   1.915034e+00   1.716426e-02
7.791727000000000514e-01   1.895612e+00   1.709449e-02
7.838840000000000252e-01   1.906749e+00   1.707309e-02
7.885952000000000517e-01   1.924793e+00   1.703884e-02
7.933065000000000255e-01   1.924301e+00   1.706230e-02
7.980177999999999994e-01   1.926061e+00   1.704158e-02
8.027290000000000258e-01   1.943925e+00   1.699483e-02
8.074402999999999997e-01   1.935053e+00   1.696008e-02
8.121515000000000262e-01   1.958006e+00   1.693913e-02
8.168628000000000000e-01   1.969468e+00   1.693404e-02
8.215740000000000265e-01   1.938875e+00   1.689182e-02
8.262853000000000003e-01   1.975790e+00   1.689798e-02
8.309965000000000268e-01   1.998211e+00   1.687621e-02
8.357078000000000007e-01   1.977413e+00   1.682789e-02
8.404190999999999745e-01   1.976185e+00   1.680957e-02
8.451303000000000010e-01   1.969668e+00   1.677530e-02
8.498415999999999748e-01   2.000877e+00   1.676740e-02
8.545528000000000013e-01   1.995266e+00   1.673911e-02
8.592640999999999751e-01   1.991225e+00   1.667471e-02
8.639753000000000016e-01   2.018905e+00   1.669634e-02
8.686865999999999755e-01   2.026475e+00   1.665697e-02
8.733978999999999493e-01   2.046298e+00   1.667121e-02
8.781090999999999758e-01   2.032253e+00   1.664028e-02
8.828203999999999496e-01   2.045757e+00   1.661606e-02
8.875315999999999761e-01   2.020687e+00   1.656038e-02
8.922428999999999499e-01   2.041428e+00   1.652047e-02
8.969540999999999764e-01   2.046059e+00   1.652383e-02
9.016653999999999503e-01   2.069970e+00   1.651495e-02
9.063767000000000351e-01   2.067150e+00   1.651013e-02
9.110878999999999506e-01   2.084892e+00   1.647027e-02
9.157992000000000354e-01   2.049893e+00   1.640633e-02
9.205103999999999509e-01   2.075115e+00   1.639103e-02
9.252217000000000358e-01   2.096739e+00   1.639245e-02
9.299328999999999512e-01   2.092278e+00   1.637362e-02
9.346442000000000361e-01   2.069500e+00   1.633082e-02
9.393553999999999515e-01   2.064424e+00   1.628582e-02
9.440667000000000364e-01   2.103244e+00   1.630321e-02
9.487780000000000102e-01   2.087975e+00   1.626671e-02
9.534892000000000367e-01   2.084582e+00   1.624698e-02
9.582005000000000106e-01   2.115002e+00   1.624544e-02
9.629117000000000370e-01   2.103777e+00   1.620133e-02
9.676230000000000109e-01   2.118908e+00   1.618383e-02
9.723342000000000374e-01   2.104553e+00   1.615763e-02
9.770455000000000112e-01   2.103048e+00   1.610525e-02
9.817567999999999850e-01   2.112588e+00   1.608640e-02
9.864680000000000115e-01   2.133197e+00   1.608488e-02
9.911792999999999854e-01   2.114007e+00   1.602179e-02
9.958905000000000118e-01   2.096350e+00   1.599806e-02
1.000601999999999991e+00   2.119317e+00   1.599490e-02
1.005312999999999901e+00   2.116890e+00   1.595816e-02
1.010024000000000033e+00   2.135033e+00   1.596397e-02
1.014736000000000082e+00   2.132883e+00   1.593044e-02
1.019446999999999992e+00   2.122195e+00   1.588728e-02
1.024157999999999902e+00   2.131548e+00   1.588149e-02
1.028869000000000034e+00   2.155466e+00   1.587748e-02
1.033581000000000083e+00   2.144253e+00   1.586184e-02
1.038291999999999993e+00   2.116987e+00   1.580624e-02
1.043002999999999902e+00   2.125724e+00   1.578028e-02
1.047714000000000034e+00   2.106678e+00   1.572046e-02
1.052426000000000084e+00   2.124150e+00   1.572026e-02
1.057136999999999993e+00   2.134205e+00   1.569352e-02
1.061847999999999903e+00   2.116056e+00   1.564949e-02
1.066559000000000035e+00   2.131031e+00   1.564730e-02
1.071271000000000084e+00   2.143438e+00   1.562552e-02
1.075981999999999994e+00   2.136450e+00   1.559688e-02
1.080692999999999904e+00   2.139355e+00   1.558195e-02
1.085404000000000035e+00   2.125107e+00   1.553824e-02
1.090116000000000085e+00   2.130294e+00   1.550475e-02
1.094826999999999995e+00   2.114378e+00   1.546758e-02
1.099537999999999904e+00   2.134665e+00   1.546738e-02
1.104249000000000036e+00   2.116329e+00   1.543102e-02
1.108961000000000086e+00   2.121845e+00   1.539823e-02
1.113671999999999995e+00   2.119070e+00   1.535637e-02
1.118382999999999905e+00   2.096529e+00   1.534123e-02
1.123094000000000037e+00   2.094669e+00   1.529308e-02
1.127806000000000086e+00   2.102130e+00   1.527583e-02
1.132516999999999996e+00   2.115804e+00   1.527026e-02
1.137227999999999906e+00   2.102362e+00   1.525376e-02
1.141939000000000037e+00   2.095397e+00   1.519820e-02
1.146651000000000087e+00   2.094876e+00   1.518088e-02
1.151361999999999997e+00   2.084306e+00   1.513499e-02
1.156072999999999906e+00   2.083593e+00   1.512374e-02
1.160784000000000038e+00   2.078121e+00   1.510058e-02
1.165496000000000087e+00   2.084368e+00   1.506080e-02
1.170206999999999997e+00   2.092384e+00   1.504595e-02
1.174917999999999907e+00   2.120443e+00   1.505481e-02
1.179629999999999956e+00   2.113959e+00   1.501639e-02
1.184341000000000088e+00   2.057553e+00   1.492289e-02
1.189051999999999998e+00   2.062888e+00   1.493777e-02
1.193762999999999908e+00   2.077325e+00   1.494563e-02
1.198474999999999957e+00   2.062590e+00   1.524309e-02
1.203186000000000089e+00   2.055630e+00   1.562563e-02
1.207896999999999998e+00   2.055434e+00   1.587704e-02
1.212607999999999908e+00   2.063869e+00   1.611054e-02
1.217319999999999958e+00   2.056502e+00   1.630179e-02
1.222031000000000089e+00   2.050669e+00   1.644498e-02
1.226741999999999999e+00   2.054798e+00   1.661248e-02
1.231452999999999909e+00   2.064181e+00   1.677669e-02
1.236164999999999958e+00   2.048136e+00   1.687898e-02
1.240876000000000090e+00   2.044140e+00   1.698340e-02
1.245587000000000000e+00   2.016961e+00   1.701922e-02
1.250297999999999909e+00   2.015516e+00   1.707705e-02
1.255009999999999959e+00   2.029444e+00   1.713127e-02
1.259721000000000091e+00   2.001675e+00   1.712961e-02
1.264432000000000000e+00   2.018909e+00   1.655894e-02
1.269142999999999910e+00   2.002771e+00   1.612124e-02
1.273854999999999960e+00   1.992150e+00   1.582863e-02
1.278566000000000091e+00   1.994235e+00   1.559789e-02
1.283277000000000001e+00   2.000932e+00   1.546014e-02
1.287987999999999911e+00   1.976407e+00   1.528019e-02
1.292699999999999960e+00   1.961432e+00   1.513022e-02
1.297411000000000092e+00   1.960588e+00   1.500153e-02
1.302122000000000002e+00   1.950882e+00   1.487426e-02
1.306832999999999911e+00   1.964920e+00   1.482400e-02
1.311544999999999961e+00   1.960150e+00   1.477972e-02
1.316256000000000093e+00   1.937392e+00   1.471897e-02
1.320967000000000002e+00   1.932568e+00   1.467305e-02
1.325677999999999912e+00   1.928626e+00   1.462555e-02
1.330389999999999961e+00   1.916002e+00   1.459641e-02
1.335101000000000093e+00   1.920238e+00   1.454489e-02
1.339812000000000003e+00   1.919431e+00   1.450530e-02
1.344522999999999913e+00   1.893375e+00   1.445435e-02
1.349234999999999962e+00   1.885984e+00   1.441104e-02
1.353946000000000094e+00   1.908794e+00   1.440098e-02
1.358657000000000004e+00   1.896397e+00   1.435263e-02
1.363369000000000053e+00   1.890317e+00   1.431870e-02
1.368079999999999963e+00   1.850813e+00   1.425886e-02
1.372791000000000095e+00   1.864599e+00   1.423427e-02
1.377502000000000004e+00   1.853794e+00   1.419303e-02
1.382214000000000054e+00   1.849238e+00   1.416518e-02
1.386924999999999963e+00   1.836693e+00   1.413146e-02
1.391636000000000095e+00   1.838515e+00   1.409806e-02
1.396347000000000005e+00   1.817263e+00   1.405839e-02
1.401059000000000054e+00   1.819806e+00   1.403392e-02
1.405769999999999964e+00   1.820541e+00   1.399829e-02
1.410481000000000096e+00   1.837167e+00   1.399389e-02
1.415192000000000005e+00   1.817316e+00   1.395314e-02
1.419904000000000055e+00   1.802265e+00   1.390102e-02
1.424614999999999965e+00   1.806580e+00   1.389569e-02
1.429326000000000096e+00   1.764551e+00   1.383659e-02
1.434037000000000006e+00   1.772645e+00   1.380240e-02
1.438749000000000056e+00   1.768606e+00   1.378066e-02
1.443459999999999965e+00   1.781745e+00   1.377294e-02
1.448171000000000097e+00   1.767537e+00   1.371879e-02
1.452882000000000007e+00   1.750533e+00   1.368147e-02
1.457594000000000056e+00   1.736591e+00   1.366004e-02
1.462304999999999966e+00   1.722177e+00   1.361301e-02
1.467016000000000098e+00   1.716788e+00   1.359713e-02
1.471727000000000007e+00   1.716563e+00   1.355960e-02
1.476439000000000057e+00   1.694729e+00   1.352025e-02
1.481149999999999967e+00   1.711051e+00   1.350089e-02
1.485861000000000098e+00   1.713082e+00   1.349119e-02
1.490572000000000008e+00   1.692806e+00   1.342771e-02
1.495284000000000058e+00   1.707079e+00   1.344316e-02
1.499994999999999967e+00   1.685638e+00   1.339757e-02
1.504706000000000099e+00   1.668859e+00   1.335398e-02
1.509417000000000009e+00   1.676863e+00   1.334806e-02
1.514129000000000058e+00   1.680289e+00   1.337830e-02
1.518839999999999968e+00   1.661166e+00   1.373534e-02
1.523551000000000100e+00   1.645975e+00   1.399914e-02
1.528262999999999927e+00   1.651318e+00   1.421339e-02
1.532974000000000059e+00   1.635343e+00   1.435461e-02
1.537684999999999969e+00   1.620453e+00   1.450101e-02
1.542396000000000100e+00   1.632929e+00   1.449746e-02
1.547107999999999928e+00   1.605977e+00   1.410669e-02
1.551819000000000059e+00   1.625484e+00   1.392816e-02
1.556529999999999969e+00   1.587284e+00   1.375143e-02
1.561241000000000101e+00   1.576525e+00   1.360358e-02
1.565952999999999928e+00   1.579253e+00   1.347881e-02
1.570664000000000060e+00   1.564250e+00   1.330281e-02
1.575374999999999970e+00   1.559974e+00   1.315180e-02
1.580086000000000102e+00   1.556939e+00   1.304369e-02
1.584797999999999929e+00   1.577126e+00   1.299682e-02
1.589509000000000061e+00   1.548600e+00   1.293091e-02
1.594219999999999970e+00   1.526973e+00   1.291020e-02
1.598931000000000102e+00   1.517312e+00   1.290988e-02
1.603642999999999930e+00   1.514756e+00   1.294584e-02
1.608354000000000061e+00   1.514274e+00   1.294473e-02
1.613064999999999971e+00   1.496845e+00   1.291110e-02
1.617776000000000103e+00   1.497097e+00   1.287797e-02
1.622487999999999930e+00   1.498954e+00   1.285585e-02
1.627199000000000062e+00   1.492369e+00   1.282219e-02
1.631909999999999972e+00   1.486247e+00   1.280935e-02
1.636621000000000103e+00   1.485473e+00   1.278542e-02
1.641332999999999931e+00   1.453356e+00   1.273514e-02
1.646044000000000063e+00   1.452209e+00   1.270876e-02
1.650754999999999972e+00   1.466068e+00   1.269249e-02
1.655466000000000104e+00   1.469985e+00   1.265797e-02
1.660177999999999932e+00   1.434173e+00   1.261138e-02
1.664889000000000063e+00   1.429116e+00   1.259226e-02
1.669599999999999973e+00   1.429239e+00   1.257297e-02
1.674311000000000105e+00   1.425146e+00   1.254181e-02
1.679022999999999932e+00   1.418970e+00   1.250219e-02
1.683734000000000064e+00   1.414419e+00   1.247862e-02
1.688444999999999974e+00   1.399764e+00   1.246690e-02
1.693156000000000105e+00   1.399355e+00   1.243078e-02
1.697867999999999933e+00   1.397098e+00   1.239988e-02
1.702579000000000065e+00   1.379760e+00   1.238710e-02
1.707289999999999974e+00   1.374993e+00   1.235024e-02
1.712002000000000024e+00   1.372226e+00   1.233396e-02
1.716712999999999933e+00   1.365584e+00   1.229444e-02
1.721424000000000065e+00   1.357748e+00   1.228094e-02
1.726134999999999975e+00   1.341210e+00   1.224662e-02
1.730847000000000024e+00   1.328091e+00   1.220256e-02
1.735557999999999934e+00   1.337760e+00   1.219999e-02
1.740269000000000066e+00   1.316164e+00   1.217358e-02
1.744979999999999976e+00   1.305041e+00   1.214358e-02
1.749692000000000025e+00   1.311974e+00   1.213932e-02
1.754402999999999935e+00   1.293957e+00   1.210376e-02
1.759114000000000066e+00   1.314767e+00   1.208232e-02
1.763824999999999976e+00   1.300391e+00   1.205025e-02
1.768537000000000026e+00   1.284396e+00   1.202331e-02
1.773247999999999935e+00   1.279135e+00   1.201632e-02
1.777959000000000067e+00   1.275405e+00   1.197378e-02
1.782669999999999977e+00   1.270245e+00   1.195521e-02
1.787382000000000026e+00   1.268726e+00   1.193359e-02
1.792092999999999936e+00   1.283757e+00   1.192696e-02
1.796804000000000068e+00   1.245894e+00   1.188262e-02
1.801514999999999977e+00   1.251850e+00   1.186834e-02
1.806227000000000027e+00   1.255529e+00   1.186043e-02
1.810937999999999937e+00   1.227341e+00   1.181054e-02
1.815649000000000068e+00   1.214080e+00   1.180683e-02
1.820359999999999978e+00   1.225854e+00   1.178045e-02
1.825072000000000028e+00   1.206098e+00   1.175597e-02
1.829782999999999937e+00   1.228107e+00   1.174397e-02
1.834494000000000069e+00   1.214813e+00   1.171192e-02
1.839204999999999979e+00   1.206787e+00   1.169556e-02
1.843917000000000028e+00   1.195462e+00   1.166686e-02
1.848627999999999938e+00   1.190589e+00   1.165669e-02
1.853339000000000070e+00   1.203430e+00   1.163132e-02
1.858049999999999979e+00   1.193772e+00   1.160611e-02
1.862762000000000029e+00   1.167892e+00   1.156626e-02
1.867472999999999939e+00   1.182372e+00   1.156887e-02
1.872184000000000070e+00   1.168070e+00   1.154117e-02
1.876894999999999980e+00   1.164252e+00   1.154331e-02
1.881607000000000030e+00   1.150500e+00   1.149558e-02
1.886317999999999939e+00   1.144716e+00   1.147139e-02
1.891029000000000071e+00   1.143647e+00   1.146200e-02
1.895740999999999898e+00   1.139223e+00   1.144430e-02
1.900452000000000030e+00   1.133717e+00   1.142951e-02
1.905162999999999940e+00   1.122488e+00   1.140193e-02
1.909874000000000072e+00   1.111603e+00   1.136827e-02
1.914585999999999899e+00   1.133248e+00   1.136801e-02
1.919297000000000031e+00   1.113527e+00   1.133387e-02
1.924007999999999940e+00   1.092930e+00   1.130469e-02
1.928719000000000072e+00   1.075227e+00   1.127463e-02
1.933430999999999900e+00   1.085886e+00   1.125699e-02
1.938142000000000031e+00   1.093225e+00   1.123581e-02
1.942852999999999941e+00   1.066754e+00   1.117807e-02
1.947564000000000073e+00   1.079429e+00   1.115333e-02
1.952275999999999900e+00   1.071014e+00   1.111668e-02
1.956987000000000032e+00   1.062237e+00   1.110544e-02
1.961697999999999942e+00   1.062665e+00   1.109032e-02
1.966409000000000074e+00   1.053011e+00   1.105717e-02
1.971120999999999901e+00   1.042913e+00   1.104194e-02
1.975832000000000033e+00   1.056322e+00   1.105850e-02
1.980542999999999942e+00   1.039006e+00   1.103540e-02
1.985254000000000074e+00   1.026922e+00   1.101752e-02
1.989965999999999902e+00   1.019062e+00   1.101980e-02
1.994677000000000033e+00   1.022354e+00   1.103770e-02
1.999387999999999943e+00   1.037039e+00   1.104687e-02
2.004099000000000075e+00   1.025004e+00   1.129534e-02
2.008811000000000124e+00   1.025846e+00   1.155027e-02
2.013522000000000034e+00   1.020367e+00   1.167501e-02
2.018232999999999944e+00   1.008901e+00   1.180038e-02
2.022943999999999853e+00   1.001429e+00   1.190093e-02
2.027655999999999903e+00   9.800672e-01   1.200238e-02
2.032366999999999813e+00   9.852900e-01   1.205962e-02
2.037078000000000166e+00   9.776209e-01   1.208144e-02
2.041789000000000076e+00   9.688188e-01   1.209692e-02
2.046501000000000126e+00   9.743268e-01   1.213597e-02
2.051212000000000035e+00   9.677370e-01   1.215141e-02
2.055922999999999945e+00   9.646605e-01   1.218030e-02
2.060633999999999855e+00   9.784987e-01   1.223126e-02
2.065345999999999904e+00   9.737040e-01   1.220477e-02
2.070056999999999814e+00   9.486437e-01   1.179919e-02
2.074768000000000168e+00   9.349993e-01   1.154392e-02
2.079480000000000217e+00   9.172000e-01   1.138360e-02
2.084191000000000127e+00   9.306490e-01   1.128760e-02
2.088902000000000037e+00   9.331389e-01   1.117863e-02
2.093612999999999946e+00   9.277084e-01   1.109395e-02
2.098324999999999996e+00   9.118034e-01   1.103403e-02
2.103035999999999905e+00   9.121135e-01   1.100561e-02
2.107746999999999815e+00   9.332050e-01   1.099026e-02
2.112458000000000169e+00   9.100382e-01   1.095395e-02
2.117170000000000218e+00   9.131697e-01   1.092092e-02
2.121881000000000128e+00   9.105276e-01   1.088987e-02
2.126592000000000038e+00   9.071216e-01   1.085848e-02
2.131302999999999948e+00   9.071474e-01   1.085177e-02
2.136014999999999997e+00   8.904814e-01   1.081114e-02
2.140725999999999907e+00   9.073727e-01   1.080025e-02
2.145436999999999816e+00   8.858693e-01   1.077077e-02
2.150148000000000170e+00   8.727393e-01   1.073800e-02
2.154860000000000220e+00   8.523225e-01   1.070001e-02
2.159571000000000129e+00   8.753214e-01   1.070642e-02
2.164282000000000039e+00   8.744089e-01   1.068106e-02
2.168992999999999949e+00   8.384911e-01   1.061970e-02
2.173704999999999998e+00   8.370882e-01   1.060777e-02
2.178415999999999908e+00   8.272715e-01   1.057837e-02
2.183126999999999818e+00   8.475784e-01   1.058235e-02
2.187838000000000171e+00   8.329492e-01   1.055832e-02
2.192550000000000221e+00   8.387267e-01   1.053446e-02
2.197261000000000131e+00   8.469052e-01   1.053797e-02
2.201972000000000040e+00   8.396833e-01   1.051692e-02
2.206682999999999950e+00   8.310489e-01   1.049271e-02
2.211395000000000000e+00   8.167898e-01   1.047642e-02
2.216105999999999909e+00   8.263898e-01   1.045629e-02
2.220816999999999819e+00   8.221213e-01   1.043492e-02
2.225528000000000173e+00   8.298211e-01   1.041938e-02
2.230239999999999778e+00   8.209336e-01   1.040118e-02
2.234951000000000132e+00   8.145850e-01   1.038655e-02
2.239662000000000042e+00   8.116765e-01   1.037687e-02
2.244372999999999951e+00   7.930029e-01   1.033606e-02
2.249085000000000001e+00   7.964595e-01   1.034342e-02
2.253795999999999911e+00   7.844692e-01   1.031696e-02
2.258506999999999820e+00   7.813630e-01   1.029157e-02
2.263218999999999870e+00   7.916650e-01   1.029483e-02
2.267929999999999779e+00   7.932488e-01   1.028074e-02
2.272641000000000133e+00   7.843775e-01   1.024651e-02
2.277352000000000043e+00   7.705700e-01   1.023194e-02
2.282064000000000092e+00   7.721236e-01   1.020759e-02
2.286775000000000002e+00   7.772081e-01   1.019871e-02
2.291485999999999912e+00   7.771173e-01   1.018795e-02
2.296196999999999822e+00   7.621004e-01   1.016736e-02
2.300908999999999871e+00   7.639519e-01   1.014867e-02
2.305619999999999781e+00   7.605536e-01   1.013697e-02
2.310331000000000135e+00   7.426292e-01   1.012381e-02
2.315042000000000044e+00   7.514970e-01   1.010123e-02
2.319754000000000094e+00   7.337298e-01   1.007567e-02
2.324465000000000003e+00   7.470670e-01   1.007866e-02
2.329175999999999913e+00   7.360632e-01   1.004502e-02
2.333886999999999823e+00   7.314632e-01   1.002751e-02
2.338598999999999872e+00   7.207172e-01   1.000642e-02
2.343309999999999782e+00   7.350201e-01   1.002487e-02
2.348021000000000136e+00   7.358289e-01   1.000909e-02
2.352732000000000046e+00   7.084587e-01   9.970989e-03
2.357444000000000095e+00   7.230158e-01   9.969242e-03
2.362155000000000005e+00   7.146384e-01   9.949169e-03
2.366865999999999914e+00   7.113635e-01   9.939922e-03
2.371576999999999824e+00   7.134873e-01   9.940992e-03
2.376288999999999874e+00   7.114878e-01   9.920667e-03
2.380999999999999783e+00   6.998515e-01   9.878959e-03
2.385711000000000137e+00   7.153946e-01   9.886128e-03
2.390422000000000047e+00   7.037151e-01   9.868681e-03
2.395134000000000096e+00   7.170095e-01   9.872672e-03
2.399845000000000006e+00   7.059154e-01   9.845881e-03
2.404555999999999916e+00   6.949697e-01   9.821860e-03
2.409266999999999825e+00   6.695902e-01   9.805920e-03
2.413978999999999875e+00   6.832412e-01   9.790241e-03
2.418689999999999785e+00   6.792354e-01   9.773783e-03
2.423401000000000138e+00   6.679262e-01   9.758463e-03
2.428112000000000048e+00   6.696769e-01   9.750605e-03
2.432824000000000098e+00   6.762146e-01   9.749958e-03
2.437535000000000007e+00   6.735818e-01   9.731426e-03
2.442245999999999917e+00   6.609935e-01   9.712145e-03
2.446957999999999966e+00   6.632663e-01   9.693265e-03
2.451668999999999876e+00   6.523725e-01   9.681799e-03
2.456379999999999786e+00   6.443591e-01   9.663507e-03
2.461091000000000140e+00   6.462442e-01   9.643851e-03
2.465803000000000189e+00   6.522048e-01   9.639227e-03
2.470514000000000099e+00   6.483990e-01   9.640541e-03
2.475225000000000009e+00   6.451288e-01   9.618395e-03
2.479935999999999918e+00   6.427582e-01   9.608566e-03
2.484647999999999968e+00   6.436484e-01   9.588077e-03
2.489358999999999877e+00   6.442666e-01   9.588424e-03
2.494069999999999787e+00   6.401118e-01   9.572683e-03
2.498781000000000141e+00   6.407991e-01   9.570315e-03
2.503493000000000190e+00   6.452910e-01   9.553497e-03
2.508204000000000100e+00   6.408742e-01   9.538643e-03
2.512915000000000010e+00   6.383439e-01   9.516007e-03
2.517625999999999920e+00   6.207640e-01   9.495980e-03
2.522337999999999969e+00   6.168810e-01   9.473619e-03
2.527048999999999879e+00   6.208621e-01   9.452109e-03
2.531759999999999788e+00   6.077382e-01   9.431729e-03
2.536471000000000142e+00   6.103301e-01   9.420431e-03
2.541183000000000192e+00   5.988389e-01   9.403539e-03
2.545894000000000101e+00   6.122592e-01   9.409797e-03
2.550605000000000011e+00   6.118667e-01   9.393181e-03
2.555315999999999921e+00   6.026163e-01   9.383729e-03
2.560027999999999970e+00   6.026739e-01   9.368169e-03
2.564738999999999880e+00   6.020775e-01   9.358766e-03
2.569449999999999790e+00   5.997480e-01   9.363739e-03
2.574161000000000143e+00   5.936702e-01   9.355796e-03
2.578873000000000193e+00   5.893346e-01   9.365584e-03
2.583584000000000103e+00   6.023206e-01   9.355956e-03
2.588295000000000012e+00   5.888762e-01   9.332549e-03
2.593005999999999922e+00   5.931028e-01   9.333084e-03
2.597717999999999972e+00   5.815521e-01   9.312226e-03
2.602428999999999881e+00   5.837595e-01   9.298399e-03
2.607139999999999791e+00   5.659641e-01   9.279545e-03
2.611851000000000145e+00   5.719818e-01   9.262791e-03
2.616563000000000194e+00   5.604997e-01   9.252174e-03
2.621274000000000104e+00   5.823201e-01   9.254608e-03
2.625985000000000014e+00   5.761967e-01   9.251555e-03
2.630697000000000063e+00   5.658168e-01   9.238505e-03
2.635407999999999973e+00   5.566982e-01   9.220604e-03
2.640118999999999883e+00   5.490109e-01   9.210361e-03
2.644829999999999792e+00   5.516170e-01   9.208269e-03
2.649541999999999842e+00   5.492621e-01   9.183063e-03
2.654253000000000196e+00   5.450582e-01   9.165198e-03
2.658964000000000105e+00   5.625710e-01   9.172184e-03
2.663675000000000015e+00   5.551926e-01   9.165545e-03
2.668387000000000064e+00   5.618115e-01   9.153189e-03
2.673097999999999974e+00   5.531235e-01   9.140631e-03
2.677808999999999884e+00   5.610677e-01   9.135930e-03
2.682519999999999794e+00   5.452345e-01   9.115133e-03
2.687231999999999843e+00   5.227552e-01   9.081782e-03
2.691943000000000197e+00   5.411701e-01   9.085122e-03
2.696654000000000106e+00   5.331569e-01   9.079777e-03
2.701365000000000016e+00   5.248918e-01   9.065889e-03
2.706077000000000066e+00   5.352087e-01   9.062262e-03
2.710787999999999975e+00   5.340495e-01   9.051510e-03
2.715498999999999885e+00   5.335412e-01   9.050048e-03
2.720209999999999795e+00   5.076586e-01   9.008668e-03
2.724921999999999844e+00   5.175933e-01   9.005220e-03
2.729633000000000198e+00   5.192592e-01   8.996983e-03
2.734344000000000108e+00   5.252060e-01   9.000279e-03
2.739055000000000017e+00   5.161155e-01   8.986550e-03
2.743767000000000067e+00   5.197694e-01   8.979822e-03
2.748477999999999977e+00   5.164253e-01   8.963199e-03
2.753188999999999886e+00   5.074453e-01   8.951138e-03
2.757899999999999796e+00   5.027781e-01   8.945988e-03
2.762611999999999846e+00   5.037900e-01   8.943228e-03
2.767323000000000199e+00   4.987182e-01   8.921872e-03
2.772034000000000109e+00   5.027629e-01   8.915358e-03
2.776745000000000019e+00   5.069076e-01   8.909922e-03
2.781457000000000068e+00   4.961380e-01   8.900921e-03
2.786167999999999978e+00   4.896205e-01   8.889461e-03
2.790878999999999888e+00   4.947930e-01   8.874844e-03
2.795589999999999797e+00   4.944179e-01   8.869154e-03
2.800301999999999847e+00   4.950620e-01   8.865155e-03
2.805013000000000201e+00   5.021479e-01   8.908014e-03
2.809724000000000110e+00   4.885585e-01   9.131602e-03
2.814436000000000160e+00   4.836128e-01   9.266070e-03
2.819147000000000070e+00   4.960123e-01   9.373184e-03
2.823857999999999979e+00   4.913900e-01   9.461234e-03
2.828568999999999889e+00   4.878543e-01   9.507291e-03
2.833280999999999938e+00   4.878391e-01   9.537879e-03
2.837991999999999848e+00   4.861943e-01   9.566029e-03
2.842703000000000202e+00   4.791534e-01   9.593932e-03
2.847414000000000112e+00   4.643693e-01   9.612914e-03
2.852126000000000161e+00   4.844888e-01   9.641537e-03
2.856837000000000071e+00   4.788564e-01   9.652725e-03
2.861547999999999981e+00   4.602028e-01   9.657522e-03
2.866258999999999890e+00   4.626124e-01   9.674762e-03
2.870970999999999940e+00   4.682223e-01   9.620241e-03
2.875681999999999849e+00   4.618538e-01   9.355330e-03
2.880393000000000203e+00   4.598314e-01   9.213083e-03
2.885104000000000113e+00   4.566789e-01   9.114660e-03
2.889816000000000162e+00   4.594269e-01   9.047442e-03
2.894527000000000072e+00   4.612634e-01   9.011777e-03
2.899237999999999982e+00   4.618282e-01   8.987241e-03
2.903948999999999891e+00   4.578666e-01   8.959492e-03
2.908660999999999941e+00   4.743079e-01   8.948811e-03
2.913371999999999851e+00   4.509192e-01   8.913894e-03
2.918083000000000204e+00   4.382384e-01   8.877404e-03
2.922794000000000114e+00   4.319402e-01   8.867567e-03
2.927506000000000164e+00   4.407064e-01   8.860530e-03
2.932217000000000073e+00   4.500535e-01   8.849711e-03
2.936927999999999983e+00   4.497038e-01   8.834247e-03
2.941638999999999893e+00   4.518919e-01   8.810958e-03
2.946350999999999942e+00   4.515496e-01   8.814091e-03
2.951061999999999852e+00   4.326357e-01   8.781078e-03
2.955773000000000206e+00   4.477139e-01   8.770592e-03
2.960484000000000115e+00   4.482934e-01   8.760167e-03
2.965196000000000165e+00   4.343340e-01   8.748363e-03
2.969907000000000075e+00   4.441380e-01   8.740077e-03
2.974617999999999984e+00   4.226151e-01   8.709905e-03
2.979328999999999894e+00   4.185647e-01   8.688317e-03
2.984040999999999944e+00   4.302481e-01   8.695206e-03
2.988751999999999853e+00   4.312183e-01   8.683926e-03
2.993463000000000207e+00   4.293032e-01   8.673605e-03
2.998174999999999812e+00   4.339621e-01   8.660605e-03
3.002886000000000166e+00   4.421790e-01   8.669145e-03
3.007597000000000076e+00   4.272185e-01   8.628889e-03
3.012307999999999986e+00   4.231462e-01   8.623975e-03
3.017020000000000035e+00   3.988098e-01   8.606201e-03
3.021730999999999945e+00   4.150527e-01   8.609009e-03
3.026441999999999855e+00   4.197296e-01   8.593630e-03
3.031153000000000208e+00   4.191559e-01   8.586709e-03
3.035864999999999814e+00   4.052163e-01   8.566384e-03
3.040576000000000167e+00   4.186895e-01   8.566525e-03
3.045287000000000077e+00   4.159346e-01   8.565340e-03
3.049997999999999987e+00   4.045772e-01   8.532296e-03
3.054710000000000036e+00   4.049541e-01   8.530798e-03
3.059420999999999946e+00   4.070903e-01   8.531520e-03
3.064131999999999856e+00   3.917097e-01   8.506190e-03
3.068843000000000210e+00   4.081729e-01   8.521008e-03
3.073554999999999815e+00   4.161445e-01   8.509826e-03
3.078266000000000169e+00   4.106196e-01   8.490058e-03
3.082977000000000078e+00   4.042011e-01   8.473701e-03
3.087687999999999988e+00   4.041796e-01   8.473744e-03
3.092400000000000038e+00   4.001634e-01   8.455274e-03
3.097110999999999947e+00   4.034814e-01   8.454373e-03
3.101821999999999857e+00   4.010130e-01   8.448174e-03
3.106533000000000211e+00   3.972389e-01   8.438773e-03
3.111244999999999816e+00   3.952629e-01   8.425179e-03
3.115956000000000170e+00   3.866635e-01   8.407945e-03
3.120667000000000080e+00   3.961381e-01   8.406504e-03
3.125377999999999989e+00   3.815437e-01   8.385068e-03
3.130090000000000039e+00   3.758567e-01   8.391232e-03
3.134800999999999949e+00   3.735612e-01   8.371345e-03
3.139511999999999858e+00   3.722819e-01   8.366770e-03
3.144223000000000212e+00   3.938773e-01   8.374231e-03
3.148934999999999818e+00   3.852174e-01   8.368547e-03
3.153646000000000171e+00   3.877847e-01   8.350344e-03
3.158357000000000081e+00   3.832387e-01   8.343572e-03
3.163067999999999991e+00   3.793978e-01   8.328328e-03
3.167780000000000040e+00   3.772086e-01   8.321440e-03
3.172490999999999950e+00   3.788370e-01   8.309568e-03
3.177201999999999860e+00   3.760895e-01   8.305519e-03
3.181913999999999909e+00   3.634360e-01   8.295827e-03
3.186624999999999819e+00   3.695031e-01   8.294020e-03
3.191336000000000173e+00   3.711706e-01   8.272680e-03
3.196047000000000082e+00   3.820445e-01   8.254556e-03
3.200759000000000132e+00   3.627695e-01   8.233840e-03
3.205470000000000041e+00   3.707282e-01   8.234182e-03
3.210180999999999951e+00   3.624761e-01   8.221189e-03
3.214891999999999861e+00   3.620275e-01   8.205253e-03
3.219603999999999910e+00   3.679373e-01   8.205881e-03
3.224314999999999820e+00   3.636466e-01   8.193640e-03
3.229026000000000174e+00   3.589278e-01   8.179315e-03
3.233737000000000084e+00   3.642104e-01   8.182459e-03
3.238449000000000133e+00   3.682149e-01   8.180667e-03
3.243160000000000043e+00   3.746750e-01   8.180729e-03
3.247870999999999952e+00   3.723151e-01   8.182282e-03
3.252581999999999862e+00   3.575393e-01   8.170295e-03
3.257293999999999912e+00   3.542110e-01   8.173615e-03
3.262004999999999821e+00   3.595741e-01   8.168196e-03
3.266716000000000175e+00   3.544489e-01   8.154827e-03
3.271427000000000085e+00   3.462997e-01   8.143423e-03
3.276139000000000134e+00   3.465298e-01   8.138412e-03
3.280850000000000044e+00   3.486223e-01   8.130341e-03
3.285560999999999954e+00   3.545574e-01   8.126062e-03
3.290271999999999863e+00   3.462775e-01   8.116136e-03
3.294983999999999913e+00   3.469564e-01   8.108806e-03
3.299694999999999823e+00   3.479849e-01   8.101930e-03
3.304406000000000176e+00   3.494036e-01   8.096947e-03
3.309117000000000086e+00   3.425698e-01   8.093951e-03
3.313829000000000136e+00   3.369912e-01   8.078251e-03
3.318540000000000045e+00   3.274267e-01   8.064754e-03
3.323250999999999955e+00   3.353747e-01   8.061419e-03
3.327961999999999865e+00   3.420492e-01   8.059738e-03
3.332673999999999914e+00   3.415878e-01   8.049923e-03
3.337384999999999824e+00   3.327119e-01   8.036277e-03
3.342096000000000178e+00   3.557660e-01   8.052877e-03
3.346807000000000087e+00   3.420992e-01   8.039730e-03
3.351519000000000137e+00   3.390594e-01   8.032020e-03
3.356230000000000047e+00   3.397332e-01   8.028076e-03
3.360940999999999956e+00   3.371463e-01   8.013858e-03
3.365653000000000006e+00   3.242071e-01   7.996221e-03
3.370363999999999916e+00   3.126915e-01   7.974196e-03
3.375074999999999825e+00   3.281220e-01   7.985065e-03
3.379786000000000179e+00   3.146931e-01   7.982284e-03
3.384497999999999784e+00   3.239553e-01   7.980592e-03
3.389209000000000138e+00   3.367546e-01   8.024636e-03
3.393920000000000048e+00   3.268141e-01   8.202997e-03
3.398630999999999958e+00   3.227750e-01   8.319013e-03
3.403343000000000007e+00   3.269560e-01   8.411669e-03
3.408053999999999917e+00   3.087275e-01   8.455586e-03
3.412764999999999826e+00   3.104805e-01   8.479594e-03
3.417476000000000180e+00   3.190505e-01   8.489055e-03
3.422187999999999786e+00   3.153775e-01   8.485198e-03
3.426899000000000139e+00   3.197257e-01   8.511263e-03
3.431610000000000049e+00   3.313059e-01   8.532418e-03
3.436320999999999959e+00   3.326514e-01   8.565805e-03
3.441033000000000008e+00   3.254235e-01   8.575941e-03
3.445743999999999918e+00   3.231130e-01   8.585693e-03
3.450454999999999828e+00   3.246657e-01   8.597093e-03
3.455166000000000182e+00   3.058903e-01   8.590067e-03
3.459877999999999787e+00   3.056219e-01   8.603305e-03
3.464589000000000141e+00   3.114001e-01   8.623672e-03
3.469300000000000050e+00   3.249687e-01   8.656065e-03
3.474010999999999960e+00   3.156785e-01   8.660098e-03
3.478723000000000010e+00   3.175681e-01   8.677936e-03
3.483433999999999919e+00   3.141616e-01   8.681995e-03
3.488144999999999829e+00   3.122486e-01   8.689975e-03
3.492856000000000183e+00   3.025256e-01   8.698659e-03
3.497567999999999788e+00   3.162602e-01   8.719550e-03
3.502279000000000142e+00   3.133212e-01   8.728356e-03
3.506990000000000052e+00   3.193712e-01   8.748216e-03
3.511700999999999961e+00   3.086277e-01   8.752420e-03
3.516413000000000011e+00   3.011845e-01   8.764738e-03
3.521123999999999921e+00   3.093532e-01   8.768087e-03
3.525834999999999830e+00   3.099008e-01   8.772780e-03
3.530546000000000184e+00   3.004978e-01   8.783652e-03
3.535257999999999790e+00   3.011773e-01   8.789178e-03
3.539969000000000143e+00   2.986172e-01   8.793262e-03
3.544680000000000053e+00   2.930069e-01   8.806688e-03
3.549392000000000102e+00   3.029801e-01   8.819500e-03
3.554103000000000012e+00   2.950207e-01   8.814788e-03
3.558813999999999922e+00   2.999217e-01   8.838107e-03
3.563524999999999832e+00   3.067272e-01   8.842960e-03
3.568236999999999881e+00   2.979524e-01   8.839383e-03
3.572947999999999791e+00   3.052935e-01   8.860019e-03
3.577659000000000145e+00   2.927555e-01   8.847602e-03
3.582370000000000054e+00   2.871193e-01   8.839870e-03
3.587082000000000104e+00   2.834810e-01   8.857305e-03
3.591793000000000013e+00   2.918499e-01   8.859896e-03
3.596503999999999923e+00   3.032077e-01   8.872883e-03
3.601214999999999833e+00   2.937995e-01   8.866946e-03
3.605926999999999882e+00   2.915973e-01   8.870824e-03
3.610637999999999792e+00   2.957284e-01   9.031908e-03
3.615349000000000146e+00   2.882557e-01   9.305663e-03
3.620060000000000056e+00   2.806941e-01   9.456886e-03
3.624772000000000105e+00   2.824186e-01   9.568390e-03
3.629483000000000015e+00   2.860258e-01   9.647596e-03
3.634193999999999924e+00   2.867029e-01   9.709947e-03
3.638904999999999834e+00   2.891057e-01   9.777759e-03
3.643616999999999884e+00   2.911138e-01   9.829539e-03
3.648327999999999793e+00   2.900857e-01   9.882388e-03
3.653039000000000147e+00   2.888119e-01   9.916009e-03
3.657750000000000057e+00   2.796519e-01   9.961963e-03
3.662462000000000106e+00   2.688472e-01   1.001009e-02
3.667173000000000016e+00   2.732884e-01   1.005265e-02
3.671883999999999926e+00   2.774676e-01   1.011281e-02
3.676594999999999835e+00   2.750486e-01   1.014694e-02
3.681306999999999885e+00   2.740195e-01   1.020760e-02
3.686017999999999795e+00   2.914261e-01   1.027172e-02
3.690729000000000148e+00   2.782784e-01   1.029058e-02
3.695440000000000058e+00   2.731906e-01   1.032448e-02
3.700152000000000108e+00   2.760959e-01   1.038608e-02
3.704863000000000017e+00   2.646140e-01   1.041827e-02
3.709573999999999927e+00   2.840409e-01   1.045386e-02
3.714284999999999837e+00   2.674281e-01   1.049515e-02
3.718996999999999886e+00   2.779585e-01   1.055484e-02
3.723707999999999796e+00   2.799103e-01   1.058105e-02
3.728419000000000150e+00   2.740728e-01   1.060970e-02
3.733131000000000199e+00   2.712887e-01   1.064717e-02
3.737842000000000109e+00   2.606384e-01   1.068003e-02
3.742553000000000019e+00   2.733490e-01   1.074722e-02
3.747263999999999928e+00   2.803531e-01   1.077586e-02
3.751975999999999978e+00   2.734214e-01   1.079776e-02
3.756686999999999887e+00   2.666174e-01   1.084778e-02
3.761397999999999797e+00   2.856184e-01   1.092495e-02
3.766109000000000151e+00   2.645023e-01   1.094657e-02
3.770821000000000200e+00   2.562470e-01   1.097667e-02
3.775532000000000110e+00   2.646039e-01   1.100958e-02
3.780243000000000020e+00   2.667508e-01   1.106882e-02
3.784953999999999930e+00   2.699182e-01   1.109752e-02
3.789665999999999979e+00   2.723645e-01   1.114482e-02
3.794376999999999889e+00   2.603440e-01   1.117215e-02
3.799087999999999798e+00   2.634419e-01   1.120720e-02
3.803799000000000152e+00   2.701085e-01   1.126537e-02
3.808511000000000202e+00   2.737172e-01   1.128340e-02
3.813222000000000111e+00   2.667444e-01   1.134375e-02
3.817933000000000021e+00   2.465391e-01   1.133950e-02
3.822643999999999931e+00   2.454413e-01   1.137472e-02
3.827355999999999980e+00   2.711904e-01   1.144837e-02
3.832066999999999890e+00   2.761388e-01   1.147031e-02
3.836777999999999800e+00   2.551081e-01   1.151881e-02
3.841489000000000154e+00   2.668307e-01   1.155918e-02
3.846201000000000203e+00   2.527345e-01   1.161169e-02
3.850912000000000113e+00   2.683600e-01   1.164922e-02
3.855623000000000022e+00   2.443171e-01   1.167494e-02
3.860333999999999932e+00   2.632920e-01   1.172308e-02
3.865045999999999982e+00   2.596116e-01   1.175570e-02
3.869756999999999891e+00   2.602068e-01   1.179571e-02
3.874467999999999801e+00   2.528298e-01   1.182736e-02
3.879179000000000155e+00   2.502451e-01   1.185711e-02
3.883891000000000204e+00   2.418202e-01   1.190552e-02
3.888602000000000114e+00   2.531226e-01   1.194625e-02
3.893313000000000024e+00   2.528004e-01   1.199968e-02
3.898023999999999933e+00   2.543241e-01   1.205113e-02
3.902735999999999983e+00   2.502225e-01   1.207527e-02
3.907446999999999893e+00   2.336587e-01   1.209279e-02
3.912157999999999802e+00   2.385035e-01   1.213912e-02
3.916869999999999852e+00   2.508178e-01   1.217361e-02
3.921581000000000206e+00   2.475532e-01   1.217067e-02
3.926292000000000115e+00   2.352586e-01   1.217090e-02
3.931003000000000025e+00   2.418632e-01   1.224876e-02
3.935715000000000074e+00   2.357752e-01   1.226201e-02
3.940425999999999984e+00   2.381885e-01   1.228533e-02
3.945136999999999894e+00   2.421876e-01   1.230427e-02
3.949847999999999804e+00   2.582207e-01   1.232247e-02
3.954559999999999853e+00   2.621731e-01   1.232707e-02
3.959271000000000207e+00   2.505469e-01   1.234160e-02
3.963982000000000117e+00   2.474289e-01   1.231177e-02
3.968693000000000026e+00   2.433754e-01   1.236161e-02
3.973405000000000076e+00   2.492461e-01   1.239891e-02
3.978115999999999985e+00   2.376004e-01   1.244255e-02
3.982826999999999895e+00   2.365046e-01   1.248544e-02
3.987537999999999805e+00   2.311311e-01   1.251349e-02
3.992249999999999854e+00   2.475452e-01   1.256437e-02
3.996961000000000208e+00   2.447591e-01   1.259051e-02
4.001672000000000118e+00   2.315698e-01   1.264259e-02
4.006382999999999583e+00   2.493778e-01   1.270187e-02
4.011095000000000077e+00   2.497805e-01   1.272503e-02
4.015806000000000431e+00   2.360222e-01   1.274919e-02
4.020516999999999896e+00   2.298464e-01   1.277991e-02
4.025228000000000250e+00   2.410565e-01   1.285525e-02
4.029939999999999856e+00   2.392285e-01   1.291201e-02
4.034651000000000209e+00   2.416496e-01   1.295703e-02
4.039361999999999675e+00   2.339781e-01   1.297992e-02
4.044073000000000029e+00   2.331087e-01   1.302183e-02
4.048784999999999634e+00   2.392055e-01   1.308585e-02
4.053495999999999988e+00   2.420113e-01   1.311081e-02
4.058207000000000342e+00   2.338527e-01   1.318553e-02
4.062917999999999807e+00   2.366942e-01   1.322778e-02
4.067630000000000301e+00   2.374811e-01   1.327891e-02
4.072340999999999767e+00   2.554178e-01   1.333677e-02
4.077052000000000120e+00   2.399516e-01   1.334652e-02
4.081762999999999586e+00   2.258082e-01   1.338771e-02
4.086475000000000080e+00   2.052573e-01   1.343514e-02
4.091186000000000433e+00   2.329430e-01   1.349960e-02
4.095896999999999899e+00   2.116277e-01   1.351790e-02
4.100609000000000393e+00   2.225538e-01   1.357216e-02
4.105319999999999858e+00   2.273785e-01   1.364673e-02
4.110031000000000212e+00   2.274740e-01   1.370010e-02
4.114741999999999678e+00   2.496031e-01   1.375974e-02
4.119454000000000171e+00   2.360910e-01   1.379190e-02
4.124164999999999637e+00   2.097767e-01   1.381013e-02
4.128875999999999991e+00   2.250277e-01   1.388058e-02
4.133587000000000344e+00   2.244181e-01   1.394047e-02
4.138298999999999950e+00   2.192436e-01   1.398879e-02
4.143010000000000304e+00   2.234555e-01   1.404889e-02
4.147720999999999769e+00   2.086433e-01   1.406487e-02
4.152432000000000123e+00   2.223488e-01   1.413185e-02
4.157143999999999728e+00   2.301222e-01   1.418755e-02
4.161855000000000082e+00   2.409774e-01   1.425688e-02
4.166566000000000436e+00   2.486895e-01   1.431335e-02
4.171276999999999902e+00   2.357272e-01   1.432501e-02
4.175989000000000395e+00   2.240786e-01   1.438882e-02
4.180699999999999861e+00   2.388023e-01   1.446418e-02
4.185411000000000215e+00   2.180539e-01   1.449496e-02
4.190121999999999680e+00   2.037875e-01   1.452702e-02
4.194834000000000174e+00   2.319643e-01   1.464393e-02
4.199544999999999639e+00   2.316184e-01   1.472473e-02
4.204255999999999993e+00   2.112559e-01   1.474244e-02
4.208967000000000347e+00   2.120079e-01   1.476946e-02
4.213678999999999952e+00   2.154204e-01   1.484549e-02
4.218390000000000306e+00   2.186377e-01   1.490561e-02
4.223100999999999772e+00   2.032320e-01   1.494949e-02
4.227812000000000126e+00   2.036852e-01   1.498252e-02
4.232523999999999731e+00   2.166075e-01   1.505631e-02
4.237235000000000085e+00   2.032572e-01   1.512405e-02
4.241946000000000438e+00   2.185412e-01   1.521951e-02
4.246656999999999904e+00   2.340417e-01   1.529634e-02
4.251369000000000398e+00   2.331765e-01   1.533354e-02
4.256079999999999863e+00   2.177420e-01   1.539663e-02
4.260791000000000217e+00   2.278326e-01   1.545296e-02
4.265501999999999683e+00   2.299501e-01   1.553969e-02
4.270214000000000176e+00   2.344231e-01   1.563957e-02
4.274924999999999642e+00   2.124878e-01   1.567911e-02
4.279635999999999996e+00   2.082390e-01   1.571425e-02
4.284347999999999601e+00   2.020923e-01   1.575807e-02
4.289058999999999955e+00   2.095031e-01   1.584383e-02
4.293770000000000309e+00   2.151310e-01   1.587767e-02
4.298480999999999774e+00   2.314788e-01   1.601075e-02
4.303193000000000268e+00   2.227828e-01   1.608479e-02
4.307903999999999733e+00   2.116023e-01   1.611557e-02
4.312615000000000087e+00   1.964618e-01   1.618049e-02
4.317326000000000441e+00   1.971849e-01   1.625450e-02
4.322038000000000046e+00   1.932359e-01   1.632553e-02
4.326749000000000400e+00   2.157631e-01   1.643799e-02
4.331459999999999866e+00   2.024024e-01   1.645377e-02
4.336171000000000220e+00   2.059636e-01   1.651080e-02
4.340882999999999825e+00   2.209169e-01   1.663316e-02
4.345594000000000179e+00   2.097026e-01   1.670505e-02
4.350304999999999644e+00   1.858276e-01   1.672522e-02
4.355015999999999998e+00   1.925651e-01   1.684403e-02
4.359727999999999604e+00   2.119222e-01   1.693771e-02
4.364438999999999957e+00   2.182222e-01   1.696997e-02
4.369150000000000311e+00   2.206181e-01   1.709382e-02
4.373860999999999777e+00   1.918024e-01   1.715556e-02
4.378573000000000270e+00   2.019398e-01   1.730221e-02
4.383283999999999736e+00   2.374241e-01   1.738933e-02
4.387995000000000090e+00   2.091223e-01   1.740398e-02
4.392706000000000444e+00   2.098032e-01   1.749455e-02
4.397418000000000049e+00   2.367208e-01   1.761314e-02
4.402129000000000403e+00   2.328269e-01   1.763746e-02
4.406839999999999868e+00   2.205110e-01   1.763353e-02
4.411551000000000222e+00   2.071008e-01   1.765384e-02
4.416262999999999828e+00   2.034764e-01   1.763307e-02
4.420974000000000181e+00   1.954350e-01   1.759208e-02
4.425684999999999647e+00   2.068658e-01   1.770678e-02
4.430396000000000001e+00   1.772549e-01   1.767761e-02
4.435107999999999606e+00   1.943875e-01   1.770401e-02
4.439818999999999960e+00   2.013951e-01   1.771951e-02
4.444530000000000314e+00   2.111617e-01   1.779128e-02
4.449240999999999779e+00   2.064013e-01   1.793088e-02
4.453953000000000273e+00   2.023901e-01   1.802409e-02
4.458663999999999739e+00   1.928601e-01   1.810170e-02
4.463375000000000092e+00   1.982701e-01   1.818222e-02
4.468086999999999698e+00   1.973034e-01   1.822519e-02
4.472798000000000052e+00   2.098873e-01   1.836775e-02
4.477509000000000405e+00   1.730748e-01   1.835945e-02
4.482219999999999871e+00   1.863240e-01   1.852406e-02
4.486932000000000365e+00   1.848186e-01   1.870609e-02
4.491642999999999830e+00   1.788637e-01   1.878703e-02
4.496354000000000184e+00   2.008448e-01   1.889078e-02
4.501064999999999650e+00   1.881181e-01   1.894444e-02
4.505777000000000143e+00   2.103208e-01   1.912454e-02
4.510487999999999609e+00   2.004984e-01   1.924863e-02
4.515198999999999963e+00   1.975014e-01   1.932913e-02
4.519910000000000316e+00   1.997163e-01   1.941930e-02
4.524621999999999922e+00   1.803470e-01   1.956761e-02
4.529333000000000276e+00   2.193685e-01   1.972331e-02
4.534043999999999741e+00   2.219088e-01   1.988419e-02
4.538755000000000095e+00   1.965004e-01   1.991064e-02
4.543466999999999700e+00   1.908909e-01   2.007162e-02
4.548178000000000054e+00   1.878678e-01   2.016772e-02
4.552889000000000408e+00   1.912258e-01   2.029692e-02
4.557599999999999874e+00   1.919699e-01   2.040684e-02
4.562312000000000367e+00   1.868210e-01   2.055098e-02
4.567022999999999833e+00   1.725520e-01   2.062258e-02
4.571734000000000187e+00   1.900589e-01   2.079788e-02
4.576444999999999652e+00   1.810975e-01   2.098133e-02
4.581157000000000146e+00   1.838764e-01   2.107324e-02
4.585867999999999611e+00   2.053592e-01   2.122884e-02
4.590578999999999965e+00   1.900458e-01   2.133296e-02
4.595290000000000319e+00   1.759889e-01   2.146021e-02
4.600001999999999924e+00   1.759986e-01   2.169886e-02
4.604713000000000278e+00   2.068637e-01   2.190796e-02
4.609423999999999744e+00   1.966433e-01   2.209536e-02
4.614135000000000097e+00   1.360800e-01   2.212892e-02
4.618846999999999703e+00   1.494321e-01   2.228682e-02
4.623558000000000057e+00   2.249792e-01   2.263951e-02
4.628269000000000410e+00   2.119667e-01   2.278805e-02
4.632979999999999876e+00   1.780387e-01   2.285153e-02
4.637692000000000370e+00   1.766615e-01   2.295845e-02
4.642402999999999835e+00   1.940910e-01   2.313619e-02
4.647114000000000189e+00   1.909672e-01   2.336245e-02
4.651825999999999794e+00   2.059218e-01   2.353811e-02
4.656537000000000148e+00   2.011563e-01   2.379648e-02
4.661247999999999614e+00   1.787097e-01   2.405685e-02
4.665958999999999968e+00   1.715452e-01   2.426856e-02
4.670670999999999573e+00   1.999158e-01   2.445477e-02
4.675381999999999927e+00   1.879971e-01   2.464909e-02
4.680093000000000281e+00   1.703467e-01   2.482036e-02
4.684803999999999746e+00   2.092132e-01   2.513776e-02
4.689516000000000240e+00   2.006147e-01   2.532648e-02
4.694226999999999705e+00   1.486082e-01   2.550813e-02
4.698938000000000059e+00   1.588327e-01   2.568486e-02
4.703649000000000413e+00   1.810346e-01   2.605566e-02
4.708361000000000018e+00   1.956303e-01   2.641774e-02
4.713072000000000372e+00   2.087258e-01   2.674701e-02
4.717782999999999838e+00   1.909065e-01   2.694725e-02
4.722494000000000192e+00   1.860197e-01   2.716876e-02
4.727205999999999797e+00   2.095615e-01   2.767994e-02
4.731917000000000151e+00   1.884532e-01   2.792490e-02
4.736627999999999616e+00   1.878289e-01   2.824660e-02
4.741338999999999970e+00   2.022298e-01   2.849575e-02
4.746050999999999576e+00   1.912381e-01   2.887255e-02
4.750761999999999929e+00   1.610861e-01   2.911383e-02
4.755473000000000283e+00   1.543053e-01   2.933064e-02
4.760183999999999749e+00   1.537249e-01   2.976507e-02
4.764896000000000242e+00   1.740678e-01   3.021733e-02
4.769606999999999708e+00   2.166292e-01   3.088596e-02
4.774318000000000062e+00   2.219808e-01   3.135253e-02
4.779029000000000416e+00   1.948166e-01   3.167191e-02
4.783741000000000021e+00   2.146974e-01   3.223675e-02
4.788452000000000375e+00   2.071985e-01   3.257282e-02
4.793162999999999840e+00   2.323814e-01   3.324892e-02
4.797874000000000194e+00   1.720321e-01   3.362392e-02
4.802585999999999800e+00   1.539829e-01   3.409225e-02
4.807297000000000153e+00   1.268876e-01   3.469871e-02
4.812007999999999619e+00   1.527387e-01   3.535611e-02
4.816718999999999973e+00   2.195363e-01   3.615333e-02
4.821430999999999578e+00   2.106683e-01   3.678624e-02
4.826141999999999932e+00   1.753250e-01   3.737278e-02
4.830853000000000286e+00   1.903169e-01   3.804025e-02
4.835564999999999891e+00   1.890984e-01   3.918060e-02
4.840276000000000245e+00   1.287127e-01   3.973493e-02
4.844986999999999711e+00   1.538326e-01   4.066010e-02
4.849698000000000064e+00   1.490321e-01   4.194597e-02
4.854409999999999670e+00   8.471387e-02   4.276598e-02
4.859121000000000024e+00   7.573907e-02   4.393166e-02
4.863832000000000377e+00   1.765257e-01   4.527804e-02
4.868542999999999843e+00   1.721846e-01   4.652409e-02
4.873255000000000337e+00   9.977732e-02   4.765169e-02
4.877965999999999802e+00   8.309909e-02   4.957422e-02
4.882677000000000156e+00   1.387893e-01   5.173408e-02
4.887387999999999622e+00   2.075579e-01   5.410172e-02
4.892100000000000115e+00   1.978488e-01   5.615267e-02
4.896810999999999581e+00   1.854719e-01   5.874583e-02
4.901521999999999935e+00   1.415871e-01   6.211389e-02
4.906233000000000288e+00   2.093762e-01   6.596385e-02
4.910944999999999894e+00   1.588197e-01   6.936632e-02
4.915656000000000247e+00   2.422083e-01   7.504919e-02
4.920366999999999713e+00   9.261663e-02   8.091116e-02
4.925078000000000067e+00   8.149590e-02   8.936855e-02
4.929789999999999672e+00   2.092278e-01   1.038018e-01
4.934501000000000026e+00   5.931047e-02   1.206781e-01
4.939212000000000380e+00  -6.073800e-02   1.589170e-01
4.943922999999999845e+00   3.093370e-01   2.909981e-01