# [5]
# Sample c= 7.95 mg/ml
# Intensity scaled by concentration
# Buffer subtracted data file:
# Protein DatFile = /data/visitor/mx1908/bm29/20161119/giulio/1d/mM300_145_ave.dat
# Buffer DatFile = /data/visitor/mx1908/bm29/20161119/giulio/ednaSub/mM300_145_ave_averbuffer.dat
# 
# AutoRg: Rg   =   0.7702 +/- 0.10 ( 12.4%)
# AutoRg: I(0) =   2.11 +/- 0.0015
# AutoRg: Points   38 to 264 ( 227 total)
# AutoRg: Quality: 92.4%
# 
# 
# Sample Information:
# Storage Temperature (degrees C): 20.0
# Measurement Temperature (degrees C): 20.09
# Concentration: 7.95
# Code: 
3.479420999999999903e-02   4.985558e+00   1.200209e+00
3.950545999999999919e-02   3.888493e+00   4.774861e-01
4.421672000000000102e-02   2.682357e+00   3.113430e-01
4.892798000000000286e-02   2.404413e+00   2.393268e-01
5.363923000000000302e-02   2.052209e+00   1.918325e-01
5.835048999999999791e-02   2.349398e+00   1.580443e-01
6.306174999999999975e-02   2.130220e+00   1.314940e-01
6.777299999999999991e-02   2.109544e+00   1.123369e-01
7.248425999999999481e-02   2.247092e+00   9.800529e-02
7.719552000000000358e-02   2.321143e+00   8.695369e-02
8.190677000000000374e-02   2.192756e+00   7.752197e-02
8.661802999999999864e-02   2.152140e+00   7.007249e-02
9.132928999999999353e-02   2.075945e+00   6.426958e-02
9.604053999999999369e-02   2.020998e+00   5.955970e-02
1.007518000000000025e-01   2.094683e+00   5.556263e-02
1.054631000000000041e-01   2.116807e+00   5.202829e-02
1.101743000000000028e-01   2.153784e+00   4.918413e-02
1.148856000000000044e-01   2.118131e+00   4.657582e-02
1.195968000000000031e-01   2.118213e+00   4.440557e-02
1.243081000000000047e-01   2.084029e+00   4.233956e-02
1.290193000000000034e-01   2.105633e+00   4.074009e-02
1.337306000000000050e-01   2.110226e+00   3.922094e-02
1.384419000000000066e-01   2.094376e+00   3.784239e-02
1.431531000000000053e-01   2.137882e+00   3.664945e-02
1.478644000000000069e-01   2.084951e+00   3.548785e-02
1.525756000000000057e-01   2.107526e+00   3.458323e-02
1.572869000000000073e-01   2.090317e+00   3.366037e-02
1.619981000000000060e-01   2.077266e+00   3.276278e-02
1.667094000000000076e-01   2.031211e+00   3.190295e-02
1.714206000000000063e-01   2.119778e+00   3.137834e-02
1.761319000000000079e-01   2.056618e+00   3.063281e-02
1.808432000000000095e-01   2.077319e+00   2.999287e-02
1.855544000000000082e-01   2.056911e+00   2.942803e-02
1.902657000000000098e-01   2.106067e+00   2.900231e-02
1.949769000000000085e-01   2.127673e+00   2.856694e-02
1.996882000000000101e-01   2.074062e+00   2.795041e-02
2.043994000000000089e-01   2.075004e+00   2.751063e-02
2.091107000000000105e-01   2.088584e+00   2.713905e-02
2.138220000000000121e-01   2.110839e+00   2.679624e-02
2.185332000000000108e-01   2.091520e+00   2.640472e-02
2.232445000000000124e-01   2.069328e+00   2.599653e-02
2.279557000000000111e-01   2.109087e+00   2.571595e-02
2.326670000000000127e-01   2.084457e+00   2.536412e-02
2.373782000000000114e-01   2.079718e+00   2.502577e-02
2.420895000000000130e-01   2.083607e+00   2.471864e-02
2.468007000000000117e-01   2.091774e+00   2.445922e-02
2.515120000000000133e-01   2.066891e+00   2.414510e-02
2.562232999999999872e-01   2.060364e+00   2.386590e-02
2.609345000000000137e-01   2.069094e+00   2.360752e-02
2.656457999999999875e-01   2.078736e+00   2.337799e-02
2.703570000000000140e-01   2.086314e+00   2.315346e-02
2.750682999999999878e-01   2.079385e+00   2.295490e-02
2.797795000000000143e-01   2.087453e+00   2.270695e-02
2.844907999999999881e-01   2.088119e+00   2.250674e-02
2.892021000000000175e-01   2.086204e+00   2.227885e-02
2.939132999999999885e-01   2.069874e+00   2.206389e-02
2.986246000000000178e-01   2.069042e+00   2.187805e-02
3.033357999999999888e-01   2.062249e+00   2.171884e-02
3.080471000000000181e-01   2.045438e+00   2.149144e-02
3.127582999999999891e-01   2.062176e+00   2.133343e-02
3.174696000000000184e-01   2.047928e+00   2.113998e-02
3.221808999999999923e-01   2.074890e+00   2.097558e-02
3.268921000000000188e-01   2.061121e+00   2.079951e-02
3.316033999999999926e-01   2.050960e+00   2.066899e-02
3.363146000000000191e-01   2.057493e+00   2.084595e-02
3.410258999999999929e-01   2.047821e+00   2.100724e-02
3.457371000000000194e-01   2.042400e+00   2.108262e-02
3.504483999999999932e-01   2.055357e+00   2.139278e-02
3.551596000000000197e-01   2.049935e+00   2.182914e-02
3.598708999999999936e-01   2.051526e+00   2.210428e-02
3.645822000000000229e-01   2.074222e+00   2.235616e-02
3.692933999999999939e-01   2.079075e+00   2.254220e-02
3.740047000000000232e-01   2.077472e+00   2.269392e-02
3.787158999999999942e-01   2.050297e+00   2.278583e-02
3.834272000000000236e-01   2.040124e+00   2.287754e-02
3.881383999999999945e-01   2.052118e+00   2.303847e-02
3.928497000000000239e-01   2.068624e+00   2.363067e-02
3.975609999999999977e-01   2.061625e+00   2.432155e-02
4.022722000000000242e-01   2.071086e+00   2.484473e-02
4.069834999999999980e-01   2.052803e+00   2.531493e-02
4.116947000000000245e-01   2.038320e+00   2.565454e-02
4.164059999999999984e-01   2.037519e+00   2.603716e-02
4.211172000000000248e-01   2.049993e+00   2.646060e-02
4.258284999999999987e-01   2.052701e+00   2.689726e-02
4.305397000000000252e-01   2.026055e+00   2.719377e-02
4.352509999999999990e-01   2.024231e+00   2.756966e-02
4.399622999999999728e-01   2.037604e+00   2.800210e-02
4.446734999999999993e-01   2.033577e+00   2.847543e-02
4.493847999999999732e-01   2.032927e+00   2.886627e-02
4.540959999999999996e-01   2.058691e+00   2.918119e-02
4.588072999999999735e-01   2.009749e+00   2.809841e-02
4.635185000000000000e-01   2.030406e+00   2.743674e-02
4.682297999999999738e-01   2.024579e+00   2.698945e-02
4.729411000000000032e-01   2.034139e+00   2.674193e-02
4.776522999999999741e-01   2.039750e+00   2.652599e-02
4.823636000000000035e-01   2.057025e+00   2.629633e-02
4.870747999999999744e-01   2.035561e+00   2.611827e-02
4.917861000000000038e-01   2.032942e+00   2.596796e-02
4.964972999999999748e-01   2.037552e+00   2.580890e-02
5.012086000000000041e-01   2.029334e+00   2.568025e-02
5.059198999999999780e-01   2.013109e+00   2.552156e-02
5.106311000000000044e-01   2.020006e+00   2.544732e-02
5.153423999999999783e-01   2.038602e+00   2.533684e-02
5.200536000000000048e-01   2.005699e+00   2.506944e-02
5.247648999999999786e-01   1.975337e+00   2.486479e-02
5.294761000000000051e-01   2.020053e+00   2.477579e-02
5.341873999999999789e-01   1.993915e+00   2.453903e-02
5.388986000000000054e-01   2.004147e+00   2.438954e-02
5.436098999999999792e-01   1.998746e+00   2.426737e-02
5.483211999999999531e-01   1.995665e+00   2.407254e-02
5.530323999999999796e-01   1.989314e+00   2.388228e-02
5.577436999999999534e-01   1.994592e+00   2.374695e-02
5.624548999999999799e-01   1.990594e+00   2.361836e-02
5.671661999999999537e-01   2.004128e+00   2.355101e-02
5.718773999999999802e-01   1.983468e+00   2.344564e-02
5.765886999999999540e-01   1.991387e+00   2.340352e-02
5.813000000000000389e-01   1.978452e+00   2.332112e-02
5.860111999999999544e-01   1.975251e+00   2.327930e-02
5.907225000000000392e-01   1.972451e+00   2.321920e-02
5.954336999999999547e-01   1.941454e+00   2.307952e-02
6.001450000000000395e-01   1.950414e+00   2.305349e-02
6.048561999999999550e-01   1.969935e+00   2.302503e-02
6.095675000000000399e-01   1.951468e+00   2.296853e-02
6.142788000000000137e-01   1.969067e+00   2.292873e-02
6.189900000000000402e-01   1.954647e+00   2.284848e-02
6.237013000000000140e-01   1.967655e+00   2.282400e-02
6.284125000000000405e-01   1.963804e+00   2.275850e-02
6.331238000000000143e-01   1.953709e+00   2.266690e-02
6.378350000000000408e-01   1.947020e+00   2.260855e-02
6.425463000000000147e-01   1.945208e+00   2.255287e-02
6.472575000000000411e-01   1.965751e+00   2.257118e-02
6.519688000000000150e-01   1.947071e+00   2.244482e-02
6.566800999999999888e-01   1.926055e+00   2.237911e-02
6.613913000000000153e-01   1.949238e+00   2.235228e-02
6.661025999999999891e-01   1.964913e+00   2.232508e-02
6.708138000000000156e-01   1.931764e+00   2.222754e-02
6.755250999999999895e-01   1.917208e+00   2.215625e-02
6.802363000000000159e-01   1.935348e+00   2.214768e-02
6.849475999999999898e-01   1.920126e+00   2.208951e-02
6.896588999999999636e-01   1.898552e+00   2.200854e-02
6.943700999999999901e-01   1.918030e+00   2.198202e-02
6.990813999999999639e-01   1.910483e+00   2.194258e-02
7.037925999999999904e-01   1.911895e+00   2.191284e-02
7.085038999999999643e-01   1.918273e+00   2.183849e-02
7.132150999999999907e-01   1.932020e+00   2.181373e-02
7.179263999999999646e-01   1.914283e+00   2.171926e-02
7.226375999999999911e-01   1.904786e+00   2.167618e-02
7.273488999999999649e-01   1.914879e+00   2.167210e-02
7.320602000000000498e-01   1.904234e+00   2.158316e-02
7.367713999999999652e-01   1.928387e+00   2.156134e-02
7.414827000000000501e-01   1.901411e+00   2.150189e-02
7.461938999999999655e-01   1.907342e+00   2.145825e-02
7.509052000000000504e-01   1.900718e+00   2.139162e-02
7.556163999999999659e-01   1.901386e+00   2.134126e-02
7.603277000000000507e-01   1.898183e+00   2.130821e-02
7.650390000000000246e-01   1.922878e+00   2.129340e-02
7.697502000000000510e-01   1.881290e+00   2.119802e-02
7.744615000000000249e-01   1.863003e+00   2.111388e-02
7.791727000000000514e-01   1.894111e+00   2.113868e-02
7.838840000000000252e-01   1.911505e+00   2.111602e-02
7.885952000000000517e-01   1.861707e+00   2.100495e-02
7.933065000000000255e-01   1.857922e+00   2.095072e-02
7.980177999999999994e-01   1.858908e+00   2.093201e-02
8.027290000000000258e-01   1.867348e+00   2.089457e-02
8.074402999999999997e-01   1.869895e+00   2.086570e-02
8.121515000000000262e-01   1.851910e+00   2.076156e-02
8.168628000000000000e-01   1.830755e+00   2.068964e-02
8.215740000000000265e-01   1.867893e+00   2.072683e-02
8.262853000000000003e-01   1.861342e+00   2.068112e-02
8.309965000000000268e-01   1.822754e+00   2.058404e-02
8.357078000000000007e-01   1.851605e+00   2.055926e-02
8.404190999999999745e-01   1.833424e+00   2.049092e-02
8.451303000000000010e-01   1.836023e+00   2.047904e-02
8.498415999999999748e-01   1.834006e+00   2.042965e-02
8.545528000000000013e-01   1.824447e+00   2.037942e-02
8.592640999999999751e-01   1.832254e+00   2.033235e-02
8.639753000000000016e-01   1.808050e+00   2.027518e-02
8.686865999999999755e-01   1.815556e+00   2.022406e-02
8.733978999999999493e-01   1.842285e+00   2.023701e-02
8.781090999999999758e-01   1.826495e+00   2.018783e-02
8.828203999999999496e-01   1.799967e+00   2.010890e-02
8.875315999999999761e-01   1.828305e+00   2.009927e-02
8.922428999999999499e-01   1.809007e+00   2.003115e-02
8.969540999999999764e-01   1.801484e+00   1.999961e-02
9.016653999999999503e-01   1.797939e+00   1.995351e-02
9.063767000000000351e-01   1.803816e+00   1.991239e-02
9.110878999999999506e-01   1.786765e+00   1.983122e-02
9.157992000000000354e-01   1.785932e+00   1.981209e-02
9.205103999999999509e-01   1.797005e+00   1.981491e-02
9.252217000000000358e-01   1.771202e+00   1.974718e-02
9.299328999999999512e-01   1.771950e+00   1.968199e-02
9.346442000000000361e-01   1.787707e+00   1.968641e-02
9.393553999999999515e-01   1.781455e+00   1.961718e-02
9.440667000000000364e-01   1.794498e+00   1.961958e-02
9.487780000000000102e-01   1.771322e+00   1.956009e-02
9.534892000000000367e-01   1.757157e+00   1.947463e-02
9.582005000000000106e-01   1.743127e+00   1.944157e-02
9.629117000000000370e-01   1.742485e+00   1.940688e-02
9.676230000000000109e-01   1.747250e+00   1.936569e-02
9.723342000000000374e-01   1.769819e+00   1.937729e-02
9.770455000000000112e-01   1.747940e+00   1.930567e-02
9.817567999999999850e-01   1.731964e+00   1.927737e-02
9.864680000000000115e-01   1.750625e+00   1.923325e-02
9.911792999999999854e-01   1.711226e+00   1.916887e-02
9.958905000000000118e-01   1.734272e+00   1.916146e-02
1.000601999999999991e+00   1.742902e+00   1.916046e-02
1.005312999999999901e+00   1.724865e+00   1.909337e-02
1.010024000000000033e+00   1.734370e+00   1.904662e-02
1.014736000000000082e+00   1.731942e+00   1.900717e-02
1.019446999999999992e+00   1.738499e+00   1.899922e-02
1.024157999999999902e+00   1.736482e+00   1.894669e-02
1.028869000000000034e+00   1.749245e+00   1.892922e-02
1.033581000000000083e+00   1.709175e+00   1.888419e-02
1.038291999999999993e+00   1.701741e+00   1.883956e-02
1.043002999999999902e+00   1.692422e+00   1.877675e-02
1.047714000000000034e+00   1.701870e+00   1.874175e-02
1.052426000000000084e+00   1.722433e+00   1.873079e-02
1.057136999999999993e+00   1.705310e+00   1.870248e-02
1.061847999999999903e+00   1.678971e+00   1.863319e-02
1.066559000000000035e+00   1.665703e+00   1.859485e-02
1.071271000000000084e+00   1.672994e+00   1.856909e-02
1.075981999999999994e+00   1.703445e+00   1.858144e-02
1.080692999999999904e+00   1.694784e+00   1.856227e-02
1.085404000000000035e+00   1.680206e+00   1.849722e-02
1.090116000000000085e+00   1.681030e+00   1.849032e-02
1.094826999999999995e+00   1.678255e+00   1.844201e-02
1.099537999999999904e+00   1.664518e+00   1.837743e-02
1.104249000000000036e+00   1.667297e+00   1.833646e-02
1.108961000000000086e+00   1.644307e+00   1.829670e-02
1.113671999999999995e+00   1.648963e+00   1.827440e-02
1.118382999999999905e+00   1.648036e+00   1.826280e-02
1.123094000000000037e+00   1.627357e+00   1.819118e-02
1.127806000000000086e+00   1.643192e+00   1.817517e-02
1.132516999999999996e+00   1.631550e+00   1.813728e-02
1.137227999999999906e+00   1.672910e+00   1.815406e-02
1.141939000000000037e+00   1.643912e+00   1.810091e-02
1.146651000000000087e+00   1.626381e+00   1.802171e-02
1.151361999999999997e+00   1.608853e+00   1.799014e-02
1.156072999999999906e+00   1.595592e+00   1.795475e-02
1.160784000000000038e+00   1.605649e+00   1.793392e-02
1.165496000000000087e+00   1.606160e+00   1.790146e-02
1.170206999999999997e+00   1.609414e+00   1.787653e-02
1.174917999999999907e+00   1.604954e+00   1.785323e-02
1.179629999999999956e+00   1.593388e+00   1.781465e-02
1.184341000000000088e+00   1.574710e+00   1.773808e-02
1.189051999999999998e+00   1.594492e+00   1.773834e-02
1.193762999999999908e+00   1.607302e+00   1.776944e-02
1.198474999999999957e+00   1.610964e+00   1.816139e-02
1.203186000000000089e+00   1.575116e+00   1.858244e-02
1.207896999999999998e+00   1.568841e+00   1.888070e-02
1.212607999999999908e+00   1.553889e+00   1.911357e-02
1.217319999999999958e+00   1.574985e+00   1.935417e-02
1.222031000000000089e+00   1.579082e+00   1.955531e-02
1.226741999999999999e+00   1.571623e+00   1.973405e-02
1.231452999999999909e+00   1.572687e+00   1.990353e-02
1.236164999999999958e+00   1.574386e+00   2.005315e-02
1.240876000000000090e+00   1.550486e+00   2.014834e-02
1.245587000000000000e+00   1.558318e+00   2.028371e-02
1.250297999999999909e+00   1.545826e+00   2.034216e-02
1.255009999999999959e+00   1.557645e+00   2.041443e-02
1.259721000000000091e+00   1.565157e+00   2.040563e-02
1.264432000000000000e+00   1.554120e+00   1.968736e-02
1.269142999999999910e+00   1.542052e+00   1.916259e-02
1.273854999999999960e+00   1.529848e+00   1.883466e-02
1.278566000000000091e+00   1.504245e+00   1.855682e-02
1.283277000000000001e+00   1.537983e+00   1.839502e-02
1.287987999999999911e+00   1.538317e+00   1.822500e-02
1.292699999999999960e+00   1.478909e+00   1.801850e-02
1.297411000000000092e+00   1.502308e+00   1.788285e-02
1.302122000000000002e+00   1.466141e+00   1.771586e-02
1.306832999999999911e+00   1.484355e+00   1.765157e-02
1.311544999999999961e+00   1.498582e+00   1.760635e-02
1.316256000000000093e+00   1.496151e+00   1.755313e-02
1.320967000000000002e+00   1.495880e+00   1.749265e-02
1.325677999999999912e+00   1.496387e+00   1.746155e-02
1.330389999999999961e+00   1.474490e+00   1.740633e-02
1.335101000000000093e+00   1.463054e+00   1.735729e-02
1.339812000000000003e+00   1.472458e+00   1.730522e-02
1.344522999999999913e+00   1.468269e+00   1.728385e-02
1.349234999999999962e+00   1.456806e+00   1.723228e-02
1.353946000000000094e+00   1.458777e+00   1.718724e-02
1.358657000000000004e+00   1.455717e+00   1.714719e-02
1.363369000000000053e+00   1.469506e+00   1.714132e-02
1.368079999999999963e+00   1.467782e+00   1.711577e-02
1.372791000000000095e+00   1.443544e+00   1.703525e-02
1.377502000000000004e+00   1.421400e+00   1.697779e-02
1.382214000000000054e+00   1.427570e+00   1.695702e-02
1.386924999999999963e+00   1.439690e+00   1.693569e-02
1.391636000000000095e+00   1.426503e+00   1.688987e-02
1.396347000000000005e+00   1.413869e+00   1.685878e-02
1.401059000000000054e+00   1.437484e+00   1.685441e-02
1.405769999999999964e+00   1.414350e+00   1.678175e-02
1.410481000000000096e+00   1.411959e+00   1.675853e-02
1.415192000000000005e+00   1.394893e+00   1.673066e-02
1.419904000000000055e+00   1.395920e+00   1.668352e-02
1.424614999999999965e+00   1.383891e+00   1.664084e-02
1.429326000000000096e+00   1.367686e+00   1.659631e-02
1.434037000000000006e+00   1.369004e+00   1.658960e-02
1.438749000000000056e+00   1.362568e+00   1.654845e-02
1.443459999999999965e+00   1.374262e+00   1.652213e-02
1.448171000000000097e+00   1.375099e+00   1.648853e-02
1.452882000000000007e+00   1.367872e+00   1.645947e-02
1.457594000000000056e+00   1.379627e+00   1.643028e-02
1.462304999999999966e+00   1.357872e+00   1.638314e-02
1.467016000000000098e+00   1.340427e+00   1.634308e-02
1.471727000000000007e+00   1.334957e+00   1.632482e-02
1.476439000000000057e+00   1.332038e+00   1.630663e-02
1.481149999999999967e+00   1.329311e+00   1.626747e-02
1.485861000000000098e+00   1.322136e+00   1.621937e-02
1.490572000000000008e+00   1.331436e+00   1.622245e-02
1.495284000000000058e+00   1.324234e+00   1.618838e-02
1.499994999999999967e+00   1.320685e+00   1.617263e-02
1.504706000000000099e+00   1.303283e+00   1.610982e-02
1.509417000000000009e+00   1.317740e+00   1.610332e-02
1.514129000000000058e+00   1.330030e+00   1.615192e-02
1.518839999999999968e+00   1.313645e+00   1.660473e-02
1.523551000000000100e+00   1.300301e+00   1.693536e-02
1.528262999999999927e+00   1.300436e+00   1.717869e-02
1.532974000000000059e+00   1.288488e+00   1.737119e-02
1.537684999999999969e+00   1.314204e+00   1.757406e-02
1.542396000000000100e+00   1.322088e+00   1.759450e-02
1.547107999999999928e+00   1.298704e+00   1.713906e-02
1.551819000000000059e+00   1.310240e+00   1.690990e-02
1.556529999999999969e+00   1.266677e+00   1.669003e-02
1.561241000000000101e+00   1.272671e+00   1.653172e-02
1.565952999999999928e+00   1.254639e+00   1.633949e-02
1.570664000000000060e+00   1.249578e+00   1.614816e-02
1.575374999999999970e+00   1.271624e+00   1.601302e-02
1.580086000000000102e+00   1.236586e+00   1.584047e-02
1.584797999999999929e+00   1.224074e+00   1.574514e-02
1.589509000000000061e+00   1.241441e+00   1.571484e-02
1.594219999999999970e+00   1.222797e+00   1.568180e-02
1.598931000000000102e+00   1.245230e+00   1.573799e-02
1.603642999999999930e+00   1.227687e+00   1.572906e-02
1.608354000000000061e+00   1.228683e+00   1.575323e-02
1.613064999999999971e+00   1.206817e+00   1.571588e-02
1.617776000000000103e+00   1.215278e+00   1.569531e-02
1.622487999999999930e+00   1.222154e+00   1.566535e-02
1.627199000000000062e+00   1.223145e+00   1.562986e-02
1.631909999999999972e+00   1.206688e+00   1.558071e-02
1.636621000000000103e+00   1.198269e+00   1.555076e-02
1.641332999999999931e+00   1.225666e+00   1.555056e-02
1.646044000000000063e+00   1.208100e+00   1.551231e-02
1.650754999999999972e+00   1.197821e+00   1.549358e-02
1.655466000000000104e+00   1.180298e+00   1.544185e-02
1.660177999999999932e+00   1.177834e+00   1.540799e-02
1.664889000000000063e+00   1.177706e+00   1.539737e-02
1.669599999999999973e+00   1.184804e+00   1.538381e-02
1.674311000000000105e+00   1.179273e+00   1.532873e-02
1.679022999999999932e+00   1.173764e+00   1.529943e-02
1.683734000000000064e+00   1.173342e+00   1.529420e-02
1.688444999999999974e+00   1.166974e+00   1.527607e-02
1.693156000000000105e+00   1.155620e+00   1.522894e-02
1.697867999999999933e+00   1.116612e+00   1.516591e-02
1.702579000000000065e+00   1.162276e+00   1.518789e-02
1.707289999999999974e+00   1.166513e+00   1.517301e-02
1.712002000000000024e+00   1.164001e+00   1.512780e-02
1.716712999999999933e+00   1.141360e+00   1.508470e-02
1.721424000000000065e+00   1.125731e+00   1.506077e-02
1.726134999999999975e+00   1.113697e+00   1.502930e-02
1.730847000000000024e+00   1.131453e+00   1.501779e-02
1.735557999999999934e+00   1.115035e+00   1.497633e-02
1.740269000000000066e+00   1.107033e+00   1.495329e-02
1.744979999999999976e+00   1.129534e+00   1.496046e-02
1.749692000000000025e+00   1.105318e+00   1.491448e-02
1.754402999999999935e+00   1.111756e+00   1.489848e-02
1.759114000000000066e+00   1.094208e+00   1.485486e-02
1.763824999999999976e+00   1.120545e+00   1.485926e-02
1.768537000000000026e+00   1.097125e+00   1.483158e-02
1.773247999999999935e+00   1.080602e+00   1.479158e-02
1.777959000000000067e+00   1.082638e+00   1.476119e-02
1.782669999999999977e+00   1.081675e+00   1.473778e-02
1.787382000000000026e+00   1.078545e+00   1.471972e-02
1.792092999999999936e+00   1.047212e+00   1.467840e-02
1.796804000000000068e+00   1.068432e+00   1.467181e-02
1.801514999999999977e+00   1.060628e+00   1.464652e-02
1.806227000000000027e+00   1.057152e+00   1.463537e-02
1.810937999999999937e+00   1.061013e+00   1.461665e-02
1.815649000000000068e+00   1.057452e+00   1.459230e-02
1.820359999999999978e+00   1.047150e+00   1.455746e-02
1.825072000000000028e+00   1.049165e+00   1.453436e-02
1.829782999999999937e+00   1.027541e+00   1.449238e-02
1.834494000000000069e+00   1.020907e+00   1.447767e-02
1.839204999999999979e+00   1.043337e+00   1.448208e-02
1.843917000000000028e+00   1.047954e+00   1.445335e-02
1.848627999999999938e+00   1.025517e+00   1.441072e-02
1.853339000000000070e+00   1.024289e+00   1.440035e-02
1.858049999999999979e+00   1.035615e+00   1.439589e-02
1.862762000000000029e+00   1.028750e+00   1.436707e-02
1.867472999999999939e+00   1.013072e+00   1.433185e-02
1.872184000000000070e+00   1.005975e+00   1.430561e-02
1.876894999999999980e+00   1.007405e+00   1.428133e-02
1.881607000000000030e+00   1.003675e+00   1.425673e-02
1.886317999999999939e+00   9.963754e-01   1.423981e-02
1.891029000000000071e+00   9.622037e-01   1.419414e-02
1.895740999999999898e+00   1.007908e+00   1.422089e-02
1.900452000000000030e+00   9.920538e-01   1.418731e-02
1.905162999999999940e+00   9.736856e-01   1.414041e-02
1.909874000000000072e+00   9.748469e-01   1.414252e-02
1.914585999999999899e+00   9.656657e-01   1.411655e-02
1.919297000000000031e+00   9.621256e-01   1.409729e-02
1.924007999999999940e+00   9.749459e-01   1.407521e-02
1.928719000000000072e+00   9.529364e-01   1.402859e-02
1.933430999999999900e+00   9.514774e-01   1.401157e-02
1.938142000000000031e+00   9.261811e-01   1.395257e-02
1.942852999999999941e+00   9.428773e-01   1.391990e-02
1.947564000000000073e+00   9.584833e-01   1.390121e-02
1.952275999999999900e+00   9.617171e-01   1.387884e-02
1.956987000000000032e+00   9.490846e-01   1.384266e-02
1.961697999999999942e+00   9.363418e-01   1.381710e-02
1.966409000000000074e+00   9.345614e-01   1.378630e-02
1.971120999999999901e+00   9.403031e-01   1.379430e-02
1.975832000000000033e+00   9.199465e-01   1.377166e-02
1.980542999999999942e+00   9.200754e-01   1.376846e-02
1.985254000000000074e+00   9.175522e-01   1.377548e-02
1.989965999999999902e+00   9.062717e-01   1.375746e-02
1.994677000000000033e+00   9.091396e-01   1.376933e-02
1.999387999999999943e+00   9.158154e-01   1.377074e-02
2.004099000000000075e+00   9.158050e-01   1.410073e-02
2.008811000000000124e+00   9.019092e-01   1.438933e-02
2.013522000000000034e+00   8.942143e-01   1.458276e-02
2.018232999999999944e+00   8.985211e-01   1.475370e-02
2.022943999999999853e+00   9.195316e-01   1.491943e-02
2.027655999999999903e+00   9.052120e-01   1.502183e-02
2.032366999999999813e+00   8.793566e-01   1.507519e-02
2.037078000000000166e+00   8.986709e-01   1.512548e-02
2.041789000000000076e+00   8.828115e-01   1.517111e-02
2.046501000000000126e+00   8.610477e-01   1.517810e-02
2.051212000000000035e+00   8.676913e-01   1.522335e-02
2.055922999999999945e+00   8.721936e-01   1.525229e-02
2.060633999999999855e+00   8.691285e-01   1.530303e-02
2.065345999999999904e+00   8.730211e-01   1.526443e-02
2.070056999999999814e+00   8.606010e-01   1.481123e-02
2.074768000000000168e+00   8.456834e-01   1.450442e-02
2.079480000000000217e+00   8.526557e-01   1.431738e-02
2.084191000000000127e+00   8.491326e-01   1.414870e-02
2.088902000000000037e+00   8.456350e-01   1.403679e-02
2.093612999999999946e+00   8.462757e-01   1.392428e-02
2.098324999999999996e+00   8.535199e-01   1.387288e-02
2.103035999999999905e+00   8.484445e-01   1.382613e-02
2.107746999999999815e+00   8.319840e-01   1.377770e-02
2.112458000000000169e+00   8.170034e-01   1.373556e-02
2.117170000000000218e+00   8.180417e-01   1.369281e-02
2.121881000000000128e+00   8.275185e-01   1.367278e-02
2.126592000000000038e+00   8.343993e-01   1.366964e-02
2.131302999999999948e+00   8.105830e-01   1.360816e-02
2.136014999999999997e+00   8.093069e-01   1.358735e-02
2.140725999999999907e+00   8.256825e-01   1.357886e-02
2.145436999999999816e+00   8.126868e-01   1.355889e-02
2.150148000000000170e+00   8.047280e-01   1.350922e-02
2.154860000000000220e+00   8.074426e-01   1.348764e-02
2.159571000000000129e+00   8.056970e-01   1.346347e-02
2.164282000000000039e+00   8.118605e-01   1.345164e-02
2.168992999999999949e+00   7.902593e-01   1.340096e-02
2.173704999999999998e+00   7.968938e-01   1.339326e-02
2.178415999999999908e+00   7.668959e-01   1.333794e-02
2.183126999999999818e+00   7.735677e-01   1.331694e-02
2.187838000000000171e+00   7.746224e-01   1.330310e-02
2.192550000000000221e+00   7.669190e-01   1.327704e-02
2.197261000000000131e+00   7.803618e-01   1.326871e-02
2.201972000000000040e+00   7.789098e-01   1.325790e-02
2.206682999999999950e+00   7.641806e-01   1.321521e-02
2.211395000000000000e+00   7.646364e-01   1.318939e-02
2.216105999999999909e+00   7.672909e-01   1.318937e-02
2.220816999999999819e+00   7.461481e-01   1.313788e-02
2.225528000000000173e+00   7.456496e-01   1.313325e-02
2.230239999999999778e+00   7.560430e-01   1.310862e-02
2.234951000000000132e+00   7.424132e-01   1.307996e-02
2.239662000000000042e+00   7.398964e-01   1.307720e-02
2.244372999999999951e+00   7.263967e-01   1.304109e-02
2.249085000000000001e+00   7.469454e-01   1.304412e-02
2.253795999999999911e+00   7.439046e-01   1.301996e-02
2.258506999999999820e+00   7.428610e-01   1.299755e-02
2.263218999999999870e+00   7.307341e-01   1.297142e-02
2.267929999999999779e+00   7.227718e-01   1.294507e-02
2.272641000000000133e+00   7.275199e-01   1.294015e-02
2.277352000000000043e+00   7.133925e-01   1.290736e-02
2.282064000000000092e+00   6.964181e-01   1.288063e-02
2.286775000000000002e+00   7.108372e-01   1.286884e-02
2.291485999999999912e+00   7.121502e-01   1.284946e-02
2.296196999999999822e+00   7.200064e-01   1.284802e-02
2.300908999999999871e+00   7.142265e-01   1.282506e-02
2.305619999999999781e+00   7.172986e-01   1.281842e-02
2.310331000000000135e+00   6.874740e-01   1.278398e-02
2.315042000000000044e+00   6.917173e-01   1.277855e-02
2.319754000000000094e+00   6.740960e-01   1.272022e-02
2.324465000000000003e+00   6.899033e-01   1.272274e-02
2.329175999999999913e+00   6.870936e-01   1.271219e-02
2.333886999999999823e+00   6.990006e-01   1.270748e-02
2.338598999999999872e+00   6.902758e-01   1.269565e-02
2.343309999999999782e+00   6.800025e-01   1.266582e-02
2.348021000000000136e+00   6.809610e-01   1.265019e-02
2.352732000000000046e+00   6.704600e-01   1.261256e-02
2.357444000000000095e+00   6.851543e-01   1.261555e-02
2.362155000000000005e+00   6.739264e-01   1.260582e-02
2.366865999999999914e+00   6.822237e-01   1.259668e-02
2.371576999999999824e+00   6.814539e-01   1.257924e-02
2.376288999999999874e+00   6.819107e-01   1.256035e-02
2.380999999999999783e+00   6.636829e-01   1.253813e-02
2.385711000000000137e+00   6.554270e-01   1.251481e-02
2.390422000000000047e+00   6.620457e-01   1.250352e-02
2.395134000000000096e+00   6.610020e-01   1.249535e-02
2.399845000000000006e+00   6.708505e-01   1.248423e-02
2.404555999999999916e+00   6.409917e-01   1.244144e-02
2.409266999999999825e+00   6.407665e-01   1.242733e-02
2.413978999999999875e+00   6.385467e-01   1.240911e-02
2.418689999999999785e+00   6.426250e-01   1.239779e-02
2.423401000000000138e+00   6.320397e-01   1.237480e-02
2.428112000000000048e+00   6.326762e-01   1.236579e-02
2.432824000000000098e+00   6.503157e-01   1.235713e-02
2.437535000000000007e+00   6.387807e-01   1.234936e-02
2.442245999999999917e+00   6.157407e-01   1.231977e-02
2.446957999999999966e+00   6.118992e-01   1.230814e-02
2.451668999999999876e+00   6.119318e-01   1.229183e-02
2.456379999999999786e+00   6.003623e-01   1.227070e-02
2.461091000000000140e+00   6.065959e-01   1.226548e-02
2.465803000000000189e+00   6.218058e-01   1.225755e-02
2.470514000000000099e+00   6.166284e-01   1.223921e-02
2.475225000000000009e+00   6.123375e-01   1.222682e-02
2.479935999999999918e+00   6.155281e-01   1.221775e-02
2.484647999999999968e+00   6.148010e-01   1.220012e-02
2.489358999999999877e+00   6.065560e-01   1.217805e-02
2.494069999999999787e+00   5.907084e-01   1.215516e-02
2.498781000000000141e+00   5.939313e-01   1.214145e-02
2.503493000000000190e+00   5.929328e-01   1.210901e-02
2.508204000000000100e+00   5.842711e-01   1.209778e-02
2.512915000000000010e+00   5.798227e-01   1.208340e-02
2.517625999999999920e+00   6.024341e-01   1.207205e-02
2.522337999999999969e+00   5.917859e-01   1.203373e-02
2.527048999999999879e+00   5.817754e-01   1.200160e-02
2.531759999999999788e+00   5.702299e-01   1.198058e-02
2.536471000000000142e+00   5.790854e-01   1.197371e-02
2.541183000000000192e+00   5.738867e-01   1.196159e-02
2.545894000000000101e+00   5.936214e-01   1.196255e-02
2.550605000000000011e+00   5.814059e-01   1.194288e-02
2.555315999999999921e+00   5.810608e-01   1.193792e-02
2.560027999999999970e+00   5.798404e-01   1.192185e-02
2.564738999999999880e+00   5.491520e-01   1.188838e-02
2.569449999999999790e+00   5.630399e-01   1.190239e-02
2.574161000000000143e+00   5.639633e-01   1.190282e-02
2.578873000000000193e+00   5.659417e-01   1.190270e-02
2.583584000000000103e+00   5.595654e-01   1.189339e-02
2.588295000000000012e+00   5.651201e-01   1.188105e-02
2.593005999999999922e+00   5.540062e-01   1.186211e-02
2.597717999999999972e+00   5.446030e-01   1.184368e-02
2.602428999999999881e+00   5.473438e-01   1.183015e-02
2.607139999999999791e+00   5.568825e-01   1.182994e-02
2.611851000000000145e+00   5.415029e-01   1.179555e-02
2.616563000000000194e+00   5.382817e-01   1.179243e-02
2.621274000000000104e+00   5.436570e-01   1.178275e-02
2.625985000000000014e+00   5.312376e-01   1.175756e-02
2.630697000000000063e+00   5.344880e-01   1.175558e-02
2.635407999999999973e+00   5.310347e-01   1.173935e-02
2.640118999999999883e+00   5.249168e-01   1.171765e-02
2.644829999999999792e+00   5.246921e-01   1.171653e-02
2.649541999999999842e+00   5.301914e-01   1.169988e-02
2.654253000000000196e+00   5.234643e-01   1.168593e-02
2.658964000000000105e+00   5.179924e-01   1.166873e-02
2.663675000000000015e+00   5.329013e-01   1.167203e-02
2.668387000000000064e+00   5.402350e-01   1.167212e-02
2.673097999999999974e+00   5.180343e-01   1.164199e-02
2.677808999999999884e+00   5.212914e-01   1.162267e-02
2.682519999999999794e+00   5.215074e-01   1.161693e-02
2.687231999999999843e+00   5.108334e-01   1.159584e-02
2.691943000000000197e+00   5.117636e-01   1.158950e-02
2.696654000000000106e+00   5.077263e-01   1.157046e-02
2.701365000000000016e+00   5.067479e-01   1.155889e-02
2.706077000000000066e+00   5.016809e-01   1.155245e-02
2.710787999999999975e+00   4.879324e-01   1.152496e-02
2.715498999999999885e+00   5.041691e-01   1.152645e-02
2.720209999999999795e+00   4.883222e-01   1.149402e-02
2.724921999999999844e+00   4.835528e-01   1.148651e-02
2.729633000000000198e+00   4.905549e-01   1.147852e-02
2.734344000000000108e+00   4.845875e-01   1.146486e-02
2.739055000000000017e+00   4.862620e-01   1.145072e-02
2.743767000000000067e+00   4.988966e-01   1.144811e-02
2.748477999999999977e+00   5.086981e-01   1.144587e-02
2.753188999999999886e+00   4.874887e-01   1.142391e-02
2.757899999999999796e+00   4.886248e-01   1.141400e-02
2.762611999999999846e+00   4.837344e-01   1.139894e-02
2.767323000000000199e+00   4.805355e-01   1.139344e-02
2.772034000000000109e+00   4.878483e-01   1.138428e-02
2.776745000000000019e+00   4.881918e-01   1.138123e-02
2.781457000000000068e+00   4.736396e-01   1.135630e-02
2.786167999999999978e+00   4.563666e-01   1.132708e-02
2.790878999999999888e+00   4.837986e-01   1.134165e-02
2.795589999999999797e+00   4.778162e-01   1.132327e-02
2.800301999999999847e+00   4.807380e-01   1.132117e-02
2.805013000000000201e+00   4.771946e-01   1.136344e-02
2.809724000000000110e+00   4.733926e-01   1.165266e-02
2.814436000000000160e+00   4.705501e-01   1.182685e-02
2.819147000000000070e+00   4.613436e-01   1.195772e-02
2.823857999999999979e+00   4.586570e-01   1.207001e-02
2.828568999999999889e+00   4.447207e-01   1.212220e-02
2.833280999999999938e+00   4.464541e-01   1.215449e-02
2.837991999999999848e+00   4.730301e-01   1.222987e-02
2.842703000000000202e+00   4.650240e-01   1.225015e-02
2.847414000000000112e+00   4.573331e-01   1.227274e-02
2.852126000000000161e+00   4.420027e-01   1.229078e-02
2.856837000000000071e+00   4.513386e-01   1.232288e-02
2.861547999999999981e+00   4.486563e-01   1.235139e-02
2.866258999999999890e+00   4.545829e-01   1.238655e-02
2.870970999999999940e+00   4.490999e-01   1.226771e-02
2.875681999999999849e+00   4.393693e-01   1.195281e-02
2.880393000000000203e+00   4.412075e-01   1.177222e-02
2.885104000000000113e+00   4.180730e-01   1.161385e-02
2.889816000000000162e+00   4.175062e-01   1.153191e-02
2.894527000000000072e+00   4.354322e-01   1.150331e-02
2.899237999999999982e+00   4.552625e-01   1.147640e-02
2.903948999999999891e+00   4.434914e-01   1.144213e-02
2.908660999999999941e+00   4.360596e-01   1.141768e-02
2.913371999999999851e+00   4.251310e-01   1.138201e-02
2.918083000000000204e+00   4.306018e-01   1.136091e-02
2.922794000000000114e+00   4.253519e-01   1.133010e-02
2.927506000000000164e+00   4.291213e-01   1.130394e-02
2.932217000000000073e+00   4.275598e-01   1.129900e-02
2.936927999999999983e+00   4.305302e-01   1.129172e-02
2.941638999999999893e+00   4.347774e-01   1.126503e-02
2.946350999999999942e+00   4.292993e-01   1.123842e-02
2.951061999999999852e+00   4.165917e-01   1.120865e-02
2.955773000000000206e+00   4.356647e-01   1.121904e-02
2.960484000000000115e+00   4.157067e-01   1.118640e-02
2.965196000000000165e+00   4.085281e-01   1.117761e-02
2.969907000000000075e+00   4.096308e-01   1.115945e-02
2.974617999999999984e+00   4.075501e-01   1.113655e-02
2.979328999999999894e+00   4.026755e-01   1.111736e-02
2.984040999999999944e+00   3.999776e-01   1.110200e-02
2.988751999999999853e+00   4.096115e-01   1.109886e-02
2.993463000000000207e+00   3.961532e-01   1.107402e-02
2.998174999999999812e+00   4.038702e-01   1.107491e-02
3.002886000000000166e+00   3.877688e-01   1.104762e-02
3.007597000000000076e+00   3.989320e-01   1.103836e-02
3.012307999999999986e+00   3.925908e-01   1.102281e-02
3.017020000000000035e+00   3.942145e-01   1.101297e-02
3.021730999999999945e+00   3.908373e-01   1.099393e-02
3.026441999999999855e+00   3.827725e-01   1.096670e-02
3.031153000000000208e+00   3.935896e-01   1.097395e-02
3.035864999999999814e+00   3.877095e-01   1.095536e-02
3.040576000000000167e+00   3.821741e-01   1.093482e-02
3.045287000000000077e+00   3.766566e-01   1.092829e-02
3.049997999999999987e+00   3.984711e-01   1.093796e-02
3.054710000000000036e+00   4.109603e-01   1.092869e-02
3.059420999999999946e+00   3.880997e-01   1.090149e-02
3.064131999999999856e+00   3.860418e-01   1.088811e-02
3.068843000000000210e+00   3.845930e-01   1.088693e-02
3.073554999999999815e+00   3.844345e-01   1.086831e-02
3.078266000000000169e+00   3.658908e-01   1.083855e-02
3.082977000000000078e+00   3.947212e-01   1.084613e-02
3.087687999999999988e+00   3.830916e-01   1.083314e-02
3.092400000000000038e+00   3.762037e-01   1.082945e-02
3.097110999999999947e+00   3.716699e-01   1.081139e-02
3.101821999999999857e+00   3.681059e-01   1.079564e-02
3.106533000000000211e+00   3.632467e-01   1.078681e-02
3.111244999999999816e+00   3.627224e-01   1.077401e-02
3.115956000000000170e+00   3.680235e-01   1.075664e-02
3.120667000000000080e+00   3.731814e-01   1.074351e-02
3.125377999999999989e+00   3.535749e-01   1.072809e-02
3.130090000000000039e+00   3.643405e-01   1.073521e-02
3.134800999999999949e+00   3.546215e-01   1.070397e-02
3.139511999999999858e+00   3.747655e-01   1.072437e-02
3.144223000000000212e+00   3.555608e-01   1.069181e-02
3.148934999999999818e+00   3.640903e-01   1.068764e-02
3.153646000000000171e+00   3.695118e-01   1.067596e-02
3.158357000000000081e+00   3.592977e-01   1.065889e-02
3.163067999999999991e+00   3.443628e-01   1.063867e-02
3.167780000000000040e+00   3.647809e-01   1.065356e-02
3.172490999999999950e+00   3.567123e-01   1.063291e-02
3.177201999999999860e+00   3.650169e-01   1.062810e-02
3.181913999999999909e+00   3.636716e-01   1.062112e-02
3.186624999999999819e+00   3.571510e-01   1.060186e-02
3.191336000000000173e+00   3.334507e-01   1.055781e-02
3.196047000000000082e+00   3.324684e-01   1.054912e-02
3.200759000000000132e+00   3.408637e-01   1.053354e-02
3.205470000000000041e+00   3.637368e-01   1.054267e-02
3.210180999999999951e+00   3.479520e-01   1.051789e-02
3.214891999999999861e+00   3.504655e-01   1.052169e-02
3.219603999999999910e+00   3.524359e-01   1.051796e-02
3.224314999999999820e+00   3.315725e-01   1.049551e-02
3.229026000000000174e+00   3.528704e-01   1.049867e-02
3.233737000000000084e+00   3.402308e-01   1.046324e-02
3.238449000000000133e+00   3.451476e-01   1.046754e-02
3.243160000000000043e+00   3.465170e-01   1.046780e-02
3.247870999999999952e+00   3.220996e-01   1.044135e-02
3.252581999999999862e+00   3.405919e-01   1.045081e-02
3.257293999999999912e+00   3.381629e-01   1.045508e-02
3.262004999999999821e+00   3.408887e-01   1.045370e-02
3.266716000000000175e+00   3.334394e-01   1.044372e-02
3.271427000000000085e+00   3.272194e-01   1.042552e-02
3.276139000000000134e+00   3.287843e-01   1.041220e-02
3.280850000000000044e+00   3.218834e-01   1.040731e-02
3.285560999999999954e+00   3.135877e-01   1.038754e-02
3.290271999999999863e+00   3.335329e-01   1.038874e-02
3.294983999999999913e+00   3.321765e-01   1.039268e-02
3.299694999999999823e+00   3.369048e-01   1.038910e-02
3.304406000000000176e+00   3.373181e-01   1.037517e-02
3.309117000000000086e+00   3.301720e-01   1.035033e-02
3.313829000000000136e+00   3.164578e-01   1.034065e-02
3.318540000000000045e+00   3.091142e-01   1.032158e-02
3.323250999999999955e+00   3.039105e-01   1.031065e-02
3.327961999999999865e+00   3.194543e-01   1.032058e-02
3.332673999999999914e+00   3.178317e-01   1.031325e-02
3.337384999999999824e+00   3.132123e-01   1.029817e-02
3.342096000000000178e+00   3.022009e-01   1.027286e-02
3.346807000000000087e+00   3.107253e-01   1.027783e-02
3.351519000000000137e+00   3.118914e-01   1.026520e-02
3.356230000000000047e+00   3.059941e-01   1.025924e-02
3.360940999999999956e+00   2.947002e-01   1.024264e-02
3.365653000000000006e+00   3.094755e-01   1.024323e-02
3.370363999999999916e+00   3.268073e-01   1.024863e-02
3.375074999999999825e+00   3.140327e-01   1.022928e-02
3.379786000000000179e+00   3.145006e-01   1.023124e-02
3.384497999999999784e+00   3.053994e-01   1.021873e-02
3.389209000000000138e+00   2.995877e-01   1.025876e-02
3.393920000000000048e+00   3.033950e-01   1.050851e-02
3.398630999999999958e+00   3.078209e-01   1.065300e-02
3.403343000000000007e+00   2.919585e-01   1.075076e-02
3.408053999999999917e+00   2.972895e-01   1.084684e-02
3.412764999999999826e+00   2.972196e-01   1.086392e-02
3.417476000000000180e+00   2.919943e-01   1.085545e-02
3.422187999999999786e+00   2.970556e-01   1.087920e-02
3.426899000000000139e+00   3.011562e-01   1.090355e-02
3.431610000000000049e+00   2.946948e-01   1.091979e-02
3.436320999999999959e+00   2.978418e-01   1.095282e-02
3.441033000000000008e+00   2.611101e-01   1.093498e-02
3.445743999999999918e+00   2.916078e-01   1.098152e-02
3.450454999999999828e+00   3.049925e-01   1.102055e-02
3.455166000000000182e+00   2.828317e-01   1.102099e-02
3.459877999999999787e+00   2.966748e-01   1.104072e-02
3.464589000000000141e+00   2.913831e-01   1.105265e-02
3.469300000000000050e+00   2.874503e-01   1.107780e-02
3.474010999999999960e+00   2.980295e-01   1.109777e-02
3.478723000000000010e+00   2.790234e-01   1.109524e-02
3.483433999999999919e+00   2.944281e-01   1.112295e-02
3.488144999999999829e+00   2.887882e-01   1.112598e-02
3.492856000000000183e+00   2.850308e-01   1.113369e-02
3.497567999999999788e+00   2.816022e-01   1.115521e-02
3.502279000000000142e+00   2.744748e-01   1.115991e-02
3.506990000000000052e+00   2.674546e-01   1.117406e-02
3.511700999999999961e+00   2.655370e-01   1.118308e-02
3.516413000000000011e+00   2.799569e-01   1.119898e-02
3.521123999999999921e+00   2.990806e-01   1.122847e-02
3.525834999999999830e+00   2.727748e-01   1.122057e-02
3.530546000000000184e+00   2.588872e-01   1.122087e-02
3.535257999999999790e+00   2.678800e-01   1.123553e-02
3.539969000000000143e+00   2.896487e-01   1.126368e-02
3.544680000000000053e+00   2.730922e-01   1.125703e-02
3.549392000000000102e+00   2.565979e-01   1.125394e-02
3.554103000000000012e+00   2.661708e-01   1.128690e-02
3.558813999999999922e+00   2.667749e-01   1.129926e-02
3.563524999999999832e+00   2.624626e-01   1.130401e-02
3.568236999999999881e+00   2.660924e-01   1.131409e-02
3.572947999999999791e+00   2.703312e-01   1.131853e-02
3.577659000000000145e+00   2.697972e-01   1.132335e-02
3.582370000000000054e+00   2.753754e-01   1.134223e-02
3.587082000000000104e+00   2.795119e-01   1.134681e-02
3.591793000000000013e+00   2.713893e-01   1.134789e-02
3.596503999999999923e+00   2.633584e-01   1.134770e-02
3.601214999999999833e+00   2.696988e-01   1.133955e-02
3.605926999999999882e+00   2.568950e-01   1.135279e-02
3.610637999999999792e+00   2.681550e-01   1.156383e-02
3.615349000000000146e+00   2.592176e-01   1.191303e-02
3.620060000000000056e+00   2.325038e-01   1.208759e-02
3.624772000000000105e+00   2.602902e-01   1.224991e-02
3.629483000000000015e+00   2.446303e-01   1.232457e-02
3.634193999999999924e+00   2.333223e-01   1.239961e-02
3.638904999999999834e+00   2.446350e-01   1.247595e-02
3.643616999999999884e+00   2.672438e-01   1.258807e-02
3.648327999999999793e+00   2.719965e-01   1.264538e-02
3.653039000000000147e+00   2.619374e-01   1.270976e-02
3.657750000000000057e+00   2.653724e-01   1.277168e-02
3.662462000000000106e+00   2.584963e-01   1.282964e-02
3.667173000000000016e+00   2.474375e-01   1.286771e-02
3.671883999999999926e+00   2.377865e-01   1.292569e-02
3.676594999999999835e+00   2.453357e-01   1.301382e-02
3.681306999999999885e+00   2.393531e-01   1.305960e-02
3.686017999999999795e+00   2.566570e-01   1.313277e-02
3.690729000000000148e+00   2.520831e-01   1.317283e-02
3.695440000000000058e+00   2.606693e-01   1.321588e-02
3.700152000000000108e+00   2.523957e-01   1.327218e-02
3.704863000000000017e+00   2.447543e-01   1.331574e-02
3.709573999999999927e+00   2.401107e-01   1.337667e-02
3.714284999999999837e+00   2.405301e-01   1.345007e-02
3.718996999999999886e+00   2.425228e-01   1.349150e-02
3.723707999999999796e+00   2.487401e-01   1.354234e-02
3.728419000000000150e+00   2.439355e-01   1.357834e-02
3.733131000000000199e+00   2.450400e-01   1.363639e-02
3.737842000000000109e+00   2.385851e-01   1.368942e-02
3.742553000000000019e+00   2.469743e-01   1.376149e-02
3.747263999999999928e+00   2.280220e-01   1.379158e-02
3.751975999999999978e+00   2.137266e-01   1.381470e-02
3.756686999999999887e+00   2.482121e-01   1.392004e-02
3.761397999999999797e+00   2.396282e-01   1.395713e-02
3.766109000000000151e+00   2.419362e-01   1.399608e-02
3.770821000000000200e+00   2.434083e-01   1.404907e-02
3.775532000000000110e+00   2.387460e-01   1.409046e-02
3.780243000000000020e+00   2.502233e-01   1.414111e-02
3.784953999999999930e+00   2.498445e-01   1.420358e-02
3.789665999999999979e+00   2.186977e-01   1.421513e-02
3.794376999999999889e+00   2.265990e-01   1.426658e-02
3.799087999999999798e+00   2.317144e-01   1.434309e-02
3.803799000000000152e+00   2.124536e-01   1.437687e-02
3.808511000000000202e+00   2.188272e-01   1.441969e-02
3.813222000000000111e+00   2.424406e-01   1.449272e-02
3.817933000000000021e+00   2.403725e-01   1.455592e-02
3.822643999999999931e+00   2.343683e-01   1.459032e-02
3.827355999999999980e+00   2.349873e-01   1.463323e-02
3.832066999999999890e+00   2.230182e-01   1.467457e-02
3.836777999999999800e+00   2.370026e-01   1.475255e-02
3.841489000000000154e+00   2.183342e-01   1.476827e-02
3.846201000000000203e+00   2.376567e-01   1.485725e-02
3.850912000000000113e+00   2.183958e-01   1.488279e-02
3.855623000000000022e+00   2.159906e-01   1.491730e-02
3.860333999999999932e+00   2.343544e-01   1.500410e-02
3.865045999999999982e+00   2.340975e-01   1.506605e-02
3.869756999999999891e+00   2.237737e-01   1.508668e-02
3.874467999999999801e+00   2.113612e-01   1.512395e-02
3.879179000000000155e+00   2.255100e-01   1.521965e-02
3.883891000000000204e+00   2.139997e-01   1.524758e-02
3.888602000000000114e+00   2.369650e-01   1.532622e-02
3.893313000000000024e+00   2.216724e-01   1.534776e-02
3.898023999999999933e+00   2.240590e-01   1.540748e-02
3.902735999999999983e+00   2.370467e-01   1.546048e-02
3.907446999999999893e+00   1.932666e-01   1.545414e-02
3.912157999999999802e+00   2.189131e-01   1.555835e-02
3.916869999999999852e+00   2.081956e-01   1.555084e-02
3.921581000000000206e+00   1.949983e-01   1.554538e-02
3.926292000000000115e+00   1.886146e-01   1.556029e-02
3.931003000000000025e+00   2.134787e-01   1.565292e-02
3.935715000000000074e+00   2.090614e-01   1.569382e-02
3.940425999999999984e+00   2.022627e-01   1.571709e-02
3.945136999999999894e+00   2.269829e-01   1.575496e-02
3.949847999999999804e+00   2.145768e-01   1.574771e-02
3.954559999999999853e+00   2.108358e-01   1.576047e-02
3.959271000000000207e+00   2.013548e-01   1.577348e-02
3.963982000000000117e+00   1.903795e-01   1.575105e-02
3.968693000000000026e+00   2.346710e-01   1.582313e-02
3.973405000000000076e+00   2.246754e-01   1.586996e-02
3.978115999999999985e+00   2.111163e-01   1.590407e-02
3.982826999999999895e+00   2.237261e-01   1.599208e-02
3.987537999999999805e+00   1.970972e-01   1.599934e-02
3.992249999999999854e+00   2.103700e-01   1.608321e-02
3.996961000000000208e+00   2.103044e-01   1.613003e-02
4.001672000000000118e+00   1.910402e-01   1.616299e-02
4.006382999999999583e+00   2.045573e-01   1.624363e-02
4.011095000000000077e+00   2.194641e-01   1.628414e-02
4.015806000000000431e+00   2.080153e-01   1.631662e-02
4.020516999999999896e+00   1.835105e-01   1.637677e-02
4.025228000000000250e+00   2.177058e-01   1.647056e-02
4.029939999999999856e+00   2.114680e-01   1.650370e-02
4.034651000000000209e+00   1.961021e-01   1.653835e-02
4.039361999999999675e+00   2.151386e-01   1.660632e-02
4.044073000000000029e+00   2.070134e-01   1.664786e-02
4.048784999999999634e+00   2.028490e-01   1.671588e-02
4.053495999999999988e+00   1.902474e-01   1.677087e-02
4.058207000000000342e+00   2.025788e-01   1.685530e-02
4.062917999999999807e+00   2.033371e-01   1.689093e-02
4.067630000000000301e+00   1.877221e-01   1.695166e-02
4.072340999999999767e+00   1.986225e-01   1.700572e-02
4.077052000000000120e+00   2.054592e-01   1.708360e-02
4.081762999999999586e+00   2.098293e-01   1.713550e-02
4.086475000000000080e+00   2.196334e-01   1.721091e-02
4.091186000000000433e+00   1.955160e-01   1.723375e-02
4.095896999999999899e+00   1.716916e-01   1.727022e-02
4.100609000000000393e+00   1.810381e-01   1.735091e-02
4.105319999999999858e+00   2.077209e-01   1.746136e-02
4.110031000000000212e+00   2.017039e-01   1.750750e-02
4.114741999999999678e+00   2.023352e-01   1.757167e-02
4.119454000000000171e+00   2.075947e-01   1.765379e-02
4.124164999999999637e+00   2.123951e-01   1.770053e-02
4.128875999999999991e+00   2.143131e-01   1.776089e-02
4.133587000000000344e+00   2.056729e-01   1.780432e-02
4.138298999999999950e+00   1.908284e-01   1.786507e-02
4.143010000000000304e+00   2.079392e-01   1.797510e-02
4.147720999999999769e+00   2.147604e-01   1.801157e-02
4.152432000000000123e+00   1.764402e-01   1.803987e-02
4.157143999999999728e+00   1.865565e-01   1.815192e-02
4.161855000000000082e+00   1.917091e-01   1.816646e-02
4.166566000000000436e+00   1.735630e-01   1.826253e-02
4.171276999999999902e+00   1.991716e-01   1.834386e-02
4.175989000000000395e+00   2.054312e-01   1.843481e-02
4.180699999999999861e+00   1.838620e-01   1.849165e-02
4.185411000000000215e+00   1.950222e-01   1.857048e-02
4.190121999999999680e+00   1.743927e-01   1.858571e-02
4.194834000000000174e+00   1.727022e-01   1.867321e-02
4.199544999999999639e+00   1.870214e-01   1.875488e-02
4.204255999999999993e+00   1.999970e-01   1.885042e-02
4.208967000000000347e+00   1.732132e-01   1.884535e-02
4.213678999999999952e+00   1.596800e-01   1.892622e-02
4.218390000000000306e+00   1.788777e-01   1.903720e-02
4.223100999999999772e+00   1.953028e-01   1.914263e-02
4.227812000000000126e+00   1.890783e-01   1.918144e-02
4.232523999999999731e+00   1.598162e-01   1.918573e-02
4.237235000000000085e+00   1.643960e-01   1.929737e-02
4.241946000000000438e+00   1.899619e-01   1.941088e-02
4.246656999999999904e+00   1.891790e-01   1.950007e-02
4.251369000000000398e+00   1.836878e-01   1.954990e-02
4.256079999999999863e+00   1.813124e-01   1.965968e-02
4.260791000000000217e+00   1.910678e-01   1.974367e-02
4.265501999999999683e+00   2.126953e-01   1.989564e-02
4.270214000000000176e+00   2.116913e-01   1.993384e-02
4.274924999999999642e+00   1.882872e-01   1.997922e-02
4.279635999999999996e+00   1.935655e-01   2.009150e-02
4.284347999999999601e+00   1.803123e-01   2.017176e-02
4.289058999999999955e+00   1.479253e-01   2.017067e-02
4.293770000000000309e+00   1.769466e-01   2.029572e-02
4.298480999999999774e+00   1.759758e-01   2.039301e-02
4.303193000000000268e+00   1.875711e-01   2.052593e-02
4.307903999999999733e+00   1.737110e-01   2.055099e-02
4.312615000000000087e+00   1.653193e-01   2.067469e-02
4.317326000000000441e+00   1.699991e-01   2.076756e-02
4.322038000000000046e+00   1.431777e-01   2.075497e-02
4.326749000000000400e+00   1.236027e-01   2.089369e-02
4.331459999999999866e+00   1.565905e-01   2.096231e-02
4.336171000000000220e+00   1.839619e-01   2.111769e-02
4.340882999999999825e+00   1.761409e-01   2.121785e-02
4.345594000000000179e+00   1.608978e-01   2.132132e-02
4.350304999999999644e+00   1.660506e-01   2.140813e-02
4.355015999999999998e+00   1.680133e-01   2.148537e-02
4.359727999999999604e+00   1.807005e-01   2.162724e-02
4.364438999999999957e+00   1.579096e-01   2.172571e-02
4.369150000000000311e+00   1.727874e-01   2.184091e-02
4.373860999999999777e+00   1.597155e-01   2.194957e-02
4.378573000000000270e+00   1.392821e-01   2.200950e-02
4.383283999999999736e+00   1.581239e-01   2.215498e-02
4.387995000000000090e+00   1.748857e-01   2.227450e-02
4.392706000000000444e+00   1.519024e-01   2.228941e-02
4.397418000000000049e+00   1.605688e-01   2.240611e-02
4.402129000000000403e+00   1.633521e-01   2.244478e-02
4.406839999999999868e+00   1.833541e-01   2.250220e-02
4.411551000000000222e+00   1.615153e-01   2.248485e-02
4.416262999999999828e+00   1.946426e-01   2.259876e-02
4.420974000000000181e+00   1.245583e-01   2.247795e-02
4.425684999999999647e+00   1.755006e-01   2.253873e-02
4.430396000000000001e+00   1.820516e-01   2.261412e-02
4.435107999999999606e+00   1.986305e-01   2.265623e-02
4.439818999999999960e+00   1.847968e-01   2.267486e-02
4.444530000000000314e+00   1.484122e-01   2.272482e-02
4.449240999999999779e+00   1.474598e-01   2.281086e-02
4.453953000000000273e+00   1.770000e-01   2.298245e-02
4.458663999999999739e+00   1.695393e-01   2.312371e-02
4.463375000000000092e+00   1.651359e-01   2.319783e-02
4.468086999999999698e+00   1.891901e-01   2.336603e-02
4.472798000000000052e+00   2.210913e-01   2.357706e-02
4.477509000000000405e+00   1.863847e-01   2.359151e-02
4.482219999999999871e+00   1.524185e-01   2.365271e-02
4.486932000000000365e+00   1.743479e-01   2.384162e-02
4.491642999999999830e+00   1.449800e-01   2.396711e-02
4.496354000000000184e+00   1.859835e-01   2.415273e-02
4.501064999999999650e+00   1.882011e-01   2.428731e-02
4.505777000000000143e+00   1.574878e-01   2.437748e-02
4.510487999999999609e+00   1.717243e-01   2.459833e-02
4.515198999999999963e+00   1.738489e-01   2.470744e-02
4.519910000000000316e+00   1.266601e-01   2.476902e-02
4.524621999999999922e+00   1.069607e-01   2.487586e-02
4.529333000000000276e+00   1.708360e-01   2.514716e-02
4.534043999999999741e+00   1.643743e-01   2.527342e-02
4.538755000000000095e+00   1.671372e-01   2.546841e-02
4.543466999999999700e+00   2.100952e-01   2.566641e-02
4.548178000000000054e+00   1.592279e-01   2.562471e-02
4.552889000000000408e+00   1.378073e-01   2.582069e-02
4.557599999999999874e+00   1.222144e-01   2.596464e-02
4.562312000000000367e+00   1.441054e-01   2.615815e-02
4.567022999999999833e+00   1.521827e-01   2.628417e-02
4.571734000000000187e+00   1.591299e-01   2.654952e-02
4.576444999999999652e+00   1.491983e-01   2.665757e-02
4.581157000000000146e+00   1.446697e-01   2.686144e-02
4.585867999999999611e+00   1.789392e-01   2.709771e-02
4.590578999999999965e+00   1.274723e-01   2.724026e-02
4.595290000000000319e+00   1.608497e-01   2.749799e-02
4.600001999999999924e+00   1.354879e-01   2.768807e-02
4.604713000000000278e+00   1.322057e-01   2.785936e-02
4.609423999999999744e+00   1.402520e-01   2.803600e-02
4.614135000000000097e+00   1.662160e-01   2.831001e-02
4.618846999999999703e+00   1.548922e-01   2.849249e-02
4.623558000000000057e+00   1.295644e-01   2.867581e-02
4.628269000000000410e+00   1.631348e-01   2.903125e-02
4.632979999999999876e+00   1.301046e-01   2.911954e-02
4.637692000000000370e+00   1.021239e-01   2.933114e-02
4.642402999999999835e+00   1.888016e-01   2.974567e-02
4.647114000000000189e+00   1.583738e-01   2.984753e-02
4.651825999999999794e+00   1.621195e-01   3.021740e-02
4.656537000000000148e+00   1.316488e-01   3.034268e-02
4.661247999999999614e+00   1.224497e-01   3.060493e-02
4.665958999999999968e+00   1.411791e-01   3.087444e-02
4.670670999999999573e+00   1.134337e-01   3.115742e-02
4.675381999999999927e+00   1.648999e-01   3.158428e-02
4.680093000000000281e+00   1.585554e-01   3.173640e-02
4.684803999999999746e+00   1.324386e-01   3.196092e-02
4.689516000000000240e+00   1.015846e-01   3.222325e-02
4.694226999999999705e+00   1.287307e-01   3.264493e-02
4.698938000000000059e+00   1.797779e-01   3.301503e-02
4.703649000000000413e+00   2.080479e-01   3.350942e-02
4.708361000000000018e+00   1.321448e-01   3.351681e-02
4.713072000000000372e+00   1.635854e-01   3.393672e-02
4.717782999999999838e+00   1.632126e-01   3.439454e-02
4.722494000000000192e+00   1.551080e-01   3.471893e-02
4.727205999999999797e+00   1.146315e-01   3.501218e-02
4.731917000000000151e+00   1.185364e-01   3.541497e-02
4.736627999999999616e+00   1.280986e-01   3.576467e-02
4.741338999999999970e+00   1.141023e-01   3.624343e-02
4.746050999999999576e+00   1.303480e-01   3.690438e-02
4.750761999999999929e+00   1.555645e-01   3.738429e-02
4.755473000000000283e+00   1.397191e-01   3.765569e-02
4.760183999999999749e+00   2.092298e-01   3.831804e-02
4.764896000000000242e+00   2.157031e-01   3.879429e-02
4.769606999999999708e+00   1.584337e-01   3.914828e-02
4.774318000000000062e+00   1.922064e-01   3.974711e-02
4.779029000000000416e+00   2.083837e-01   4.046108e-02
4.783741000000000021e+00   1.944617e-01   4.101912e-02
4.788452000000000375e+00   1.410889e-01   4.159072e-02
4.793162999999999840e+00   1.093425e-01   4.188562e-02
4.797874000000000194e+00   1.107585e-01   4.258884e-02
4.802585999999999800e+00   1.286017e-01   4.349706e-02
4.807297000000000153e+00   1.102140e-01   4.418585e-02
4.812007999999999619e+00   1.663845e-01   4.527275e-02
4.816718999999999973e+00   1.341671e-01   4.583641e-02
4.821430999999999578e+00   1.295623e-01   4.667485e-02
4.826141999999999932e+00   1.009620e-01   4.754584e-02
4.830853000000000286e+00   7.926339e-02   4.840603e-02
4.835564999999999891e+00   5.969213e-02   4.942238e-02
4.840276000000000245e+00   1.720777e-01   5.102662e-02
4.844986999999999711e+00   1.206004e-01   5.207153e-02
4.849698000000000064e+00   1.411655e-01   5.339442e-02
4.854409999999999670e+00   1.859774e-01   5.504596e-02
4.859121000000000024e+00   1.503764e-01   5.606902e-02
4.863832000000000377e+00   5.677879e-02   5.725447e-02
4.868542999999999843e+00   1.622155e-01   5.987260e-02
4.873255000000000337e+00   1.982641e-01   6.191533e-02
4.877965999999999802e+00   1.853833e-01   6.380651e-02
4.882677000000000156e+00   7.332175e-02   6.514364e-02
4.887387999999999622e+00   6.966618e-02   6.839629e-02
4.892100000000000115e+00   1.594771e-01   7.181592e-02
4.896810999999999581e+00   8.446431e-02   7.426193e-02
4.901521999999999935e+00   6.080133e-02   7.851763e-02
4.906233000000000288e+00   2.175977e-01   8.372120e-02
4.910944999999999894e+00   2.232107e-01   8.961622e-02
4.915656000000000247e+00   2.652128e-01   9.660292e-02
4.920366999999999713e+00   2.578361e-01   1.053764e-01
4.925078000000000067e+00   4.962547e-02   1.148350e-01
4.929789999999999672e+00   9.245710e-02   1.310390e-01
4.934501000000000026e+00   2.049618e-01   1.581917e-01
4.939212000000000380e+00   1.622826e-01   2.087338e-01
4.943922999999999845e+00   5.393231e-01   3.722877e-01