# [1]
# Sample c= 7.95 mg/ml
# Intensity scaled by concentration
# Buffer subtracted data file:
# Protein DatFile = /data/visitor/mx1908/bm29/20161119/giulio/1d/mM300_148_ave.dat
# Buffer DatFile = /data/visitor/mx1908/bm29/20161119/giulio/ednaSub/mM300_148_ave_averbuffer.dat
# 
# AutoRg: Rg   =   0.8355 +/- 0.06 ( 7.1%)
# AutoRg: I(0) =   2.32 +/- 0.0045
# AutoRg: Points   88 to 306 ( 219 total)
# AutoRg: Quality: 84.0%
# 
# 
# Sample Information:
# Storage Temperature (degrees C): 20.0
# Measurement Temperature (degrees C): 19.93
# Concentration: 7.95
# Code: 
3.479420999999999903e-02   3.191516e+00   2.387044e+00
3.950545999999999919e-02   1.994472e+00   9.500091e-01
4.421672000000000102e-02   2.031724e+00   6.212733e-01
4.892798000000000286e-02   1.692158e+00   4.762499e-01
5.363923000000000302e-02   2.093978e+00   3.840487e-01
5.835048999999999791e-02   2.175059e+00   3.168275e-01
6.306174999999999975e-02   2.205524e+00   2.645189e-01
6.777299999999999991e-02   2.503049e+00   2.275056e-01
7.248425999999999481e-02   2.108572e+00   1.971869e-01
7.719552000000000358e-02   2.199062e+00   1.755751e-01
8.190677000000000374e-02   2.444006e+00   1.582350e-01
8.661802999999999864e-02   2.367236e+00   1.432876e-01
9.132928999999999353e-02   2.331325e+00   1.318226e-01
9.604053999999999369e-02   2.214082e+00   1.224806e-01
1.007518000000000025e-01   2.273754e+00   1.144981e-01
1.054631000000000041e-01   2.289084e+00   1.075815e-01
1.101743000000000028e-01   2.261792e+00   1.015297e-01
1.148856000000000044e-01   2.360821e+00   9.694478e-02
1.195968000000000031e-01   2.182083e+00   9.155102e-02
1.243081000000000047e-01   2.317794e+00   8.826906e-02
1.290193000000000034e-01   2.291290e+00   8.488833e-02
1.337306000000000050e-01   2.213157e+00   8.155862e-02
1.384419000000000066e-01   2.346803e+00   7.952476e-02
1.431531000000000053e-01   2.277772e+00   7.659666e-02
1.478644000000000069e-01   2.316037e+00   7.463507e-02
1.525756000000000057e-01   2.259449e+00   7.230417e-02
1.572869000000000073e-01   2.298199e+00   7.073731e-02
1.619981000000000060e-01   2.369105e+00   6.928664e-02
1.667094000000000076e-01   2.415614e+00   6.804372e-02
1.714206000000000063e-01   2.277829e+00   6.603588e-02
1.761319000000000079e-01   2.291631e+00   6.465304e-02
1.808432000000000095e-01   2.245758e+00   6.310580e-02
1.855544000000000082e-01   2.253828e+00   6.208405e-02
1.902657000000000098e-01   2.240490e+00   6.100021e-02
1.949769000000000085e-01   2.256607e+00   6.013936e-02
1.996882000000000101e-01   2.297756e+00   5.922980e-02
2.043994000000000089e-01   2.235111e+00   5.808066e-02
2.091107000000000105e-01   2.289722e+00   5.755822e-02
2.138220000000000121e-01   2.341593e+00   5.702012e-02
2.185332000000000108e-01   2.327798e+00   5.606486e-02
2.232445000000000124e-01   2.295893e+00   5.513960e-02
2.279557000000000111e-01   2.315833e+00   5.452455e-02
2.326670000000000127e-01   2.256902e+00   5.364235e-02
2.373782000000000114e-01   2.308221e+00   5.315935e-02
2.420895000000000130e-01   2.350791e+00   5.264792e-02
2.468007000000000117e-01   2.266066e+00   5.174776e-02
2.515120000000000133e-01   2.227984e+00   5.100442e-02
2.562232999999999872e-01   2.307563e+00   5.077904e-02
2.609345000000000137e-01   2.200242e+00   4.978326e-02
2.656457999999999875e-01   2.277514e+00   4.955383e-02
2.703570000000000140e-01   2.297329e+00   4.918863e-02
2.750682999999999878e-01   2.227802e+00   4.852231e-02
2.797795000000000143e-01   2.267599e+00   4.813310e-02
2.844907999999999881e-01   2.245119e+00   4.759924e-02
2.892021000000000175e-01   2.232891e+00   4.712720e-02
2.939132999999999885e-01   2.246452e+00   4.678436e-02
2.986246000000000178e-01   2.185968e+00   4.607810e-02
3.033357999999999888e-01   2.332516e+00   4.630872e-02
3.080471000000000181e-01   2.291497e+00   4.577297e-02
3.127582999999999891e-01   2.223554e+00   4.510642e-02
3.174696000000000184e-01   2.244706e+00   4.479282e-02
3.221808999999999923e-01   2.253087e+00   4.443858e-02
3.268921000000000188e-01   2.230114e+00   4.404565e-02
3.316033999999999926e-01   2.243327e+00   4.383367e-02
3.363146000000000191e-01   2.253264e+00   4.421418e-02
3.410258999999999929e-01   2.288135e+00   4.468862e-02
3.457371000000000194e-01   2.295715e+00   4.493330e-02
3.504483999999999932e-01   2.222916e+00   4.525281e-02
3.551596000000000197e-01   2.249816e+00   4.634192e-02
3.598708999999999936e-01   2.267444e+00   4.696947e-02
3.645822000000000229e-01   2.198612e+00   4.720333e-02
3.692933999999999939e-01   2.142009e+00   4.729099e-02
3.740047000000000232e-01   2.216428e+00   4.799769e-02
3.787158999999999942e-01   2.217801e+00   4.824881e-02
3.834272000000000236e-01   2.135681e+00   4.816258e-02
3.881383999999999945e-01   2.213704e+00   4.874684e-02
3.928497000000000239e-01   2.263246e+00   5.007170e-02
3.975609999999999977e-01   2.200863e+00   5.136363e-02
4.022722000000000242e-01   2.194826e+00   5.244670e-02
4.069834999999999980e-01   2.182675e+00   5.345371e-02
4.116947000000000245e-01   2.182527e+00   5.426286e-02
4.164059999999999984e-01   2.133127e+00   5.480916e-02
4.211172000000000248e-01   2.253902e+00   5.620326e-02
4.258284999999999987e-01   2.247425e+00   5.709368e-02
4.305397000000000252e-01   2.185680e+00   5.758567e-02
4.352509999999999990e-01   2.264446e+00   5.872962e-02
4.399622999999999728e-01   2.301028e+00   5.976381e-02
4.446734999999999993e-01   2.200595e+00   6.036836e-02
4.493847999999999732e-01   2.209033e+00   6.129216e-02
4.540959999999999996e-01   2.244928e+00   6.193200e-02
4.588072999999999735e-01   2.250873e+00   5.978087e-02
4.635185000000000000e-01   2.241753e+00   5.833733e-02
4.682297999999999738e-01   2.226732e+00   5.742669e-02
4.729411000000000032e-01   2.154684e+00   5.640829e-02
4.776522999999999741e-01   2.163895e+00   5.588502e-02
4.823636000000000035e-01   2.134378e+00   5.542365e-02
4.870747999999999744e-01   2.147249e+00   5.510205e-02
4.917861000000000038e-01   2.156672e+00   5.484620e-02
4.964972999999999748e-01   2.171286e+00   5.450292e-02
5.012086000000000041e-01   2.240432e+00   5.459062e-02
5.059198999999999780e-01   2.202277e+00   5.419396e-02
5.106311000000000044e-01   2.217283e+00   5.402154e-02
5.153423999999999783e-01   2.137174e+00   5.336909e-02
5.200536000000000048e-01   2.156807e+00   5.306205e-02
5.247648999999999786e-01   2.130269e+00   5.257592e-02
5.294761000000000051e-01   2.147765e+00   5.229444e-02
5.341873999999999789e-01   2.185817e+00   5.210332e-02
5.388986000000000054e-01   2.165753e+00   5.158828e-02
5.436098999999999792e-01   2.133271e+00   5.113868e-02
5.483211999999999531e-01   2.197398e+00   5.117580e-02
5.530323999999999796e-01   2.230326e+00   5.093758e-02
5.577436999999999534e-01   2.159822e+00   5.035450e-02
5.624548999999999799e-01   2.173647e+00   5.015629e-02
5.671661999999999537e-01   2.124659e+00   4.969870e-02
5.718773999999999802e-01   2.099809e+00   4.944495e-02
5.765886999999999540e-01   2.150160e+00   4.948563e-02
5.813000000000000389e-01   2.200613e+00   4.965007e-02
5.860111999999999544e-01   2.143286e+00   4.927745e-02
5.907225000000000392e-01   2.111630e+00   4.899534e-02
5.954336999999999547e-01   2.179813e+00   4.913881e-02
6.001450000000000395e-01   2.155751e+00   4.889498e-02
6.048561999999999550e-01   2.084158e+00   4.852656e-02
6.095675000000000399e-01   2.120680e+00   4.865199e-02
6.142788000000000137e-01   2.116805e+00   4.856559e-02
6.189900000000000402e-01   2.126494e+00   4.833920e-02
6.237013000000000140e-01   2.182185e+00   4.850836e-02
6.284125000000000405e-01   2.139985e+00   4.821476e-02
6.331238000000000143e-01   2.072467e+00   4.776128e-02
6.378350000000000408e-01   2.101918e+00   4.782724e-02
6.425463000000000147e-01   2.081730e+00   4.767656e-02
6.472575000000000411e-01   2.058988e+00   4.743899e-02
6.519688000000000150e-01   2.058542e+00   4.729440e-02
6.566800999999999888e-01   2.052946e+00   4.717498e-02
6.613913000000000153e-01   2.088419e+00   4.722128e-02
6.661025999999999891e-01   2.117481e+00   4.727017e-02
6.708138000000000156e-01   2.081069e+00   4.695642e-02
6.755250999999999895e-01   2.080896e+00   4.688818e-02
6.802363000000000159e-01   2.063561e+00   4.673603e-02
6.849475999999999898e-01   2.051026e+00   4.655034e-02
6.896588999999999636e-01   2.062274e+00   4.650708e-02
6.943700999999999901e-01   2.083254e+00   4.650084e-02
6.990813999999999639e-01   2.114203e+00   4.654266e-02
7.037925999999999904e-01   2.045026e+00   4.615373e-02
7.085038999999999643e-01   2.083140e+00   4.614701e-02
7.132150999999999907e-01   2.062886e+00   4.604343e-02
7.179263999999999646e-01   2.078251e+00   4.606157e-02
7.226375999999999911e-01   2.090941e+00   4.597158e-02
7.273488999999999649e-01   2.076466e+00   4.581487e-02
7.320602000000000498e-01   2.049385e+00   4.563589e-02
7.367713999999999652e-01   2.022562e+00   4.534384e-02
7.414827000000000501e-01   1.993872e+00   4.522366e-02
7.461938999999999655e-01   2.070772e+00   4.543372e-02
7.509052000000000504e-01   2.069509e+00   4.525468e-02
7.556163999999999659e-01   2.075306e+00   4.519287e-02
7.603277000000000507e-01   2.006826e+00   4.489421e-02
7.650390000000000246e-01   2.037228e+00   4.490484e-02
7.697502000000000510e-01   1.975261e+00   4.457530e-02
7.744615000000000249e-01   1.994813e+00   4.451169e-02
7.791727000000000514e-01   1.971581e+00   4.438195e-02
7.838840000000000252e-01   1.993314e+00   4.440206e-02
7.885952000000000517e-01   2.040898e+00   4.449471e-02
7.933065000000000255e-01   1.946276e+00   4.405876e-02
7.980177999999999994e-01   2.043122e+00   4.438242e-02
8.027290000000000258e-01   2.009245e+00   4.411114e-02
8.074402999999999997e-01   2.038690e+00   4.413698e-02
8.121515000000000262e-01   1.994876e+00   4.383905e-02
8.168628000000000000e-01   2.029066e+00   4.387846e-02
8.215740000000000265e-01   2.019606e+00   4.375531e-02
8.262853000000000003e-01   1.948212e+00   4.346514e-02
8.309965000000000268e-01   1.924975e+00   4.323809e-02
8.357078000000000007e-01   1.942817e+00   4.323555e-02
8.404190999999999745e-01   1.917284e+00   4.303953e-02
8.451303000000000010e-01   1.958044e+00   4.311459e-02
8.498415999999999748e-01   2.010138e+00   4.322000e-02
8.545528000000000013e-01   1.940411e+00   4.293313e-02
8.592640999999999751e-01   1.959194e+00   4.288775e-02
8.639753000000000016e-01   1.952801e+00   4.282653e-02
8.686865999999999755e-01   1.943220e+00   4.266656e-02
8.733978999999999493e-01   1.881183e+00   4.231751e-02
8.781090999999999758e-01   1.936333e+00   4.247235e-02
8.828203999999999496e-01   1.961390e+00   4.250059e-02
8.875315999999999761e-01   1.918002e+00   4.226560e-02
8.922428999999999499e-01   1.906698e+00   4.215259e-02
8.969540999999999764e-01   1.883487e+00   4.194971e-02
9.016653999999999503e-01   1.931750e+00   4.208272e-02
9.063767000000000351e-01   1.991097e+00   4.223317e-02
9.110878999999999506e-01   1.915488e+00   4.182406e-02
9.157992000000000354e-01   1.875965e+00   4.163023e-02
9.205103999999999509e-01   1.879827e+00   4.159821e-02
9.252217000000000358e-01   1.921896e+00   4.165477e-02
9.299328999999999512e-01   1.903784e+00   4.148157e-02
9.346442000000000361e-01   1.883405e+00   4.134179e-02
9.393553999999999515e-01   1.914443e+00   4.141366e-02
9.440667000000000364e-01   1.922439e+00   4.138127e-02
9.487780000000000102e-01   1.811353e+00   4.088403e-02
9.534892000000000367e-01   1.915104e+00   4.115292e-02
9.582005000000000106e-01   1.921836e+00   4.112202e-02
9.629117000000000370e-01   1.904794e+00   4.101117e-02
9.676230000000000109e-01   1.872691e+00   4.081634e-02
9.723342000000000374e-01   1.889884e+00   4.080610e-02
9.770455000000000112e-01   1.880469e+00   4.072278e-02
9.817567999999999850e-01   1.894745e+00   4.069911e-02
9.864680000000000115e-01   1.844885e+00   4.044152e-02
9.911792999999999854e-01   1.829696e+00   4.030641e-02
9.958905000000000118e-01   1.881794e+00   4.043737e-02
1.000601999999999991e+00   1.809554e+00   4.013542e-02
1.005312999999999901e+00   1.837093e+00   4.015693e-02
1.010024000000000033e+00   1.883615e+00   4.025436e-02
1.014736000000000082e+00   1.879405e+00   4.012226e-02
1.019446999999999992e+00   1.831551e+00   3.991215e-02
1.024157999999999902e+00   1.795798e+00   3.972121e-02
1.028869000000000034e+00   1.792169e+00   3.962141e-02
1.033581000000000083e+00   1.741750e+00   3.936897e-02
1.038291999999999993e+00   1.804927e+00   3.953153e-02
1.043002999999999902e+00   1.800704e+00   3.944428e-02
1.047714000000000034e+00   1.806666e+00   3.941397e-02
1.052426000000000084e+00   1.772562e+00   3.925412e-02
1.057136999999999993e+00   1.768841e+00   3.916858e-02
1.061847999999999903e+00   1.771714e+00   3.908417e-02
1.066559000000000035e+00   1.749172e+00   3.890401e-02
1.071271000000000084e+00   1.754480e+00   3.889715e-02
1.075981999999999994e+00   1.793931e+00   3.899375e-02
1.080692999999999904e+00   1.760156e+00   3.886397e-02
1.085404000000000035e+00   1.689713e+00   3.844993e-02
1.090116000000000085e+00   1.765071e+00   3.867771e-02
1.094826999999999995e+00   1.758579e+00   3.860932e-02
1.099537999999999904e+00   1.718627e+00   3.840269e-02
1.104249000000000036e+00   1.763265e+00   3.852755e-02
1.108961000000000086e+00   1.745131e+00   3.839304e-02
1.113671999999999995e+00   1.738916e+00   3.829501e-02
1.118382999999999905e+00   1.741693e+00   3.825218e-02
1.123094000000000037e+00   1.737320e+00   3.813007e-02
1.127806000000000086e+00   1.747013e+00   3.812070e-02
1.132516999999999996e+00   1.747953e+00   3.805051e-02
1.137227999999999906e+00   1.702830e+00   3.786295e-02
1.141939000000000037e+00   1.678202e+00   3.773574e-02
1.146651000000000087e+00   1.669336e+00   3.763923e-02
1.151361999999999997e+00   1.699896e+00   3.767868e-02
1.156072999999999906e+00   1.687953e+00   3.757698e-02
1.160784000000000038e+00   1.688498e+00   3.756117e-02
1.165496000000000087e+00   1.729341e+00   3.760749e-02
1.170206999999999997e+00   1.703222e+00   3.746028e-02
1.174917999999999907e+00   1.614586e+00   3.712852e-02
1.179629999999999956e+00   1.714746e+00   3.739724e-02
1.184341000000000088e+00   1.692041e+00   3.725389e-02
1.189051999999999998e+00   1.681511e+00   3.716327e-02
1.193762999999999908e+00   1.699157e+00   3.723389e-02
1.198474999999999957e+00   1.648170e+00   3.781513e-02
1.203186000000000089e+00   1.670991e+00   3.894622e-02
1.207896999999999998e+00   1.698621e+00   3.969438e-02
1.212607999999999908e+00   1.671561e+00   4.012333e-02
1.217319999999999958e+00   1.643942e+00   4.048722e-02
1.222031000000000089e+00   1.624271e+00   4.080449e-02
1.226741999999999999e+00   1.597028e+00   4.107949e-02
1.231452999999999909e+00   1.609876e+00   4.152860e-02
1.236164999999999958e+00   1.642738e+00   4.201518e-02
1.240876000000000090e+00   1.674670e+00   4.245113e-02
1.245587000000000000e+00   1.619729e+00   4.239721e-02
1.250297999999999909e+00   1.573019e+00   4.234253e-02
1.255009999999999959e+00   1.640747e+00   4.264501e-02
1.259721000000000091e+00   1.651601e+00   4.276094e-02
1.264432000000000000e+00   1.596414e+00   4.104135e-02
1.269142999999999910e+00   1.590823e+00   3.998524e-02
1.273854999999999960e+00   1.584729e+00   3.929464e-02
1.278566000000000091e+00   1.588111e+00   3.878286e-02
1.283277000000000001e+00   1.586788e+00   3.835287e-02
1.287987999999999911e+00   1.590467e+00   3.800679e-02
1.292699999999999960e+00   1.580934e+00   3.765882e-02
1.297411000000000092e+00   1.578133e+00   3.735548e-02
1.302122000000000002e+00   1.551231e+00   3.699262e-02
1.306832999999999911e+00   1.544683e+00   3.678418e-02
1.311544999999999961e+00   1.567171e+00   3.677682e-02
1.316256000000000093e+00   1.510869e+00   3.643714e-02
1.320967000000000002e+00   1.534749e+00   3.645286e-02
1.325677999999999912e+00   1.568037e+00   3.646996e-02
1.330389999999999961e+00   1.534385e+00   3.630994e-02
1.335101000000000093e+00   1.511457e+00   3.614601e-02
1.339812000000000003e+00   1.556406e+00   3.621933e-02
1.344522999999999913e+00   1.529508e+00   3.601074e-02
1.349234999999999962e+00   1.547967e+00   3.599764e-02
1.353946000000000094e+00   1.500685e+00   3.582911e-02
1.358657000000000004e+00   1.492639e+00   3.571491e-02
1.363369000000000053e+00   1.519666e+00   3.571562e-02
1.368079999999999963e+00   1.485535e+00   3.553242e-02
1.372791000000000095e+00   1.521684e+00   3.561722e-02
1.377502000000000004e+00   1.525715e+00   3.556892e-02
1.382214000000000054e+00   1.476787e+00   3.531876e-02
1.386924999999999963e+00   1.440779e+00   3.513149e-02
1.391636000000000095e+00   1.463940e+00   3.516180e-02
1.396347000000000005e+00   1.472295e+00   3.514558e-02
1.401059000000000054e+00   1.486764e+00   3.511868e-02
1.405769999999999964e+00   1.456267e+00   3.494166e-02
1.410481000000000096e+00   1.424146e+00   3.478275e-02
1.415192000000000005e+00   1.424122e+00   3.477024e-02
1.419904000000000055e+00   1.437348e+00   3.473328e-02
1.424614999999999965e+00   1.441939e+00   3.468380e-02
1.429326000000000096e+00   1.443660e+00   3.461665e-02
1.434037000000000006e+00   1.407014e+00   3.443406e-02
1.438749000000000056e+00   1.389292e+00   3.430837e-02
1.443459999999999965e+00   1.436774e+00   3.445362e-02
1.448171000000000097e+00   1.408884e+00   3.431117e-02
1.452882000000000007e+00   1.444559e+00   3.437177e-02
1.457594000000000056e+00   1.416606e+00   3.422218e-02
1.462304999999999966e+00   1.413769e+00   3.414818e-02
1.467016000000000098e+00   1.417025e+00   3.408019e-02
1.471727000000000007e+00   1.399920e+00   3.397484e-02
1.476439000000000057e+00   1.338438e+00   3.374389e-02
1.481149999999999967e+00   1.370876e+00   3.379164e-02
1.485861000000000098e+00   1.391945e+00   3.382686e-02
1.490572000000000008e+00   1.380019e+00   3.375701e-02
1.495284000000000058e+00   1.400406e+00   3.378924e-02
1.499994999999999967e+00   1.429376e+00   3.382287e-02
1.504706000000000099e+00   1.346213e+00   3.347225e-02
1.509417000000000009e+00   1.375974e+00   3.352480e-02
1.514129000000000058e+00   1.366531e+00   3.356482e-02
1.518839999999999968e+00   1.333604e+00   3.443580e-02
1.523551000000000100e+00   1.329350e+00   3.518178e-02
1.528262999999999927e+00   1.341769e+00   3.571121e-02
1.532974000000000059e+00   1.358279e+00   3.621060e-02
1.537684999999999969e+00   1.324560e+00   3.644002e-02
1.542396000000000100e+00   1.321277e+00   3.639792e-02
1.547107999999999928e+00   1.356467e+00   3.560933e-02
1.551819000000000059e+00   1.369592e+00   3.516223e-02
1.556529999999999969e+00   1.361181e+00   3.479841e-02
1.561241000000000101e+00   1.303106e+00   3.426649e-02
1.565952999999999928e+00   1.370222e+00   3.415535e-02
1.570664000000000060e+00   1.305761e+00   3.356202e-02
1.575374999999999970e+00   1.266271e+00   3.309900e-02
1.580086000000000102e+00   1.360965e+00   3.313792e-02
1.584797999999999929e+00   1.281424e+00   3.270350e-02
1.589509000000000061e+00   1.290603e+00   3.261818e-02
1.594219999999999970e+00   1.272863e+00   3.255864e-02
1.598931000000000102e+00   1.254842e+00   3.255178e-02
1.603642999999999930e+00   1.269881e+00   3.267012e-02
1.608354000000000061e+00   1.298765e+00   3.279131e-02
1.613064999999999971e+00   1.297689e+00   3.275389e-02
1.617776000000000103e+00   1.308794e+00   3.270806e-02
1.622487999999999930e+00   1.244701e+00   3.245717e-02
1.627199000000000062e+00   1.307773e+00   3.261919e-02
1.631909999999999972e+00   1.244297e+00   3.237603e-02
1.636621000000000103e+00   1.245546e+00   3.230122e-02
1.641332999999999931e+00   1.227257e+00   3.219220e-02
1.646044000000000063e+00   1.232457e+00   3.216788e-02
1.650754999999999972e+00   1.239635e+00   3.213078e-02
1.655466000000000104e+00   1.184107e+00   3.190282e-02
1.660177999999999932e+00   1.156481e+00   3.177713e-02
1.664889000000000063e+00   1.162161e+00   3.176323e-02
1.669599999999999973e+00   1.273791e+00   3.203694e-02
1.674311000000000105e+00   1.174058e+00   3.168058e-02
1.679022999999999932e+00   1.194290e+00   3.169870e-02
1.683734000000000064e+00   1.187782e+00   3.162021e-02
1.688444999999999974e+00   1.181781e+00   3.158282e-02
1.693156000000000105e+00   1.170242e+00   3.148946e-02
1.697867999999999933e+00   1.173166e+00   3.145388e-02
1.702579000000000065e+00   1.186223e+00   3.146407e-02
1.707289999999999974e+00   1.177380e+00   3.137046e-02
1.712002000000000024e+00   1.170536e+00   3.130268e-02
1.716712999999999933e+00   1.175296e+00   3.128345e-02
1.721424000000000065e+00   1.174804e+00   3.121610e-02
1.726134999999999975e+00   1.154462e+00   3.115275e-02
1.730847000000000024e+00   1.172090e+00   3.116894e-02
1.735557999999999934e+00   1.174498e+00   3.111492e-02
1.740269000000000066e+00   1.104043e+00   3.088494e-02
1.744979999999999976e+00   1.139681e+00   3.093178e-02
1.749692000000000025e+00   1.173481e+00   3.101178e-02
1.754402999999999935e+00   1.142818e+00   3.085449e-02
1.759114000000000066e+00   1.132765e+00   3.075964e-02
1.763824999999999976e+00   1.135031e+00   3.074436e-02
1.768537000000000026e+00   1.161133e+00   3.078487e-02
1.773247999999999935e+00   1.151512e+00   3.071332e-02
1.777959000000000067e+00   1.100286e+00   3.052427e-02
1.782669999999999977e+00   1.126570e+00   3.054433e-02
1.787382000000000026e+00   1.076264e+00   3.035266e-02
1.792092999999999936e+00   1.117067e+00   3.045932e-02
1.796804000000000068e+00   1.138569e+00   3.048035e-02
1.801514999999999977e+00   1.103806e+00   3.031997e-02
1.806227000000000027e+00   1.089408e+00   3.025959e-02
1.810937999999999937e+00   1.080185e+00   3.017767e-02
1.815649000000000068e+00   1.113290e+00   3.022801e-02
1.820359999999999978e+00   1.069625e+00   3.009410e-02
1.825072000000000028e+00   1.072017e+00   3.003847e-02
1.829782999999999937e+00   1.086356e+00   3.005366e-02
1.834494000000000069e+00   1.073919e+00   2.999549e-02
1.839204999999999979e+00   1.032882e+00   2.983597e-02
1.843917000000000028e+00   1.017754e+00   2.973850e-02
1.848627999999999938e+00   1.006879e+00   2.964354e-02
1.853339000000000070e+00   1.043042e+00   2.971251e-02
1.858049999999999979e+00   1.029434e+00   2.964722e-02
1.862762000000000029e+00   1.010268e+00   2.954598e-02
1.867472999999999939e+00   1.024450e+00   2.955614e-02
1.872184000000000070e+00   1.045340e+00   2.961020e-02
1.876894999999999980e+00   1.023045e+00   2.950632e-02
1.881607000000000030e+00   1.009519e+00   2.942343e-02
1.886317999999999939e+00   9.910174e-01   2.930935e-02
1.891029000000000071e+00   1.029829e+00   2.939750e-02
1.895740999999999898e+00   1.038059e+00   2.941751e-02
1.900452000000000030e+00   1.054598e+00   2.940747e-02
1.905162999999999940e+00   1.024854e+00   2.928945e-02
1.909874000000000072e+00   1.021906e+00   2.923063e-02
1.914585999999999899e+00   1.006472e+00   2.914230e-02
1.919297000000000031e+00   1.029566e+00   2.919378e-02
1.924007999999999940e+00   1.020692e+00   2.912467e-02
1.928719000000000072e+00   9.686633e-01   2.894386e-02
1.933430999999999900e+00   9.852847e-01   2.893903e-02
1.938142000000000031e+00   9.880125e-01   2.885599e-02
1.942852999999999941e+00   1.000860e+00   2.881219e-02
1.947564000000000073e+00   1.001350e+00   2.875967e-02
1.952275999999999900e+00   9.704355e-01   2.857363e-02
1.956987000000000032e+00   9.679250e-01   2.854609e-02
1.961697999999999942e+00   9.817822e-01   2.855519e-02
1.966409000000000074e+00   9.816194e-01   2.852275e-02
1.971120999999999901e+00   9.716197e-01   2.850090e-02
1.975832000000000033e+00   9.510202e-01   2.841982e-02
1.980542999999999942e+00   9.055043e-01   2.827123e-02
1.985254000000000074e+00   9.579430e-01   2.843437e-02
1.989965999999999902e+00   9.636525e-01   2.845690e-02
1.994677000000000033e+00   9.706360e-01   2.846718e-02
1.999387999999999943e+00   9.752136e-01   2.854445e-02
2.004099000000000075e+00   9.659375e-01   2.916580e-02
2.008811000000000124e+00   9.126330e-01   2.961470e-02
2.013522000000000034e+00   9.213344e-01   3.007222e-02
2.018232999999999944e+00   9.551792e-01   3.051566e-02
2.022943999999999853e+00   9.052453e-01   3.066571e-02
2.027655999999999903e+00   8.434068e-01   3.072359e-02
2.032366999999999813e+00   8.691692e-01   3.094783e-02
2.037078000000000166e+00   8.871547e-01   3.108592e-02
2.041789000000000076e+00   9.182771e-01   3.129459e-02
2.046501000000000126e+00   8.986588e-01   3.130661e-02
2.051212000000000035e+00   9.023780e-01   3.139602e-02
2.055922999999999945e+00   8.909078e-01   3.141907e-02
2.060633999999999855e+00   8.689940e-01   3.146597e-02
2.065345999999999904e+00   9.110591e-01   3.153771e-02
2.070056999999999814e+00   8.890581e-01   3.051238e-02
2.074768000000000168e+00   9.032673e-01   2.993942e-02
2.079480000000000217e+00   9.204399e-01   2.960352e-02
2.084191000000000127e+00   8.516442e-01   2.907745e-02
2.088902000000000037e+00   8.664948e-01   2.885875e-02
2.093612999999999946e+00   8.780803e-01   2.868473e-02
2.098324999999999996e+00   8.673943e-01   2.854129e-02
2.103035999999999905e+00   8.631933e-01   2.844202e-02
2.107746999999999815e+00   8.959347e-01   2.849019e-02
2.112458000000000169e+00   8.946643e-01   2.842209e-02
2.117170000000000218e+00   8.603803e-01   2.825130e-02
2.121881000000000128e+00   8.157135e-01   2.807921e-02
2.126592000000000038e+00   8.482511e-01   2.815542e-02
2.131302999999999948e+00   8.349426e-01   2.803661e-02
2.136014999999999997e+00   8.131652e-01   2.790064e-02
2.140725999999999907e+00   8.190942e-01   2.785897e-02
2.145436999999999816e+00   8.113064e-01   2.780094e-02
2.150148000000000170e+00   7.959977e-01   2.771074e-02
2.154860000000000220e+00   8.383224e-01   2.781141e-02
2.159571000000000129e+00   8.322643e-01   2.771661e-02
2.164282000000000039e+00   8.078391e-01   2.760907e-02
2.168992999999999949e+00   7.929942e-01   2.752980e-02
2.173704999999999998e+00   8.535325e-01   2.766425e-02
2.178415999999999908e+00   8.156404e-01   2.747889e-02
2.183126999999999818e+00   8.050737e-01   2.740931e-02
2.187838000000000171e+00   8.042052e-01   2.739606e-02
2.192550000000000221e+00   7.851508e-01   2.729222e-02
2.197261000000000131e+00   7.832905e-01   2.723029e-02
2.201972000000000040e+00   7.561245e-01   2.710936e-02
2.206682999999999950e+00   7.684057e-01   2.713169e-02
2.211395000000000000e+00   7.957089e-01   2.720801e-02
2.216105999999999909e+00   7.823042e-01   2.711529e-02
2.220816999999999819e+00   7.883193e-01   2.707894e-02
2.225528000000000173e+00   8.077165e-01   2.711185e-02
2.230239999999999778e+00   8.068731e-01   2.707304e-02
2.234951000000000132e+00   7.881193e-01   2.697481e-02
2.239662000000000042e+00   6.927352e-01   2.664181e-02
2.244372999999999951e+00   7.607348e-01   2.683872e-02
2.249085000000000001e+00   7.393749e-01   2.671670e-02
2.253795999999999911e+00   7.449328e-01   2.670939e-02
2.258506999999999820e+00   7.500499e-01   2.667138e-02
2.263218999999999870e+00   7.457748e-01   2.663755e-02
2.267929999999999779e+00   7.646235e-01   2.667693e-02
2.272641000000000133e+00   7.476650e-01   2.658638e-02
2.277352000000000043e+00   7.162056e-01   2.645155e-02
2.282064000000000092e+00   7.266634e-01   2.648158e-02
2.286775000000000002e+00   7.266860e-01   2.644981e-02
2.291485999999999912e+00   7.393686e-01   2.645869e-02
2.296196999999999822e+00   7.295669e-01   2.639005e-02
2.300908999999999871e+00   7.475281e-01   2.639486e-02
2.305619999999999781e+00   7.379268e-01   2.634128e-02
2.310331000000000135e+00   7.604348e-01   2.640626e-02
2.315042000000000044e+00   7.058643e-01   2.621576e-02
2.319754000000000094e+00   7.175804e-01   2.618443e-02
2.324465000000000003e+00   6.954853e-01   2.608392e-02
2.329175999999999913e+00   6.949327e-01   2.604684e-02
2.333886999999999823e+00   6.860547e-01   2.601737e-02
2.338598999999999872e+00   7.100470e-01   2.605373e-02
2.343309999999999782e+00   7.298814e-01   2.610087e-02
2.348021000000000136e+00   7.031804e-01   2.598554e-02
2.352732000000000046e+00   6.649742e-01   2.583582e-02
2.357444000000000095e+00   7.114357e-01   2.592241e-02
2.362155000000000005e+00   6.986517e-01   2.585542e-02
2.366865999999999914e+00   6.840565e-01   2.579608e-02
2.371576999999999824e+00   7.025164e-01   2.583650e-02
2.376288999999999874e+00   6.735929e-01   2.570347e-02
2.380999999999999783e+00   6.734238e-01   2.567618e-02
2.385711000000000137e+00   6.840860e-01   2.568911e-02
2.390422000000000047e+00   6.804082e-01   2.566887e-02
2.395134000000000096e+00   6.927206e-01   2.566096e-02
2.399845000000000006e+00   6.907453e-01   2.563695e-02
2.404555999999999916e+00   6.522152e-01   2.548887e-02
2.409266999999999825e+00   6.733022e-01   2.555457e-02
2.413978999999999875e+00   6.667162e-01   2.549131e-02
2.418689999999999785e+00   6.159887e-01   2.530390e-02
2.423401000000000138e+00   6.536208e-01   2.538936e-02
2.428112000000000048e+00   6.446582e-01   2.533521e-02
2.432824000000000098e+00   6.561916e-01   2.536287e-02
2.437535000000000007e+00   6.369688e-01   2.528527e-02
2.442245999999999917e+00   6.356631e-01   2.522559e-02
2.446957999999999966e+00   6.460101e-01   2.524158e-02
2.451668999999999876e+00   6.277507e-01   2.514428e-02
2.456379999999999786e+00   6.581394e-01   2.524896e-02
2.461091000000000140e+00   6.346265e-01   2.513141e-02
2.465803000000000189e+00   6.323582e-01   2.510212e-02
2.470514000000000099e+00   6.188057e-01   2.504386e-02
2.475225000000000009e+00   6.522442e-01   2.510538e-02
2.479935999999999918e+00   6.294387e-01   2.501846e-02
2.484647999999999968e+00   6.116924e-01   2.494293e-02
2.489358999999999877e+00   6.239436e-01   2.495412e-02
2.494069999999999787e+00   6.292631e-01   2.492130e-02
2.498781000000000141e+00   6.133676e-01   2.486071e-02
2.503493000000000190e+00   6.124180e-01   2.486661e-02
2.508204000000000100e+00   5.928514e-01   2.475057e-02
2.512915000000000010e+00   5.879189e-01   2.469401e-02
2.517625999999999920e+00   6.058039e-01   2.472031e-02
2.522337999999999969e+00   6.154335e-01   2.468771e-02
2.527048999999999879e+00   5.971247e-01   2.459615e-02
2.531759999999999788e+00   5.866565e-01   2.452631e-02
2.536471000000000142e+00   5.727414e-01   2.444252e-02
2.541183000000000192e+00   5.471516e-01   2.436132e-02
2.545894000000000101e+00   5.796369e-01   2.443556e-02
2.550605000000000011e+00   5.778861e-01   2.441958e-02
2.555315999999999921e+00   5.603214e-01   2.433850e-02
2.560027999999999970e+00   5.736955e-01   2.434155e-02
2.564738999999999880e+00   5.831238e-01   2.436556e-02
2.569449999999999790e+00   5.890991e-01   2.440167e-02
2.574161000000000143e+00   5.243197e-01   2.420138e-02
2.578873000000000193e+00   5.146077e-01   2.417145e-02
2.583584000000000103e+00   5.544631e-01   2.425843e-02
2.588295000000000012e+00   6.011333e-01   2.438271e-02
2.593005999999999922e+00   5.558180e-01   2.423703e-02
2.597717999999999972e+00   5.187894e-01   2.410912e-02
2.602428999999999881e+00   5.646287e-01   2.421917e-02
2.607139999999999791e+00   5.721431e-01   2.423683e-02
2.611851000000000145e+00   5.496709e-01   2.411378e-02
2.616563000000000194e+00   5.507579e-01   2.412365e-02
2.621274000000000104e+00   5.256197e-01   2.400017e-02
2.625985000000000014e+00   5.741555e-01   2.414251e-02
2.630697000000000063e+00   5.454792e-01   2.401561e-02
2.635407999999999973e+00   5.473838e-01   2.400363e-02
2.640118999999999883e+00   5.705068e-01   2.405973e-02
2.644829999999999792e+00   5.422721e-01   2.395736e-02
2.649541999999999842e+00   5.409969e-01   2.390982e-02
2.654253000000000196e+00   5.362270e-01   2.390637e-02
2.658964000000000105e+00   5.261832e-01   2.383291e-02
2.663675000000000015e+00   5.716586e-01   2.398364e-02
2.668387000000000064e+00   5.229574e-01   2.378051e-02
2.673097999999999974e+00   5.130360e-01   2.371826e-02
2.677808999999999884e+00   5.383348e-01   2.377564e-02
2.682519999999999794e+00   5.170631e-01   2.371615e-02
2.687231999999999843e+00   5.279594e-01   2.371137e-02
2.691943000000000197e+00   5.172626e-01   2.366625e-02
2.696654000000000106e+00   5.571270e-01   2.375520e-02
2.701365000000000016e+00   5.796930e-01   2.382258e-02
2.706077000000000066e+00   5.515588e-01   2.371992e-02
2.710787999999999975e+00   5.197662e-01   2.359970e-02
2.715498999999999885e+00   5.147264e-01   2.358444e-02
2.720209999999999795e+00   5.343505e-01   2.359847e-02
2.724921999999999844e+00   5.314131e-01   2.355902e-02
2.729633000000000198e+00   5.498243e-01   2.359113e-02
2.734344000000000108e+00   4.996356e-01   2.344723e-02
2.739055000000000017e+00   5.087613e-01   2.343985e-02
2.743767000000000067e+00   5.054351e-01   2.340458e-02
2.748477999999999977e+00   5.011579e-01   2.336990e-02
2.753188999999999886e+00   4.969884e-01   2.335070e-02
2.757899999999999796e+00   4.856862e-01   2.329483e-02
2.762611999999999846e+00   4.723230e-01   2.321817e-02
2.767323000000000199e+00   5.073535e-01   2.329258e-02
2.772034000000000109e+00   4.735800e-01   2.320867e-02
2.776745000000000019e+00   4.985596e-01   2.325650e-02
2.781457000000000068e+00   4.745790e-01   2.315079e-02
2.786167999999999978e+00   5.061594e-01   2.321805e-02
2.790878999999999888e+00   4.709647e-01   2.312366e-02
2.795589999999999797e+00   4.702984e-01   2.306974e-02
2.800301999999999847e+00   4.823514e-01   2.309898e-02
2.805013000000000201e+00   4.990096e-01   2.324583e-02
2.809724000000000110e+00   4.801678e-01   2.378758e-02
2.814436000000000160e+00   4.919561e-01   2.417650e-02
2.819147000000000070e+00   4.835507e-01   2.445685e-02
2.823857999999999979e+00   4.949233e-01   2.473017e-02
2.828568999999999889e+00   4.784477e-01   2.481078e-02
2.833280999999999938e+00   4.596250e-01   2.482444e-02
2.837991999999999848e+00   4.698482e-01   2.495716e-02
2.842703000000000202e+00   4.426842e-01   2.491373e-02
2.847414000000000112e+00   4.315828e-01   2.495033e-02
2.852126000000000161e+00   4.279303e-01   2.500951e-02
2.856837000000000071e+00   4.309404e-01   2.504803e-02
2.861547999999999981e+00   4.632187e-01   2.521692e-02
2.866258999999999890e+00   4.721314e-01   2.529502e-02
2.870970999999999940e+00   4.446870e-01   2.500103e-02
2.875681999999999849e+00   4.440229e-01   2.438599e-02
2.880393000000000203e+00   4.047982e-01   2.388591e-02
2.885104000000000113e+00   4.464931e-01   2.376451e-02
2.889816000000000162e+00   4.501997e-01   2.355944e-02
2.894527000000000072e+00   4.520067e-01   2.347792e-02
2.899237999999999982e+00   4.299373e-01   2.335668e-02
2.903948999999999891e+00   4.124190e-01   2.322333e-02
2.908660999999999941e+00   4.255743e-01   2.321853e-02
2.913371999999999851e+00   4.431172e-01   2.321664e-02
2.918083000000000204e+00   4.631401e-01   2.325864e-02
2.922794000000000114e+00   4.183064e-01   2.307216e-02
2.927506000000000164e+00   4.276813e-01   2.305430e-02
2.932217000000000073e+00   4.070769e-01   2.298035e-02
2.936927999999999983e+00   4.262316e-01   2.298206e-02
2.941638999999999893e+00   4.428152e-01   2.300419e-02
2.946350999999999942e+00   4.201101e-01   2.288642e-02
2.951061999999999852e+00   3.982078e-01   2.280319e-02
2.955773000000000206e+00   4.413147e-01   2.290168e-02
2.960484000000000115e+00   4.445001e-01   2.288534e-02
2.965196000000000165e+00   4.520463e-01   2.287836e-02
2.969907000000000075e+00   4.411555e-01   2.281574e-02
2.974617999999999984e+00   4.108779e-01   2.269961e-02
2.979328999999999894e+00   4.057931e-01   2.264645e-02
2.984040999999999944e+00   4.190141e-01   2.266235e-02
2.988751999999999853e+00   3.682011e-01   2.251203e-02
2.993463000000000207e+00   3.930879e-01   2.254638e-02
2.998174999999999812e+00   4.351411e-01   2.263780e-02
3.002886000000000166e+00   3.940435e-01   2.252265e-02
3.007597000000000076e+00   3.930644e-01   2.248837e-02
3.012307999999999986e+00   4.179470e-01   2.253730e-02
3.017020000000000035e+00   4.063072e-01   2.245588e-02
3.021730999999999945e+00   4.063910e-01   2.244639e-02
3.026441999999999855e+00   4.109745e-01   2.241325e-02
3.031153000000000208e+00   4.122428e-01   2.239783e-02
3.035864999999999814e+00   4.038450e-01   2.236497e-02
3.040576000000000167e+00   3.807080e-01   2.229494e-02
3.045287000000000077e+00   4.230772e-01   2.236181e-02
3.049997999999999987e+00   4.275425e-01   2.235296e-02
3.054710000000000036e+00   4.188846e-01   2.230897e-02
3.059420999999999946e+00   4.063374e-01   2.225837e-02
3.064131999999999856e+00   3.997026e-01   2.223597e-02
3.068843000000000210e+00   3.958841e-01   2.219303e-02
3.073554999999999815e+00   3.660688e-01   2.209872e-02
3.078266000000000169e+00   3.686309e-01   2.207425e-02
3.082977000000000078e+00   3.606901e-01   2.203676e-02
3.087687999999999988e+00   3.796283e-01   2.204915e-02
3.092400000000000038e+00   3.730522e-01   2.200829e-02
3.097110999999999947e+00   3.875191e-01   2.200076e-02
3.101821999999999857e+00   3.921243e-01   2.199157e-02
3.106533000000000211e+00   3.803736e-01   2.197086e-02
3.111244999999999816e+00   4.077522e-01   2.201499e-02
3.115956000000000170e+00   4.053452e-01   2.198162e-02
3.120667000000000080e+00   3.770511e-01   2.190620e-02
3.125377999999999989e+00   3.791940e-01   2.191806e-02
3.130090000000000039e+00   3.577197e-01   2.182217e-02
3.134800999999999949e+00   3.339309e-01   2.172845e-02
3.139511999999999858e+00   3.387829e-01   2.172126e-02
3.144223000000000212e+00   3.407953e-01   2.171633e-02
3.148934999999999818e+00   3.522783e-01   2.172253e-02
3.153646000000000171e+00   3.761013e-01   2.175499e-02
3.158357000000000081e+00   3.685512e-01   2.175903e-02
3.163067999999999991e+00   3.692413e-01   2.173016e-02
3.167780000000000040e+00   3.870232e-01   2.175874e-02
3.172490999999999950e+00   3.664141e-01   2.168472e-02
3.177201999999999860e+00   3.359246e-01   2.159546e-02
3.181913999999999909e+00   3.598161e-01   2.161442e-02
3.186624999999999819e+00   3.260403e-01   2.147501e-02
3.191336000000000173e+00   3.323430e-01   2.146826e-02
3.196047000000000082e+00   3.231677e-01   2.141143e-02
3.200759000000000132e+00   3.512222e-01   2.147827e-02
3.205470000000000041e+00   3.452979e-01   2.141901e-02
3.210180999999999951e+00   3.334446e-01   2.137044e-02
3.214891999999999861e+00   3.324813e-01   2.135607e-02
3.219603999999999910e+00   3.495374e-01   2.137791e-02
3.224314999999999820e+00   3.423526e-01   2.134563e-02
3.229026000000000174e+00   3.663213e-01   2.137417e-02
3.233737000000000084e+00   3.522189e-01   2.133312e-02
3.238449000000000133e+00   3.346341e-01   2.128472e-02
3.243160000000000043e+00   3.680552e-01   2.136012e-02
3.247870999999999952e+00   3.440784e-01   2.128463e-02
3.252581999999999862e+00   3.768254e-01   2.137532e-02
3.257293999999999912e+00   3.371867e-01   2.128135e-02
3.262004999999999821e+00   3.187682e-01   2.119181e-02
3.266716000000000175e+00   3.456601e-01   2.126270e-02
3.271427000000000085e+00   3.639364e-01   2.129820e-02
3.276139000000000134e+00   3.453423e-01   2.122060e-02
3.280850000000000044e+00   3.352711e-01   2.118364e-02
3.285560999999999954e+00   3.143928e-01   2.112118e-02
3.290271999999999863e+00   3.499574e-01   2.117540e-02
3.294983999999999913e+00   3.223169e-01   2.110235e-02
3.299694999999999823e+00   3.032257e-01   2.103301e-02
3.304406000000000176e+00   3.498291e-01   2.115871e-02
3.309117000000000086e+00   3.233235e-01   2.106520e-02
3.313829000000000136e+00   3.344282e-01   2.106044e-02
3.318540000000000045e+00   3.339589e-01   2.105171e-02
3.323250999999999955e+00   3.316209e-01   2.102356e-02
3.327961999999999865e+00   3.429141e-01   2.102775e-02
3.332673999999999914e+00   3.487392e-01   2.103618e-02
3.337384999999999824e+00   3.176547e-01   2.093612e-02
3.342096000000000178e+00   3.495811e-01   2.101225e-02
3.346807000000000087e+00   3.247119e-01   2.090706e-02
3.351519000000000137e+00   3.220203e-01   2.088467e-02
3.356230000000000047e+00   3.196821e-01   2.087092e-02
3.360940999999999956e+00   3.168467e-01   2.085366e-02
3.365653000000000006e+00   3.345494e-01   2.088756e-02
3.370363999999999916e+00   3.298921e-01   2.085351e-02
3.375074999999999825e+00   2.939973e-01   2.074708e-02
3.379786000000000179e+00   2.964076e-01   2.074683e-02
3.384497999999999784e+00   3.066348e-01   2.076896e-02
3.389209000000000138e+00   3.284346e-01   2.094881e-02
3.393920000000000048e+00   2.886099e-01   2.130126e-02
3.398630999999999958e+00   3.084792e-01   2.167769e-02
3.403343000000000007e+00   3.060415e-01   2.188063e-02
3.408053999999999917e+00   2.843926e-01   2.199599e-02
3.412764999999999826e+00   3.315969e-01   2.220682e-02
3.417476000000000180e+00   3.020905e-01   2.211243e-02
3.422187999999999786e+00   2.743696e-01   2.203459e-02
3.426899000000000139e+00   2.887666e-01   2.212580e-02
3.431610000000000049e+00   2.925969e-01   2.220349e-02
3.436320999999999959e+00   2.686514e-01   2.217066e-02
3.441033000000000008e+00   2.839351e-01   2.225930e-02
3.445743999999999918e+00   3.314814e-01   2.243416e-02
3.450454999999999828e+00   2.968964e-01   2.238154e-02
3.455166000000000182e+00   3.148947e-01   2.247132e-02
3.459877999999999787e+00   3.058546e-01   2.247809e-02
3.464589000000000141e+00   2.568781e-01   2.235466e-02
3.469300000000000050e+00   2.937489e-01   2.250435e-02
3.474010999999999960e+00   2.935741e-01   2.254292e-02
3.478723000000000010e+00   2.824968e-01   2.256439e-02
3.483433999999999919e+00   2.775474e-01   2.257720e-02
3.488144999999999829e+00   2.726755e-01   2.259779e-02
3.492856000000000183e+00   2.956279e-01   2.267544e-02
3.497567999999999788e+00   2.874875e-01   2.269158e-02
3.502279000000000142e+00   3.203212e-01   2.281148e-02
3.506990000000000052e+00   2.813030e-01   2.270223e-02
3.511700999999999961e+00   3.064333e-01   2.282154e-02
3.516413000000000011e+00   2.623630e-01   2.272439e-02
3.521123999999999921e+00   2.993136e-01   2.284143e-02
3.525834999999999830e+00   3.052572e-01   2.290514e-02
3.530546000000000184e+00   2.717660e-01   2.281055e-02
3.535257999999999790e+00   2.718266e-01   2.284473e-02
3.539969000000000143e+00   2.622532e-01   2.281419e-02
3.544680000000000053e+00   2.869005e-01   2.291143e-02
3.549392000000000102e+00   2.803788e-01   2.291073e-02
3.554103000000000012e+00   2.736970e-01   2.293062e-02
3.558813999999999922e+00   2.875116e-01   2.299088e-02
3.563524999999999832e+00   3.008011e-01   2.305116e-02
3.568236999999999881e+00   2.877198e-01   2.303293e-02
3.572947999999999791e+00   3.091001e-01   2.310403e-02
3.577659000000000145e+00   2.967609e-01   2.307030e-02
3.582370000000000054e+00   3.125936e-01   2.314046e-02
3.587082000000000104e+00   2.454062e-01   2.296345e-02
3.591793000000000013e+00   2.373469e-01   2.295566e-02
3.596503999999999923e+00   2.770623e-01   2.308313e-02
3.601214999999999833e+00   2.876679e-01   2.311254e-02
3.605926999999999882e+00   2.750662e-01   2.310069e-02
3.610637999999999792e+00   2.780035e-01   2.353114e-02
3.615349000000000146e+00   2.629889e-01   2.416434e-02
3.620060000000000056e+00   2.708362e-01   2.459358e-02
3.624772000000000105e+00   2.916547e-01   2.493963e-02
3.629483000000000015e+00   2.753338e-01   2.512498e-02
3.634193999999999924e+00   2.536121e-01   2.520774e-02
3.638904999999999834e+00   2.699181e-01   2.541372e-02
3.643616999999999884e+00   2.642926e-01   2.554082e-02
3.648327999999999793e+00   2.995430e-01   2.581821e-02
3.653039000000000147e+00   2.571972e-01   2.580151e-02
3.657750000000000057e+00   2.710735e-01   2.597585e-02
3.662462000000000106e+00   2.726553e-01   2.608977e-02
3.667173000000000016e+00   2.839607e-01   2.626489e-02
3.671883999999999926e+00   2.842651e-01   2.638652e-02
3.676594999999999835e+00   2.353102e-01   2.635877e-02
3.681306999999999885e+00   2.592595e-01   2.654031e-02
3.686017999999999795e+00   2.757052e-01   2.671734e-02
3.690729000000000148e+00   2.795109e-01   2.686782e-02
3.695440000000000058e+00   2.895545e-01   2.698150e-02
3.700152000000000108e+00   2.411419e-01   2.690295e-02
3.704863000000000017e+00   2.188239e-01   2.694954e-02
3.709573999999999927e+00   2.123635e-01   2.706426e-02
3.714284999999999837e+00   2.451347e-01   2.727107e-02
3.718996999999999886e+00   2.526747e-01   2.739262e-02
3.723707999999999796e+00   2.672692e-01   2.753683e-02
3.728419000000000150e+00   2.450908e-01   2.757171e-02
3.733131000000000199e+00   2.276920e-01   2.763129e-02
3.737842000000000109e+00   2.837174e-01   2.795650e-02
3.742553000000000019e+00   2.791245e-01   2.803699e-02
3.747263999999999928e+00   2.758170e-01   2.812923e-02
3.751975999999999978e+00   2.996584e-01   2.833332e-02
3.756686999999999887e+00   2.535933e-01   2.823420e-02
3.761397999999999797e+00   2.328002e-01   2.828764e-02
3.766109000000000151e+00   2.357493e-01   2.836062e-02
3.770821000000000200e+00   2.817474e-01   2.864713e-02
3.775532000000000110e+00   2.605787e-01   2.869910e-02
3.780243000000000020e+00   2.223939e-01   2.865741e-02
3.784953999999999930e+00   2.324125e-01   2.878673e-02
3.789665999999999979e+00   2.383343e-01   2.893437e-02
3.794376999999999889e+00   2.547853e-01   2.906352e-02
3.799087999999999798e+00   2.299378e-01   2.906714e-02
3.803799000000000152e+00   2.054797e-01   2.906128e-02
3.808511000000000202e+00   1.953055e-01   2.914640e-02
3.813222000000000111e+00   2.442371e-01   2.943339e-02
3.817933000000000021e+00   2.313916e-01   2.948409e-02
3.822643999999999931e+00   2.032875e-01   2.945686e-02
3.827355999999999980e+00   1.961034e-01   2.956212e-02
3.832066999999999890e+00   1.967790e-01   2.967437e-02
3.836777999999999800e+00   2.450043e-01   2.997982e-02
3.841489000000000154e+00   2.163623e-01   2.993292e-02
3.846201000000000203e+00   2.902135e-01   3.035286e-02
3.850912000000000113e+00   2.707538e-01   3.038336e-02
3.855623000000000022e+00   1.864174e-01   3.013974e-02
3.860333999999999932e+00   2.429341e-01   3.047345e-02
3.865045999999999982e+00   2.379521e-01   3.058739e-02
3.869756999999999891e+00   2.406106e-01   3.067656e-02
3.874467999999999801e+00   2.361719e-01   3.073327e-02
3.879179000000000155e+00   2.003804e-01   3.071269e-02
3.883891000000000204e+00   2.200278e-01   3.091251e-02
3.888602000000000114e+00   2.795977e-01   3.131836e-02
3.893313000000000024e+00   2.583684e-01   3.128388e-02
3.898023999999999933e+00   2.454731e-01   3.129566e-02
3.902735999999999983e+00   2.261635e-01   3.134168e-02
3.907446999999999893e+00   2.412725e-01   3.152950e-02
3.912157999999999802e+00   2.435987e-01   3.165325e-02
3.916869999999999852e+00   2.358381e-01   3.163448e-02
3.921581000000000206e+00   2.116268e-01   3.155799e-02
3.926292000000000115e+00   2.065815e-01   3.159698e-02
3.931003000000000025e+00   1.908589e-01   3.165645e-02
3.935715000000000074e+00   2.281756e-01   3.185768e-02
3.940425999999999984e+00   2.128006e-01   3.190463e-02
3.945136999999999894e+00   2.010000e-01   3.189392e-02
3.949847999999999804e+00   2.479874e-01   3.209109e-02
3.954559999999999853e+00   2.328628e-01   3.205191e-02
3.959271000000000207e+00   2.355102e-01   3.207799e-02
3.963982000000000117e+00   2.381409e-01   3.214948e-02
3.968693000000000026e+00   1.824662e-01   3.192216e-02
3.973405000000000076e+00   1.976583e-01   3.206938e-02
3.978115999999999985e+00   2.382447e-01   3.238311e-02
3.982826999999999895e+00   2.149980e-01   3.237106e-02
3.987537999999999805e+00   2.012969e-01   3.245593e-02
3.992249999999999854e+00   1.867508e-01   3.253649e-02
3.996961000000000208e+00   2.032775e-01   3.267639e-02
4.001672000000000118e+00   2.087278e-01   3.278941e-02
4.006382999999999583e+00   1.894561e-01   3.283303e-02
4.011095000000000077e+00   1.778011e-01   3.290597e-02
4.015806000000000431e+00   1.998753e-01   3.309253e-02
4.020516999999999896e+00   2.356136e-01   3.336998e-02
4.025228000000000250e+00   2.321135e-01   3.346527e-02
4.029939999999999856e+00   1.838703e-01   3.337076e-02
4.034651000000000209e+00   2.224725e-01   3.368856e-02
4.039361999999999675e+00   2.354049e-01   3.389695e-02
4.044073000000000029e+00   1.995438e-01   3.377019e-02
4.048784999999999634e+00   1.836330e-01   3.378027e-02
4.053495999999999988e+00   2.433050e-01   3.420248e-02
4.058207000000000342e+00   2.724128e-01   3.443209e-02
4.062917999999999807e+00   2.576554e-01   3.451894e-02
4.067630000000000301e+00   2.169530e-01   3.451482e-02
4.072340999999999767e+00   2.277754e-01   3.464470e-02
4.077052000000000120e+00   1.689618e-01   3.446155e-02
4.081762999999999586e+00   1.696316e-01   3.459316e-02
4.086475000000000080e+00   2.213360e-01   3.489964e-02
4.091186000000000433e+00   1.885004e-01   3.489189e-02
4.095896999999999899e+00   1.437604e-01   3.484885e-02
4.100609000000000393e+00   1.686128e-01   3.511653e-02
4.105319999999999858e+00   2.011179e-01   3.537616e-02
4.110031000000000212e+00   2.182116e-01   3.551575e-02
4.114741999999999678e+00   1.952314e-01   3.557972e-02
4.119454000000000171e+00   1.683235e-01   3.560159e-02
4.124164999999999637e+00   1.840725e-01   3.584221e-02
4.128875999999999991e+00   1.949754e-01   3.597253e-02
4.133587000000000344e+00   1.870179e-01   3.603190e-02
4.138298999999999950e+00   2.152388e-01   3.636883e-02
4.143010000000000304e+00   1.938523e-01   3.634394e-02
4.147720999999999769e+00   1.462045e-01   3.629540e-02
4.152432000000000123e+00   1.670301e-01   3.649808e-02
4.157143999999999728e+00   1.809706e-01   3.669849e-02
4.161855000000000082e+00   2.047482e-01   3.693065e-02
4.166566000000000436e+00   2.194992e-01   3.712744e-02
4.171276999999999902e+00   1.931681e-01   3.715152e-02
4.175989000000000395e+00   1.793787e-01   3.727780e-02
4.180699999999999861e+00   1.786714e-01   3.747418e-02
4.185411000000000215e+00   2.231153e-01   3.776681e-02
4.190121999999999680e+00   1.976597e-01   3.776842e-02
4.194834000000000174e+00   1.556042e-01   3.772736e-02
4.199544999999999639e+00   2.061299e-01   3.809799e-02
4.204255999999999993e+00   2.408399e-01   3.843407e-02
4.208967000000000347e+00   2.185518e-01   3.851566e-02
4.213678999999999952e+00   2.001668e-01   3.847911e-02
4.218390000000000306e+00   1.851425e-01   3.859975e-02
4.223100999999999772e+00   1.449547e-01   3.854413e-02
4.227812000000000126e+00   1.266570e-01   3.858409e-02
4.232523999999999731e+00   2.053618e-01   3.916690e-02
4.237235000000000085e+00   1.761978e-01   3.917153e-02
4.241946000000000438e+00   1.807665e-01   3.933473e-02
4.246656999999999904e+00   1.792492e-01   3.952064e-02
4.251369000000000398e+00   1.717500e-01   3.966826e-02
4.256079999999999863e+00   2.312001e-01   4.013865e-02
4.260791000000000217e+00   2.088637e-01   4.018146e-02
4.265501999999999683e+00   1.837811e-01   4.017059e-02
4.270214000000000176e+00   2.583434e-01   4.071302e-02
4.274924999999999642e+00   1.828448e-01   4.049974e-02
4.279635999999999996e+00   1.469466e-01   4.051667e-02
4.284347999999999601e+00   1.762568e-01   4.082915e-02
4.289058999999999955e+00   1.642952e-01   4.089962e-02
4.293770000000000309e+00   1.591133e-01   4.110079e-02
4.298480999999999774e+00   1.915872e-01   4.141010e-02
4.303193000000000268e+00   1.851139e-01   4.153833e-02
4.307903999999999733e+00   1.983465e-01   4.179870e-02
4.312615000000000087e+00   1.917207e-01   4.200347e-02
4.317326000000000441e+00   1.249954e-01   4.182208e-02
4.322038000000000046e+00   1.795445e-01   4.235094e-02
4.326749000000000400e+00   1.596067e-01   4.241369e-02
4.331459999999999866e+00   1.608033e-01   4.256018e-02
4.336171000000000220e+00   1.549923e-01   4.272644e-02
4.340882999999999825e+00   1.708465e-01   4.297492e-02
4.345594000000000179e+00   1.478715e-01   4.304372e-02
4.350304999999999644e+00   1.397756e-01   4.318516e-02
4.355015999999999998e+00   1.573543e-01   4.351769e-02
4.359727999999999604e+00   2.195786e-01   4.417214e-02
4.364438999999999957e+00   1.750950e-01   4.402195e-02
4.369150000000000311e+00   2.271118e-01   4.457259e-02
4.373860999999999777e+00   1.685157e-01   4.445208e-02
4.378573000000000270e+00   2.097613e-01   4.491389e-02
4.383283999999999736e+00   2.040204e-01   4.501548e-02
4.387995000000000090e+00   1.534819e-01   4.500609e-02
4.392706000000000444e+00   1.414242e-01   4.516546e-02
4.397418000000000049e+00   1.608232e-01   4.539118e-02
4.402129000000000403e+00   1.878033e-01   4.566989e-02
4.406839999999999868e+00   2.294022e-01   4.593052e-02
4.411551000000000222e+00   2.624616e-01   4.626819e-02
4.416262999999999828e+00   1.671633e-01   4.566679e-02
4.420974000000000181e+00   1.610010e-01   4.572434e-02
4.425684999999999647e+00   1.873787e-01   4.590742e-02
4.430396000000000001e+00   1.334657e-01   4.555847e-02
4.435107999999999606e+00   1.319272e-01   4.561218e-02
4.439818999999999960e+00   1.497364e-01   4.574002e-02
4.444530000000000314e+00   1.958429e-01   4.624838e-02
4.449240999999999779e+00   1.882814e-01   4.642628e-02
4.453953000000000273e+00   1.386977e-01   4.630679e-02
4.458663999999999739e+00   1.738522e-01   4.683349e-02
4.463375000000000092e+00   2.136675e-01   4.728279e-02
4.468086999999999698e+00   1.384689e-01   4.705456e-02
4.472798000000000052e+00   1.914729e-01   4.763326e-02
4.477509000000000405e+00   1.626271e-01   4.771131e-02
4.482219999999999871e+00   2.467511e-01   4.857244e-02
4.486932000000000365e+00   1.570339e-01   4.827896e-02
4.491642999999999830e+00   1.750170e-01   4.861950e-02
4.496354000000000184e+00   2.157294e-01   4.920954e-02
4.501064999999999650e+00   1.651901e-01   4.914427e-02
4.505777000000000143e+00   1.389919e-01   4.923356e-02
4.510487999999999609e+00   2.072348e-01   4.995009e-02
4.515198999999999963e+00   1.532228e-01   4.998704e-02
4.519910000000000316e+00   1.826066e-01   5.045723e-02
4.524621999999999922e+00   1.550023e-01   5.063997e-02
4.529333000000000276e+00   1.514291e-01   5.079465e-02
4.534043999999999741e+00   1.549224e-01   5.117309e-02
4.538755000000000095e+00   1.262825e-01   5.129698e-02
4.543466999999999700e+00   8.770855e-02   5.147385e-02
4.548178000000000054e+00   1.326247e-01   5.188154e-02
4.552889000000000408e+00   1.612813e-01   5.241506e-02
4.557599999999999874e+00   8.569862e-02   5.228450e-02
4.562312000000000367e+00   5.113541e-02   5.230833e-02
4.567022999999999833e+00   8.880447e-02   5.296427e-02
4.571734000000000187e+00   1.177574e-01   5.343023e-02
4.576444999999999652e+00   1.199173e-01   5.376735e-02
4.581157000000000146e+00   1.171575e-01   5.418086e-02
4.585867999999999611e+00   1.446106e-01   5.492818e-02
4.590578999999999965e+00   1.905063e-01   5.552477e-02
4.595290000000000319e+00   1.558080e-01   5.548966e-02
4.600001999999999924e+00   1.608948e-01   5.610142e-02
4.604713000000000278e+00   1.709261e-01   5.666400e-02
4.609423999999999744e+00   1.368255e-01   5.681331e-02
4.614135000000000097e+00   1.631292e-01   5.731874e-02
4.618846999999999703e+00   1.541770e-01   5.764540e-02
4.623558000000000057e+00   1.448942e-01   5.808227e-02
4.628269000000000410e+00   1.745942e-01   5.881606e-02
4.632979999999999876e+00   2.250652e-01   5.969324e-02
4.637692000000000370e+00   9.771585e-02   5.911722e-02
4.642402999999999835e+00   1.663374e-01   6.009527e-02
4.647114000000000189e+00   1.174516e-01   6.020945e-02
4.651825999999999794e+00   2.137237e-01   6.147242e-02
4.656537000000000148e+00   1.964888e-01   6.207044e-02
4.661247999999999614e+00   1.166647e-01   6.192834e-02
4.665958999999999968e+00   1.318002e-01   6.251447e-02
4.670670999999999573e+00   1.133583e-01   6.273916e-02
4.675381999999999927e+00   2.060150e-01   6.426917e-02
4.680093000000000281e+00   2.255934e-01   6.490657e-02
4.684803999999999746e+00   2.034706e-01   6.526265e-02
4.689516000000000240e+00   2.483522e-01   6.612722e-02
4.694226999999999705e+00   2.256719e-01   6.659097e-02
4.698938000000000059e+00   2.516521e-01   6.782649e-02
4.703649000000000413e+00   2.305426e-01   6.830319e-02
4.708361000000000018e+00   1.386340e-01   6.816047e-02
4.713072000000000372e+00   9.710874e-02   6.835208e-02
4.717782999999999838e+00   1.350812e-01   6.926747e-02
4.722494000000000192e+00   1.569759e-01   7.023549e-02
4.727205999999999797e+00   2.112664e-01   7.170892e-02
4.731917000000000151e+00   1.260922e-01   7.187487e-02
4.736627999999999616e+00   1.509802e-01   7.288576e-02
4.741338999999999970e+00   1.237520e-01   7.351014e-02
4.746050999999999576e+00   1.607063e-01   7.456407e-02
4.750761999999999929e+00   1.304621e-01   7.509991e-02
4.755473000000000283e+00   1.927458e-01   7.679868e-02
4.760183999999999749e+00   1.922523e-01   7.790678e-02
4.764896000000000242e+00   4.768736e-02   7.725582e-02
4.769606999999999708e+00   1.496087e-01   7.934708e-02
4.774318000000000062e+00   1.518394e-01   8.036747e-02
4.779029000000000416e+00   1.584989e-01   8.179545e-02
4.783741000000000021e+00   3.002145e-02   8.155479e-02
4.788452000000000375e+00   1.248294e-01   8.377519e-02
4.793162999999999840e+00   2.402021e-01   8.613313e-02
4.797874000000000194e+00   8.780855e-02   8.565789e-02
4.802585999999999800e+00   2.425668e-01   8.919544e-02
4.807297000000000153e+00   2.303054e-01   9.047378e-02
4.812007999999999619e+00   2.387269e-01   9.249532e-02
4.816718999999999973e+00   9.355459e-02   9.196770e-02
4.821430999999999578e+00   1.064936e-01   9.421042e-02
4.826141999999999932e+00   1.706878e-01   9.684386e-02
4.830853000000000286e+00   9.818742e-03   9.703503e-02
4.835564999999999891e+00   1.537817e-01   1.010118e-01
4.840276000000000245e+00   2.109077e-01   1.037289e-01
4.844986999999999711e+00   1.362662e-01   1.052387e-01
4.849698000000000064e+00   9.510893e-02   1.070820e-01
4.854409999999999670e+00   1.415857e-01   1.107684e-01
4.859121000000000024e+00   1.462953e-01   1.142393e-01
4.863832000000000377e+00   1.048581e-01   1.169958e-01
4.868542999999999843e+00   2.277496e-01   1.223583e-01
4.873255000000000337e+00   2.565964e-01   1.268212e-01
4.877965999999999802e+00   2.417278e-01   1.302119e-01
4.882677000000000156e+00  -5.635220e-05   1.303185e-01
4.887387999999999622e+00   1.931708e-01   1.394130e-01
4.892100000000000115e+00   1.781727e-01   1.462040e-01
4.896810999999999581e+00   1.828130e-01   1.523090e-01
4.901521999999999935e+00   1.238665e-01   1.600182e-01
4.906233000000000288e+00   2.698509e-02   1.667265e-01
4.910944999999999894e+00   3.473038e-02   1.769054e-01
4.915656000000000247e+00  -3.294088e-02   1.882485e-01
4.920366999999999713e+00   5.094969e-02   2.096735e-01
4.925078000000000067e+00  -1.980813e-01   2.219869e-01
4.929789999999999672e+00   4.979629e-02   2.638412e-01
4.934501000000000026e+00   1.985246e-01   3.196734e-01
4.939212000000000380e+00  -3.212622e-01   3.920621e-01
4.943922999999999845e+00  -8.378257e-01   6.558227e-01