# [12]
# Sample c= 2.73 mg/ml
# Intensity scaled by concentration
# Buffer subtracted data file:
# Protein DatFile = /data/visitor/mx1908/bm29/20161119/giulio/1d/mM150_092_ave.dat
# Buffer DatFile = /data/visitor/mx1908/bm29/20161119/giulio/ednaSub/mM150_092_ave_averbuffer.dat
# 
# AutoRg: Rg   =   0.8207 +/- 0.08 ( 9.6%)
# AutoRg: I(0) =   2.60 +/- 0.0053
# AutoRg: Points   106 to 301 ( 196 total)
# AutoRg: Quality: 81.5%
# 
# 
# Sample Information:
# Storage Temperature (degrees C): 20.0
# Measurement Temperature (degrees C): 19.95
# Concentration: 2.73
# Code: 
3.479420999999999903e-02   2.960879e+00   2.760220e+00
3.950545999999999919e-02   2.184689e+00   1.098252e+00
4.421672000000000102e-02   2.017275e+00   7.167110e-01
4.892798000000000286e-02   2.398245e+00   5.492423e-01
5.363923000000000302e-02   2.764996e+00   4.401908e-01
5.835048999999999791e-02   2.315649e+00   3.608237e-01
6.306174999999999975e-02   1.921221e+00   2.990654e-01
6.777299999999999991e-02   1.970538e+00   2.544708e-01
7.248425999999999481e-02   2.278564e+00   2.203770e-01
7.719552000000000358e-02   2.408634e+00   1.945000e-01
8.190677000000000374e-02   2.683921e+00   1.729325e-01
8.661802999999999864e-02   2.381533e+00   1.552717e-01
9.132928999999999353e-02   2.281666e+00   1.417305e-01
9.604053999999999369e-02   2.133638e+00   1.306942e-01
1.007518000000000025e-01   2.278187e+00   1.212323e-01
1.054631000000000041e-01   2.353947e+00   1.129467e-01
1.101743000000000028e-01   2.342824e+00   1.059657e-01
1.148856000000000044e-01   2.487692e+00   1.000399e-01
1.195968000000000031e-01   2.576631e+00   9.489687e-02
1.243081000000000047e-01   2.549784e+00   9.005597e-02
1.290193000000000034e-01   2.579072e+00   8.629721e-02
1.337306000000000050e-01   2.499966e+00   8.284210e-02
1.384419000000000066e-01   2.444643e+00   7.956116e-02
1.431531000000000053e-01   2.506934e+00   7.668271e-02
1.478644000000000069e-01   2.525164e+00   7.424651e-02
1.525756000000000057e-01   2.512391e+00   7.210332e-02
1.572869000000000073e-01   2.494492e+00   7.004851e-02
1.619981000000000060e-01   2.462614e+00   6.790440e-02
1.667094000000000076e-01   2.496822e+00   6.635612e-02
1.714206000000000063e-01   2.481941e+00   6.468453e-02
1.761319000000000079e-01   2.468564e+00   6.315724e-02
1.808432000000000095e-01   2.509544e+00   6.182154e-02
1.855544000000000082e-01   2.507039e+00   6.061353e-02
1.902657000000000098e-01   2.461480e+00   5.946660e-02
1.949769000000000085e-01   2.547270e+00   5.842071e-02
1.996882000000000101e-01   2.515761e+00   5.731976e-02
2.043994000000000089e-01   2.457363e+00   5.632227e-02
2.091107000000000105e-01   2.534419e+00   5.556110e-02
2.138220000000000121e-01   2.603717e+00   5.478476e-02
2.185332000000000108e-01   2.600316e+00   5.393302e-02
2.232445000000000124e-01   2.544679e+00   5.305113e-02
2.279557000000000111e-01   2.484119e+00   5.226578e-02
2.326670000000000127e-01   2.504553e+00   5.156862e-02
2.373782000000000114e-01   2.510247e+00   5.097494e-02
2.420895000000000130e-01   2.484052e+00   5.016165e-02
2.468007000000000117e-01   2.507341e+00   4.962876e-02
2.515120000000000133e-01   2.534326e+00   4.912074e-02
2.562232999999999872e-01   2.485583e+00   4.849634e-02
2.609345000000000137e-01   2.485724e+00   4.789179e-02
2.656457999999999875e-01   2.481518e+00   4.735803e-02
2.703570000000000140e-01   2.527178e+00   4.695100e-02
2.750682999999999878e-01   2.482523e+00   4.652587e-02
2.797795000000000143e-01   2.528435e+00   4.600032e-02
2.844907999999999881e-01   2.482883e+00   4.552212e-02
2.892021000000000175e-01   2.515147e+00   4.515936e-02
2.939132999999999885e-01   2.522752e+00   4.482319e-02
2.986246000000000178e-01   2.519722e+00   4.436211e-02
3.033357999999999888e-01   2.465745e+00   4.384001e-02
3.080471000000000181e-01   2.429948e+00   4.338596e-02
3.127582999999999891e-01   2.490060e+00   4.308495e-02
3.174696000000000184e-01   2.479951e+00   4.273553e-02
3.221808999999999923e-01   2.427115e+00   4.234972e-02
3.268921000000000188e-01   2.428798e+00   4.201237e-02
3.316033999999999926e-01   2.504874e+00   4.178289e-02
3.363146000000000191e-01   2.502977e+00   4.215363e-02
3.410258999999999929e-01   2.459772e+00   4.247847e-02
3.457371000000000194e-01   2.417853e+00   4.261432e-02
3.504483999999999932e-01   2.454733e+00   4.321668e-02
3.551596000000000197e-01   2.515164e+00   4.420137e-02
3.598708999999999936e-01   2.463131e+00   4.467691e-02
3.645822000000000229e-01   2.446396e+00   4.515449e-02
3.692933999999999939e-01   2.519015e+00   4.551571e-02
3.740047000000000232e-01   2.505877e+00   4.582169e-02
3.787158999999999942e-01   2.478020e+00   4.612551e-02
3.834272000000000236e-01   2.462509e+00   4.624412e-02
3.881383999999999945e-01   2.438482e+00   4.654001e-02
3.928497000000000239e-01   2.436057e+00   4.768776e-02
3.975609999999999977e-01   2.470246e+00   4.908624e-02
4.022722000000000242e-01   2.400884e+00   5.007561e-02
4.069834999999999980e-01   2.361922e+00   5.097822e-02
4.116947000000000245e-01   2.389856e+00   5.185580e-02
4.164059999999999984e-01   2.376183e+00   5.259586e-02
4.211172000000000248e-01   2.423257e+00   5.343321e-02
4.258284999999999987e-01   2.454313e+00   5.420317e-02
4.305397000000000252e-01   2.519490e+00   5.509891e-02
4.352509999999999990e-01   2.429277e+00   5.582558e-02
4.399622999999999728e-01   2.489774e+00   5.665561e-02
4.446734999999999993e-01   2.496997e+00   5.764002e-02
4.493847999999999732e-01   2.419299e+00   5.824590e-02
4.540959999999999996e-01   2.399826e+00   5.867907e-02
4.588072999999999735e-01   2.453313e+00   5.680857e-02
4.635185000000000000e-01   2.364228e+00   5.532837e-02
4.682297999999999738e-01   2.469372e+00   5.469029e-02
4.729411000000000032e-01   2.568269e+00   5.422326e-02
4.776522999999999741e-01   2.495679e+00   5.355582e-02
4.823636000000000035e-01   2.464460e+00   5.317181e-02
4.870747999999999744e-01   2.401125e+00   5.280263e-02
4.917861000000000038e-01   2.439610e+00   5.251753e-02
4.964972999999999748e-01   2.421287e+00   5.215906e-02
5.012086000000000041e-01   2.395609e+00   5.182742e-02
5.059198999999999780e-01   2.372384e+00   5.157642e-02
5.106311000000000044e-01   2.381076e+00   5.138380e-02
5.153423999999999783e-01   2.369576e+00   5.101609e-02
5.200536000000000048e-01   2.415653e+00   5.075539e-02
5.247648999999999786e-01   2.367164e+00   5.032999e-02
5.294761000000000051e-01   2.422212e+00   5.003395e-02
5.341873999999999789e-01   2.437451e+00   4.962740e-02
5.388986000000000054e-01   2.406445e+00   4.930269e-02
5.436098999999999792e-01   2.410954e+00   4.902349e-02
5.483211999999999531e-01   2.445960e+00   4.872442e-02
5.530323999999999796e-01   2.419953e+00   4.835358e-02
5.577436999999999534e-01   2.424137e+00   4.815506e-02
5.624548999999999799e-01   2.431039e+00   4.787036e-02
5.671661999999999537e-01   2.478365e+00   4.768901e-02
5.718773999999999802e-01   2.447106e+00   4.753970e-02
5.765886999999999540e-01   2.424411e+00   4.730860e-02
5.813000000000000389e-01   2.382977e+00   4.717911e-02
5.860111999999999544e-01   2.374769e+00   4.706643e-02
5.907225000000000392e-01   2.453265e+00   4.712222e-02
5.954336999999999547e-01   2.384584e+00   4.691112e-02
6.001450000000000395e-01   2.360387e+00   4.674429e-02
6.048561999999999550e-01   2.384746e+00   4.665276e-02
6.095675000000000399e-01   2.362307e+00   4.650289e-02
6.142788000000000137e-01   2.396148e+00   4.647718e-02
6.189900000000000402e-01   2.351398e+00   4.626815e-02
6.237013000000000140e-01   2.443451e+00   4.623139e-02
6.284125000000000405e-01   2.400134e+00   4.617430e-02
6.331238000000000143e-01   2.390095e+00   4.599736e-02
6.378350000000000408e-01   2.361801e+00   4.578414e-02
6.425463000000000147e-01   2.316633e+00   4.572280e-02
6.472575000000000411e-01   2.369394e+00   4.562854e-02
6.519688000000000150e-01   2.322813e+00   4.543775e-02
6.566800999999999888e-01   2.343926e+00   4.539417e-02
6.613913000000000153e-01   2.330234e+00   4.529258e-02
6.661025999999999891e-01   2.302844e+00   4.524067e-02
6.708138000000000156e-01   2.363881e+00   4.517262e-02
6.755250999999999895e-01   2.323708e+00   4.498261e-02
6.802363000000000159e-01   2.378756e+00   4.496791e-02
6.849475999999999898e-01   2.387025e+00   4.490417e-02
6.896588999999999636e-01   2.381522e+00   4.482521e-02
6.943700999999999901e-01   2.325635e+00   4.456930e-02
6.990813999999999639e-01   2.274437e+00   4.442468e-02
7.037925999999999904e-01   2.257965e+00   4.430947e-02
7.085038999999999643e-01   2.358811e+00   4.434692e-02
7.132150999999999907e-01   2.319537e+00   4.418865e-02
7.179263999999999646e-01   2.277388e+00   4.405323e-02
7.226375999999999911e-01   2.301048e+00   4.404149e-02
7.273488999999999649e-01   2.346952e+00   4.396827e-02
7.320602000000000498e-01   2.278715e+00   4.377824e-02
7.367713999999999652e-01   2.262104e+00   4.372794e-02
7.414827000000000501e-01   2.274040e+00   4.361912e-02
7.461938999999999655e-01   2.285926e+00   4.358550e-02
7.509052000000000504e-01   2.243805e+00   4.345786e-02
7.556163999999999659e-01   2.265216e+00   4.333186e-02
7.603277000000000507e-01   2.334994e+00   4.329383e-02
7.650390000000000246e-01   2.278159e+00   4.313383e-02
7.697502000000000510e-01   2.301841e+00   4.298369e-02
7.744615000000000249e-01   2.286102e+00   4.296718e-02
7.791727000000000514e-01   2.290819e+00   4.291231e-02
7.838840000000000252e-01   2.252710e+00   4.281783e-02
7.885952000000000517e-01   2.300293e+00   4.267602e-02
7.933065000000000255e-01   2.238452e+00   4.262379e-02
7.980177999999999994e-01   2.309219e+00   4.266796e-02
8.027290000000000258e-01   2.263468e+00   4.251028e-02
8.074402999999999997e-01   2.261163e+00   4.239456e-02
8.121515000000000262e-01   2.205076e+00   4.222405e-02
8.168628000000000000e-01   2.268741e+00   4.218255e-02
8.215740000000000265e-01   2.241885e+00   4.210780e-02
8.262853000000000003e-01   2.197603e+00   4.196902e-02
8.309965000000000268e-01   2.257102e+00   4.194592e-02
8.357078000000000007e-01   2.221362e+00   4.180115e-02
8.404190999999999745e-01   2.201809e+00   4.169295e-02
8.451303000000000010e-01   2.291902e+00   4.174647e-02
8.498415999999999748e-01   2.234831e+00   4.161180e-02
8.545528000000000013e-01   2.224555e+00   4.151214e-02
8.592640999999999751e-01   2.145866e+00   4.132497e-02
8.639753000000000016e-01   2.222626e+00   4.136455e-02
8.686865999999999755e-01   2.137807e+00   4.119695e-02
8.733978999999999493e-01   2.177105e+00   4.115128e-02
8.781090999999999758e-01   2.233761e+00   4.110059e-02
8.828203999999999496e-01   2.223959e+00   4.096097e-02
8.875315999999999761e-01   2.246333e+00   4.091739e-02
8.922428999999999499e-01   2.219454e+00   4.084579e-02
8.969540999999999764e-01   2.169345e+00   4.076934e-02
9.016653999999999503e-01   2.142309e+00   4.065438e-02
9.063767000000000351e-01   2.154759e+00   4.056556e-02
9.110878999999999506e-01   2.153691e+00   4.050548e-02
9.157992000000000354e-01   2.192923e+00   4.043153e-02
9.205103999999999509e-01   2.151284e+00   4.033204e-02
9.252217000000000358e-01   2.151179e+00   4.029578e-02
9.299328999999999512e-01   2.170087e+00   4.022307e-02
9.346442000000000361e-01   2.138973e+00   4.012000e-02
9.393553999999999515e-01   2.116040e+00   4.003173e-02
9.440667000000000364e-01   2.145179e+00   3.998171e-02
9.487780000000000102e-01   2.099337e+00   3.984863e-02
9.534892000000000367e-01   2.128270e+00   3.979837e-02
9.582005000000000106e-01   2.095353e+00   3.970327e-02
9.629117000000000370e-01   2.089024e+00   3.963054e-02
9.676230000000000109e-01   2.109047e+00   3.960099e-02
9.723342000000000374e-01   2.047252e+00   3.945418e-02
9.770455000000000112e-01   2.064988e+00   3.943881e-02
9.817567999999999850e-01   2.053028e+00   3.936605e-02
9.864680000000000115e-01   2.099138e+00   3.929427e-02
9.911792999999999854e-01   2.078466e+00   3.921033e-02
9.958905000000000118e-01   2.122408e+00   3.919528e-02
1.000601999999999991e+00   2.097911e+00   3.911028e-02
1.005312999999999901e+00   2.086311e+00   3.896500e-02
1.010024000000000033e+00   2.067232e+00   3.888553e-02
1.014736000000000082e+00   2.095891e+00   3.888545e-02
1.019446999999999992e+00   2.041137e+00   3.876003e-02
1.024157999999999902e+00   2.088697e+00   3.872706e-02
1.028869000000000034e+00   2.035365e+00   3.861863e-02
1.033581000000000083e+00   2.066171e+00   3.860841e-02
1.038291999999999993e+00   2.040316e+00   3.851569e-02
1.043002999999999902e+00   2.083573e+00   3.847815e-02
1.047714000000000034e+00   2.069284e+00   3.837782e-02
1.052426000000000084e+00   2.052665e+00   3.833472e-02
1.057136999999999993e+00   2.048284e+00   3.826637e-02
1.061847999999999903e+00   2.026885e+00   3.815973e-02
1.066559000000000035e+00   1.988238e+00   3.806353e-02
1.071271000000000084e+00   2.025644e+00   3.803099e-02
1.075981999999999994e+00   2.023795e+00   3.797034e-02
1.080692999999999904e+00   2.010937e+00   3.788645e-02
1.085404000000000035e+00   1.964366e+00   3.774944e-02
1.090116000000000085e+00   1.984426e+00   3.771566e-02
1.094826999999999995e+00   1.983793e+00   3.767463e-02
1.099537999999999904e+00   2.030436e+00   3.764884e-02
1.104249000000000036e+00   1.967273e+00   3.752733e-02
1.108961000000000086e+00   1.969992e+00   3.747272e-02
1.113671999999999995e+00   1.917119e+00   3.735970e-02
1.118382999999999905e+00   1.937339e+00   3.733763e-02
1.123094000000000037e+00   1.939897e+00   3.725367e-02
1.127806000000000086e+00   1.965810e+00   3.721926e-02
1.132516999999999996e+00   1.951585e+00   3.717711e-02
1.137227999999999906e+00   1.955083e+00   3.706009e-02
1.141939000000000037e+00   1.987643e+00   3.705408e-02
1.146651000000000087e+00   1.973793e+00   3.699691e-02
1.151361999999999997e+00   1.921151e+00   3.691508e-02
1.156072999999999906e+00   1.869546e+00   3.681499e-02
1.160784000000000038e+00   1.923045e+00   3.681585e-02
1.165496000000000087e+00   1.923758e+00   3.673750e-02
1.170206999999999997e+00   1.900735e+00   3.668791e-02
1.174917999999999907e+00   1.999819e+00   3.670782e-02
1.179629999999999956e+00   1.889769e+00   3.655084e-02
1.184341000000000088e+00   1.921831e+00   3.652577e-02
1.189051999999999998e+00   1.891767e+00   3.642700e-02
1.193762999999999908e+00   1.870668e+00   3.642533e-02
1.198474999999999957e+00   1.927638e+00   3.728303e-02
1.203186000000000089e+00   1.906760e+00   3.819585e-02
1.207896999999999998e+00   1.867032e+00   3.879266e-02
1.212607999999999908e+00   1.902373e+00   3.933775e-02
1.217319999999999958e+00   1.928500e+00   3.983440e-02
1.222031000000000089e+00   1.927390e+00   4.023129e-02
1.226741999999999999e+00   1.866922e+00   4.056475e-02
1.231452999999999909e+00   1.892626e+00   4.091609e-02
1.236164999999999958e+00   1.867268e+00   4.122923e-02
1.240876000000000090e+00   1.838941e+00   4.147345e-02
1.245587000000000000e+00   1.829349e+00   4.169176e-02
1.250297999999999909e+00   1.797165e+00   4.182617e-02
1.255009999999999959e+00   1.773624e+00   4.188372e-02
1.259721000000000091e+00   1.793696e+00   4.189046e-02
1.264432000000000000e+00   1.818865e+00   4.049251e-02
1.269142999999999910e+00   1.792585e+00   3.946799e-02
1.273854999999999960e+00   1.798764e+00   3.877966e-02
1.278566000000000091e+00   1.796254e+00   3.825046e-02
1.283277000000000001e+00   1.786995e+00   3.782537e-02
1.287987999999999911e+00   1.783697e+00   3.746040e-02
1.292699999999999960e+00   1.747316e+00   3.712489e-02
1.297411000000000092e+00   1.760258e+00   3.681673e-02
1.302122000000000002e+00   1.767568e+00   3.655651e-02
1.306832999999999911e+00   1.778115e+00   3.637568e-02
1.311544999999999961e+00   1.769198e+00   3.629047e-02
1.316256000000000093e+00   1.738339e+00   3.614264e-02
1.320967000000000002e+00   1.772404e+00   3.607646e-02
1.325677999999999912e+00   1.730447e+00   3.599149e-02
1.330389999999999961e+00   1.794580e+00   3.593144e-02
1.335101000000000093e+00   1.745802e+00   3.580626e-02
1.339812000000000003e+00   1.779984e+00   3.574826e-02
1.344522999999999913e+00   1.726022e+00   3.565735e-02
1.349234999999999962e+00   1.703569e+00   3.552211e-02
1.353946000000000094e+00   1.721087e+00   3.548188e-02
1.358657000000000004e+00   1.720691e+00   3.542326e-02
1.363369000000000053e+00   1.670195e+00   3.533495e-02
1.368079999999999963e+00   1.684520e+00   3.525046e-02
1.372791000000000095e+00   1.697479e+00   3.519958e-02
1.377502000000000004e+00   1.692364e+00   3.509420e-02
1.382214000000000054e+00   1.689538e+00   3.509914e-02
1.386924999999999963e+00   1.697200e+00   3.504442e-02
1.391636000000000095e+00   1.675356e+00   3.489636e-02
1.396347000000000005e+00   1.660241e+00   3.482511e-02
1.401059000000000054e+00   1.710082e+00   3.479094e-02
1.405769999999999964e+00   1.677325e+00   3.470035e-02
1.410481000000000096e+00   1.623162e+00   3.463297e-02
1.415192000000000005e+00   1.624974e+00   3.457651e-02
1.419904000000000055e+00   1.634140e+00   3.451679e-02
1.424614999999999965e+00   1.662273e+00   3.448736e-02
1.429326000000000096e+00   1.621273e+00   3.440280e-02
1.434037000000000006e+00   1.617693e+00   3.434699e-02
1.438749000000000056e+00   1.659235e+00   3.429928e-02
1.443459999999999965e+00   1.630515e+00   3.422877e-02
1.448171000000000097e+00   1.643666e+00   3.415231e-02
1.452882000000000007e+00   1.543180e+00   3.401887e-02
1.457594000000000056e+00   1.576626e+00   3.400483e-02
1.462304999999999966e+00   1.570918e+00   3.397525e-02
1.467016000000000098e+00   1.603163e+00   3.395275e-02
1.471727000000000007e+00   1.580381e+00   3.386402e-02
1.476439000000000057e+00   1.569562e+00   3.386077e-02
1.481149999999999967e+00   1.568986e+00   3.378794e-02
1.485861000000000098e+00   1.576274e+00   3.371653e-02
1.490572000000000008e+00   1.556501e+00   3.366919e-02
1.495284000000000058e+00   1.517066e+00   3.355621e-02
1.499994999999999967e+00   1.548657e+00   3.353239e-02
1.504706000000000099e+00   1.538000e+00   3.348371e-02
1.509417000000000009e+00   1.526684e+00   3.342472e-02
1.514129000000000058e+00   1.530390e+00   3.350211e-02
1.518839999999999968e+00   1.574060e+00   3.453511e-02
1.523551000000000100e+00   1.570519e+00   3.523230e-02
1.528262999999999927e+00   1.524060e+00   3.568976e-02
1.532974000000000059e+00   1.450024e+00   3.603472e-02
1.537684999999999969e+00   1.473860e+00   3.642750e-02
1.542396000000000100e+00   1.471082e+00   3.644861e-02
1.547107999999999928e+00   1.490128e+00   3.552376e-02
1.551819000000000059e+00   1.488441e+00   3.503296e-02
1.556529999999999969e+00   1.497197e+00   3.467486e-02
1.561241000000000101e+00   1.493230e+00   3.434313e-02
1.565952999999999928e+00   1.505029e+00   3.403763e-02
1.570664000000000060e+00   1.479615e+00   3.368990e-02
1.575374999999999970e+00   1.440225e+00   3.327389e-02
1.580086000000000102e+00   1.494183e+00   3.300468e-02
1.584797999999999929e+00   1.513295e+00   3.286769e-02
1.589509000000000061e+00   1.444194e+00   3.270306e-02
1.594219999999999970e+00   1.444552e+00   3.270633e-02
1.598931000000000102e+00   1.419384e+00   3.274367e-02
1.603642999999999930e+00   1.426850e+00   3.280902e-02
1.608354000000000061e+00   1.449002e+00   3.284954e-02
1.613064999999999971e+00   1.429251e+00   3.275825e-02
1.617776000000000103e+00   1.412270e+00   3.268856e-02
1.622487999999999930e+00   1.423583e+00   3.266320e-02
1.627199000000000062e+00   1.439771e+00   3.261525e-02
1.631909999999999972e+00   1.434073e+00   3.254021e-02
1.636621000000000103e+00   1.398768e+00   3.246105e-02
1.641332999999999931e+00   1.380509e+00   3.238269e-02
1.646044000000000063e+00   1.430319e+00   3.239219e-02
1.650754999999999972e+00   1.403846e+00   3.230871e-02
1.655466000000000104e+00   1.385263e+00   3.224543e-02
1.660177999999999932e+00   1.422923e+00   3.223813e-02
1.664889000000000063e+00   1.406472e+00   3.216695e-02
1.669599999999999973e+00   1.313376e+00   3.205892e-02
1.674311000000000105e+00   1.324249e+00   3.199805e-02
1.679022999999999932e+00   1.331888e+00   3.196712e-02
1.683734000000000064e+00   1.363465e+00   3.192197e-02
1.688444999999999974e+00   1.361735e+00   3.188705e-02
1.693156000000000105e+00   1.327560e+00   3.182834e-02
1.697867999999999933e+00   1.296615e+00   3.176613e-02
1.702579000000000065e+00   1.325884e+00   3.173993e-02
1.707289999999999974e+00   1.344402e+00   3.171498e-02
1.712002000000000024e+00   1.303901e+00   3.158592e-02
1.716712999999999933e+00   1.293414e+00   3.155858e-02
1.721424000000000065e+00   1.300638e+00   3.154998e-02
1.726134999999999975e+00   1.329324e+00   3.150406e-02
1.730847000000000024e+00   1.317935e+00   3.143878e-02
1.735557999999999934e+00   1.322732e+00   3.142568e-02
1.740269000000000066e+00   1.306298e+00   3.137234e-02
1.744979999999999976e+00   1.314860e+00   3.131656e-02
1.749692000000000025e+00   1.263860e+00   3.123631e-02
1.754402999999999935e+00   1.309884e+00   3.120027e-02
1.759114000000000066e+00   1.248779e+00   3.115895e-02
1.763824999999999976e+00   1.252633e+00   3.110252e-02
1.768537000000000026e+00   1.243174e+00   3.105225e-02
1.773247999999999935e+00   1.283756e+00   3.103741e-02
1.777959000000000067e+00   1.263581e+00   3.096529e-02
1.782669999999999977e+00   1.240236e+00   3.093346e-02
1.787382000000000026e+00   1.256599e+00   3.091521e-02
1.792092999999999936e+00   1.228844e+00   3.086490e-02
1.796804000000000068e+00   1.261319e+00   3.082639e-02
1.801514999999999977e+00   1.213038e+00   3.073770e-02
1.806227000000000027e+00   1.179922e+00   3.069778e-02
1.810937999999999937e+00   1.209684e+00   3.064852e-02
1.815649000000000068e+00   1.209117e+00   3.061614e-02
1.820359999999999978e+00   1.213805e+00   3.059604e-02
1.825072000000000028e+00   1.230664e+00   3.057084e-02
1.829782999999999937e+00   1.214468e+00   3.048971e-02
1.834494000000000069e+00   1.192039e+00   3.044688e-02
1.839204999999999979e+00   1.186942e+00   3.044338e-02
1.843917000000000028e+00   1.210247e+00   3.039227e-02
1.848627999999999938e+00   1.200614e+00   3.032349e-02
1.853339000000000070e+00   1.176067e+00   3.028644e-02
1.858049999999999979e+00   1.191589e+00   3.026441e-02
1.862762000000000029e+00   1.171959e+00   3.019761e-02
1.867472999999999939e+00   1.184596e+00   3.014403e-02
1.872184000000000070e+00   1.139657e+00   3.012168e-02
1.876894999999999980e+00   1.179508e+00   3.008621e-02
1.881607000000000030e+00   1.160988e+00   3.005586e-02
1.886317999999999939e+00   1.152734e+00   3.001766e-02
1.891029000000000071e+00   1.088753e+00   2.993100e-02
1.895740999999999898e+00   1.160201e+00   2.995011e-02
1.900452000000000030e+00   1.164690e+00   2.993379e-02
1.905162999999999940e+00   1.147363e+00   2.985045e-02
1.909874000000000072e+00   1.158132e+00   2.982795e-02
1.914585999999999899e+00   1.130771e+00   2.977372e-02
1.919297000000000031e+00   1.103441e+00   2.970216e-02
1.924007999999999940e+00   1.093496e+00   2.964740e-02
1.928719000000000072e+00   1.118942e+00   2.965960e-02
1.933430999999999900e+00   1.069902e+00   2.953592e-02
1.938142000000000031e+00   1.122071e+00   2.948493e-02
1.942852999999999941e+00   1.097634e+00   2.941081e-02
1.947564000000000073e+00   1.093486e+00   2.934140e-02
1.952275999999999900e+00   1.082237e+00   2.924140e-02
1.956987000000000032e+00   1.109268e+00   2.924560e-02
1.961697999999999942e+00   1.097998e+00   2.918211e-02
1.966409000000000074e+00   1.074479e+00   2.913654e-02
1.971120999999999901e+00   1.082165e+00   2.910964e-02
1.975832000000000033e+00   1.104777e+00   2.913744e-02
1.980542999999999942e+00   1.056143e+00   2.910192e-02
1.985254000000000074e+00   1.083854e+00   2.913234e-02
1.989965999999999902e+00   1.045797e+00   2.912426e-02
1.994677000000000033e+00   1.045207e+00   2.912418e-02
1.999387999999999943e+00   1.025797e+00   2.915157e-02
2.004099000000000075e+00   1.072117e+00   2.984455e-02
2.008811000000000124e+00   1.057982e+00   3.043791e-02
2.013522000000000034e+00   1.038636e+00   3.088671e-02
2.018232999999999944e+00   1.038640e+00   3.124116e-02
2.022943999999999853e+00   1.059477e+00   3.152464e-02
2.027655999999999903e+00   9.968226e-01   3.178807e-02
2.032366999999999813e+00   1.036825e+00   3.196865e-02
2.037078000000000166e+00   9.707170e-01   3.198005e-02
2.041789000000000076e+00   9.877896e-01   3.211493e-02
2.046501000000000126e+00   1.021597e+00   3.221777e-02
2.051212000000000035e+00   1.027733e+00   3.232255e-02
2.055922999999999945e+00   1.042962e+00   3.240641e-02
2.060633999999999855e+00   1.002973e+00   3.242044e-02
2.065345999999999904e+00   9.939049e-01   3.236459e-02
2.070056999999999814e+00   9.840412e-01   3.139043e-02
2.074768000000000168e+00   9.877045e-01   3.078065e-02
2.079480000000000217e+00   9.852727e-01   3.035749e-02
2.084191000000000127e+00   9.380547e-01   3.000394e-02
2.088902000000000037e+00   9.711082e-01   2.976182e-02
2.093612999999999946e+00   9.952520e-01   2.958087e-02
2.098324999999999996e+00   9.893418e-01   2.946409e-02
2.103035999999999905e+00   9.532358e-01   2.935286e-02
2.107746999999999815e+00   9.548077e-01   2.927475e-02
2.112458000000000169e+00   9.156590e-01   2.917565e-02
2.117170000000000218e+00   9.203000e-01   2.913488e-02
2.121881000000000128e+00   9.194253e-01   2.902407e-02
2.126592000000000038e+00   9.400822e-01   2.895782e-02
2.131302999999999948e+00   9.560737e-01   2.893680e-02
2.136014999999999997e+00   9.044694e-01   2.883021e-02
2.140725999999999907e+00   9.295711e-01   2.881477e-02
2.145436999999999816e+00   8.845180e-01   2.874042e-02
2.150148000000000170e+00   9.018703e-01   2.870708e-02
2.154860000000000220e+00   9.159889e-01   2.867389e-02
2.159571000000000129e+00   8.959695e-01   2.861466e-02
2.164282000000000039e+00   9.352794e-01   2.861160e-02
2.168992999999999949e+00   9.154687e-01   2.853419e-02
2.173704999999999998e+00   9.067234e-01   2.847864e-02
2.178415999999999908e+00   8.750847e-01   2.842033e-02
2.183126999999999818e+00   8.856840e-01   2.836474e-02
2.187838000000000171e+00   9.114604e-01   2.835600e-02
2.192550000000000221e+00   8.675270e-01   2.831386e-02
2.197261000000000131e+00   8.776763e-01   2.825235e-02
2.201972000000000040e+00   8.803121e-01   2.819843e-02
2.206682999999999950e+00   9.087668e-01   2.819065e-02
2.211395000000000000e+00   8.613184e-01   2.811794e-02
2.216105999999999909e+00   8.378202e-01   2.806785e-02
2.220816999999999819e+00   8.526792e-01   2.804010e-02
2.225528000000000173e+00   8.455239e-01   2.798787e-02
2.230239999999999778e+00   8.327893e-01   2.798601e-02
2.234951000000000132e+00   8.813590e-01   2.799482e-02
2.239662000000000042e+00   8.473513e-01   2.789162e-02
2.244372999999999951e+00   8.462471e-01   2.784044e-02
2.249085000000000001e+00   8.410709e-01   2.782841e-02
2.253795999999999911e+00   8.404380e-01   2.777687e-02
2.258506999999999820e+00   8.517590e-01   2.774155e-02
2.263218999999999870e+00   8.438689e-01   2.771236e-02
2.267929999999999779e+00   8.497991e-01   2.769471e-02
2.272641000000000133e+00   8.181787e-01   2.762145e-02
2.277352000000000043e+00   8.268533e-01   2.761098e-02
2.282064000000000092e+00   8.193832e-01   2.756002e-02
2.286775000000000002e+00   8.391521e-01   2.755456e-02
2.291485999999999912e+00   8.033086e-01   2.750095e-02
2.296196999999999822e+00   7.909245e-01   2.747114e-02
2.300908999999999871e+00   8.145128e-01   2.742648e-02
2.305619999999999781e+00   7.823415e-01   2.738043e-02
2.310331000000000135e+00   7.998741e-01   2.736954e-02
2.315042000000000044e+00   8.234793e-01   2.733588e-02
2.319754000000000094e+00   7.927276e-01   2.727537e-02
2.324465000000000003e+00   8.098660e-01   2.727489e-02
2.329175999999999913e+00   7.517045e-01   2.720731e-02
2.333886999999999823e+00   7.673499e-01   2.715516e-02
2.338598999999999872e+00   7.945290e-01   2.715683e-02
2.343309999999999782e+00   7.533116e-01   2.712261e-02
2.348021000000000136e+00   8.193219e-01   2.709567e-02
2.352732000000000046e+00   7.727176e-01   2.704596e-02
2.357444000000000095e+00   7.524616e-01   2.702192e-02
2.362155000000000005e+00   7.595357e-01   2.699101e-02
2.366865999999999914e+00   7.671792e-01   2.695675e-02
2.371576999999999824e+00   7.647117e-01   2.692897e-02
2.376288999999999874e+00   7.534769e-01   2.689096e-02
2.380999999999999783e+00   7.616638e-01   2.685000e-02
2.385711000000000137e+00   7.355920e-01   2.681519e-02
2.390422000000000047e+00   7.482799e-01   2.678700e-02
2.395134000000000096e+00   7.598784e-01   2.675627e-02
2.399845000000000006e+00   7.678857e-01   2.677296e-02
2.404555999999999916e+00   7.311388e-01   2.669724e-02
2.409266999999999825e+00   7.477423e-01   2.668332e-02
2.413978999999999875e+00   7.357353e-01   2.663720e-02
2.418689999999999785e+00   7.053516e-01   2.659436e-02
2.423401000000000138e+00   7.327747e-01   2.657679e-02
2.428112000000000048e+00   7.051550e-01   2.652864e-02
2.432824000000000098e+00   6.879130e-01   2.648029e-02
2.437535000000000007e+00   7.124701e-01   2.651816e-02
2.442245999999999917e+00   7.291427e-01   2.648577e-02
2.446957999999999966e+00   7.293051e-01   2.644834e-02
2.451668999999999876e+00   7.011731e-01   2.640388e-02
2.456379999999999786e+00   6.937540e-01   2.638166e-02
2.461091000000000140e+00   7.492808e-01   2.637726e-02
2.465803000000000189e+00   7.238465e-01   2.633489e-02
2.470514000000000099e+00   7.184701e-01   2.630692e-02
2.475225000000000009e+00   6.578603e-01   2.622206e-02
2.479935999999999918e+00   6.713215e-01   2.622918e-02
2.484647999999999968e+00   6.991037e-01   2.620151e-02
2.489358999999999877e+00   6.990288e-01   2.618198e-02
2.494069999999999787e+00   6.869317e-01   2.614135e-02
2.498781000000000141e+00   6.825219e-01   2.612053e-02
2.503493000000000190e+00   6.653158e-01   2.610254e-02
2.508204000000000100e+00   6.864731e-01   2.608426e-02
2.512915000000000010e+00   7.169804e-01   2.603186e-02
2.517625999999999920e+00   6.369458e-01   2.592933e-02
2.522337999999999969e+00   6.893864e-01   2.590671e-02
2.527048999999999879e+00   6.815047e-01   2.587035e-02
2.531759999999999788e+00   6.045159e-01   2.579552e-02
2.536471000000000142e+00   6.728908e-01   2.578635e-02
2.541183000000000192e+00   6.647065e-01   2.576850e-02
2.545894000000000101e+00   6.544784e-01   2.572894e-02
2.550605000000000011e+00   6.703040e-01   2.570422e-02
2.555315999999999921e+00   6.674128e-01   2.569889e-02
2.560027999999999970e+00   6.998833e-01   2.569040e-02
2.564738999999999880e+00   6.720337e-01   2.565467e-02
2.569449999999999790e+00   6.772076e-01   2.570440e-02
2.574161000000000143e+00   6.481803e-01   2.565849e-02
2.578873000000000193e+00   6.172322e-01   2.561214e-02
2.583584000000000103e+00   6.036449e-01   2.559562e-02
2.588295000000000012e+00   6.165125e-01   2.558472e-02
2.593005999999999922e+00   6.206988e-01   2.557058e-02
2.597717999999999972e+00   6.276712e-01   2.555888e-02
2.602428999999999881e+00   6.217410e-01   2.553761e-02
2.607139999999999791e+00   6.450530e-01   2.550330e-02
2.611851000000000145e+00   6.057459e-01   2.546807e-02
2.616563000000000194e+00   6.021017e-01   2.544617e-02
2.621274000000000104e+00   5.918584e-01   2.540693e-02
2.625985000000000014e+00   5.863829e-01   2.540703e-02
2.630697000000000063e+00   6.189067e-01   2.537202e-02
2.635407999999999973e+00   5.964264e-01   2.533041e-02
2.640118999999999883e+00   6.207350e-01   2.534538e-02
2.644829999999999792e+00   5.946014e-01   2.528102e-02
2.649541999999999842e+00   5.898545e-01   2.527192e-02
2.654253000000000196e+00   6.114168e-01   2.525911e-02
2.658964000000000105e+00   5.763310e-01   2.521412e-02
2.663675000000000015e+00   5.553852e-01   2.518395e-02
2.668387000000000064e+00   5.460387e-01   2.512905e-02
2.673097999999999974e+00   5.805711e-01   2.513716e-02
2.677808999999999884e+00   5.871689e-01   2.513725e-02
2.682519999999999794e+00   5.903163e-01   2.509313e-02
2.687231999999999843e+00   5.817069e-01   2.505488e-02
2.691943000000000197e+00   5.744872e-01   2.502975e-02
2.696654000000000106e+00   5.659780e-01   2.503183e-02
2.701365000000000016e+00   5.441504e-01   2.498189e-02
2.706077000000000066e+00   5.970551e-01   2.498419e-02
2.710787999999999975e+00   5.914034e-01   2.495967e-02
2.715498999999999885e+00   5.643999e-01   2.491833e-02
2.720209999999999795e+00   5.435060e-01   2.490099e-02
2.724921999999999844e+00   5.551108e-01   2.489664e-02
2.729633000000000198e+00   5.494125e-01   2.485200e-02
2.734344000000000108e+00   5.433964e-01   2.481484e-02
2.739055000000000017e+00   5.200830e-01   2.479088e-02
2.743767000000000067e+00   5.499223e-01   2.479337e-02
2.748477999999999977e+00   5.445179e-01   2.476757e-02
2.753188999999999886e+00   5.437656e-01   2.474531e-02
2.757899999999999796e+00   5.787719e-01   2.472913e-02
2.762611999999999846e+00   5.689197e-01   2.469159e-02
2.767323000000000199e+00   5.609501e-01   2.469204e-02
2.772034000000000109e+00   5.486718e-01   2.466606e-02
2.776745000000000019e+00   5.212787e-01   2.464036e-02
2.781457000000000068e+00   5.192885e-01   2.458708e-02
2.786167999999999978e+00   5.282132e-01   2.457429e-02
2.790878999999999888e+00   5.522594e-01   2.456596e-02
2.795589999999999797e+00   5.525422e-01   2.456002e-02
2.800301999999999847e+00   5.286150e-01   2.452680e-02
2.805013000000000201e+00   5.401019e-01   2.462719e-02
2.809724000000000110e+00   5.154724e-01   2.522897e-02
2.814436000000000160e+00   5.173774e-01   2.562914e-02
2.819147000000000070e+00   4.825758e-01   2.593165e-02
2.823857999999999979e+00   4.996468e-01   2.616025e-02
2.828568999999999889e+00   5.092483e-01   2.629415e-02
2.833280999999999938e+00   5.214639e-01   2.638622e-02
2.837991999999999848e+00   5.242783e-01   2.647976e-02
2.842703000000000202e+00   5.028392e-01   2.655179e-02
2.847414000000000112e+00   5.050924e-01   2.663490e-02
2.852126000000000161e+00   5.199083e-01   2.672970e-02
2.856837000000000071e+00   4.903817e-01   2.675976e-02
2.861547999999999981e+00   5.343547e-01   2.679116e-02
2.866258999999999890e+00   5.133011e-01   2.684674e-02
2.870970999999999940e+00   5.177179e-01   2.666205e-02
2.875681999999999849e+00   5.080177e-01   2.596761e-02
2.880393000000000203e+00   4.927292e-01   2.555452e-02
2.885104000000000113e+00   4.969219e-01   2.529771e-02
2.889816000000000162e+00   4.952839e-01   2.509573e-02
2.894527000000000072e+00   5.062478e-01   2.499585e-02
2.899237999999999982e+00   5.137855e-01   2.491738e-02
2.903948999999999891e+00   4.816368e-01   2.484551e-02
2.908660999999999941e+00   4.772839e-01   2.477916e-02
2.913371999999999851e+00   4.775059e-01   2.473171e-02
2.918083000000000204e+00   5.203294e-01   2.471254e-02
2.922794000000000114e+00   4.490855e-01   2.462357e-02
2.927506000000000164e+00   4.896314e-01   2.460701e-02
2.932217000000000073e+00   4.963067e-01   2.459021e-02
2.936927999999999983e+00   5.093489e-01   2.454434e-02
2.941638999999999893e+00   4.808912e-01   2.449434e-02
2.946350999999999942e+00   4.936763e-01   2.446972e-02
2.951061999999999852e+00   4.652844e-01   2.440692e-02
2.955773000000000206e+00   4.796067e-01   2.439261e-02
2.960484000000000115e+00   4.880578e-01   2.436820e-02
2.965196000000000165e+00   4.389188e-01   2.432125e-02
2.969907000000000075e+00   4.769477e-01   2.428996e-02
2.974617999999999984e+00   4.686322e-01   2.424934e-02
2.979328999999999894e+00   4.706185e-01   2.422792e-02
2.984040999999999944e+00   4.349786e-01   2.416429e-02
2.988751999999999853e+00   4.308481e-01   2.414941e-02
2.993463000000000207e+00   4.279099e-01   2.412272e-02
2.998174999999999812e+00   4.554143e-01   2.409208e-02
3.002886000000000166e+00   4.481361e-01   2.409853e-02
3.007597000000000076e+00   4.237882e-01   2.404086e-02
3.012307999999999986e+00   4.610802e-01   2.402532e-02
3.017020000000000035e+00   4.527307e-01   2.401630e-02
3.021730999999999945e+00   4.729736e-01   2.397504e-02
3.026441999999999855e+00   4.325227e-01   2.392601e-02
3.031153000000000208e+00   4.495257e-01   2.390111e-02
3.035864999999999814e+00   4.642376e-01   2.388782e-02
3.040576000000000167e+00   4.538126e-01   2.382854e-02
3.045287000000000077e+00   4.159220e-01   2.380231e-02
3.049997999999999987e+00   4.379291e-01   2.382271e-02
3.054710000000000036e+00   4.418605e-01   2.380985e-02
3.059420999999999946e+00   4.596698e-01   2.378517e-02
3.064131999999999856e+00   4.220856e-01   2.372852e-02
3.068843000000000210e+00   4.304288e-01   2.370678e-02
3.073554999999999815e+00   4.052165e-01   2.368235e-02
3.078266000000000169e+00   4.127287e-01   2.366807e-02
3.082977000000000078e+00   4.028257e-01   2.365196e-02
3.087687999999999988e+00   4.309103e-01   2.364108e-02
3.092400000000000038e+00   4.067467e-01   2.359905e-02
3.097110999999999947e+00   4.215630e-01   2.358187e-02
3.101821999999999857e+00   3.822186e-01   2.352596e-02
3.106533000000000211e+00   4.208471e-01   2.351395e-02
3.111244999999999816e+00   4.040917e-01   2.349981e-02
3.115956000000000170e+00   3.913844e-01   2.347650e-02
3.120667000000000080e+00   4.229842e-01   2.347198e-02
3.125377999999999989e+00   4.204190e-01   2.344545e-02
3.130090000000000039e+00   4.380259e-01   2.343397e-02
3.134800999999999949e+00   3.832596e-01   2.336841e-02
3.139511999999999858e+00   4.115602e-01   2.336656e-02
3.144223000000000212e+00   4.052200e-01   2.335470e-02
3.148934999999999818e+00   4.269386e-01   2.335153e-02
3.153646000000000171e+00   4.303269e-01   2.331278e-02
3.158357000000000081e+00   3.538232e-01   2.326323e-02
3.163067999999999991e+00   3.989037e-01   2.327074e-02
3.167780000000000040e+00   3.926247e-01   2.323875e-02
3.172490999999999950e+00   3.768178e-01   2.321316e-02
3.177201999999999860e+00   4.001060e-01   2.319700e-02
3.181913999999999909e+00   4.147274e-01   2.322153e-02
3.186624999999999819e+00   3.925836e-01   2.316410e-02
3.191336000000000173e+00   3.781560e-01   2.311001e-02
3.196047000000000082e+00   3.698562e-01   2.306838e-02
3.200759000000000132e+00   3.451707e-01   2.303560e-02
3.205470000000000041e+00   3.551241e-01   2.300682e-02
3.210180999999999951e+00   3.732038e-01   2.298979e-02
3.214891999999999861e+00   3.942005e-01   2.299190e-02
3.219603999999999910e+00   3.559125e-01   2.294512e-02
3.224314999999999820e+00   3.910409e-01   2.294124e-02
3.229026000000000174e+00   4.089700e-01   2.292086e-02
3.233737000000000084e+00   3.619442e-01   2.288241e-02
3.238449000000000133e+00   3.808100e-01   2.286802e-02
3.243160000000000043e+00   3.773942e-01   2.287751e-02
3.247870999999999952e+00   3.819779e-01   2.288997e-02
3.252581999999999862e+00   3.662724e-01   2.285581e-02
3.257293999999999912e+00   3.806161e-01   2.287434e-02
3.262004999999999821e+00   3.653974e-01   2.283733e-02
3.266716000000000175e+00   3.545545e-01   2.282193e-02
3.271427000000000085e+00   3.723890e-01   2.283947e-02
3.276139000000000134e+00   3.812860e-01   2.281164e-02
3.280850000000000044e+00   3.696448e-01   2.278861e-02
3.285560999999999954e+00   3.717473e-01   2.276490e-02
3.290271999999999863e+00   3.274552e-01   2.271628e-02
3.294983999999999913e+00   3.607962e-01   2.270522e-02
3.299694999999999823e+00   3.651604e-01   2.271228e-02
3.304406000000000176e+00   3.292066e-01   2.267777e-02
3.309117000000000086e+00   3.800835e-01   2.268504e-02
3.313829000000000136e+00   3.616125e-01   2.264127e-02
3.318540000000000045e+00   3.241448e-01   2.260014e-02
3.323250999999999955e+00   3.640870e-01   2.262296e-02
3.327961999999999865e+00   3.664536e-01   2.261107e-02
3.332673999999999914e+00   3.580560e-01   2.259096e-02
3.337384999999999824e+00   3.409928e-01   2.256195e-02
3.342096000000000178e+00   3.553535e-01   2.254684e-02
3.346807000000000087e+00   3.378157e-01   2.253121e-02
3.351519000000000137e+00   3.448938e-01   2.250704e-02
3.356230000000000047e+00   3.258979e-01   2.247005e-02
3.360940999999999956e+00   3.458568e-01   2.245903e-02
3.365653000000000006e+00   3.381324e-01   2.245122e-02
3.370363999999999916e+00   3.555126e-01   2.242757e-02
3.375074999999999825e+00   3.620723e-01   2.242327e-02
3.379786000000000179e+00   3.474326e-01   2.239489e-02
3.384497999999999784e+00   3.142594e-01   2.238431e-02
3.389209000000000138e+00   3.176638e-01   2.251570e-02
3.393920000000000048e+00   2.992884e-01   2.301548e-02
3.398630999999999958e+00   3.403161e-01   2.336415e-02
3.403343000000000007e+00   3.451515e-01   2.361064e-02
3.408053999999999917e+00   3.340534e-01   2.376808e-02
3.412764999999999826e+00   3.208559e-01   2.383443e-02
3.417476000000000180e+00   3.227582e-01   2.383968e-02
3.422187999999999786e+00   3.150168e-01   2.381990e-02
3.426899000000000139e+00   3.263251e-01   2.388781e-02
3.431610000000000049e+00   3.181750e-01   2.395197e-02
3.436320999999999959e+00   3.436597e-01   2.404815e-02
3.441033000000000008e+00   3.095960e-01   2.404827e-02
3.445743999999999918e+00   3.383385e-01   2.410404e-02
3.450454999999999828e+00   3.672311e-01   2.417285e-02
3.455166000000000182e+00   3.495888e-01   2.420326e-02
3.459877999999999787e+00   3.480507e-01   2.423441e-02
3.464589000000000141e+00   3.236764e-01   2.426875e-02
3.469300000000000050e+00   3.177103e-01   2.430279e-02
3.474010999999999960e+00   3.222822e-01   2.435700e-02
3.478723000000000010e+00   3.201995e-01   2.437057e-02
3.483433999999999919e+00   3.359305e-01   2.442055e-02
3.488144999999999829e+00   3.365888e-01   2.445382e-02
3.492856000000000183e+00   3.652051e-01   2.449895e-02
3.497567999999999788e+00   3.467969e-01   2.450812e-02
3.502279000000000142e+00   2.958778e-01   2.451719e-02
3.506990000000000052e+00   3.363395e-01   2.456288e-02
3.511700999999999961e+00   3.083590e-01   2.458437e-02
3.516413000000000011e+00   2.906141e-01   2.458867e-02
3.521123999999999921e+00   3.039875e-01   2.462734e-02
3.525834999999999830e+00   3.077364e-01   2.465766e-02
3.530546000000000184e+00   3.226904e-01   2.469671e-02
3.535257999999999790e+00   3.503853e-01   2.473256e-02
3.539969000000000143e+00   3.178429e-01   2.474068e-02
3.544680000000000053e+00   2.845464e-01   2.474147e-02
3.549392000000000102e+00   2.958053e-01   2.475797e-02
3.554103000000000012e+00   3.086014e-01   2.478658e-02
3.558813999999999922e+00   3.185688e-01   2.482372e-02
3.563524999999999832e+00   3.180316e-01   2.487713e-02
3.568236999999999881e+00   2.966871e-01   2.486725e-02
3.572947999999999791e+00   2.805405e-01   2.487483e-02
3.577659000000000145e+00   2.843668e-01   2.487532e-02
3.582370000000000054e+00   2.658140e-01   2.489932e-02
3.587082000000000104e+00   2.624082e-01   2.493106e-02
3.591793000000000013e+00   3.073840e-01   2.496732e-02
3.596503999999999923e+00   3.264589e-01   2.499819e-02
3.601214999999999833e+00   2.977995e-01   2.495813e-02
3.605926999999999882e+00   2.655049e-01   2.494095e-02
3.610637999999999792e+00   3.069600e-01   2.543083e-02
3.615349000000000146e+00   3.091011e-01   2.621862e-02
3.620060000000000056e+00   3.109233e-01   2.665780e-02
3.624772000000000105e+00   3.096377e-01   2.697168e-02
3.629483000000000015e+00   3.067105e-01   2.716799e-02
3.634193999999999924e+00   2.706393e-01   2.731460e-02
3.638904999999999834e+00   2.761146e-01   2.751673e-02
3.643616999999999884e+00   2.973397e-01   2.766083e-02
3.648327999999999793e+00   3.385142e-01   2.784878e-02
3.653039000000000147e+00   3.088028e-01   2.796985e-02
3.657750000000000057e+00   3.090226e-01   2.810535e-02
3.662462000000000106e+00   2.862224e-01   2.826537e-02
3.667173000000000016e+00   2.620929e-01   2.836989e-02
3.671883999999999926e+00   2.748273e-01   2.850004e-02
3.676594999999999835e+00   2.736244e-01   2.862932e-02
3.681306999999999885e+00   2.710006e-01   2.873004e-02
3.686017999999999795e+00   2.582213e-01   2.884971e-02
3.690729000000000148e+00   2.700857e-01   2.895002e-02
3.695440000000000058e+00   2.921612e-01   2.908500e-02
3.700152000000000108e+00   2.641939e-01   2.921137e-02
3.704863000000000017e+00   2.676966e-01   2.934796e-02
3.709573999999999927e+00   2.631762e-01   2.949164e-02
3.714284999999999837e+00   2.765178e-01   2.961297e-02
3.718996999999999886e+00   2.780978e-01   2.968635e-02
3.723707999999999796e+00   2.948215e-01   2.979330e-02
3.728419000000000150e+00   2.851125e-01   2.993669e-02
3.733131000000000199e+00   2.973149e-01   3.009147e-02
3.737842000000000109e+00   2.687788e-01   3.016117e-02
3.742553000000000019e+00   2.840494e-01   3.026943e-02
3.747263999999999928e+00   3.166264e-01   3.041693e-02
3.751975999999999978e+00   2.668857e-01   3.049779e-02
3.756686999999999887e+00   2.277959e-01   3.060483e-02
3.761397999999999797e+00   2.576143e-01   3.071191e-02
3.766109000000000151e+00   2.615575e-01   3.083789e-02
3.770821000000000200e+00   2.646125e-01   3.096958e-02
3.775532000000000110e+00   2.656542e-01   3.107664e-02
3.780243000000000020e+00   2.474913e-01   3.116603e-02
3.784953999999999930e+00   2.750734e-01   3.126720e-02
3.789665999999999979e+00   2.251577e-01   3.136514e-02
3.794376999999999889e+00   2.276875e-01   3.150392e-02
3.799087999999999798e+00   2.426064e-01   3.159916e-02
3.803799000000000152e+00   2.861233e-01   3.171938e-02
3.808511000000000202e+00   2.329515e-01   3.181055e-02
3.813222000000000111e+00   2.679192e-01   3.195771e-02
3.817933000000000021e+00   2.483862e-01   3.205296e-02
3.822643999999999931e+00   2.131506e-01   3.215999e-02
3.827355999999999980e+00   2.581923e-01   3.230320e-02
3.832066999999999890e+00   2.781321e-01   3.241017e-02
3.836777999999999800e+00   2.357529e-01   3.250318e-02
3.841489000000000154e+00   2.847302e-01   3.266631e-02
3.846201000000000203e+00   2.455988e-01   3.276300e-02
3.850912000000000113e+00   2.596502e-01   3.286706e-02
3.855623000000000022e+00   2.686805e-01   3.296585e-02
3.860333999999999932e+00   2.689753e-01   3.310017e-02
3.865045999999999982e+00   2.543614e-01   3.318975e-02
3.869756999999999891e+00   3.074946e-01   3.334962e-02
3.874467999999999801e+00   2.828147e-01   3.342180e-02
3.879179000000000155e+00   2.860687e-01   3.356052e-02
3.883891000000000204e+00   2.838099e-01   3.364902e-02
3.888602000000000114e+00   2.856846e-01   3.379493e-02
3.893313000000000024e+00   2.668219e-01   3.385730e-02
3.898023999999999933e+00   2.558995e-01   3.396341e-02
3.902735999999999983e+00   2.045158e-01   3.404554e-02
3.907446999999999893e+00   3.065105e-01   3.426885e-02
3.912157999999999802e+00   2.848738e-01   3.435165e-02
3.916869999999999852e+00   2.769409e-01   3.439967e-02
3.921581000000000206e+00   2.941925e-01   3.442265e-02
3.926292000000000115e+00   2.607858e-01   3.443980e-02
3.931003000000000025e+00   2.522942e-01   3.458282e-02
3.935715000000000074e+00   2.613715e-01   3.471792e-02
3.940425999999999984e+00   2.513215e-01   3.472182e-02
3.945136999999999894e+00   2.427821e-01   3.469802e-02
3.949847999999999804e+00   2.736990e-01   3.475477e-02
3.954559999999999853e+00   2.565244e-01   3.480887e-02
3.959271000000000207e+00   2.700886e-01   3.490784e-02
3.963982000000000117e+00   2.804110e-01   3.489323e-02
3.968693000000000026e+00   2.629867e-01   3.495916e-02
3.973405000000000076e+00   2.688125e-01   3.506876e-02
3.978115999999999985e+00   2.543153e-01   3.514805e-02
3.982826999999999895e+00   2.439212e-01   3.527483e-02
3.987537999999999805e+00   2.505338e-01   3.542262e-02
3.992249999999999854e+00   2.891869e-01   3.556557e-02
3.996961000000000208e+00   2.666477e-01   3.563741e-02
4.001672000000000118e+00   2.253250e-01   3.570600e-02
4.006382999999999583e+00   2.935397e-01   3.590622e-02
4.011095000000000077e+00   2.832099e-01   3.601052e-02
4.015806000000000431e+00   2.315107e-01   3.608097e-02
4.020516999999999896e+00   2.249465e-01   3.624010e-02
4.025228000000000250e+00   2.351580e-01   3.637094e-02
4.029939999999999856e+00   1.951060e-01   3.643410e-02
4.034651000000000209e+00   2.453161e-01   3.661179e-02
4.039361999999999675e+00   1.672771e-01   3.666437e-02
4.044073000000000029e+00   2.076536e-01   3.683566e-02
4.048784999999999634e+00   2.203455e-01   3.698766e-02
4.053495999999999988e+00   2.041639e-01   3.707288e-02
4.058207000000000342e+00   2.642112e-01   3.722709e-02
4.062917999999999807e+00   2.478796e-01   3.737205e-02
4.067630000000000301e+00   2.054011e-01   3.744096e-02
4.072340999999999767e+00   2.129347e-01   3.756418e-02
4.077052000000000120e+00   2.611826e-01   3.779196e-02
4.081762999999999586e+00   2.560958e-01   3.793022e-02
4.086475000000000080e+00   2.362607e-01   3.805210e-02
4.091186000000000433e+00   1.974948e-01   3.811492e-02
4.095896999999999899e+00   2.237457e-01   3.833167e-02
4.100609000000000393e+00   2.320750e-01   3.848995e-02
4.105319999999999858e+00   2.583753e-01   3.864325e-02
4.110031000000000212e+00   2.415889e-01   3.876749e-02
4.114741999999999678e+00   1.711561e-01   3.882078e-02
4.119454000000000171e+00   2.057191e-01   3.899286e-02
4.124164999999999637e+00   2.158996e-01   3.912463e-02
4.128875999999999991e+00   2.071644e-01   3.922146e-02
4.133587000000000344e+00   2.089306e-01   3.941448e-02
4.138298999999999950e+00   2.220926e-01   3.956492e-02
4.143010000000000304e+00   1.328866e-01   3.958821e-02
4.147720999999999769e+00   1.517456e-01   3.972898e-02
4.152432000000000123e+00   1.462060e-01   3.991614e-02
4.157143999999999728e+00   2.189648e-01   4.014661e-02
4.161855000000000082e+00   2.293570e-01   4.023654e-02
4.166566000000000436e+00   2.598966e-01   4.045410e-02
4.171276999999999902e+00   2.130873e-01   4.060199e-02
4.175989000000000395e+00   2.116124e-01   4.075035e-02
4.180699999999999861e+00   1.921313e-01   4.086827e-02
4.185411000000000215e+00   2.092569e-01   4.104512e-02
4.190121999999999680e+00   2.215208e-01   4.127256e-02
4.194834000000000174e+00   1.877671e-01   4.132811e-02
4.199544999999999639e+00   2.352361e-01   4.153551e-02
4.204255999999999993e+00   2.268032e-01   4.168458e-02
4.208967000000000347e+00   2.045207e-01   4.180544e-02
4.213678999999999952e+00   2.697561e-01   4.209754e-02
4.218390000000000306e+00   2.249591e-01   4.218790e-02
4.223100999999999772e+00   1.734183e-01   4.226116e-02
4.227812000000000126e+00   1.539280e-01   4.240500e-02
4.232523999999999731e+00   2.041296e-01   4.268933e-02
4.237235000000000085e+00   2.523125e-01   4.290261e-02
4.241946000000000438e+00   2.763052e-01   4.316290e-02
4.246656999999999904e+00   2.039326e-01   4.315372e-02
4.251369000000000398e+00   1.999574e-01   4.340502e-02
4.256079999999999863e+00   1.549374e-01   4.363352e-02
4.260791000000000217e+00   1.563863e-01   4.376215e-02
4.265501999999999683e+00   2.120683e-01   4.391630e-02
4.270214000000000176e+00   2.581661e-01   4.412808e-02
4.274924999999999642e+00   2.416397e-01   4.430660e-02
4.279635999999999996e+00   1.913269e-01   4.444324e-02
4.284347999999999601e+00   1.861453e-01   4.464859e-02
4.289058999999999955e+00   2.243643e-01   4.485095e-02
4.293770000000000309e+00   1.570157e-01   4.492743e-02
4.298480999999999774e+00   1.736179e-01   4.518851e-02
4.303193000000000268e+00   1.606207e-01   4.544892e-02
4.307903999999999733e+00   2.371498e-01   4.568885e-02
4.312615000000000087e+00   2.307831e-01   4.586616e-02
4.317326000000000441e+00   1.677451e-01   4.598430e-02
4.322038000000000046e+00   1.767319e-01   4.630638e-02
4.326749000000000400e+00   1.682904e-01   4.643769e-02
4.331459999999999866e+00   1.604729e-01   4.658107e-02
4.336171000000000220e+00   1.997900e-01   4.689259e-02
4.340882999999999825e+00   1.919940e-01   4.707759e-02
4.345594000000000179e+00   2.105170e-01   4.731992e-02
4.350304999999999644e+00   1.711110e-01   4.756906e-02
4.355015999999999998e+00   1.700474e-01   4.776677e-02
4.359727999999999604e+00   2.389875e-01   4.805599e-02
4.364438999999999957e+00   1.359160e-01   4.816067e-02
4.369150000000000311e+00   1.443850e-01   4.849026e-02
4.373860999999999777e+00   1.811518e-01   4.869224e-02
4.378573000000000270e+00   2.120288e-01   4.903045e-02
4.383283999999999736e+00   1.644853e-01   4.911300e-02
4.387995000000000090e+00   1.595742e-01   4.934336e-02
4.392706000000000444e+00   1.613863e-01   4.953253e-02
4.397418000000000049e+00   2.040102e-01   4.976979e-02
4.402129000000000403e+00   2.075388e-01   4.991741e-02
4.406839999999999868e+00   1.394665e-01   4.990690e-02
4.411551000000000222e+00   1.848359e-01   4.997831e-02
4.416262999999999828e+00   1.604561e-01   4.995015e-02
4.420974000000000181e+00   2.227339e-01   5.006119e-02
4.425684999999999647e+00   1.943659e-01   5.004167e-02
4.430396000000000001e+00   2.215651e-01   5.016651e-02
4.435107999999999606e+00   2.280539e-01   5.012893e-02
4.439818999999999960e+00   1.818659e-01   5.021709e-02
4.444530000000000314e+00   1.466450e-01   5.038890e-02
4.449240999999999779e+00   1.592942e-01   5.067593e-02
4.453953000000000273e+00   2.010208e-01   5.101724e-02
4.458663999999999739e+00   1.974973e-01   5.128567e-02
4.463375000000000092e+00   1.987819e-01   5.156628e-02
4.468086999999999698e+00   2.210391e-01   5.185885e-02
4.472798000000000052e+00   2.728108e-01   5.221198e-02
4.477509000000000405e+00   2.518756e-01   5.241896e-02
4.482219999999999871e+00   1.574757e-01   5.260061e-02
4.486932000000000365e+00   1.398115e-01   5.293639e-02
4.491642999999999830e+00   1.614714e-01   5.324301e-02
4.496354000000000184e+00   1.658926e-01   5.351119e-02
4.501064999999999650e+00   2.218923e-01   5.388171e-02
4.505777000000000143e+00   1.618911e-01   5.413399e-02
4.510487999999999609e+00   2.319254e-01   5.450430e-02
4.515198999999999963e+00   2.134613e-01   5.465879e-02
4.519910000000000316e+00   1.758268e-01   5.507173e-02
4.524621999999999922e+00   1.666566e-01   5.538213e-02
4.529333000000000276e+00   1.828307e-01   5.563820e-02
4.534043999999999741e+00   2.014586e-01   5.611037e-02
4.538755000000000095e+00   1.757280e-01   5.642613e-02
4.543466999999999700e+00   1.392474e-01   5.666386e-02
4.548178000000000054e+00   1.390739e-01   5.707368e-02
4.552889000000000408e+00   1.341353e-01   5.752573e-02
4.557599999999999874e+00   1.511610e-01   5.780344e-02
4.562312000000000367e+00   8.366493e-02   5.814598e-02
4.567022999999999833e+00   1.927403e-01   5.859307e-02
4.571734000000000187e+00   1.270800e-01   5.879005e-02
4.576444999999999652e+00   1.515384e-01   5.936409e-02
4.581157000000000146e+00   1.756561e-01   5.980215e-02
4.585867999999999611e+00   1.831654e-01   6.012177e-02
4.590578999999999965e+00   2.793786e-01   6.067824e-02
4.595290000000000319e+00   2.210976e-01   6.111233e-02
4.600001999999999924e+00   2.274755e-01   6.158493e-02
4.604713000000000278e+00   1.116780e-01   6.175963e-02
4.609423999999999744e+00   6.789734e-02   6.223238e-02
4.614135000000000097e+00   6.701630e-02   6.261037e-02
4.618846999999999703e+00   8.860440e-02   6.317201e-02
4.623558000000000057e+00   1.730956e-01   6.379650e-02
4.628269000000000410e+00   2.392049e-01   6.461151e-02
4.632979999999999876e+00   2.330592e-01   6.496566e-02
4.637692000000000370e+00   1.641260e-01   6.537508e-02
4.642402999999999835e+00   1.950924e-01   6.590942e-02
4.647114000000000189e+00   1.075644e-01   6.625477e-02
4.651825999999999794e+00   1.900878e-01   6.697815e-02
4.656537000000000148e+00   1.381217e-01   6.748868e-02
4.661247999999999614e+00   1.681505e-01   6.814604e-02
4.665958999999999968e+00   1.847180e-01   6.868701e-02
4.670670999999999573e+00   1.682632e-01   6.926330e-02
4.675381999999999927e+00   2.092268e-01   6.991267e-02
4.680093000000000281e+00   2.557107e-01   7.072052e-02
4.684803999999999746e+00   8.662564e-02   7.114487e-02
4.689516000000000240e+00   9.602885e-02   7.178166e-02
4.694226999999999705e+00   6.594588e-02   7.238806e-02
4.698938000000000059e+00   1.929261e-01   7.345692e-02
4.703649000000000413e+00   1.212672e-01   7.399293e-02
4.708361000000000018e+00   1.360077e-01   7.468552e-02
4.713072000000000372e+00   2.087234e-01   7.562548e-02
4.717782999999999838e+00   2.426184e-01   7.641260e-02
4.722494000000000192e+00   1.555075e-01   7.717394e-02
4.727205999999999797e+00   1.559371e-01   7.796698e-02
4.731917000000000151e+00   2.002598e-01   7.890525e-02
4.736627999999999616e+00   2.042657e-01   7.963227e-02
4.741338999999999970e+00   1.606321e-01   8.052412e-02
4.746050999999999576e+00   2.351076e-01   8.167490e-02
4.750761999999999929e+00   2.389187e-01   8.286781e-02
4.755473000000000283e+00   2.133923e-01   8.358958e-02
4.760183999999999749e+00   1.945180e-01   8.484897e-02
4.764896000000000242e+00   1.805563e-01   8.617155e-02
4.769606999999999708e+00   2.244464e-01   8.701807e-02
4.774318000000000062e+00   2.224736e-01   8.831348e-02
4.779029000000000416e+00   3.139233e-01   8.988095e-02
4.783741000000000021e+00   2.009176e-01   9.108709e-02
4.788452000000000375e+00   1.857814e-01   9.244364e-02
4.793162999999999840e+00   9.876639e-02   9.380003e-02
4.797874000000000194e+00   2.219900e-01   9.523804e-02
4.802585999999999800e+00   2.736711e-01   9.698698e-02
4.807297000000000153e+00   8.760989e-02   9.815142e-02
4.812007999999999619e+00   1.483764e-02   9.999039e-02
4.816718999999999973e+00   2.730517e-01   1.025233e-01
4.821430999999999578e+00   2.842163e-01   1.041069e-01
4.826141999999999932e+00   5.952949e-02   1.063086e-01
4.830853000000000286e+00   1.181392e-01   1.085071e-01
4.835564999999999891e+00   1.810342e-01   1.104485e-01
4.840276000000000245e+00   3.224405e-01   1.134957e-01
4.844986999999999711e+00   2.568087e-01   1.160460e-01
4.849698000000000064e+00   9.780092e-02   1.183517e-01
4.854409999999999670e+00   1.530164e-01   1.217887e-01
4.859121000000000024e+00   2.682859e-01   1.250373e-01
4.863832000000000377e+00   2.063461e-01   1.284951e-01
4.868542999999999843e+00   1.784208e-01   1.328158e-01
4.873255000000000337e+00   1.778165e-01   1.374412e-01
4.877965999999999802e+00   4.019951e-01   1.418748e-01
4.882677000000000156e+00   1.974867e-01   1.469107e-01
4.887387999999999622e+00   4.203434e-02   1.521497e-01
4.892100000000000115e+00   1.725003e-01   1.596689e-01
4.896810999999999581e+00   1.278824e-01   1.672463e-01
4.901521999999999935e+00   2.791318e-01   1.769868e-01
4.906233000000000288e+00   1.429904e-01   1.858270e-01
4.910944999999999894e+00  -1.996932e-02   1.970141e-01
4.915656000000000247e+00   2.311824e-01   2.130992e-01
4.920366999999999713e+00   2.510394e-01   2.332024e-01
4.925078000000000067e+00   5.673461e-01   2.617354e-01
4.929789999999999672e+00   2.106706e-01   2.938032e-01
4.934501000000000026e+00   2.746063e-01   3.488055e-01
4.939212000000000380e+00   3.265099e-01   4.619735e-01
4.943922999999999845e+00   6.774193e-01   8.355274e-01