# [8]
# Sample c= 3.83 mg/ml
# Intensity scaled by concentration
# Buffer subtracted data file:
# Protein DatFile = /data/visitor/mx1908/bm29/20161119/giulio/1d/mM25_017_ave.dat
# Buffer DatFile = /data/visitor/mx1908/bm29/20161119/giulio/ednaSub/mM25_017_ave_averbuffer.dat
# 
# AutoRg: Rg   =   0.7887 +/- 0.12 ( 15.1%)
# AutoRg: I(0) =   1.79 +/- 0.0127
# AutoRg: Points   181 to 266 ( 86 total)
# AutoRg: Quality: 61.9%
# 
# 
# Sample Information:
# Storage Temperature (degrees C): 20.0
# Measurement Temperature (degrees C): 19.98
# Concentration: 3.83
# Code: 
3.479420999999999903e-02  -1.846031e+00   1.941340e+00
3.950545999999999919e-02  -1.443394e+00   7.639207e-01
4.421672000000000102e-02  -1.135033e-01   4.958040e-01
4.892798000000000286e-02   3.088303e-01   3.786787e-01
5.363923000000000302e-02   3.633551e-02   3.024095e-01
5.835048999999999791e-02   1.255366e-01   2.476000e-01
6.306174999999999975e-02   5.979184e-01   2.050076e-01
6.777299999999999991e-02   8.294628e-01   1.742129e-01
7.248425999999999481e-02   6.228525e-01   1.505251e-01
7.719552000000000358e-02   7.563211e-01   1.323511e-01
8.190677000000000374e-02   8.223864e-01   1.169112e-01
8.661802999999999864e-02   8.712128e-01   1.046002e-01
9.132928999999999353e-02   8.692454e-01   9.513125e-02
9.604053999999999369e-02   8.417365e-01   8.734143e-02
1.007518000000000025e-01   8.807793e-01   8.050360e-02
1.054631000000000041e-01   9.990402e-01   7.485910e-02
1.101743000000000028e-01   8.581511e-01   6.969733e-02
1.148856000000000044e-01   9.229370e-01   6.547022e-02
1.195968000000000031e-01   8.312929e-01   6.170511e-02
1.243081000000000047e-01   8.863502e-01   5.846511e-02
1.290193000000000034e-01   8.609651e-01   5.568361e-02
1.337306000000000050e-01   9.861951e-01   5.334480e-02
1.384419000000000066e-01   8.874780e-01   5.106475e-02
1.431531000000000053e-01   9.278316e-01   4.905377e-02
1.478644000000000069e-01   9.897488e-01   4.739280e-02
1.525756000000000057e-01   9.416044e-01   4.586922e-02
1.572869000000000073e-01   9.783640e-01   4.451211e-02
1.619981000000000060e-01   9.486921e-01   4.307864e-02
1.667094000000000076e-01   9.909227e-01   4.197771e-02
1.714206000000000063e-01   1.015738e+00   4.093934e-02
1.761319000000000079e-01   9.840149e-01   3.994592e-02
1.808432000000000095e-01   9.821752e-01   3.893084e-02
1.855544000000000082e-01   9.866664e-01   3.813333e-02
1.902657000000000098e-01   9.871337e-01   3.737885e-02
1.949769000000000085e-01   1.033559e+00   3.676145e-02
1.996882000000000101e-01   9.733894e-01   3.596713e-02
2.043994000000000089e-01   1.056111e+00   3.540050e-02
2.091107000000000105e-01   1.033451e+00   3.481608e-02
2.138220000000000121e-01   1.009111e+00   3.426175e-02
2.185332000000000108e-01   9.794097e-01   3.363132e-02
2.232445000000000124e-01   9.587986e-01   3.309607e-02
2.279557000000000111e-01   9.960636e-01   3.265898e-02
2.326670000000000127e-01   1.012907e+00   3.223526e-02
2.373782000000000114e-01   1.043292e+00   3.182539e-02
2.420895000000000130e-01   1.017117e+00   3.139968e-02
2.468007000000000117e-01   9.853880e-01   3.097253e-02
2.515120000000000133e-01   9.957533e-01   3.066225e-02
2.562232999999999872e-01   1.035225e+00   3.027610e-02
2.609345000000000137e-01   1.029019e+00   2.989680e-02
2.656457999999999875e-01   1.079655e+00   2.961548e-02
2.703570000000000140e-01   1.056942e+00   2.931455e-02
2.750682999999999878e-01   1.087484e+00   2.906687e-02
2.797795000000000143e-01   1.082607e+00   2.868238e-02
2.844907999999999881e-01   1.055862e+00   2.838788e-02
2.892021000000000175e-01   1.070267e+00   2.815279e-02
2.939132999999999885e-01   1.091574e+00   2.787011e-02
2.986246000000000178e-01   1.090979e+00   2.761678e-02
3.033357999999999888e-01   1.139332e+00   2.741860e-02
3.080471000000000181e-01   1.121160e+00   2.715384e-02
3.127582999999999891e-01   1.116465e+00   2.694580e-02
3.174696000000000184e-01   1.122048e+00   2.668176e-02
3.221808999999999923e-01   1.097220e+00   2.644426e-02
3.268921000000000188e-01   1.127304e+00   2.628109e-02
3.316033999999999926e-01   1.138759e+00   2.612672e-02
3.363146000000000191e-01   1.163358e+00   2.636174e-02
3.410258999999999929e-01   1.171469e+00   2.656148e-02
3.457371000000000194e-01   1.104408e+00   2.665586e-02
3.504483999999999932e-01   1.131956e+00   2.701070e-02
3.551596000000000197e-01   1.136310e+00   2.757600e-02
3.598708999999999936e-01   1.125896e+00   2.792514e-02
3.645822000000000229e-01   1.125224e+00   2.819411e-02
3.692933999999999939e-01   1.167171e+00   2.840398e-02
3.740047000000000232e-01   1.172513e+00   2.860189e-02
3.787158999999999942e-01   1.194200e+00   2.881713e-02
3.834272000000000236e-01   1.182371e+00   2.896011e-02
3.881383999999999945e-01   1.173932e+00   2.907555e-02
3.928497000000000239e-01   1.160038e+00   2.978219e-02
3.975609999999999977e-01   1.190703e+00   3.069994e-02
4.022722000000000242e-01   1.182178e+00   3.136846e-02
4.069834999999999980e-01   1.205560e+00   3.198089e-02
4.116947000000000245e-01   1.221437e+00   3.250234e-02
4.164059999999999984e-01   1.250028e+00   3.299034e-02
4.211172000000000248e-01   1.261417e+00   3.349491e-02
4.258284999999999987e-01   1.225250e+00   3.396346e-02
4.305397000000000252e-01   1.218487e+00   3.441510e-02
4.352509999999999990e-01   1.246873e+00   3.495304e-02
4.399622999999999728e-01   1.265462e+00   3.552880e-02
4.446734999999999993e-01   1.273573e+00   3.616290e-02
4.493847999999999732e-01   1.247817e+00   3.658317e-02
4.540959999999999996e-01   1.204151e+00   3.686690e-02
4.588072999999999735e-01   1.227885e+00   3.566848e-02
4.635185000000000000e-01   1.267799e+00   3.482151e-02
4.682297999999999738e-01   1.287428e+00   3.429852e-02
4.729411000000000032e-01   1.250695e+00   3.389606e-02
4.776522999999999741e-01   1.273842e+00   3.362708e-02
4.823636000000000035e-01   1.287496e+00   3.339220e-02
4.870747999999999744e-01   1.265269e+00   3.311537e-02
4.917861000000000038e-01   1.285527e+00   3.292305e-02
4.964972999999999748e-01   1.344233e+00   3.275967e-02
5.012086000000000041e-01   1.345916e+00   3.264539e-02
5.059198999999999780e-01   1.350107e+00   3.251855e-02
5.106311000000000044e-01   1.313720e+00   3.230930e-02
5.153423999999999783e-01   1.349704e+00   3.215806e-02
5.200536000000000048e-01   1.319272e+00   3.186887e-02
5.247648999999999786e-01   1.335238e+00   3.169487e-02
5.294761000000000051e-01   1.365060e+00   3.154913e-02
5.341873999999999789e-01   1.389925e+00   3.134142e-02
5.388986000000000054e-01   1.374680e+00   3.106751e-02
5.436098999999999792e-01   1.349834e+00   3.083680e-02
5.483211999999999531e-01   1.343599e+00   3.066647e-02
5.530323999999999796e-01   1.348241e+00   3.046239e-02
5.577436999999999534e-01   1.432725e+00   3.038355e-02
5.624548999999999799e-01   1.377173e+00   3.015761e-02
5.671661999999999537e-01   1.355794e+00   3.003092e-02
5.718773999999999802e-01   1.383535e+00   2.991475e-02
5.765886999999999540e-01   1.385891e+00   2.986895e-02
5.813000000000000389e-01   1.397353e+00   2.980603e-02
5.860111999999999544e-01   1.419822e+00   2.975702e-02
5.907225000000000392e-01   1.398336e+00   2.965035e-02
5.954336999999999547e-01   1.402615e+00   2.960788e-02
6.001450000000000395e-01   1.464219e+00   2.960624e-02
6.048561999999999550e-01   1.431875e+00   2.948104e-02
6.095675000000000399e-01   1.427857e+00   2.944575e-02
6.142788000000000137e-01   1.418985e+00   2.936569e-02
6.189900000000000402e-01   1.407522e+00   2.927601e-02
6.237013000000000140e-01   1.403661e+00   2.919692e-02
6.284125000000000405e-01   1.421218e+00   2.913966e-02
6.331238000000000143e-01   1.379509e+00   2.902239e-02
6.378350000000000408e-01   1.444536e+00   2.901387e-02
6.425463000000000147e-01   1.472652e+00   2.898902e-02
6.472575000000000411e-01   1.428520e+00   2.885841e-02
6.519688000000000150e-01   1.454883e+00   2.882814e-02
6.566800999999999888e-01   1.426055e+00   2.874968e-02
6.613913000000000153e-01   1.491305e+00   2.875092e-02
6.661025999999999891e-01   1.476058e+00   2.866019e-02
6.708138000000000156e-01   1.472316e+00   2.858067e-02
6.755250999999999895e-01   1.459074e+00   2.853601e-02
6.802363000000000159e-01   1.439180e+00   2.844241e-02
6.849475999999999898e-01   1.453516e+00   2.837162e-02
6.896588999999999636e-01   1.465936e+00   2.835127e-02
6.943700999999999901e-01   1.497958e+00   2.832762e-02
6.990813999999999639e-01   1.476221e+00   2.824382e-02
7.037925999999999904e-01   1.478513e+00   2.818382e-02
7.085038999999999643e-01   1.518177e+00   2.814069e-02
7.132150999999999907e-01   1.477644e+00   2.806354e-02
7.179263999999999646e-01   1.473606e+00   2.798629e-02
7.226375999999999911e-01   1.507575e+00   2.793480e-02
7.273488999999999649e-01   1.542133e+00   2.794849e-02
7.320602000000000498e-01   1.483796e+00   2.781515e-02
7.367713999999999652e-01   1.459095e+00   2.776044e-02
7.414827000000000501e-01   1.458351e+00   2.768584e-02
7.461938999999999655e-01   1.485601e+00   2.765473e-02
7.509052000000000504e-01   1.508784e+00   2.759185e-02
7.556163999999999659e-01   1.530946e+00   2.757860e-02
7.603277000000000507e-01   1.538972e+00   2.754926e-02
7.650390000000000246e-01   1.493143e+00   2.746399e-02
7.697502000000000510e-01   1.484141e+00   2.735701e-02
7.744615000000000249e-01   1.485100e+00   2.731925e-02
7.791727000000000514e-01   1.528660e+00   2.729820e-02
7.838840000000000252e-01   1.545462e+00   2.724215e-02
7.885952000000000517e-01   1.519832e+00   2.715717e-02
7.933065000000000255e-01   1.522656e+00   2.718656e-02
7.980177999999999994e-01   1.490409e+00   2.711077e-02
8.027290000000000258e-01   1.491630e+00   2.700655e-02
8.074402999999999997e-01   1.471242e+00   2.695558e-02
8.121515000000000262e-01   1.527512e+00   2.692720e-02
8.168628000000000000e-01   1.507824e+00   2.680699e-02
8.215740000000000265e-01   1.474973e+00   2.678542e-02
8.262853000000000003e-01   1.468810e+00   2.673682e-02
8.309965000000000268e-01   1.459524e+00   2.664906e-02
8.357078000000000007e-01   1.483383e+00   2.663529e-02
8.404190999999999745e-01   1.485814e+00   2.657638e-02
8.451303000000000010e-01   1.497257e+00   2.651901e-02
8.498415999999999748e-01   1.484514e+00   2.645566e-02
8.545528000000000013e-01   1.536271e+00   2.646487e-02
8.592640999999999751e-01   1.544783e+00   2.642461e-02
8.639753000000000016e-01   1.497023e+00   2.631476e-02
8.686865999999999755e-01   1.498699e+00   2.626376e-02
8.733978999999999493e-01   1.482459e+00   2.623297e-02
8.781090999999999758e-01   1.475165e+00   2.620436e-02
8.828203999999999496e-01   1.530435e+00   2.615444e-02
8.875315999999999761e-01   1.500895e+00   2.610360e-02
8.922428999999999499e-01   1.504707e+00   2.604668e-02
8.969540999999999764e-01   1.495982e+00   2.599116e-02
9.016653999999999503e-01   1.503835e+00   2.592675e-02
9.063767000000000351e-01   1.518957e+00   2.592514e-02
9.110878999999999506e-01   1.523997e+00   2.585314e-02
9.157992000000000354e-01   1.491951e+00   2.579444e-02
9.205103999999999509e-01   1.499746e+00   2.573934e-02
9.252217000000000358e-01   1.480822e+00   2.567910e-02
9.299328999999999512e-01   1.461224e+00   2.560738e-02
9.346442000000000361e-01   1.475409e+00   2.558092e-02
9.393553999999999515e-01   1.508542e+00   2.557688e-02
9.440667000000000364e-01   1.509520e+00   2.552899e-02
9.487780000000000102e-01   1.468972e+00   2.543529e-02
9.534892000000000367e-01   1.455448e+00   2.537166e-02
9.582005000000000106e-01   1.479458e+00   2.535334e-02
9.629117000000000370e-01   1.498998e+00   2.531117e-02
9.676230000000000109e-01   1.452223e+00   2.523407e-02
9.723342000000000374e-01   1.474462e+00   2.518468e-02
9.770455000000000112e-01   1.485248e+00   2.517007e-02
9.817567999999999850e-01   1.472438e+00   2.512145e-02
9.864680000000000115e-01   1.459022e+00   2.502868e-02
9.911792999999999854e-01   1.488756e+00   2.501540e-02
9.958905000000000118e-01   1.467474e+00   2.495922e-02
1.000601999999999991e+00   1.482226e+00   2.496921e-02
1.005312999999999901e+00   1.435796e+00   2.484642e-02
1.010024000000000033e+00   1.441264e+00   2.480833e-02
1.014736000000000082e+00   1.479962e+00   2.478126e-02
1.019446999999999992e+00   1.444783e+00   2.473795e-02
1.024157999999999902e+00   1.448933e+00   2.468802e-02
1.028869000000000034e+00   1.443473e+00   2.461791e-02
1.033581000000000083e+00   1.430738e+00   2.461965e-02
1.038291999999999993e+00   1.448897e+00   2.458473e-02
1.043002999999999902e+00   1.442496e+00   2.453148e-02
1.047714000000000034e+00   1.457793e+00   2.449526e-02
1.052426000000000084e+00   1.452397e+00   2.444774e-02
1.057136999999999993e+00   1.422078e+00   2.439176e-02
1.061847999999999903e+00   1.374002e+00   2.433213e-02
1.066559000000000035e+00   1.399605e+00   2.427775e-02
1.071271000000000084e+00   1.405636e+00   2.425118e-02
1.075981999999999994e+00   1.427656e+00   2.423299e-02
1.080692999999999904e+00   1.423202e+00   2.422436e-02
1.085404000000000035e+00   1.387913e+00   2.412797e-02
1.090116000000000085e+00   1.376504e+00   2.405685e-02
1.094826999999999995e+00   1.394466e+00   2.403524e-02
1.099537999999999904e+00   1.387085e+00   2.400035e-02
1.104249000000000036e+00   1.371781e+00   2.392969e-02
1.108961000000000086e+00   1.384700e+00   2.390201e-02
1.113671999999999995e+00   1.392081e+00   2.387654e-02
1.118382999999999905e+00   1.408837e+00   2.384557e-02
1.123094000000000037e+00   1.394224e+00   2.377730e-02
1.127806000000000086e+00   1.368956e+00   2.371674e-02
1.132516999999999996e+00   1.346865e+00   2.369587e-02
1.137227999999999906e+00   1.367743e+00   2.366498e-02
1.141939000000000037e+00   1.375879e+00   2.362801e-02
1.146651000000000087e+00   1.347742e+00   2.357436e-02
1.151361999999999997e+00   1.325744e+00   2.351130e-02
1.156072999999999906e+00   1.331814e+00   2.348538e-02
1.160784000000000038e+00   1.339213e+00   2.345809e-02
1.165496000000000087e+00   1.344048e+00   2.341712e-02
1.170206999999999997e+00   1.374763e+00   2.340753e-02
1.174917999999999907e+00   1.347189e+00   2.337117e-02
1.179629999999999956e+00   1.352979e+00   2.332395e-02
1.184341000000000088e+00   1.343292e+00   2.326415e-02
1.189051999999999998e+00   1.298507e+00   2.320546e-02
1.193762999999999908e+00   1.304297e+00   2.323252e-02
1.198474999999999957e+00   1.351079e+00   2.375487e-02
1.203186000000000089e+00   1.343836e+00   2.436882e-02
1.207896999999999998e+00   1.325384e+00   2.475895e-02
1.212607999999999908e+00   1.360374e+00   2.509916e-02
1.217319999999999958e+00   1.311901e+00   2.537228e-02
1.222031000000000089e+00   1.314724e+00   2.564213e-02
1.226741999999999999e+00   1.341088e+00   2.588394e-02
1.231452999999999909e+00   1.303750e+00   2.610576e-02
1.236164999999999958e+00   1.308991e+00   2.632058e-02
1.240876000000000090e+00   1.280523e+00   2.644119e-02
1.245587000000000000e+00   1.267907e+00   2.655858e-02
1.250297999999999909e+00   1.265879e+00   2.662329e-02
1.255009999999999959e+00   1.270428e+00   2.668330e-02
1.259721000000000091e+00   1.289320e+00   2.672060e-02
1.264432000000000000e+00   1.275786e+00   2.581562e-02
1.269142999999999910e+00   1.303235e+00   2.516796e-02
1.273854999999999960e+00   1.310653e+00   2.476280e-02
1.278566000000000091e+00   1.277783e+00   2.438643e-02
1.283277000000000001e+00   1.250393e+00   2.410465e-02
1.287987999999999911e+00   1.228943e+00   2.387005e-02
1.292699999999999960e+00   1.217885e+00   2.365610e-02
1.297411000000000092e+00   1.264366e+00   2.352425e-02
1.302122000000000002e+00   1.221408e+00   2.331776e-02
1.306832999999999911e+00   1.239287e+00   2.319509e-02
1.311544999999999961e+00   1.211583e+00   2.307589e-02
1.316256000000000093e+00   1.216815e+00   2.302642e-02
1.320967000000000002e+00   1.204559e+00   2.294912e-02
1.325677999999999912e+00   1.230524e+00   2.292924e-02
1.330389999999999961e+00   1.210317e+00   2.287254e-02
1.335101000000000093e+00   1.174585e+00   2.280498e-02
1.339812000000000003e+00   1.203111e+00   2.274244e-02
1.344522999999999913e+00   1.199515e+00   2.269862e-02
1.349234999999999962e+00   1.203610e+00   2.264234e-02
1.353946000000000094e+00   1.171704e+00   2.259159e-02
1.358657000000000004e+00   1.169947e+00   2.254022e-02
1.363369000000000053e+00   1.207113e+00   2.251910e-02
1.368079999999999963e+00   1.181621e+00   2.246479e-02
1.372791000000000095e+00   1.169760e+00   2.239358e-02
1.377502000000000004e+00   1.158695e+00   2.232954e-02
1.382214000000000054e+00   1.151162e+00   2.233359e-02
1.386924999999999963e+00   1.156886e+00   2.227982e-02
1.391636000000000095e+00   1.144194e+00   2.224224e-02
1.396347000000000005e+00   1.144889e+00   2.221201e-02
1.401059000000000054e+00   1.111368e+00   2.211134e-02
1.405769999999999964e+00   1.136140e+00   2.208193e-02
1.410481000000000096e+00   1.140714e+00   2.208046e-02
1.415192000000000005e+00   1.149396e+00   2.204959e-02
1.419904000000000055e+00   1.125927e+00   2.198924e-02
1.424614999999999965e+00   1.110948e+00   2.193671e-02
1.429326000000000096e+00   1.123357e+00   2.190376e-02
1.434037000000000006e+00   1.123643e+00   2.187095e-02
1.438749000000000056e+00   1.108877e+00   2.182082e-02
1.443459999999999965e+00   1.102022e+00   2.178499e-02
1.448171000000000097e+00   1.090316e+00   2.174147e-02
1.452882000000000007e+00   1.092193e+00   2.171637e-02
1.457594000000000056e+00   1.094502e+00   2.167104e-02
1.462304999999999966e+00   1.086123e+00   2.162351e-02
1.467016000000000098e+00   1.063694e+00   2.158392e-02
1.471727000000000007e+00   1.076329e+00   2.155943e-02
1.476439000000000057e+00   1.060857e+00   2.152273e-02
1.481149999999999967e+00   1.062157e+00   2.147653e-02
1.485861000000000098e+00   1.059212e+00   2.144267e-02
1.490572000000000008e+00   1.041038e+00   2.139447e-02
1.495284000000000058e+00   1.006962e+00   2.132081e-02
1.499994999999999967e+00   1.030613e+00   2.130480e-02
1.504706000000000099e+00   1.055400e+00   2.129990e-02
1.509417000000000009e+00   1.042405e+00   2.125638e-02
1.514129000000000058e+00   1.034670e+00   2.129575e-02
1.518839999999999968e+00   1.023045e+00   2.193524e-02
1.523551000000000100e+00   1.039557e+00   2.239650e-02
1.528262999999999927e+00   9.995718e-01   2.268043e-02
1.532974000000000059e+00   1.029300e+00   2.296682e-02
1.537684999999999969e+00   1.002742e+00   2.317951e-02
1.542396000000000100e+00   9.825223e-01   2.319770e-02
1.547107999999999928e+00   1.018889e+00   2.263349e-02
1.551819000000000059e+00   1.027972e+00   2.231070e-02
1.556529999999999969e+00   1.032177e+00   2.209457e-02
1.561241000000000101e+00   1.020492e+00   2.186523e-02
1.565952999999999928e+00   1.001340e+00   2.162414e-02
1.570664000000000060e+00   9.806272e-01   2.138524e-02
1.575374999999999970e+00   9.502684e-01   2.116042e-02
1.580086000000000102e+00   9.652257e-01   2.098324e-02
1.584797999999999929e+00   9.795525e-01   2.087477e-02
1.589509000000000061e+00   9.875879e-01   2.082625e-02
1.594219999999999970e+00   9.886847e-01   2.081961e-02
1.598931000000000102e+00   9.798329e-01   2.084369e-02
1.603642999999999930e+00   9.424922e-01   2.084724e-02
1.608354000000000061e+00   9.796027e-01   2.089034e-02
1.613064999999999971e+00   9.334239e-01   2.080936e-02
1.617776000000000103e+00   9.305948e-01   2.079217e-02
1.622487999999999930e+00   9.252307e-01   2.075249e-02
1.627199000000000062e+00   9.428881e-01   2.071732e-02
1.631909999999999972e+00   9.327581e-01   2.067734e-02
1.636621000000000103e+00   9.256366e-01   2.064091e-02
1.641332999999999931e+00   9.091681e-01   2.058815e-02
1.646044000000000063e+00   9.304877e-01   2.056517e-02
1.650754999999999972e+00   9.306940e-01   2.053921e-02
1.655466000000000104e+00   9.083407e-01   2.050254e-02
1.660177999999999932e+00   8.868183e-01   2.045287e-02
1.664889000000000063e+00   8.923328e-01   2.043343e-02
1.669599999999999973e+00   9.137101e-01   2.041692e-02
1.674311000000000105e+00   8.991157e-01   2.038302e-02
1.679022999999999932e+00   8.848956e-01   2.032052e-02
1.683734000000000064e+00   8.919545e-01   2.031311e-02
1.688444999999999974e+00   8.812219e-01   2.027480e-02
1.693156000000000105e+00   9.036973e-01   2.025662e-02
1.697867999999999933e+00   8.914460e-01   2.021592e-02
1.702579000000000065e+00   8.669697e-01   2.016687e-02
1.707289999999999974e+00   8.590392e-01   2.014000e-02
1.712002000000000024e+00   8.721765e-01   2.010480e-02
1.716712999999999933e+00   8.453433e-01   2.007137e-02
1.721424000000000065e+00   8.400839e-01   2.003018e-02
1.726134999999999975e+00   8.664082e-01   2.004410e-02
1.730847000000000024e+00   8.529900e-01   1.998041e-02
1.735557999999999934e+00   8.156324e-01   1.993434e-02
1.740269000000000066e+00   8.167561e-01   1.991170e-02
1.744979999999999976e+00   8.299421e-01   1.989578e-02
1.749692000000000025e+00   8.418118e-01   1.987381e-02
1.754402999999999935e+00   8.325615e-01   1.982657e-02
1.759114000000000066e+00   8.732311e-01   1.982162e-02
1.763824999999999976e+00   8.411060e-01   1.978763e-02
1.768537000000000026e+00   8.188499e-01   1.975026e-02
1.773247999999999935e+00   8.376664e-01   1.973866e-02
1.777959000000000067e+00   8.232313e-01   1.971784e-02
1.782669999999999977e+00   8.156007e-01   1.967659e-02
1.787382000000000026e+00   8.265550e-01   1.964826e-02
1.792092999999999936e+00   7.942345e-01   1.960343e-02
1.796804000000000068e+00   7.995743e-01   1.958508e-02
1.801514999999999977e+00   8.012065e-01   1.955814e-02
1.806227000000000027e+00   7.918576e-01   1.954049e-02
1.810937999999999937e+00   8.040375e-01   1.952303e-02
1.815649000000000068e+00   7.996335e-01   1.948737e-02
1.820359999999999978e+00   7.633736e-01   1.943446e-02
1.825072000000000028e+00   7.497703e-01   1.938153e-02
1.829782999999999937e+00   7.552452e-01   1.937073e-02
1.834494000000000069e+00   7.907442e-01   1.936751e-02
1.839204999999999979e+00   7.777942e-01   1.934901e-02
1.843917000000000028e+00   7.836773e-01   1.931848e-02
1.848627999999999938e+00   7.545030e-01   1.926482e-02
1.853339000000000070e+00   7.817327e-01   1.925366e-02
1.858049999999999979e+00   7.665983e-01   1.922568e-02
1.862762000000000029e+00   7.477157e-01   1.920778e-02
1.867472999999999939e+00   7.690797e-01   1.919885e-02
1.872184000000000070e+00   7.499686e-01   1.914550e-02
1.876894999999999980e+00   7.503075e-01   1.910970e-02
1.881607000000000030e+00   7.433825e-01   1.908739e-02
1.886317999999999939e+00   7.422061e-01   1.907102e-02
1.891029000000000071e+00   7.451132e-01   1.904607e-02
1.895740999999999898e+00   7.496407e-01   1.903265e-02
1.900452000000000030e+00   7.429758e-01   1.899610e-02
1.905162999999999940e+00   7.508321e-01   1.898317e-02
1.909874000000000072e+00   7.192763e-01   1.892911e-02
1.914585999999999899e+00   7.355234e-01   1.891333e-02
1.919297000000000031e+00   7.208879e-01   1.890031e-02
1.924007999999999940e+00   7.251657e-01   1.886791e-02
1.928719000000000072e+00   6.982210e-01   1.881229e-02
1.933430999999999900e+00   7.250915e-01   1.880531e-02
1.938142000000000031e+00   7.269892e-01   1.876887e-02
1.942852999999999941e+00   7.122462e-01   1.869202e-02
1.947564000000000073e+00   7.042766e-01   1.863902e-02
1.952275999999999900e+00   6.969033e-01   1.859629e-02
1.956987000000000032e+00   6.874033e-01   1.857566e-02
1.961697999999999942e+00   6.834309e-01   1.855490e-02
1.966409000000000074e+00   6.965650e-01   1.853089e-02
1.971120999999999901e+00   6.736677e-01   1.850061e-02
1.975832000000000033e+00   6.725045e-01   1.848898e-02
1.980542999999999942e+00   6.764053e-01   1.850310e-02
1.985254000000000074e+00   6.909166e-01   1.852385e-02
1.989965999999999902e+00   6.971991e-01   1.851268e-02
1.994677000000000033e+00   6.771155e-01   1.851457e-02
1.999387999999999943e+00   6.860446e-01   1.853177e-02
2.004099000000000075e+00   6.638282e-01   1.897043e-02
2.008811000000000124e+00   6.738798e-01   1.936911e-02
2.013522000000000034e+00   6.448756e-01   1.961601e-02
2.018232999999999944e+00   6.598166e-01   1.984778e-02
2.022943999999999853e+00   6.667810e-01   2.004999e-02
2.027655999999999903e+00   6.551716e-01   2.022649e-02
2.032366999999999813e+00   6.441555e-01   2.029238e-02
2.037078000000000166e+00   6.836319e-01   2.037023e-02
2.041789000000000076e+00   6.492042e-01   2.041900e-02
2.046501000000000126e+00   6.611482e-01   2.047414e-02
2.051212000000000035e+00   6.136959e-01   2.050390e-02
2.055922999999999945e+00   6.085034e-01   2.056493e-02
2.060633999999999855e+00   6.161164e-01   2.062601e-02
2.065345999999999904e+00   6.456125e-01   2.059935e-02
2.070056999999999814e+00   6.258978e-01   1.997734e-02
2.074768000000000168e+00   6.283157e-01   1.956902e-02
2.079480000000000217e+00   6.390574e-01   1.931085e-02
2.084191000000000127e+00   6.523140e-01   1.911772e-02
2.088902000000000037e+00   5.969981e-01   1.890878e-02
2.093612999999999946e+00   6.085260e-01   1.878242e-02
2.098324999999999996e+00   6.285794e-01   1.872718e-02
2.103035999999999905e+00   6.409727e-01   1.867057e-02
2.107746999999999815e+00   5.910659e-01   1.858473e-02
2.112458000000000169e+00   5.787649e-01   1.854086e-02
2.117170000000000218e+00   5.874065e-01   1.851883e-02
2.121881000000000128e+00   6.063117e-01   1.847780e-02
2.126592000000000038e+00   5.879684e-01   1.843016e-02
2.131302999999999948e+00   6.119426e-01   1.842021e-02
2.136014999999999997e+00   5.972164e-01   1.837945e-02
2.140725999999999907e+00   5.839012e-01   1.832738e-02
2.145436999999999816e+00   5.827734e-01   1.829650e-02
2.150148000000000170e+00   6.229009e-01   1.829551e-02
2.154860000000000220e+00   5.771386e-01   1.822745e-02
2.159571000000000129e+00   5.452446e-01   1.818361e-02
2.164282000000000039e+00   5.566484e-01   1.816047e-02
2.168992999999999949e+00   5.744486e-01   1.812844e-02
2.173704999999999998e+00   5.670029e-01   1.810398e-02
2.178415999999999908e+00   5.614313e-01   1.806160e-02
2.183126999999999818e+00   5.826066e-01   1.804778e-02
2.187838000000000171e+00   5.371838e-01   1.801298e-02
2.192550000000000221e+00   5.728753e-01   1.800959e-02
2.197261000000000131e+00   5.735933e-01   1.796827e-02
2.201972000000000040e+00   5.493108e-01   1.792380e-02
2.206682999999999950e+00   5.319123e-01   1.790261e-02
2.211395000000000000e+00   5.513924e-01   1.788729e-02
2.216105999999999909e+00   5.555533e-01   1.787022e-02
2.220816999999999819e+00   5.492869e-01   1.785692e-02
2.225528000000000173e+00   5.334681e-01   1.780836e-02
2.230239999999999778e+00   5.402894e-01   1.779161e-02
2.234951000000000132e+00   5.466969e-01   1.778881e-02
2.239662000000000042e+00   5.390865e-01   1.773362e-02
2.244372999999999951e+00   5.311240e-01   1.771282e-02
2.249085000000000001e+00   5.466495e-01   1.771269e-02
2.253795999999999911e+00   5.374676e-01   1.767646e-02
2.258506999999999820e+00   5.342365e-01   1.765011e-02
2.263218999999999870e+00   5.111203e-01   1.760715e-02
2.267929999999999779e+00   5.198445e-01   1.759859e-02
2.272641000000000133e+00   5.169166e-01   1.757500e-02
2.277352000000000043e+00   5.267174e-01   1.754384e-02
2.282064000000000092e+00   4.809070e-01   1.750009e-02
2.286775000000000002e+00   4.999702e-01   1.748898e-02
2.291485999999999912e+00   5.064575e-01   1.745858e-02
2.296196999999999822e+00   5.245080e-01   1.747858e-02
2.300908999999999871e+00   5.156946e-01   1.744613e-02
2.305619999999999781e+00   4.952189e-01   1.741502e-02
2.310331000000000135e+00   4.981025e-01   1.740895e-02
2.315042000000000044e+00   5.210340e-01   1.739023e-02
2.319754000000000094e+00   5.182393e-01   1.737071e-02
2.324465000000000003e+00   4.900044e-01   1.733303e-02
2.329175999999999913e+00   5.139339e-01   1.731851e-02
2.333886999999999823e+00   5.133494e-01   1.729070e-02
2.338598999999999872e+00   4.952978e-01   1.727896e-02
2.343309999999999782e+00   4.783200e-01   1.723312e-02
2.348021000000000136e+00   4.721159e-01   1.721093e-02
2.352732000000000046e+00   4.745486e-01   1.720169e-02
2.357444000000000095e+00   5.158233e-01   1.720197e-02
2.362155000000000005e+00   4.800803e-01   1.717381e-02
2.366865999999999914e+00   4.731499e-01   1.714549e-02
2.371576999999999824e+00   4.953684e-01   1.713148e-02
2.376288999999999874e+00   4.740969e-01   1.709987e-02
2.380999999999999783e+00   4.947176e-01   1.710701e-02
2.385711000000000137e+00   5.009574e-01   1.709407e-02
2.390422000000000047e+00   4.977834e-01   1.705595e-02
2.395134000000000096e+00   4.561516e-01   1.703118e-02
2.399845000000000006e+00   4.587290e-01   1.701871e-02
2.404555999999999916e+00   4.616894e-01   1.699354e-02
2.409266999999999825e+00   4.536660e-01   1.697281e-02
2.413978999999999875e+00   4.520649e-01   1.694780e-02
2.418689999999999785e+00   4.574146e-01   1.693688e-02
2.423401000000000138e+00   4.687710e-01   1.692797e-02
2.428112000000000048e+00   4.652245e-01   1.690222e-02
2.432824000000000098e+00   4.704414e-01   1.688359e-02
2.437535000000000007e+00   4.787364e-01   1.688277e-02
2.442245999999999917e+00   4.671013e-01   1.684205e-02
2.446957999999999966e+00   4.467937e-01   1.683400e-02
2.451668999999999876e+00   4.620405e-01   1.681833e-02
2.456379999999999786e+00   4.402094e-01   1.678546e-02
2.461091000000000140e+00   4.275374e-01   1.676370e-02
2.465803000000000189e+00   4.283134e-01   1.673624e-02
2.470514000000000099e+00   4.663374e-01   1.673925e-02
2.475225000000000009e+00   4.655092e-01   1.672482e-02
2.479935999999999918e+00   4.583641e-01   1.671923e-02
2.484647999999999968e+00   4.221215e-01   1.666682e-02
2.489358999999999877e+00   4.256381e-01   1.666329e-02
2.494069999999999787e+00   4.486072e-01   1.664734e-02
2.498781000000000141e+00   4.408875e-01   1.662810e-02
2.503493000000000190e+00   4.168317e-01   1.660014e-02
2.508204000000000100e+00   4.323570e-01   1.658722e-02
2.512915000000000010e+00   4.230653e-01   1.655327e-02
2.517625999999999920e+00   4.572167e-01   1.655185e-02
2.522337999999999969e+00   4.385447e-01   1.649968e-02
2.527048999999999879e+00   4.366713e-01   1.646055e-02
2.531759999999999788e+00   4.298820e-01   1.644548e-02
2.536471000000000142e+00   4.211358e-01   1.641429e-02
2.541183000000000192e+00   4.402072e-01   1.640137e-02
2.545894000000000101e+00   3.953650e-01   1.637169e-02
2.550605000000000011e+00   3.957684e-01   1.636013e-02
2.555315999999999921e+00   4.178826e-01   1.635502e-02
2.560027999999999970e+00   4.160295e-01   1.633459e-02
2.564738999999999880e+00   4.154563e-01   1.633960e-02
2.569449999999999790e+00   4.141633e-01   1.634281e-02
2.574161000000000143e+00   4.008185e-01   1.633056e-02
2.578873000000000193e+00   3.949458e-01   1.633098e-02
2.583584000000000103e+00   3.964328e-01   1.632827e-02
2.588295000000000012e+00   3.966035e-01   1.630859e-02
2.593005999999999922e+00   4.258031e-01   1.630145e-02
2.597717999999999972e+00   4.252407e-01   1.628043e-02
2.602428999999999881e+00   3.940189e-01   1.625999e-02
2.607139999999999791e+00   3.945089e-01   1.623898e-02
2.611851000000000145e+00   4.120148e-01   1.623452e-02
2.616563000000000194e+00   4.017076e-01   1.621552e-02
2.621274000000000104e+00   4.090352e-01   1.619870e-02
2.625985000000000014e+00   3.915046e-01   1.617998e-02
2.630697000000000063e+00   4.045356e-01   1.616305e-02
2.635407999999999973e+00   4.000816e-01   1.614498e-02
2.640118999999999883e+00   4.087496e-01   1.613625e-02
2.644829999999999792e+00   3.759153e-01   1.611891e-02
2.649541999999999842e+00   3.681752e-01   1.609247e-02
2.654253000000000196e+00   3.800760e-01   1.607353e-02
2.658964000000000105e+00   3.890595e-01   1.606648e-02
2.663675000000000015e+00   3.868595e-01   1.605704e-02
2.668387000000000064e+00   4.069636e-01   1.604864e-02
2.673097999999999974e+00   4.007490e-01   1.603352e-02
2.677808999999999884e+00   3.741097e-01   1.601230e-02
2.682519999999999794e+00   3.492634e-01   1.598545e-02
2.687231999999999843e+00   3.730761e-01   1.597512e-02
2.691943000000000197e+00   3.605887e-01   1.594429e-02
2.696654000000000106e+00   3.514843e-01   1.594094e-02
2.701365000000000016e+00   3.617559e-01   1.593861e-02
2.706077000000000066e+00   3.659787e-01   1.590897e-02
2.710787999999999975e+00   3.583567e-01   1.589137e-02
2.715498999999999885e+00   3.696147e-01   1.589377e-02
2.720209999999999795e+00   3.747301e-01   1.588083e-02
2.724921999999999844e+00   3.923982e-01   1.587000e-02
2.729633000000000198e+00   3.718845e-01   1.584450e-02
2.734344000000000108e+00   3.708042e-01   1.582729e-02
2.739055000000000017e+00   3.775023e-01   1.582527e-02
2.743767000000000067e+00   3.717230e-01   1.579096e-02
2.748477999999999977e+00   3.733843e-01   1.578048e-02
2.753188999999999886e+00   3.513749e-01   1.576131e-02
2.757899999999999796e+00   3.485390e-01   1.574647e-02
2.762611999999999846e+00   3.720811e-01   1.574356e-02
2.767323000000000199e+00   3.647685e-01   1.572873e-02
2.772034000000000109e+00   3.556115e-01   1.570744e-02
2.776745000000000019e+00   3.644603e-01   1.570802e-02
2.781457000000000068e+00   3.287439e-01   1.566792e-02
2.786167999999999978e+00   3.495423e-01   1.566042e-02
2.790878999999999888e+00   3.688904e-01   1.565548e-02
2.795589999999999797e+00   3.496383e-01   1.563356e-02
2.800301999999999847e+00   3.255760e-01   1.562786e-02
2.805013000000000201e+00   3.506495e-01   1.570544e-02
2.809724000000000110e+00   3.659593e-01   1.612120e-02
2.814436000000000160e+00   3.393812e-01   1.635281e-02
2.819147000000000070e+00   3.477792e-01   1.655536e-02
2.823857999999999979e+00   3.527907e-01   1.669060e-02
2.828568999999999889e+00   3.533027e-01   1.678753e-02
2.833280999999999938e+00   3.536757e-01   1.684845e-02
2.837991999999999848e+00   3.320277e-01   1.690331e-02
2.842703000000000202e+00   3.321459e-01   1.692618e-02
2.847414000000000112e+00   3.489609e-01   1.696717e-02
2.852126000000000161e+00   3.242215e-01   1.700788e-02
2.856837000000000071e+00   3.227592e-01   1.705655e-02
2.861547999999999981e+00   3.307379e-01   1.709354e-02
2.866258999999999890e+00   3.502600e-01   1.713981e-02
2.870970999999999940e+00   3.373954e-01   1.698562e-02
2.875681999999999849e+00   3.252562e-01   1.655526e-02
2.880393000000000203e+00   3.379715e-01   1.630201e-02
2.885104000000000113e+00   3.375807e-01   1.613596e-02
2.889816000000000162e+00   3.159990e-01   1.599521e-02
2.894527000000000072e+00   3.240276e-01   1.593147e-02
2.899237999999999982e+00   3.222921e-01   1.588300e-02
2.903948999999999891e+00   3.204170e-01   1.584893e-02
2.908660999999999941e+00   3.150066e-01   1.580041e-02
2.913371999999999851e+00   3.418346e-01   1.578925e-02
2.918083000000000204e+00   3.333021e-01   1.574824e-02
2.922794000000000114e+00   2.996036e-01   1.570735e-02
2.927506000000000164e+00   3.183539e-01   1.569303e-02
2.932217000000000073e+00   3.487121e-01   1.567823e-02
2.936927999999999983e+00   3.275354e-01   1.565248e-02
2.941638999999999893e+00   3.089430e-01   1.561462e-02
2.946350999999999942e+00   3.216683e-01   1.560390e-02
2.951061999999999852e+00   3.006847e-01   1.557899e-02
2.955773000000000206e+00   3.136471e-01   1.555542e-02
2.960484000000000115e+00   2.993019e-01   1.552359e-02
2.965196000000000165e+00   3.034418e-01   1.551241e-02
2.969907000000000075e+00   3.060401e-01   1.548792e-02
2.974617999999999984e+00   2.922561e-01   1.545912e-02
2.979328999999999894e+00   2.926980e-01   1.544069e-02
2.984040999999999944e+00   3.108166e-01   1.543517e-02
2.988751999999999853e+00   3.342035e-01   1.543372e-02
2.993463000000000207e+00   3.021368e-01   1.541086e-02
2.998174999999999812e+00   3.248136e-01   1.539960e-02
3.002886000000000166e+00   3.230905e-01   1.537853e-02
3.007597000000000076e+00   3.028146e-01   1.534522e-02
3.012307999999999986e+00   3.107080e-01   1.533991e-02
3.017020000000000035e+00   3.128739e-01   1.532497e-02
3.021730999999999945e+00   3.004521e-01   1.529568e-02
3.026441999999999855e+00   3.026497e-01   1.527755e-02
3.031153000000000208e+00   2.980572e-01   1.527276e-02
3.035864999999999814e+00   2.761001e-01   1.522099e-02
3.040576000000000167e+00   2.797445e-01   1.521537e-02
3.045287000000000077e+00   3.024039e-01   1.522073e-02
3.049997999999999987e+00   2.888208e-01   1.519234e-02
3.054710000000000036e+00   2.905266e-01   1.518120e-02
3.059420999999999946e+00   3.265727e-01   1.517681e-02
3.064131999999999856e+00   2.877866e-01   1.514774e-02
3.068843000000000210e+00   2.889069e-01   1.514090e-02
3.073554999999999815e+00   3.050279e-01   1.513423e-02
3.078266000000000169e+00   2.748101e-01   1.510101e-02
3.082977000000000078e+00   3.010548e-01   1.510287e-02
3.087687999999999988e+00   2.937922e-01   1.508063e-02
3.092400000000000038e+00   3.005275e-01   1.507046e-02
3.097110999999999947e+00   3.168970e-01   1.507230e-02
3.101821999999999857e+00   3.045437e-01   1.505270e-02
3.106533000000000211e+00   2.992884e-01   1.503536e-02
3.111244999999999816e+00   2.715764e-01   1.500037e-02
3.115956000000000170e+00   2.904665e-01   1.499874e-02
3.120667000000000080e+00   2.923178e-01   1.498509e-02
3.125377999999999989e+00   2.703450e-01   1.495778e-02
3.130090000000000039e+00   2.706328e-01   1.494546e-02
3.134800999999999949e+00   2.810797e-01   1.493182e-02
3.139511999999999858e+00   2.882450e-01   1.493739e-02
3.144223000000000212e+00   2.801008e-01   1.491282e-02
3.148934999999999818e+00   2.977386e-01   1.491338e-02
3.153646000000000171e+00   2.846999e-01   1.488799e-02
3.158357000000000081e+00   2.735191e-01   1.486861e-02
3.163067999999999991e+00   2.676651e-01   1.485857e-02
3.167780000000000040e+00   2.603730e-01   1.483600e-02
3.172490999999999950e+00   2.519171e-01   1.481512e-02
3.177201999999999860e+00   2.665911e-01   1.483137e-02
3.181913999999999909e+00   2.548326e-01   1.481175e-02
3.186624999999999819e+00   2.827461e-01   1.479619e-02
3.191336000000000173e+00   2.589485e-01   1.475355e-02
3.196047000000000082e+00   2.738113e-01   1.473217e-02
3.200759000000000132e+00   2.751548e-01   1.471319e-02
3.205470000000000041e+00   2.682595e-01   1.470261e-02
3.210180999999999951e+00   2.627417e-01   1.468661e-02
3.214891999999999861e+00   2.826831e-01   1.468586e-02
3.219603999999999910e+00   2.623383e-01   1.466881e-02
3.224314999999999820e+00   2.729921e-01   1.465725e-02
3.229026000000000174e+00   2.584098e-01   1.462718e-02
3.233737000000000084e+00   2.783231e-01   1.463269e-02
3.238449000000000133e+00   2.625626e-01   1.461268e-02
3.243160000000000043e+00   2.628357e-01   1.461301e-02
3.247870999999999952e+00   2.744378e-01   1.461372e-02
3.252581999999999862e+00   2.680627e-01   1.460797e-02
3.257293999999999912e+00   2.963848e-01   1.462629e-02
3.262004999999999821e+00   2.800792e-01   1.461405e-02
3.266716000000000175e+00   2.700725e-01   1.459766e-02
3.271427000000000085e+00   2.680310e-01   1.458680e-02
3.276139000000000134e+00   2.613826e-01   1.455590e-02
3.280850000000000044e+00   2.586008e-01   1.455256e-02
3.285560999999999954e+00   2.434443e-01   1.453120e-02
3.290271999999999863e+00   2.481401e-01   1.451560e-02
3.294983999999999913e+00   2.465971e-01   1.451073e-02
3.299694999999999823e+00   2.446785e-01   1.449392e-02
3.304406000000000176e+00   2.450649e-01   1.449259e-02
3.309117000000000086e+00   2.594807e-01   1.449434e-02
3.313829000000000136e+00   2.455319e-01   1.446792e-02
3.318540000000000045e+00   2.527933e-01   1.445595e-02
3.323250999999999955e+00   2.405645e-01   1.444387e-02
3.327961999999999865e+00   2.465549e-01   1.444595e-02
3.332673999999999914e+00   2.511483e-01   1.443118e-02
3.337384999999999824e+00   2.655075e-01   1.441776e-02
3.342096000000000178e+00   2.368223e-01   1.438764e-02
3.346807000000000087e+00   2.665608e-01   1.439405e-02
3.351519000000000137e+00   2.330204e-01   1.438583e-02
3.356230000000000047e+00   2.485659e-01   1.438278e-02
3.360940999999999956e+00   2.497070e-01   1.436716e-02
3.365653000000000006e+00   2.345119e-01   1.433042e-02
3.370363999999999916e+00   2.496245e-01   1.433728e-02
3.375074999999999825e+00   2.503953e-01   1.433311e-02
3.379786000000000179e+00   2.264602e-01   1.431066e-02
3.384497999999999784e+00   2.347757e-01   1.430787e-02
3.389209000000000138e+00   2.330807e-01   1.438035e-02
3.393920000000000048e+00   2.450150e-01   1.471502e-02
3.398630999999999958e+00   2.536411e-01   1.494229e-02
3.403343000000000007e+00   2.272187e-01   1.506858e-02
3.408053999999999917e+00   2.420956e-01   1.519981e-02
3.412764999999999826e+00   2.308503e-01   1.523097e-02
3.417476000000000180e+00   2.632281e-01   1.524724e-02
3.422187999999999786e+00   2.400484e-01   1.524149e-02
3.426899000000000139e+00   2.333243e-01   1.527528e-02
3.431610000000000049e+00   2.502508e-01   1.532472e-02
3.436320999999999959e+00   2.504130e-01   1.537113e-02
3.441033000000000008e+00   2.473326e-01   1.539075e-02
3.445743999999999918e+00   2.379540e-01   1.540283e-02
3.450454999999999828e+00   2.352421e-01   1.542767e-02
3.455166000000000182e+00   2.403674e-01   1.545508e-02
3.459877999999999787e+00   2.574334e-01   1.550055e-02
3.464589000000000141e+00   2.418786e-01   1.551209e-02
3.469300000000000050e+00   2.575282e-01   1.554062e-02
3.474010999999999960e+00   2.312261e-01   1.555533e-02
3.478723000000000010e+00   2.055697e-01   1.556384e-02
3.483433999999999919e+00   2.062978e-01   1.558276e-02
3.488144999999999829e+00   2.331980e-01   1.562519e-02
3.492856000000000183e+00   2.425403e-01   1.563937e-02
3.497567999999999788e+00   2.313284e-01   1.566346e-02
3.502279000000000142e+00   2.266400e-01   1.568590e-02
3.506990000000000052e+00   2.337484e-01   1.570243e-02
3.511700999999999961e+00   2.354743e-01   1.571143e-02
3.516413000000000011e+00   2.307367e-01   1.573215e-02
3.521123999999999921e+00   2.249460e-01   1.573739e-02
3.525834999999999830e+00   2.109777e-01   1.575910e-02
3.530546000000000184e+00   2.329219e-01   1.579977e-02
3.535257999999999790e+00   2.207931e-01   1.579941e-02
3.539969000000000143e+00   2.244189e-01   1.579041e-02
3.544680000000000053e+00   2.013364e-01   1.580349e-02
3.549392000000000102e+00   2.266332e-01   1.583819e-02
3.554103000000000012e+00   1.939913e-01   1.584609e-02
3.558813999999999922e+00   2.336888e-01   1.589140e-02
3.563524999999999832e+00   2.412302e-01   1.590402e-02
3.568236999999999881e+00   2.321992e-01   1.591030e-02
3.572947999999999791e+00   2.166521e-01   1.590741e-02
3.577659000000000145e+00   2.324207e-01   1.591811e-02
3.582370000000000054e+00   2.129775e-01   1.593743e-02
3.587082000000000104e+00   2.165845e-01   1.595341e-02
3.591793000000000013e+00   2.040783e-01   1.594826e-02
3.596503999999999923e+00   2.163169e-01   1.595337e-02
3.601214999999999833e+00   2.105283e-01   1.594592e-02
3.605926999999999882e+00   1.967022e-01   1.595164e-02
3.610637999999999792e+00   2.162973e-01   1.626219e-02
3.615349000000000146e+00   2.361720e-01   1.676237e-02
3.620060000000000056e+00   2.275231e-01   1.703667e-02
3.624772000000000105e+00   2.312758e-01   1.724253e-02
3.629483000000000015e+00   1.950497e-01   1.735094e-02
3.634193999999999924e+00   1.713407e-01   1.746518e-02
3.638904999999999834e+00   2.105046e-01   1.757922e-02
3.643616999999999884e+00   2.170149e-01   1.768099e-02
3.648327999999999793e+00   1.851398e-01   1.775976e-02
3.653039000000000147e+00   1.999326e-01   1.786577e-02
3.657750000000000057e+00   2.088868e-01   1.797040e-02
3.662462000000000106e+00   1.958935e-01   1.805522e-02
3.667173000000000016e+00   2.013617e-01   1.814014e-02
3.671883999999999926e+00   2.078687e-01   1.821812e-02
3.676594999999999835e+00   2.140680e-01   1.829843e-02
3.681306999999999885e+00   2.172687e-01   1.837631e-02
3.686017999999999795e+00   2.088191e-01   1.846421e-02
3.690729000000000148e+00   1.929924e-01   1.851965e-02
3.695440000000000058e+00   1.869758e-01   1.860570e-02
3.700152000000000108e+00   2.240139e-01   1.872023e-02
3.704863000000000017e+00   1.942265e-01   1.876497e-02
3.709573999999999927e+00   2.006394e-01   1.884016e-02
3.714284999999999837e+00   2.160803e-01   1.893025e-02
3.718996999999999886e+00   1.763708e-01   1.899450e-02
3.723707999999999796e+00   1.828100e-01   1.905994e-02
3.728419000000000150e+00   1.935573e-01   1.914619e-02
3.733131000000000199e+00   2.164700e-01   1.923043e-02
3.737842000000000109e+00   2.147032e-01   1.929319e-02
3.742553000000000019e+00   2.050933e-01   1.937395e-02
3.747263999999999928e+00   1.845385e-01   1.945207e-02
3.751975999999999978e+00   2.019906e-01   1.951634e-02
3.756686999999999887e+00   2.142796e-01   1.959934e-02
3.761397999999999797e+00   1.816228e-01   1.963766e-02
3.766109000000000151e+00   1.929911e-01   1.973293e-02
3.770821000000000200e+00   1.942383e-01   1.980390e-02
3.775532000000000110e+00   2.130106e-01   1.988400e-02
3.780243000000000020e+00   2.181305e-01   1.997074e-02
3.784953999999999930e+00   2.179078e-01   2.004096e-02
3.789665999999999979e+00   2.212293e-01   2.011306e-02
3.794376999999999889e+00   2.326996e-01   2.018149e-02
3.799087999999999798e+00   1.974832e-01   2.024432e-02
3.803799000000000152e+00   1.993941e-01   2.031437e-02
3.808511000000000202e+00   1.903354e-01   2.036033e-02
3.813222000000000111e+00   1.967472e-01   2.042386e-02
3.817933000000000021e+00   2.001334e-01   2.051268e-02
3.822643999999999931e+00   1.894193e-01   2.057219e-02
3.827355999999999980e+00   1.890961e-01   2.063169e-02
3.832066999999999890e+00   2.193615e-01   2.073776e-02
3.836777999999999800e+00   2.127003e-01   2.083532e-02
3.841489000000000154e+00   2.011612e-01   2.089586e-02
3.846201000000000203e+00   1.674411e-01   2.094476e-02
3.850912000000000113e+00   1.850768e-01   2.102998e-02
3.855623000000000022e+00   1.727649e-01   2.106794e-02
3.860333999999999932e+00   1.892075e-01   2.116130e-02
3.865045999999999982e+00   1.937941e-01   2.122008e-02
3.869756999999999891e+00   1.923935e-01   2.127472e-02
3.874467999999999801e+00   1.804466e-01   2.136216e-02
3.879179000000000155e+00   1.969909e-01   2.147288e-02
3.883891000000000204e+00   1.738112e-01   2.152372e-02
3.888602000000000114e+00   1.751917e-01   2.159903e-02
3.893313000000000024e+00   2.096353e-01   2.168559e-02
3.898023999999999933e+00   1.923848e-01   2.173215e-02
3.902735999999999983e+00   1.742897e-01   2.180520e-02
3.907446999999999893e+00   1.911473e-01   2.190028e-02
3.912157999999999802e+00   1.947537e-01   2.198787e-02
3.916869999999999852e+00   1.690147e-01   2.199240e-02
3.921581000000000206e+00   1.722843e-01   2.199488e-02
3.926292000000000115e+00   1.979940e-01   2.207728e-02
3.931003000000000025e+00   1.976855e-01   2.216324e-02
3.935715000000000074e+00   2.060597e-01   2.222042e-02
3.940425999999999984e+00   1.924136e-01   2.221210e-02
3.945136999999999894e+00   1.554594e-01   2.220206e-02
3.949847999999999804e+00   1.677979e-01   2.226315e-02
3.954559999999999853e+00   1.935704e-01   2.231078e-02
3.959271000000000207e+00   1.896971e-01   2.233427e-02
3.963982000000000117e+00   1.822439e-01   2.233372e-02
3.968693000000000026e+00   1.686456e-01   2.235732e-02
3.973405000000000076e+00   1.831724e-01   2.244077e-02
3.978115999999999985e+00   1.743771e-01   2.252119e-02
3.982826999999999895e+00   2.024216e-01   2.263060e-02
3.987537999999999805e+00   1.620508e-01   2.266262e-02
3.992249999999999854e+00   1.517789e-01   2.271361e-02
3.996961000000000208e+00   1.636232e-01   2.278249e-02
4.001672000000000118e+00   1.598140e-01   2.285682e-02
4.006382999999999583e+00   1.450277e-01   2.292072e-02
4.011095000000000077e+00   1.774986e-01   2.304432e-02
4.015806000000000431e+00   1.330587e-01   2.309064e-02
4.020516999999999896e+00   1.835566e-01   2.321765e-02
4.025228000000000250e+00   1.781206e-01   2.330177e-02
4.029939999999999856e+00   1.990388e-01   2.337336e-02
4.034651000000000209e+00   2.127674e-01   2.343026e-02
4.039361999999999675e+00   1.589528e-01   2.347741e-02
4.044073000000000029e+00   1.702740e-01   2.358681e-02
4.048784999999999634e+00   1.657116e-01   2.366111e-02
4.053495999999999988e+00   1.823392e-01   2.375422e-02
4.058207000000000342e+00   1.722732e-01   2.384142e-02
4.062917999999999807e+00   1.729621e-01   2.393342e-02
4.067630000000000301e+00   1.607414e-01   2.401516e-02
4.072340999999999767e+00   1.967643e-01   2.412206e-02
4.077052000000000120e+00   1.988935e-01   2.419898e-02
4.081762999999999586e+00   1.810603e-01   2.427624e-02
4.086475000000000080e+00   1.580875e-01   2.435071e-02
4.091186000000000433e+00   1.856812e-01   2.442333e-02
4.095896999999999899e+00   1.590262e-01   2.450001e-02
4.100609000000000393e+00   1.391270e-01   2.457040e-02
4.105319999999999858e+00   1.535785e-01   2.469075e-02
4.110031000000000212e+00   1.424385e-01   2.476132e-02
4.114741999999999678e+00   1.594706e-01   2.489633e-02
4.119454000000000171e+00   2.012702e-01   2.499120e-02
4.124164999999999637e+00   1.765604e-01   2.505247e-02
4.128875999999999991e+00   1.402650e-01   2.513606e-02
4.133587000000000344e+00   1.742987e-01   2.523333e-02
4.138298999999999950e+00   1.982243e-01   2.538469e-02
4.143010000000000304e+00   1.737905e-01   2.542305e-02
4.147720999999999769e+00   1.372107e-01   2.549416e-02
4.152432000000000123e+00   1.746148e-01   2.561975e-02
4.157143999999999728e+00   1.511685e-01   2.569391e-02
4.161855000000000082e+00   1.545338e-01   2.579746e-02
4.166566000000000436e+00   1.784325e-01   2.587351e-02
4.171276999999999902e+00   2.327182e-01   2.606299e-02
4.175989000000000395e+00   2.073545e-01   2.615155e-02
4.180699999999999861e+00   1.716273e-01   2.626473e-02
4.185411000000000215e+00   1.744482e-01   2.632398e-02
4.190121999999999680e+00   1.527856e-01   2.640563e-02
4.194834000000000174e+00   1.309772e-01   2.648676e-02
4.199544999999999639e+00   1.671764e-01   2.660861e-02
4.204255999999999993e+00   1.396461e-01   2.669124e-02
4.208967000000000347e+00   1.290424e-01   2.674357e-02
4.213678999999999952e+00   1.882806e-01   2.691549e-02
4.218390000000000306e+00   1.975782e-01   2.707293e-02
4.223100999999999772e+00   1.761142e-01   2.712453e-02
4.227812000000000126e+00   1.390166e-01   2.720522e-02
4.232523999999999731e+00   1.466649e-01   2.735280e-02
4.237235000000000085e+00   1.625736e-01   2.749644e-02
4.241946000000000438e+00   2.094827e-01   2.762309e-02
4.246656999999999904e+00   2.060176e-01   2.770231e-02
4.251369000000000398e+00   2.019069e-01   2.783793e-02
4.256079999999999863e+00   1.419988e-01   2.791428e-02
4.260791000000000217e+00   1.525931e-01   2.802403e-02
4.265501999999999683e+00   1.606760e-01   2.816991e-02
4.270214000000000176e+00   1.841103e-01   2.828891e-02
4.274924999999999642e+00   1.719455e-01   2.838073e-02
4.279635999999999996e+00   1.688717e-01   2.850360e-02
4.284347999999999601e+00   1.470590e-01   2.860938e-02
4.289058999999999955e+00   1.340541e-01   2.871590e-02
4.293770000000000309e+00   1.152982e-01   2.880544e-02
4.298480999999999774e+00   2.017486e-01   2.902938e-02
4.303193000000000268e+00   1.816704e-01   2.912275e-02
4.307903999999999733e+00   1.513854e-01   2.925153e-02
4.312615000000000087e+00   1.429680e-01   2.937936e-02
4.317326000000000441e+00   1.211148e-01   2.944734e-02
4.322038000000000046e+00   1.625835e-01   2.970970e-02
4.326749000000000400e+00   1.255909e-01   2.979642e-02
4.331459999999999866e+00   9.829765e-02   2.982379e-02
4.336171000000000220e+00   1.521814e-01   3.005950e-02
4.340882999999999825e+00   1.661854e-01   3.019861e-02
4.345594000000000179e+00   1.582574e-01   3.033351e-02
4.350304999999999644e+00   1.441156e-01   3.046413e-02
4.355015999999999998e+00   1.128118e-01   3.056668e-02
4.359727999999999604e+00   1.534867e-01   3.069491e-02
4.364438999999999957e+00   1.457099e-01   3.090669e-02
4.369150000000000311e+00   1.318696e-01   3.106639e-02
4.373860999999999777e+00   1.794001e-01   3.129679e-02
4.378573000000000270e+00   1.774491e-01   3.142560e-02
4.383283999999999736e+00   1.116240e-01   3.146811e-02
4.387995000000000090e+00   1.697185e-01   3.164302e-02
4.392706000000000444e+00   1.629287e-01   3.179387e-02
4.397418000000000049e+00   1.376136e-01   3.186977e-02
4.402129000000000403e+00   1.497925e-01   3.198331e-02
4.406839999999999868e+00   1.899228e-01   3.203397e-02
4.411551000000000222e+00   1.585880e-01   3.205769e-02
4.416262999999999828e+00   9.814217e-02   3.204073e-02
4.420974000000000181e+00   1.428313e-01   3.207778e-02
4.425684999999999647e+00   1.207715e-01   3.202830e-02
4.430396000000000001e+00   1.191162e-01   3.209877e-02
4.435107999999999606e+00   1.414174e-01   3.214158e-02
4.439818999999999960e+00   1.789990e-01   3.221599e-02
4.444530000000000314e+00   1.547753e-01   3.230791e-02
4.449240999999999779e+00   1.676055e-01   3.254114e-02
4.453953000000000273e+00   1.535967e-01   3.272771e-02
4.458663999999999739e+00   2.108529e-01   3.290026e-02
4.463375000000000092e+00   1.985835e-01   3.304637e-02
4.468086999999999698e+00   1.918157e-01   3.324782e-02
4.472798000000000052e+00   1.985539e-01   3.348704e-02
4.477509000000000405e+00   1.376645e-01   3.357602e-02
4.482219999999999871e+00   1.411406e-01   3.378104e-02
4.486932000000000365e+00   1.531239e-01   3.397137e-02
4.491642999999999830e+00   1.618084e-01   3.416079e-02
4.496354000000000184e+00   1.817222e-01   3.438424e-02
4.501064999999999650e+00   1.627284e-01   3.452542e-02
4.505777000000000143e+00   1.119819e-01   3.463951e-02
4.510487999999999609e+00   8.534184e-02   3.490034e-02
4.515198999999999963e+00   1.026895e-01   3.511092e-02
4.519910000000000316e+00   1.382042e-01   3.531051e-02
4.524621999999999922e+00   1.073777e-01   3.545508e-02
4.529333000000000276e+00   1.624809e-01   3.575124e-02
4.534043999999999741e+00   1.545881e-01   3.598624e-02
4.538755000000000095e+00   1.545982e-01   3.626042e-02
4.543466999999999700e+00   1.354449e-01   3.642866e-02
4.548178000000000054e+00   1.074413e-01   3.665535e-02
4.552889000000000408e+00   9.714315e-02   3.677420e-02
4.557599999999999874e+00   1.241418e-01   3.705522e-02
4.562312000000000367e+00   1.443581e-01   3.739919e-02
4.567022999999999833e+00   1.771757e-01   3.765964e-02
4.571734000000000187e+00   1.483889e-01   3.787245e-02
4.576444999999999652e+00   1.576709e-01   3.821737e-02
4.581157000000000146e+00   1.156366e-01   3.834599e-02
4.585867999999999611e+00   1.648855e-01   3.863194e-02
4.590578999999999965e+00   1.562078e-01   3.891855e-02
4.595290000000000319e+00   1.793428e-01   3.924971e-02
4.600001999999999924e+00   1.923474e-01   3.954232e-02
4.604713000000000278e+00   1.506432e-01   3.976446e-02
4.609423999999999744e+00   1.359120e-01   4.006280e-02
4.614135000000000097e+00   1.053165e-01   4.029442e-02
4.618846999999999703e+00   1.453069e-01   4.063188e-02
4.623558000000000057e+00   1.365990e-01   4.092755e-02
4.628269000000000410e+00   1.436531e-01   4.129665e-02
4.632979999999999876e+00   1.009285e-01   4.149342e-02
4.637692000000000370e+00   1.052180e-01   4.186775e-02
4.642402999999999835e+00   1.746102e-01   4.231439e-02
4.647114000000000189e+00   1.580102e-01   4.265208e-02
4.651825999999999794e+00   1.401770e-01   4.296930e-02
4.656537000000000148e+00   2.492805e-01   4.346248e-02
4.661247999999999614e+00   1.960143e-01   4.378178e-02
4.665958999999999968e+00   1.535666e-01   4.405283e-02
4.670670999999999573e+00   1.182381e-01   4.443524e-02
4.675381999999999927e+00   1.493515e-01   4.479975e-02
4.680093000000000281e+00   1.417465e-01   4.525042e-02
4.684803999999999746e+00   9.383427e-02   4.563740e-02
4.689516000000000240e+00   1.854931e-01   4.620450e-02
4.694226999999999705e+00   1.293472e-01   4.662917e-02
4.698938000000000059e+00   1.408395e-01   4.710352e-02
4.703649000000000413e+00   1.570568e-01   4.760168e-02
4.708361000000000018e+00   1.693189e-01   4.805838e-02
4.713072000000000372e+00   1.223530e-01   4.849146e-02
4.717782999999999838e+00   1.365104e-01   4.899019e-02
4.722494000000000192e+00   1.281728e-01   4.955004e-02
4.727205999999999797e+00   6.469876e-02   4.992141e-02
4.731917000000000151e+00   1.256351e-01   5.053439e-02
4.736627999999999616e+00   1.709665e-01   5.143348e-02
4.741338999999999970e+00   9.342670e-02   5.182937e-02
4.746050999999999576e+00   6.149954e-02   5.229596e-02
4.750761999999999929e+00   1.558087e-01   5.314686e-02
4.755473000000000283e+00   6.744230e-02   5.364528e-02
4.760183999999999749e+00   9.902846e-02   5.441096e-02
4.764896000000000242e+00   1.294244e-01   5.518588e-02
4.769606999999999708e+00   2.151106e-01   5.609238e-02
4.774318000000000062e+00   1.459808e-01   5.689609e-02
4.779029000000000416e+00   8.198681e-02   5.739472e-02
4.783741000000000021e+00   9.437389e-02   5.822830e-02
4.788452000000000375e+00   1.581607e-01   5.931413e-02
4.793162999999999840e+00   1.234232e-01   6.033667e-02
4.797874000000000194e+00   7.608890e-02   6.105603e-02
4.802585999999999800e+00   3.165059e-02   6.202289e-02
4.807297000000000153e+00   1.699331e-01   6.344377e-02
4.812007999999999619e+00   2.139274e-01   6.458229e-02
4.816718999999999973e+00   9.682350e-02   6.552224e-02
4.821430999999999578e+00   1.048469e-01   6.673934e-02
4.826141999999999932e+00   5.350385e-02   6.796574e-02
4.830853000000000286e+00   1.572645e-01   6.968112e-02
4.835564999999999891e+00   1.690160e-01   7.135141e-02
4.840276000000000245e+00   5.702480e-02   7.256142e-02
4.844986999999999711e+00   9.589204e-02   7.439097e-02
4.849698000000000064e+00   1.276982e-01   7.613503e-02
4.854409999999999670e+00   1.468160e-01   7.828328e-02
4.859121000000000024e+00   1.951283e-01   8.072952e-02
4.863832000000000377e+00   1.407585e-01   8.244286e-02
4.868542999999999843e+00   9.862376e-02   8.533609e-02
4.873255000000000337e+00   1.503161e-01   8.841213e-02
4.877965999999999802e+00   1.522356e-02   9.049555e-02
4.882677000000000156e+00  -3.869948e-02   9.353115e-02
4.887387999999999622e+00   1.730215e-02   9.733329e-02
4.892100000000000115e+00   2.388136e-01   1.022769e-01
4.896810999999999581e+00   1.120268e-01   1.069542e-01
4.901521999999999935e+00  -1.096166e-01   1.122547e-01
4.906233000000000288e+00   5.144883e-02   1.187893e-01
4.910944999999999894e+00   4.634393e-02   1.265560e-01
4.915656000000000247e+00   1.655804e-01   1.369655e-01
4.920366999999999713e+00   1.552071e-01   1.495895e-01
4.925078000000000067e+00   2.899830e-01   1.654971e-01
4.929789999999999672e+00  -6.498956e-03   1.867019e-01
4.934501000000000026e+00  -3.074889e-02   2.224517e-01
4.939212000000000380e+00   2.758669e-01   2.957904e-01
4.943922999999999845e+00   5.257545e-01   5.211265e-01