# [1]
# Sample c= 2.05 mg/ml
# Intensity scaled by concentration
# Buffer subtracted data file:
# Protein DatFile = /data/visitor/mx1908/bm29/20161119/giulio/1d/mM150_068_ave.dat
# Buffer DatFile = /data/visitor/mx1908/bm29/20161119/giulio/ednaSub/mM150_068_ave_averbuffer.dat
# 
# AutoRg: Rg   =   0.7356 +/- 0.10 ( 13.7%)
# AutoRg: I(0) =   1.45 +/- 0.0063
# AutoRg: Points   111 to 325 ( 215 total)
# AutoRg: Quality: 79.1%
# 
# 
# Sample Information:
# Storage Temperature (degrees C): 20.0
# Measurement Temperature (degrees C): 19.95
# Concentration: 2.05
# Code: 
3.479420999999999903e-02  -2.099339e+00   3.572640e+00
3.950545999999999919e-02  -3.527019e-01   1.418027e+00
4.421672000000000102e-02  -3.306379e-01   9.254443e-01
4.892798000000000286e-02   9.645827e-02   7.086089e-01
5.363923000000000302e-02   3.349060e-01   5.669653e-01
5.835048999999999791e-02   2.024035e-01   4.634607e-01
6.306174999999999975e-02   1.026362e+00   3.849434e-01
6.777299999999999991e-02   1.217406e+00   3.265387e-01
7.248425999999999481e-02   8.215382e-01   2.822574e-01
7.719552000000000358e-02   1.015691e+00   2.483265e-01
8.190677000000000374e-02   8.279108e-01   2.196554e-01
8.661802999999999864e-02   1.248188e+00   1.973705e-01
9.132928999999999353e-02   1.137312e+00   1.799413e-01
9.604053999999999369e-02   1.218290e+00   1.656824e-01
1.007518000000000025e-01   1.189043e+00   1.530982e-01
1.054631000000000041e-01   1.269119e+00   1.424820e-01
1.101743000000000028e-01   1.317412e+00   1.333957e-01
1.148856000000000044e-01   1.272770e+00   1.251673e-01
1.195968000000000031e-01   1.424125e+00   1.185199e-01
1.243081000000000047e-01   1.375515e+00   1.125410e-01
1.290193000000000034e-01   1.243805e+00   1.071600e-01
1.337306000000000050e-01   1.398449e+00   1.027773e-01
1.384419000000000066e-01   1.426906e+00   9.893001e-02
1.431531000000000053e-01   1.323956e+00   9.500971e-02
1.478644000000000069e-01   1.318203e+00   9.180912e-02
1.525756000000000057e-01   1.309352e+00   8.898708e-02
1.572869000000000073e-01   1.287727e+00   8.631917e-02
1.619981000000000060e-01   1.378649e+00   8.386340e-02
1.667094000000000076e-01   1.246208e+00   8.163533e-02
1.714206000000000063e-01   1.288312e+00   7.960858e-02
1.761319000000000079e-01   1.374629e+00   7.778003e-02
1.808432000000000095e-01   1.340858e+00   7.584368e-02
1.855544000000000082e-01   1.234701e+00   7.424468e-02
1.902657000000000098e-01   1.316852e+00   7.291573e-02
1.949769000000000085e-01   1.349814e+00   7.160265e-02
1.996882000000000101e-01   1.313859e+00   7.023758e-02
2.043994000000000089e-01   1.364931e+00   6.898059e-02
2.091107000000000105e-01   1.351228e+00   6.780916e-02
2.138220000000000121e-01   1.289315e+00   6.661236e-02
2.185332000000000108e-01   1.290010e+00   6.567932e-02
2.232445000000000124e-01   1.300288e+00   6.472621e-02
2.279557000000000111e-01   1.275840e+00   6.375683e-02
2.326670000000000127e-01   1.281514e+00   6.289379e-02
2.373782000000000114e-01   1.390877e+00   6.211122e-02
2.420895000000000130e-01   1.395465e+00   6.123382e-02
2.468007000000000117e-01   1.359903e+00   6.043347e-02
2.515120000000000133e-01   1.402871e+00   5.987047e-02
2.562232999999999872e-01   1.376074e+00   5.914428e-02
2.609345000000000137e-01   1.307385e+00   5.835543e-02
2.656457999999999875e-01   1.299800e+00   5.778110e-02
2.703570000000000140e-01   1.358251e+00   5.720463e-02
2.750682999999999878e-01   1.376178e+00   5.667006e-02
2.797795000000000143e-01   1.375705e+00   5.596355e-02
2.844907999999999881e-01   1.358237e+00   5.544763e-02
2.892021000000000175e-01   1.369775e+00   5.496864e-02
2.939132999999999885e-01   1.334223e+00   5.440495e-02
2.986246000000000178e-01   1.329811e+00   5.386149e-02
3.033357999999999888e-01   1.386907e+00   5.347907e-02
3.080471000000000181e-01   1.380457e+00   5.297496e-02
3.127582999999999891e-01   1.377668e+00   5.249280e-02
3.174696000000000184e-01   1.412347e+00   5.201492e-02
3.221808999999999923e-01   1.426274e+00   5.162298e-02
3.268921000000000188e-01   1.271388e+00   5.113414e-02
3.316033999999999926e-01   1.400828e+00   5.092340e-02
3.363146000000000191e-01   1.422299e+00   5.129544e-02
3.410258999999999929e-01   1.338022e+00   5.168040e-02
3.457371000000000194e-01   1.322901e+00   5.186687e-02
3.504483999999999932e-01   1.306061e+00   5.261523e-02
3.551596000000000197e-01   1.381222e+00   5.372797e-02
3.598708999999999936e-01   1.370410e+00   5.432285e-02
3.645822000000000229e-01   1.366881e+00   5.496460e-02
3.692933999999999939e-01   1.409640e+00   5.541497e-02
3.740047000000000232e-01   1.312062e+00   5.570507e-02
3.787158999999999942e-01   1.431469e+00   5.608238e-02
3.834272000000000236e-01   1.338262e+00   5.628541e-02
3.881383999999999945e-01   1.334712e+00   5.657506e-02
3.928497000000000239e-01   1.386337e+00   5.795525e-02
3.975609999999999977e-01   1.358991e+00   5.972495e-02
4.022722000000000242e-01   1.411330e+00   6.106283e-02
4.069834999999999980e-01   1.360930e+00   6.212945e-02
4.116947000000000245e-01   1.396455e+00   6.317164e-02
4.164059999999999984e-01   1.365932e+00   6.411322e-02
4.211172000000000248e-01   1.426307e+00   6.506575e-02
4.258284999999999987e-01   1.352513e+00   6.602834e-02
4.305397000000000252e-01   1.393191e+00   6.690629e-02
4.352509999999999990e-01   1.355892e+00   6.782011e-02
4.399622999999999728e-01   1.298533e+00   6.876556e-02
4.446734999999999993e-01   1.320791e+00   7.002982e-02
4.493847999999999732e-01   1.317929e+00   7.094365e-02
4.540959999999999996e-01   1.398516e+00   7.155529e-02
4.588072999999999735e-01   1.305141e+00   6.912726e-02
4.635185000000000000e-01   1.297153e+00   6.745355e-02
4.682297999999999738e-01   1.267859e+00   6.643178e-02
4.729411000000000032e-01   1.376390e+00   6.586728e-02
4.776522999999999741e-01   1.423937e+00   6.525974e-02
4.823636000000000035e-01   1.335937e+00   6.464831e-02
4.870747999999999744e-01   1.360765e+00   6.420472e-02
4.917861000000000038e-01   1.488664e+00   6.400332e-02
4.964972999999999748e-01   1.388773e+00   6.352557e-02
5.012086000000000041e-01   1.385354e+00   6.320795e-02
5.059198999999999780e-01   1.386504e+00   6.281600e-02
5.106311000000000044e-01   1.375992e+00   6.254828e-02
5.153423999999999783e-01   1.369140e+00   6.226074e-02
5.200536000000000048e-01   1.193722e+00   6.157821e-02
5.247648999999999786e-01   1.274687e+00   6.128236e-02
5.294761000000000051e-01   1.305023e+00   6.089114e-02
5.341873999999999789e-01   1.301890e+00   6.040745e-02
5.388986000000000054e-01   1.410683e+00   6.013577e-02
5.436098999999999792e-01   1.279095e+00   5.950765e-02
5.483211999999999531e-01   1.302062e+00   5.915396e-02
5.530323999999999796e-01   1.333594e+00   5.886914e-02
5.577436999999999534e-01   1.391184e+00   5.860017e-02
5.624548999999999799e-01   1.344494e+00   5.823032e-02
5.671661999999999537e-01   1.355808e+00   5.792798e-02
5.718773999999999802e-01   1.269892e+00   5.772111e-02
5.765886999999999540e-01   1.313262e+00   5.755446e-02
5.813000000000000389e-01   1.359743e+00   5.751413e-02
5.860111999999999544e-01   1.318108e+00   5.738538e-02
5.907225000000000392e-01   1.381982e+00   5.726292e-02
5.954336999999999547e-01   1.412178e+00   5.719051e-02
6.001450000000000395e-01   1.318588e+00   5.691303e-02
6.048561999999999550e-01   1.308357e+00   5.677126e-02
6.095675000000000399e-01   1.333552e+00   5.666589e-02
6.142788000000000137e-01   1.320663e+00   5.654512e-02
6.189900000000000402e-01   1.297087e+00   5.633107e-02
6.237013000000000140e-01   1.318953e+00   5.622694e-02
6.284125000000000405e-01   1.291221e+00   5.613356e-02
6.331238000000000143e-01   1.377109e+00   5.598395e-02
6.378350000000000408e-01   1.308643e+00   5.587256e-02
6.425463000000000147e-01   1.262018e+00   5.568070e-02
6.472575000000000411e-01   1.273291e+00   5.560373e-02
6.519688000000000150e-01   1.329212e+00   5.547693e-02
6.566800999999999888e-01   1.283830e+00   5.535425e-02
6.613913000000000153e-01   1.358863e+00   5.526579e-02
6.661025999999999891e-01   1.293000e+00   5.511394e-02
6.708138000000000156e-01   1.338964e+00   5.496528e-02
6.755250999999999895e-01   1.365354e+00   5.488452e-02
6.802363000000000159e-01   1.361311e+00   5.478352e-02
6.849475999999999898e-01   1.388353e+00   5.470825e-02
6.896588999999999636e-01   1.345548e+00   5.454262e-02
6.943700999999999901e-01   1.297840e+00   5.436778e-02
6.990813999999999639e-01   1.333703e+00   5.428634e-02
7.037925999999999904e-01   1.341984e+00   5.422295e-02
7.085038999999999643e-01   1.407927e+00   5.410483e-02
7.132150999999999907e-01   1.285570e+00   5.394619e-02
7.179263999999999646e-01   1.337894e+00   5.383657e-02
7.226375999999999911e-01   1.342718e+00   5.372984e-02
7.273488999999999649e-01   1.318668e+00   5.358164e-02
7.320602000000000498e-01   1.290175e+00   5.343437e-02
7.367713999999999652e-01   1.289536e+00   5.335399e-02
7.414827000000000501e-01   1.292509e+00   5.327471e-02
7.461938999999999655e-01   1.376102e+00   5.321179e-02
7.509052000000000504e-01   1.339983e+00   5.312346e-02
7.556163999999999659e-01   1.306058e+00   5.291329e-02
7.603277000000000507e-01   1.296714e+00   5.279458e-02
7.650390000000000246e-01   1.330899e+00   5.264084e-02
7.697502000000000510e-01   1.244095e+00   5.252125e-02
7.744615000000000249e-01   1.344780e+00   5.254509e-02
7.791727000000000514e-01   1.338401e+00   5.243258e-02
7.838840000000000252e-01   1.310695e+00   5.236143e-02
7.885952000000000517e-01   1.279830e+00   5.219718e-02
7.933065000000000255e-01   1.263731e+00   5.210460e-02
7.980177999999999994e-01   1.356016e+00   5.208906e-02
8.027290000000000258e-01   1.243759e+00   5.177690e-02
8.074402999999999997e-01   1.274498e+00   5.174221e-02
8.121515000000000262e-01   1.279826e+00   5.160569e-02
8.168628000000000000e-01   1.255326e+00   5.148835e-02
8.215740000000000265e-01   1.211521e+00   5.139684e-02
8.262853000000000003e-01   1.213053e+00   5.130607e-02
8.309965000000000268e-01   1.267201e+00   5.122882e-02
8.357078000000000007e-01   1.206694e+00   5.108414e-02
8.404190999999999745e-01   1.266971e+00   5.104394e-02
8.451303000000000010e-01   1.261501e+00   5.088511e-02
8.498415999999999748e-01   1.264631e+00   5.078631e-02
8.545528000000000013e-01   1.274988e+00   5.069874e-02
8.592640999999999751e-01   1.255638e+00   5.064098e-02
8.639753000000000016e-01   1.288781e+00   5.065853e-02
8.686865999999999755e-01   1.332568e+00   5.053858e-02
8.733978999999999493e-01   1.224191e+00   5.028240e-02
8.781090999999999758e-01   1.238719e+00   5.018398e-02
8.828203999999999496e-01   1.221896e+00   5.006409e-02
8.875315999999999761e-01   1.324370e+00   5.015543e-02
8.922428999999999499e-01   1.260245e+00   5.000604e-02
8.969540999999999764e-01   1.224510e+00   4.985694e-02
9.016653999999999503e-01   1.233486e+00   4.973359e-02
9.063767000000000351e-01   1.153224e+00   4.957350e-02
9.110878999999999506e-01   1.183240e+00   4.946915e-02
9.157992000000000354e-01   1.167760e+00   4.944543e-02
9.205103999999999509e-01   1.235507e+00   4.939584e-02
9.252217000000000358e-01   1.173724e+00   4.927073e-02
9.299328999999999512e-01   1.252096e+00   4.927339e-02
9.346442000000000361e-01   1.265710e+00   4.917518e-02
9.393553999999999515e-01   1.313949e+00   4.909900e-02
9.440667000000000364e-01   1.230758e+00   4.893897e-02
9.487780000000000102e-01   1.155543e+00   4.876611e-02
9.534892000000000367e-01   1.193912e+00   4.875646e-02
9.582005000000000106e-01   1.216433e+00   4.865337e-02
9.629117000000000370e-01   1.241855e+00   4.856992e-02
9.676230000000000109e-01   1.285348e+00   4.856719e-02
9.723342000000000374e-01   1.246666e+00   4.847988e-02
9.770455000000000112e-01   1.277808e+00   4.842211e-02
9.817567999999999850e-01   1.214180e+00   4.823733e-02
9.864680000000000115e-01   1.236137e+00   4.813324e-02
9.911792999999999854e-01   1.198872e+00   4.807412e-02
9.958905000000000118e-01   1.217492e+00   4.796609e-02
1.000601999999999991e+00   1.269243e+00   4.792274e-02
1.005312999999999901e+00   1.236292e+00   4.784312e-02
1.010024000000000033e+00   1.227611e+00   4.778196e-02
1.014736000000000082e+00   1.227235e+00   4.773336e-02
1.019446999999999992e+00   1.273036e+00   4.762347e-02
1.024157999999999902e+00   1.194776e+00   4.748489e-02
1.028869000000000034e+00   1.156923e+00   4.742134e-02
1.033581000000000083e+00   1.209823e+00   4.731622e-02
1.038291999999999993e+00   1.202597e+00   4.719861e-02
1.043002999999999902e+00   1.183575e+00   4.718205e-02
1.047714000000000034e+00   1.219569e+00   4.710165e-02
1.052426000000000084e+00   1.203422e+00   4.706857e-02
1.057136999999999993e+00   1.158965e+00   4.690455e-02
1.061847999999999903e+00   1.164769e+00   4.680688e-02
1.066559000000000035e+00   1.242064e+00   4.681491e-02
1.071271000000000084e+00   1.155725e+00   4.673621e-02
1.075981999999999994e+00   1.132018e+00   4.659377e-02
1.080692999999999904e+00   1.186019e+00   4.659263e-02
1.085404000000000035e+00   1.217627e+00   4.654822e-02
1.090116000000000085e+00   1.159259e+00   4.641024e-02
1.094826999999999995e+00   1.137429e+00   4.624115e-02
1.099537999999999904e+00   1.226107e+00   4.628070e-02
1.104249000000000036e+00   1.172068e+00   4.615751e-02
1.108961000000000086e+00   1.170417e+00   4.610206e-02
1.113671999999999995e+00   1.175822e+00   4.606671e-02
1.118382999999999905e+00   1.130642e+00   4.590995e-02
1.123094000000000037e+00   1.113647e+00   4.581989e-02
1.127806000000000086e+00   1.169474e+00   4.576819e-02
1.132516999999999996e+00   1.160171e+00   4.566797e-02
1.137227999999999906e+00   1.222494e+00   4.564583e-02
1.141939000000000037e+00   1.220738e+00   4.555547e-02
1.146651000000000087e+00   1.195327e+00   4.546152e-02
1.151361999999999997e+00   1.151236e+00   4.540720e-02
1.156072999999999906e+00   1.161353e+00   4.536798e-02
1.160784000000000038e+00   1.147124e+00   4.532035e-02
1.165496000000000087e+00   1.165912e+00   4.526260e-02
1.170206999999999997e+00   1.121812e+00   4.514385e-02
1.174917999999999907e+00   1.158698e+00   4.505700e-02
1.179629999999999956e+00   1.100478e+00   4.495380e-02
1.184341000000000088e+00   1.181612e+00   4.494430e-02
1.189051999999999998e+00   1.171196e+00   4.489657e-02
1.193762999999999908e+00   1.135236e+00   4.496005e-02
1.198474999999999957e+00   1.167246e+00   4.589686e-02
1.203186000000000089e+00   1.144757e+00   4.701105e-02
1.207896999999999998e+00   1.098368e+00   4.781928e-02
1.212607999999999908e+00   1.062939e+00   4.841178e-02
1.217319999999999958e+00   1.119792e+00   4.896272e-02
1.222031000000000089e+00   1.084512e+00   4.945378e-02
1.226741999999999999e+00   1.061674e+00   4.990182e-02
1.231452999999999909e+00   1.093829e+00   5.044817e-02
1.236164999999999958e+00   1.115027e+00   5.080054e-02
1.240876000000000090e+00   1.154000e+00   5.120879e-02
1.245587000000000000e+00   1.001262e+00   5.129113e-02
1.250297999999999909e+00   1.082919e+00   5.156330e-02
1.255009999999999959e+00   1.137407e+00   5.172049e-02
1.259721000000000091e+00   1.116832e+00   5.176660e-02
1.264432000000000000e+00   1.106601e+00   4.994091e-02
1.269142999999999910e+00   1.025651e+00   4.860704e-02
1.273854999999999960e+00   1.025372e+00   4.776987e-02
1.278566000000000091e+00   1.061458e+00   4.715427e-02
1.283277000000000001e+00   1.090042e+00   4.668695e-02
1.287987999999999911e+00   1.036192e+00   4.618412e-02
1.292699999999999960e+00   1.072571e+00   4.581660e-02
1.297411000000000092e+00   1.046083e+00   4.544288e-02
1.302122000000000002e+00   1.099494e+00   4.511223e-02
1.306832999999999911e+00   1.107892e+00   4.485774e-02
1.311544999999999961e+00   1.053714e+00   4.475857e-02
1.316256000000000093e+00   1.028372e+00   4.462083e-02
1.320967000000000002e+00   1.023788e+00   4.449546e-02
1.325677999999999912e+00   1.063993e+00   4.441451e-02
1.330389999999999961e+00   1.032851e+00   4.431451e-02
1.335101000000000093e+00   1.065117e+00   4.427139e-02
1.339812000000000003e+00   1.107457e+00   4.418165e-02
1.344522999999999913e+00   1.058324e+00   4.402804e-02
1.349234999999999962e+00   1.043145e+00   4.395119e-02
1.353946000000000094e+00   1.042763e+00   4.381447e-02
1.358657000000000004e+00   1.044734e+00   4.371869e-02
1.363369000000000053e+00   1.023727e+00   4.365123e-02
1.368079999999999963e+00   9.952504e-01   4.356485e-02
1.372791000000000095e+00   9.337453e-01   4.341350e-02
1.377502000000000004e+00   1.007124e+00   4.336292e-02
1.382214000000000054e+00   1.044748e+00   4.335162e-02
1.386924999999999963e+00   1.035868e+00   4.324665e-02
1.391636000000000095e+00   1.060401e+00   4.327843e-02
1.396347000000000005e+00   1.017541e+00   4.313672e-02
1.401059000000000054e+00   9.403577e-01   4.293072e-02
1.405769999999999964e+00   9.819589e-01   4.288358e-02
1.410481000000000096e+00   9.581812e-01   4.284600e-02
1.415192000000000005e+00   1.018928e+00   4.283656e-02
1.419904000000000055e+00   1.012529e+00   4.272444e-02
1.424614999999999965e+00   1.034793e+00   4.267103e-02
1.429326000000000096e+00   9.347881e-01   4.255719e-02
1.434037000000000006e+00   9.843912e-01   4.253629e-02
1.438749000000000056e+00   9.788537e-01   4.240419e-02
1.443459999999999965e+00   9.618876e-01   4.237822e-02
1.448171000000000097e+00   9.551935e-01   4.230105e-02
1.452882000000000007e+00   9.738652e-01   4.225122e-02
1.457594000000000056e+00   1.003126e+00   4.218137e-02
1.462304999999999966e+00   9.807483e-01   4.210317e-02
1.467016000000000098e+00   9.390753e-01   4.203500e-02
1.471727000000000007e+00   9.832990e-01   4.199274e-02
1.476439000000000057e+00   9.556661e-01   4.194654e-02
1.481149999999999967e+00   9.935864e-01   4.193083e-02
1.485861000000000098e+00   9.539292e-01   4.178190e-02
1.490572000000000008e+00   9.991775e-01   4.172843e-02
1.495284000000000058e+00   1.007947e+00   4.168116e-02
1.499994999999999967e+00   8.924343e-01   4.157745e-02
1.504706000000000099e+00   1.012940e+00   4.156217e-02
1.509417000000000009e+00   9.593673e-01   4.147701e-02
1.514129000000000058e+00   9.603793e-01   4.158053e-02
1.518839999999999968e+00   9.364628e-01   4.276937e-02
1.523551000000000100e+00   9.682137e-01   4.369452e-02
1.528262999999999927e+00   9.650550e-01   4.435524e-02
1.532974000000000059e+00   9.305410e-01   4.476806e-02
1.537684999999999969e+00   9.586775e-01   4.529774e-02
1.542396000000000100e+00   9.317482e-01   4.531235e-02
1.547107999999999928e+00   8.943907e-01   4.410375e-02
1.551819000000000059e+00   8.997353e-01   4.351585e-02
1.556529999999999969e+00   9.069712e-01   4.303341e-02
1.561241000000000101e+00   9.094605e-01   4.260463e-02
1.565952999999999928e+00   8.661601e-01   4.218651e-02
1.570664000000000060e+00   8.541415e-01   4.176059e-02
1.575374999999999970e+00   9.169771e-01   4.136840e-02
1.580086000000000102e+00   8.674503e-01   4.095500e-02
1.584797999999999929e+00   9.036790e-01   4.077818e-02
1.589509000000000061e+00   8.601922e-01   4.065709e-02
1.594219999999999970e+00   8.229161e-01   4.059189e-02
1.598931000000000102e+00   7.741959e-01   4.061970e-02
1.603642999999999930e+00   8.599037e-01   4.074170e-02
1.608354000000000061e+00   8.827869e-01   4.080005e-02
1.613064999999999971e+00   8.663196e-01   4.073618e-02
1.617776000000000103e+00   9.234068e-01   4.067428e-02
1.622487999999999930e+00   8.760959e-01   4.060148e-02
1.627199000000000062e+00   8.898320e-01   4.054550e-02
1.631909999999999972e+00   9.258776e-01   4.049488e-02
1.636621000000000103e+00   9.100563e-01   4.040669e-02
1.641332999999999931e+00   8.519550e-01   4.029743e-02
1.646044000000000063e+00   8.507363e-01   4.028364e-02
1.650754999999999972e+00   8.729290e-01   4.024096e-02
1.655466000000000104e+00   8.819471e-01   4.014243e-02
1.660177999999999932e+00   8.201333e-01   4.001633e-02
1.664889000000000063e+00   8.405825e-01   4.001452e-02
1.669599999999999973e+00   8.472596e-01   3.998094e-02
1.674311000000000105e+00   8.760928e-01   3.986954e-02
1.679022999999999932e+00   8.222511e-01   3.975407e-02
1.683734000000000064e+00   8.147698e-01   3.975091e-02
1.688444999999999974e+00   7.804592e-01   3.969775e-02
1.693156000000000105e+00   8.325906e-01   3.967608e-02
1.697867999999999933e+00   8.717186e-01   3.963615e-02
1.702579000000000065e+00   8.520621e-01   3.952108e-02
1.707289999999999974e+00   7.824969e-01   3.944237e-02
1.712002000000000024e+00   8.054144e-01   3.936216e-02
1.716712999999999933e+00   8.023707e-01   3.935375e-02
1.721424000000000065e+00   8.267010e-01   3.928003e-02
1.726134999999999975e+00   8.234478e-01   3.922432e-02
1.730847000000000024e+00   8.189511e-01   3.918463e-02
1.735557999999999934e+00   8.126727e-01   3.914887e-02
1.740269000000000066e+00   7.590466e-01   3.906466e-02
1.744979999999999976e+00   7.637293e-01   3.900215e-02
1.749692000000000025e+00   7.483555e-01   3.893195e-02
1.754402999999999935e+00   7.860589e-01   3.892800e-02
1.759114000000000066e+00   7.444120e-01   3.884648e-02
1.763824999999999976e+00   8.103103e-01   3.883807e-02
1.768537000000000026e+00   7.904059e-01   3.880512e-02
1.773247999999999935e+00   7.599594e-01   3.873911e-02
1.777959000000000067e+00   7.507580e-01   3.866497e-02
1.782669999999999977e+00   7.407063e-01   3.861373e-02
1.787382000000000026e+00   7.688287e-01   3.853879e-02
1.792092999999999936e+00   7.712756e-01   3.849542e-02
1.796804000000000068e+00   7.573655e-01   3.846309e-02
1.801514999999999977e+00   7.880278e-01   3.846019e-02
1.806227000000000027e+00   7.453294e-01   3.837393e-02
1.810937999999999937e+00   7.978355e-01   3.832905e-02
1.815649000000000068e+00   7.489340e-01   3.820077e-02
1.820359999999999978e+00   7.639174e-01   3.814597e-02
1.825072000000000028e+00   8.005203e-01   3.817942e-02
1.829782999999999937e+00   7.485809e-01   3.807451e-02
1.834494000000000069e+00   7.405937e-01   3.801404e-02
1.839204999999999979e+00   7.685348e-01   3.805208e-02
1.843917000000000028e+00   7.128892e-01   3.796578e-02
1.848627999999999938e+00   7.254038e-01   3.788789e-02
1.853339000000000070e+00   7.154316e-01   3.786564e-02
1.858049999999999979e+00   6.853228e-01   3.783126e-02
1.862762000000000029e+00   6.959712e-01   3.779919e-02
1.867472999999999939e+00   7.787907e-01   3.776698e-02
1.872184000000000070e+00   7.339175e-01   3.766914e-02
1.876894999999999980e+00   7.713059e-01   3.765543e-02
1.881607000000000030e+00   7.710753e-01   3.761357e-02
1.886317999999999939e+00   6.985221e-01   3.754952e-02
1.891029000000000071e+00   7.178554e-01   3.747374e-02
1.895740999999999898e+00   7.069721e-01   3.743528e-02
1.900452000000000030e+00   7.158356e-01   3.741020e-02
1.905162999999999940e+00   6.983628e-01   3.728863e-02
1.909874000000000072e+00   6.810735e-01   3.724419e-02
1.914585999999999899e+00   6.723730e-01   3.721879e-02
1.919297000000000031e+00   7.022643e-01   3.720365e-02
1.924007999999999940e+00   6.993303e-01   3.715177e-02
1.928719000000000072e+00   6.863811e-01   3.707865e-02
1.933430999999999900e+00   6.655574e-01   3.701258e-02
1.938142000000000031e+00   7.084323e-01   3.694740e-02
1.942852999999999941e+00   7.198591e-01   3.682645e-02
1.947564000000000073e+00   6.903212e-01   3.671118e-02
1.952275999999999900e+00   6.564161e-01   3.662408e-02
1.956987000000000032e+00   6.893365e-01   3.660317e-02
1.961697999999999942e+00   6.577599e-01   3.651820e-02
1.966409000000000074e+00   6.419492e-01   3.648892e-02
1.971120999999999901e+00   6.276433e-01   3.646883e-02
1.975832000000000033e+00   6.791369e-01   3.647671e-02
1.980542999999999942e+00   6.668166e-01   3.648348e-02
1.985254000000000074e+00   6.197076e-01   3.644592e-02
1.989965999999999902e+00   6.425217e-01   3.647295e-02
1.994677000000000033e+00   6.200870e-01   3.648327e-02
1.999387999999999943e+00   7.143456e-01   3.656175e-02
2.004099000000000075e+00   6.681830e-01   3.740472e-02
2.008811000000000124e+00   6.614802e-01   3.815795e-02
2.013522000000000034e+00   6.556537e-01   3.870192e-02
2.018232999999999944e+00   6.318092e-01   3.912612e-02
2.022943999999999853e+00   6.476512e-01   3.954021e-02
2.027655999999999903e+00   6.105113e-01   3.984170e-02
2.032366999999999813e+00   6.003475e-01   4.003636e-02
2.037078000000000166e+00   6.414040e-01   4.013773e-02
2.041789000000000076e+00   6.668679e-01   4.030501e-02
2.046501000000000126e+00   5.956530e-01   4.039553e-02
2.051212000000000035e+00   6.102962e-01   4.046896e-02
2.055922999999999945e+00   6.477214e-01   4.056990e-02
2.060633999999999855e+00   6.412780e-01   4.066656e-02
2.065345999999999904e+00   6.517720e-01   4.062066e-02
2.070056999999999814e+00   6.120616e-01   3.940193e-02
2.074768000000000168e+00   6.482428e-01   3.865950e-02
2.079480000000000217e+00   6.724848e-01   3.814293e-02
2.084191000000000127e+00   6.354299e-01   3.769756e-02
2.088902000000000037e+00   6.311650e-01   3.734371e-02
2.093612999999999946e+00   5.861808e-01   3.701821e-02
2.098324999999999996e+00   6.246488e-01   3.696151e-02
2.103035999999999905e+00   6.240795e-01   3.683703e-02
2.107746999999999815e+00   6.297181e-01   3.673556e-02
2.112458000000000169e+00   6.471578e-01   3.667794e-02
2.117170000000000218e+00   6.404681e-01   3.657379e-02
2.121881000000000128e+00   5.428634e-01   3.642767e-02
2.126592000000000038e+00   5.456928e-01   3.637879e-02
2.131302999999999948e+00   5.495958e-01   3.629643e-02
2.136014999999999997e+00   5.892151e-01   3.627893e-02
2.140725999999999907e+00   5.936464e-01   3.621083e-02
2.145436999999999816e+00   5.694030e-01   3.615908e-02
2.150148000000000170e+00   5.339992e-01   3.602123e-02
2.154860000000000220e+00   5.425820e-01   3.597182e-02
2.159571000000000129e+00   5.377447e-01   3.590880e-02
2.164282000000000039e+00   5.743544e-01   3.591808e-02
2.168992999999999949e+00   5.738246e-01   3.590373e-02
2.173704999999999998e+00   5.281322e-01   3.580211e-02
2.178415999999999908e+00   5.494791e-01   3.574143e-02
2.183126999999999818e+00   5.624379e-01   3.565493e-02
2.187838000000000171e+00   5.958491e-01   3.561144e-02
2.192550000000000221e+00   5.730590e-01   3.556870e-02
2.197261000000000131e+00   5.449438e-01   3.552628e-02
2.201972000000000040e+00   5.709216e-01   3.548818e-02
2.206682999999999950e+00   5.521276e-01   3.542178e-02
2.211395000000000000e+00   5.051130e-01   3.534465e-02
2.216105999999999909e+00   5.543120e-01   3.531537e-02
2.220816999999999819e+00   5.361883e-01   3.529452e-02
2.225528000000000173e+00   6.038041e-01   3.525436e-02
2.230239999999999778e+00   5.283830e-01   3.520841e-02
2.234951000000000132e+00   4.994823e-01   3.515756e-02
2.239662000000000042e+00   5.418720e-01   3.512007e-02
2.244372999999999951e+00   5.252898e-01   3.508681e-02
2.249085000000000001e+00   5.063614e-01   3.501789e-02
2.253795999999999911e+00   5.389000e-01   3.496983e-02
2.258506999999999820e+00   5.096060e-01   3.491293e-02
2.263218999999999870e+00   5.775546e-01   3.491623e-02
2.267929999999999779e+00   5.602953e-01   3.483551e-02
2.272641000000000133e+00   5.397790e-01   3.478426e-02
2.277352000000000043e+00   5.207997e-01   3.471442e-02
2.282064000000000092e+00   5.296294e-01   3.468163e-02
2.286775000000000002e+00   5.757155e-01   3.467579e-02
2.291485999999999912e+00   5.032659e-01   3.464689e-02
2.296196999999999822e+00   5.139011e-01   3.459437e-02
2.300908999999999871e+00   4.952804e-01   3.453968e-02
2.305619999999999781e+00   5.554384e-01   3.449504e-02
2.310331000000000135e+00   4.824968e-01   3.442488e-02
2.315042000000000044e+00   5.063092e-01   3.440727e-02
2.319754000000000094e+00   5.267873e-01   3.437478e-02
2.324465000000000003e+00   4.770504e-01   3.431647e-02
2.329175999999999913e+00   4.991068e-01   3.429633e-02
2.333886999999999823e+00   5.056193e-01   3.426036e-02
2.338598999999999872e+00   4.886890e-01   3.421032e-02
2.343309999999999782e+00   4.864840e-01   3.417219e-02
2.348021000000000136e+00   5.071001e-01   3.415378e-02
2.352732000000000046e+00   5.023218e-01   3.412424e-02
2.357444000000000095e+00   4.849750e-01   3.406327e-02
2.362155000000000005e+00   4.979247e-01   3.405374e-02
2.366865999999999914e+00   4.548667e-01   3.399380e-02
2.371576999999999824e+00   5.042473e-01   3.393881e-02
2.376288999999999874e+00   4.674947e-01   3.390884e-02
2.380999999999999783e+00   4.895677e-01   3.387406e-02
2.385711000000000137e+00   4.931482e-01   3.384229e-02
2.390422000000000047e+00   4.913528e-01   3.378653e-02
2.395134000000000096e+00   4.909937e-01   3.376693e-02
2.399845000000000006e+00   5.538159e-01   3.375953e-02
2.404555999999999916e+00   5.231726e-01   3.369439e-02
2.409266999999999825e+00   5.176415e-01   3.370079e-02
2.413978999999999875e+00   4.631298e-01   3.360032e-02
2.418689999999999785e+00   4.690054e-01   3.356160e-02
2.423401000000000138e+00   4.906422e-01   3.352613e-02
2.428112000000000048e+00   4.736390e-01   3.349312e-02
2.432824000000000098e+00   4.901604e-01   3.347576e-02
2.437535000000000007e+00   4.839027e-01   3.345312e-02
2.442245999999999917e+00   5.060698e-01   3.341838e-02
2.446957999999999966e+00   4.539862e-01   3.337935e-02
2.451668999999999876e+00   4.341085e-01   3.330938e-02
2.456379999999999786e+00   4.231242e-01   3.323888e-02
2.461091000000000140e+00   4.522641e-01   3.326748e-02
2.465803000000000189e+00   4.768429e-01   3.325268e-02
2.470514000000000099e+00   4.482148e-01   3.321562e-02
2.475225000000000009e+00   4.606051e-01   3.314922e-02
2.479935999999999918e+00   4.339980e-01   3.308608e-02
2.484647999999999968e+00   4.279825e-01   3.308605e-02
2.489358999999999877e+00   4.197541e-01   3.303109e-02
2.494069999999999787e+00   4.308625e-01   3.295322e-02
2.498781000000000141e+00   4.140651e-01   3.293139e-02
2.503493000000000190e+00   4.379412e-01   3.293091e-02
2.508204000000000100e+00   4.680537e-01   3.290620e-02
2.512915000000000010e+00   4.712328e-01   3.285322e-02
2.517625999999999920e+00   4.802854e-01   3.282129e-02
2.522337999999999969e+00   4.162554e-01   3.273884e-02
2.527048999999999879e+00   4.775114e-01   3.269073e-02
2.531759999999999788e+00   4.192592e-01   3.262212e-02
2.536471000000000142e+00   4.333293e-01   3.260809e-02
2.541183000000000192e+00   4.377536e-01   3.257721e-02
2.545894000000000101e+00   4.558579e-01   3.254672e-02
2.550605000000000011e+00   4.226957e-01   3.249430e-02
2.555315999999999921e+00   4.423342e-01   3.247745e-02
2.560027999999999970e+00   4.430012e-01   3.246277e-02
2.564738999999999880e+00   4.397535e-01   3.240830e-02
2.569449999999999790e+00   4.426211e-01   3.239592e-02
2.574161000000000143e+00   4.328482e-01   3.241326e-02
2.578873000000000193e+00   4.445416e-01   3.245065e-02
2.583584000000000103e+00   4.335822e-01   3.239606e-02
2.588295000000000012e+00   3.967420e-01   3.237771e-02
2.593005999999999922e+00   4.382669e-01   3.234981e-02
2.597717999999999972e+00   3.586768e-01   3.226677e-02
2.602428999999999881e+00   3.935678e-01   3.225448e-02
2.607139999999999791e+00   4.439195e-01   3.227606e-02
2.611851000000000145e+00   4.065946e-01   3.221706e-02
2.616563000000000194e+00   4.222634e-01   3.218763e-02
2.621274000000000104e+00   4.050506e-01   3.215288e-02
2.625985000000000014e+00   4.413691e-01   3.215888e-02
2.630697000000000063e+00   3.774532e-01   3.206389e-02
2.635407999999999973e+00   3.804056e-01   3.205762e-02
2.640118999999999883e+00   4.154698e-01   3.204855e-02
2.644829999999999792e+00   4.147376e-01   3.200404e-02
2.649541999999999842e+00   4.129545e-01   3.199611e-02
2.654253000000000196e+00   3.970067e-01   3.192334e-02
2.658964000000000105e+00   4.016774e-01   3.192142e-02
2.663675000000000015e+00   4.161137e-01   3.189496e-02
2.668387000000000064e+00   4.007405e-01   3.187007e-02
2.673097999999999974e+00   4.190130e-01   3.181248e-02
2.677808999999999884e+00   4.000446e-01   3.182714e-02
2.682519999999999794e+00   4.053355e-01   3.177809e-02
2.687231999999999843e+00   4.115120e-01   3.175065e-02
2.691943000000000197e+00   4.002683e-01   3.167996e-02
2.696654000000000106e+00   3.937469e-01   3.169672e-02
2.701365000000000016e+00   3.807966e-01   3.168131e-02
2.706077000000000066e+00   3.679009e-01   3.163370e-02
2.710787999999999975e+00   3.692711e-01   3.155462e-02
2.715498999999999885e+00   3.946330e-01   3.156471e-02
2.720209999999999795e+00   3.866189e-01   3.153068e-02
2.724921999999999844e+00   4.061044e-01   3.154739e-02
2.729633000000000198e+00   3.678516e-01   3.148953e-02
2.734344000000000108e+00   3.377165e-01   3.145188e-02
2.739055000000000017e+00   3.515141e-01   3.142964e-02
2.743767000000000067e+00   4.162396e-01   3.139541e-02
2.748477999999999977e+00   3.942373e-01   3.137853e-02
2.753188999999999886e+00   3.962553e-01   3.136209e-02
2.757899999999999796e+00   3.679685e-01   3.133477e-02
2.762611999999999846e+00   3.925573e-01   3.130695e-02
2.767323000000000199e+00   3.615333e-01   3.127178e-02
2.772034000000000109e+00   3.496490e-01   3.122076e-02
2.776745000000000019e+00   3.747046e-01   3.118115e-02
2.781457000000000068e+00   3.822853e-01   3.118375e-02
2.786167999999999978e+00   4.003105e-01   3.116150e-02
2.790878999999999888e+00   3.955668e-01   3.116911e-02
2.795589999999999797e+00   3.641279e-01   3.113293e-02
2.800301999999999847e+00   4.017976e-01   3.112047e-02
2.805013000000000201e+00   3.976793e-01   3.121830e-02
2.809724000000000110e+00   3.102901e-01   3.195562e-02
2.814436000000000160e+00   2.867922e-01   3.246917e-02
2.819147000000000070e+00   3.604099e-01   3.289182e-02
2.823857999999999979e+00   3.669732e-01   3.318748e-02
2.828568999999999889e+00   3.636378e-01   3.336311e-02
2.833280999999999938e+00   3.848489e-01   3.353698e-02
2.837991999999999848e+00   3.974406e-01   3.363289e-02
2.842703000000000202e+00   3.702597e-01   3.366982e-02
2.847414000000000112e+00   4.005569e-01   3.373740e-02
2.852126000000000161e+00   3.759899e-01   3.385991e-02
2.856837000000000071e+00   3.274943e-01   3.390631e-02
2.861547999999999981e+00   3.593653e-01   3.397618e-02
2.866258999999999890e+00   3.746907e-01   3.408324e-02
2.870970999999999940e+00   3.911340e-01   3.380973e-02
2.875681999999999849e+00   3.229102e-01   3.293011e-02
2.880393000000000203e+00   3.189706e-01   3.239536e-02
2.885104000000000113e+00   3.428263e-01   3.208092e-02
2.889816000000000162e+00   3.939418e-01   3.183566e-02
2.894527000000000072e+00   3.604763e-01   3.171918e-02
2.899237999999999982e+00   3.090130e-01   3.159894e-02
2.903948999999999891e+00   2.976134e-01   3.149124e-02
2.908660999999999941e+00   3.004670e-01   3.144472e-02
2.913371999999999851e+00   3.293872e-01   3.137532e-02
2.918083000000000204e+00   3.269761e-01   3.134122e-02
2.922794000000000114e+00   3.688199e-01   3.129326e-02
2.927506000000000164e+00   2.958361e-01   3.119793e-02
2.932217000000000073e+00   3.310051e-01   3.119243e-02
2.936927999999999983e+00   3.400544e-01   3.112527e-02
2.941638999999999893e+00   3.869393e-01   3.106846e-02
2.946350999999999942e+00   3.109221e-01   3.100263e-02
2.951061999999999852e+00   3.252286e-01   3.098757e-02
2.955773000000000206e+00   3.158720e-01   3.094646e-02
2.960484000000000115e+00   3.113458e-01   3.087805e-02
2.965196000000000165e+00   3.220841e-01   3.086724e-02
2.969907000000000075e+00   3.399061e-01   3.080918e-02
2.974617999999999984e+00   3.243385e-01   3.079506e-02
2.979328999999999894e+00   3.062447e-01   3.071637e-02
2.984040999999999944e+00   3.089615e-01   3.069234e-02
2.988751999999999853e+00   3.349812e-01   3.071441e-02
2.993463000000000207e+00   3.297755e-01   3.065249e-02
2.998174999999999812e+00   3.576976e-01   3.059250e-02
3.002886000000000166e+00   3.526963e-01   3.058787e-02
3.007597000000000076e+00   3.380218e-01   3.053293e-02
3.012307999999999986e+00   3.248696e-01   3.051802e-02
3.017020000000000035e+00   3.003613e-01   3.047828e-02
3.021730999999999945e+00   3.130023e-01   3.044750e-02
3.026441999999999855e+00   3.158165e-01   3.038995e-02
3.031153000000000208e+00   2.855457e-01   3.035123e-02
3.035864999999999814e+00   3.349136e-01   3.035981e-02
3.040576000000000167e+00   3.479098e-01   3.033810e-02
3.045287000000000077e+00   3.154811e-01   3.027171e-02
3.049997999999999987e+00   3.322517e-01   3.028650e-02
3.054710000000000036e+00   3.592916e-01   3.025241e-02
3.059420999999999946e+00   2.940589e-01   3.018622e-02
3.064131999999999856e+00   3.165053e-01   3.017268e-02
3.068843000000000210e+00   3.122082e-01   3.011924e-02
3.073554999999999815e+00   3.177428e-01   3.010208e-02
3.078266000000000169e+00   3.188613e-01   3.007220e-02
3.082977000000000078e+00   3.094475e-01   3.004493e-02
3.087687999999999988e+00   3.424843e-01   3.003606e-02
3.092400000000000038e+00   2.948362e-01   2.996863e-02
3.097110999999999947e+00   3.072454e-01   2.995199e-02
3.101821999999999857e+00   3.427097e-01   2.993534e-02
3.106533000000000211e+00   2.742363e-01   2.989109e-02
3.111244999999999816e+00   2.932840e-01   2.988926e-02
3.115956000000000170e+00   3.016337e-01   2.987546e-02
3.120667000000000080e+00   2.846960e-01   2.982749e-02
3.125377999999999989e+00   3.332293e-01   2.983060e-02
3.130090000000000039e+00   3.612495e-01   2.981238e-02
3.134800999999999949e+00   3.150846e-01   2.974341e-02
3.139511999999999858e+00   2.832318e-01   2.969091e-02
3.144223000000000212e+00   2.825976e-01   2.969164e-02
3.148934999999999818e+00   2.770457e-01   2.964202e-02
3.153646000000000171e+00   2.765086e-01   2.961105e-02
3.158357000000000081e+00   3.298724e-01   2.964585e-02
3.163067999999999991e+00   2.682122e-01   2.957952e-02
3.167780000000000040e+00   3.181566e-01   2.959597e-02
3.172490999999999950e+00   3.096088e-01   2.955200e-02
3.177201999999999860e+00   2.733149e-01   2.951375e-02
3.181913999999999909e+00   3.060594e-01   2.951455e-02
3.186624999999999819e+00   3.390957e-01   2.949227e-02
3.191336000000000173e+00   2.568210e-01   2.938255e-02
3.196047000000000082e+00   2.690796e-01   2.933592e-02
3.200759000000000132e+00   2.767958e-01   2.930625e-02
3.205470000000000041e+00   3.175238e-01   2.929183e-02
3.210180999999999951e+00   3.148709e-01   2.926379e-02
3.214891999999999861e+00   3.012075e-01   2.923249e-02
3.219603999999999910e+00   2.784259e-01   2.919271e-02
3.224314999999999820e+00   2.932127e-01   2.917180e-02
3.229026000000000174e+00   3.086205e-01   2.916480e-02
3.233737000000000084e+00   3.217225e-01   2.913651e-02
3.238449000000000133e+00   3.084475e-01   2.911022e-02
3.243160000000000043e+00   2.744327e-01   2.909822e-02
3.247870999999999952e+00   2.880386e-01   2.910537e-02
3.252581999999999862e+00   2.933410e-01   2.909215e-02
3.257293999999999912e+00   2.882834e-01   2.911858e-02
3.262004999999999821e+00   2.966284e-01   2.908652e-02
3.266716000000000175e+00   2.585627e-01   2.904558e-02
3.271427000000000085e+00   2.558997e-01   2.901436e-02
3.276139000000000134e+00   2.506405e-01   2.898874e-02
3.280850000000000044e+00   2.507367e-01   2.897785e-02
3.285560999999999954e+00   3.032460e-01   2.896919e-02
3.290271999999999863e+00   2.993362e-01   2.893942e-02
3.294983999999999913e+00   2.577981e-01   2.891682e-02
3.299694999999999823e+00   2.771046e-01   2.893449e-02
3.304406000000000176e+00   2.623826e-01   2.887221e-02
3.309117000000000086e+00   2.588191e-01   2.884163e-02
3.313829000000000136e+00   2.628281e-01   2.882710e-02
3.318540000000000045e+00   2.758009e-01   2.878630e-02
3.323250999999999955e+00   3.133068e-01   2.879263e-02
3.327961999999999865e+00   2.659367e-01   2.877722e-02
3.332673999999999914e+00   1.986816e-01   2.868649e-02
3.337384999999999824e+00   2.480353e-01   2.866310e-02
3.342096000000000178e+00   2.700702e-01   2.866564e-02
3.346807000000000087e+00   2.896886e-01   2.869214e-02
3.351519000000000137e+00   2.704350e-01   2.864365e-02
3.356230000000000047e+00   2.587646e-01   2.862566e-02
3.360940999999999956e+00   2.469902e-01   2.861179e-02
3.365653000000000006e+00   2.584311e-01   2.856607e-02
3.370363999999999916e+00   2.920208e-01   2.856765e-02
3.375074999999999825e+00   2.856607e-01   2.855482e-02
3.379786000000000179e+00   2.501452e-01   2.850160e-02
3.384497999999999784e+00   2.801415e-01   2.851537e-02
3.389209000000000138e+00   2.780049e-01   2.868074e-02
3.393920000000000048e+00   3.277272e-01   2.936124e-02
3.398630999999999958e+00   2.855786e-01   2.976485e-02
3.403343000000000007e+00   2.934762e-01   3.006849e-02
3.408053999999999917e+00   2.186507e-01   3.022971e-02
3.412764999999999826e+00   2.626737e-01   3.034660e-02
3.417476000000000180e+00   2.724685e-01   3.035250e-02
3.422187999999999786e+00   2.773111e-01   3.036258e-02
3.426899000000000139e+00   2.637894e-01   3.043952e-02
3.431610000000000049e+00   2.979549e-01   3.053472e-02
3.436320999999999959e+00   2.936308e-01   3.057723e-02
3.441033000000000008e+00   2.822225e-01   3.064291e-02
3.445743999999999918e+00   2.681003e-01   3.070126e-02
3.450454999999999828e+00   2.824869e-01   3.075738e-02
3.455166000000000182e+00   1.898332e-01   3.075411e-02
3.459877999999999787e+00   2.297969e-01   3.085476e-02
3.464589000000000141e+00   3.076176e-01   3.093263e-02
3.469300000000000050e+00   2.543830e-01   3.097412e-02
3.474010999999999960e+00   2.768995e-01   3.102392e-02
3.478723000000000010e+00   2.797608e-01   3.104020e-02
3.483433999999999919e+00   2.745833e-01   3.110525e-02
3.488144999999999829e+00   2.746200e-01   3.114421e-02
3.492856000000000183e+00   2.813171e-01   3.119759e-02
3.497567999999999788e+00   2.703111e-01   3.123042e-02
3.502279000000000142e+00   2.840540e-01   3.125131e-02
3.506990000000000052e+00   3.166885e-01   3.132811e-02
3.511700999999999961e+00   2.815170e-01   3.134593e-02
3.516413000000000011e+00   2.514796e-01   3.135290e-02
3.521123999999999921e+00   2.190227e-01   3.136934e-02
3.525834999999999830e+00   2.524748e-01   3.144932e-02
3.530546000000000184e+00   2.870513e-01   3.147325e-02
3.535257999999999790e+00   2.940766e-01   3.151112e-02
3.539969000000000143e+00   2.432338e-01   3.153067e-02
3.544680000000000053e+00   2.325501e-01   3.154697e-02
3.549392000000000102e+00   2.537627e-01   3.158676e-02
3.554103000000000012e+00   2.560849e-01   3.158230e-02
3.558813999999999922e+00   2.790399e-01   3.164198e-02
3.563524999999999832e+00   2.766870e-01   3.167989e-02
3.568236999999999881e+00   2.800967e-01   3.173186e-02
3.572947999999999791e+00   2.548204e-01   3.175559e-02
3.577659000000000145e+00   2.593385e-01   3.174524e-02
3.582370000000000054e+00   2.336171e-01   3.176302e-02
3.587082000000000104e+00   2.016236e-01   3.179765e-02
3.591793000000000013e+00   2.273821e-01   3.182744e-02
3.596503999999999923e+00   2.711423e-01   3.183473e-02
3.601214999999999833e+00   2.360537e-01   3.178138e-02
3.605926999999999882e+00   2.477480e-01   3.183031e-02
3.610637999999999792e+00   2.749199e-01   3.244481e-02
3.615349000000000146e+00   2.654354e-01   3.338716e-02
3.620060000000000056e+00   2.456392e-01   3.395270e-02
3.624772000000000105e+00   2.784538e-01   3.438364e-02
3.629483000000000015e+00   2.670702e-01   3.465754e-02
3.634193999999999924e+00   2.080820e-01   3.487029e-02
3.638904999999999834e+00   2.025299e-01   3.508206e-02
3.643616999999999884e+00   2.660185e-01   3.529010e-02
3.648327999999999793e+00   2.304394e-01   3.544185e-02
3.653039000000000147e+00   2.203289e-01   3.562400e-02
3.657750000000000057e+00   2.339083e-01   3.579167e-02
3.662462000000000106e+00   2.327247e-01   3.599281e-02
3.667173000000000016e+00   2.484947e-01   3.618077e-02
3.671883999999999926e+00   2.702520e-01   3.634765e-02
3.676594999999999835e+00   2.305958e-01   3.650873e-02
3.681306999999999885e+00   2.336680e-01   3.665510e-02
3.686017999999999795e+00   2.094377e-01   3.678936e-02
3.690729000000000148e+00   1.957986e-01   3.694329e-02
3.695440000000000058e+00   2.563856e-01   3.712829e-02
3.700152000000000108e+00   2.477554e-01   3.727210e-02
3.704863000000000017e+00   2.171072e-01   3.743448e-02
3.709573999999999927e+00   2.379165e-01   3.762532e-02
3.714284999999999837e+00   2.430247e-01   3.779661e-02
3.718996999999999886e+00   2.400828e-01   3.790909e-02
3.723707999999999796e+00   2.239362e-01   3.805888e-02
3.728419000000000150e+00   2.334086e-01   3.819765e-02
3.733131000000000199e+00   2.092441e-01   3.832600e-02
3.737842000000000109e+00   2.167530e-01   3.849084e-02
3.742553000000000019e+00   3.036694e-01   3.866614e-02
3.747263999999999928e+00   3.168606e-01   3.884696e-02
3.751975999999999978e+00   3.137359e-01   3.897253e-02
3.756686999999999887e+00   2.744690e-01   3.911184e-02
3.761397999999999797e+00   2.515911e-01   3.915592e-02
3.766109000000000151e+00   2.210231e-01   3.930790e-02
3.770821000000000200e+00   2.753504e-01   3.950506e-02
3.775532000000000110e+00   2.697357e-01   3.968353e-02
3.780243000000000020e+00   2.281579e-01   3.975509e-02
3.784953999999999930e+00   2.347997e-01   3.994165e-02
3.789665999999999979e+00   2.032218e-01   4.002410e-02
3.794376999999999889e+00   1.745538e-01   4.017619e-02
3.799087999999999798e+00   1.690911e-01   4.033369e-02
3.803799000000000152e+00   1.723608e-01   4.047007e-02
3.808511000000000202e+00   1.608732e-01   4.059452e-02
3.813222000000000111e+00   2.131646e-01   4.077543e-02
3.817933000000000021e+00   1.510218e-01   4.080141e-02
3.822643999999999931e+00   1.985645e-01   4.099616e-02
3.827355999999999980e+00   1.249138e-01   4.107396e-02
3.832066999999999890e+00   1.811267e-01   4.128744e-02
3.836777999999999800e+00   2.497772e-01   4.152207e-02
3.841489000000000154e+00   2.460752e-01   4.162235e-02
3.846201000000000203e+00   2.346079e-01   4.177238e-02
3.850912000000000113e+00   1.910169e-01   4.192291e-02
3.855623000000000022e+00   2.086997e-01   4.202185e-02
3.860333999999999932e+00   2.629027e-01   4.223686e-02
3.865045999999999982e+00   1.620884e-01   4.233468e-02
3.869756999999999891e+00   2.860044e-01   4.254609e-02
3.874467999999999801e+00   2.570893e-01   4.264740e-02
3.879179000000000155e+00   2.035391e-01   4.284425e-02
3.883891000000000204e+00   2.195355e-01   4.297168e-02
3.888602000000000114e+00   2.252815e-01   4.306935e-02
3.893313000000000024e+00   2.108894e-01   4.321728e-02
3.898023999999999933e+00   2.149553e-01   4.336577e-02
3.902735999999999983e+00   1.681743e-01   4.350905e-02
3.907446999999999893e+00   2.319951e-01   4.367719e-02
3.912157999999999802e+00   1.709033e-01   4.376850e-02
3.916869999999999852e+00   1.975659e-01   4.382675e-02
3.921581000000000206e+00   2.069268e-01   4.388312e-02
3.926292000000000115e+00   2.350841e-01   4.402075e-02
3.931003000000000025e+00   2.410757e-01   4.416912e-02
3.935715000000000074e+00   1.731630e-01   4.422842e-02
3.940425999999999984e+00   2.176464e-01   4.432355e-02
3.945136999999999894e+00   2.205905e-01   4.430394e-02
3.949847999999999804e+00   2.751539e-01   4.438844e-02
3.954559999999999853e+00   2.678967e-01   4.449886e-02
3.959271000000000207e+00   2.302637e-01   4.453634e-02
3.963982000000000117e+00   2.477137e-01   4.455610e-02
3.968693000000000026e+00   2.174443e-01   4.456290e-02
3.973405000000000076e+00   2.223152e-01   4.473017e-02
3.978115999999999985e+00   2.011610e-01   4.495496e-02
3.982826999999999895e+00   2.305089e-01   4.506785e-02
3.987537999999999805e+00   1.632404e-01   4.514158e-02
3.992249999999999854e+00   1.905157e-01   4.527813e-02
3.996961000000000208e+00   1.917693e-01   4.544176e-02
4.001672000000000118e+00   2.056192e-01   4.557214e-02
4.006382999999999583e+00   2.715167e-01   4.578146e-02
4.011095000000000077e+00   2.505430e-01   4.597587e-02
4.015806000000000431e+00   2.232579e-01   4.608045e-02
4.020516999999999896e+00   1.640463e-01   4.624312e-02
4.025228000000000250e+00   1.769124e-01   4.646640e-02
4.029939999999999856e+00   1.961062e-01   4.659060e-02
4.034651000000000209e+00   2.013356e-01   4.670092e-02
4.039361999999999675e+00   2.092031e-01   4.690459e-02
4.044073000000000029e+00   2.176049e-01   4.703001e-02
4.048784999999999634e+00   2.081585e-01   4.719683e-02
4.053495999999999988e+00   2.293646e-01   4.739643e-02
4.058207000000000342e+00   2.333847e-01   4.758788e-02
4.062917999999999807e+00   2.200693e-01   4.773081e-02
4.067630000000000301e+00   1.691538e-01   4.780051e-02
4.072340999999999767e+00   1.702325e-01   4.797311e-02
4.077052000000000120e+00   2.452658e-01   4.813550e-02
4.081762999999999586e+00   2.087382e-01   4.837252e-02
4.086475000000000080e+00   2.292531e-01   4.863457e-02
4.091186000000000433e+00   1.402020e-01   4.863240e-02
4.095896999999999899e+00   1.226100e-01   4.879273e-02
4.100609000000000393e+00   1.528070e-01   4.894500e-02
4.105319999999999858e+00   1.907603e-01   4.925695e-02
4.110031000000000212e+00   2.272185e-01   4.944845e-02
4.114741999999999678e+00   1.745975e-01   4.960069e-02
4.119454000000000171e+00   1.733879e-01   4.973932e-02
4.124164999999999637e+00   2.043460e-01   4.998615e-02
4.128875999999999991e+00   1.651796e-01   5.019442e-02
4.133587000000000344e+00   1.904197e-01   5.041059e-02
4.138298999999999950e+00   1.841723e-01   5.056012e-02
4.143010000000000304e+00   1.507257e-01   5.065963e-02
4.147720999999999769e+00   2.023061e-01   5.088179e-02
4.152432000000000123e+00   2.312450e-01   5.111668e-02
4.157143999999999728e+00   2.450431e-01   5.129447e-02
4.161855000000000082e+00   2.217282e-01   5.145704e-02
4.166566000000000436e+00   1.702727e-01   5.162412e-02
4.171276999999999902e+00   1.557781e-01   5.180664e-02
4.175989000000000395e+00   1.192379e-01   5.197236e-02
4.180699999999999861e+00   2.056193e-01   5.225918e-02
4.185411000000000215e+00   2.607740e-01   5.248591e-02
4.190121999999999680e+00   1.490204e-01   5.257166e-02
4.194834000000000174e+00   2.185814e-01   5.283918e-02
4.199544999999999639e+00   1.926571e-01   5.295913e-02
4.204255999999999993e+00   2.774520e-01   5.334169e-02
4.208967000000000347e+00   2.549224e-01   5.346673e-02
4.213678999999999952e+00   1.620456e-01   5.354830e-02
4.218390000000000306e+00   1.420942e-01   5.380612e-02
4.223100999999999772e+00   1.667981e-01   5.403441e-02
4.227812000000000126e+00   1.659445e-01   5.429996e-02
4.232523999999999731e+00   1.903669e-01   5.456343e-02
4.237235000000000085e+00   2.335548e-01   5.472218e-02
4.241946000000000438e+00   2.289333e-01   5.500030e-02
4.246656999999999904e+00   1.456337e-01   5.517080e-02
4.251369000000000398e+00   2.255059e-01   5.545634e-02
4.256079999999999863e+00   2.436170e-01   5.569080e-02
4.260791000000000217e+00   2.105141e-01   5.581179e-02
4.265501999999999683e+00   1.473491e-01   5.606175e-02
4.270214000000000176e+00   1.248229e-01   5.631842e-02
4.274924999999999642e+00   1.731899e-01   5.663958e-02
4.279635999999999996e+00   2.060092e-01   5.690806e-02
4.284347999999999601e+00   2.227797e-01   5.700073e-02
4.289058999999999955e+00   2.617274e-01   5.739584e-02
4.293770000000000309e+00   1.941687e-01   5.755774e-02
4.298480999999999774e+00   1.612607e-01   5.776840e-02
4.303193000000000268e+00   2.015596e-01   5.803279e-02
4.307903999999999733e+00   1.473775e-01   5.825404e-02
4.312615000000000087e+00   1.705796e-01   5.854735e-02
4.317326000000000441e+00   3.419525e-01   5.889302e-02
4.322038000000000046e+00   1.665612e-01   5.900399e-02
4.326749000000000400e+00   2.211406e-01   5.939400e-02
4.331459999999999866e+00   2.244153e-01   5.964422e-02
4.336171000000000220e+00   2.382290e-01   5.997050e-02
4.340882999999999825e+00   1.141098e-01   6.006455e-02
4.345594000000000179e+00   6.705396e-02   6.031576e-02
4.350304999999999644e+00   5.200165e-02   6.056837e-02
4.355015999999999998e+00   1.018155e-01   6.093989e-02
4.359727999999999604e+00   1.858670e-01   6.132555e-02
4.364438999999999957e+00   1.997850e-01   6.163337e-02
4.369150000000000311e+00   2.260022e-01   6.192172e-02
4.373860999999999777e+00   2.747233e-01   6.231748e-02
4.378573000000000270e+00   9.927859e-02   6.251852e-02
4.383283999999999736e+00   7.960542e-02   6.275038e-02
4.387995000000000090e+00   9.141870e-02   6.306502e-02
4.392706000000000444e+00   1.865766e-01   6.338290e-02
4.397418000000000049e+00   1.807828e-01   6.355889e-02
4.402129000000000403e+00   2.049356e-01   6.384591e-02
4.406839999999999868e+00   1.079853e-01   6.373555e-02
4.411551000000000222e+00   1.301733e-01   6.380530e-02
4.416262999999999828e+00   1.595453e-01   6.385056e-02
4.420974000000000181e+00   1.487474e-01   6.382633e-02
4.425684999999999647e+00   1.437138e-01   6.391571e-02
4.430396000000000001e+00   1.684334e-01   6.401873e-02
4.435107999999999606e+00   1.031876e-01   6.399137e-02
4.439818999999999960e+00   2.662078e-01   6.430674e-02
4.444530000000000314e+00   1.898391e-01   6.455990e-02
4.449240999999999779e+00   1.905222e-01   6.479589e-02
4.453953000000000273e+00   8.955930e-02   6.511431e-02
4.458663999999999739e+00   2.363508e-01   6.563029e-02
4.463375000000000092e+00   2.149829e-01   6.600171e-02
4.468086999999999698e+00   2.130935e-01   6.635566e-02
4.472798000000000052e+00   1.259945e-01   6.651764e-02
4.477509000000000405e+00   1.820629e-01   6.690979e-02
4.482219999999999871e+00   2.317600e-01   6.724137e-02
4.486932000000000365e+00   1.746994e-01   6.759375e-02
4.491642999999999830e+00   2.076971e-01   6.810882e-02
4.496354000000000184e+00   2.173359e-01   6.832002e-02
4.501064999999999650e+00   2.890691e-01   6.873431e-02
4.505777000000000143e+00   2.639034e-01   6.920729e-02
4.510487999999999609e+00   1.044612e-01   6.939989e-02
4.515198999999999963e+00   1.722170e-01   6.988458e-02
4.519910000000000316e+00   1.897586e-01   7.044876e-02
4.524621999999999922e+00   1.458577e-01   7.094643e-02
4.529333000000000276e+00   1.377259e-01   7.130624e-02
4.534043999999999741e+00   1.089418e-01   7.163745e-02
4.538755000000000095e+00   1.719562e-01   7.206600e-02
4.543466999999999700e+00   1.360580e-01   7.248240e-02
4.548178000000000054e+00   1.526761e-01   7.289707e-02
4.552889000000000408e+00   2.374422e-01   7.346705e-02
4.557599999999999874e+00   1.609455e-01   7.380529e-02
4.562312000000000367e+00   5.895412e-02   7.434849e-02
4.567022999999999833e+00   1.786952e-01   7.492671e-02
4.571734000000000187e+00   1.532772e-01   7.540129e-02
4.576444999999999652e+00   2.694149e-01   7.595862e-02
4.581157000000000146e+00   2.114842e-01   7.649963e-02
4.585867999999999611e+00   1.960380e-01   7.700289e-02
4.590578999999999965e+00   1.515951e-01   7.759745e-02
4.595290000000000319e+00   1.813530e-01   7.812965e-02
4.600001999999999924e+00   1.992694e-01   7.865496e-02
4.604713000000000278e+00   1.083531e-01   7.903040e-02
4.609423999999999744e+00   1.205060e-01   7.978393e-02
4.614135000000000097e+00   1.566917e-01   8.016657e-02
4.618846999999999703e+00   1.692111e-01   8.086221e-02
4.623558000000000057e+00   2.004605e-01   8.175288e-02
4.628269000000000410e+00   2.591107e-01   8.237700e-02
4.632979999999999876e+00   2.612120e-01   8.291444e-02
4.637692000000000370e+00   1.874257e-01   8.331751e-02
4.642402999999999835e+00   1.781983e-01   8.417358e-02
4.647114000000000189e+00   2.842256e-01   8.516961e-02
4.651825999999999794e+00   1.979145e-01   8.586773e-02
4.656537000000000148e+00   2.439759e-01   8.652463e-02
4.661247999999999614e+00   1.621780e-01   8.697992e-02
4.665958999999999968e+00   1.750486e-01   8.791665e-02
4.670670999999999573e+00   2.499195e-01   8.873127e-02
4.675381999999999927e+00   1.025393e-01   8.921465e-02
4.680093000000000281e+00   1.779931e-01   9.037539e-02
4.684803999999999746e+00   1.036354e-01   9.092610e-02
4.689516000000000240e+00   2.383100e-01   9.214054e-02
4.694226999999999705e+00   1.478556e-01   9.278004e-02
4.698938000000000059e+00   1.281888e-01   9.361290e-02
4.703649000000000413e+00   6.267122e-02   9.421659e-02
4.708361000000000018e+00   6.123539e-02   9.527703e-02
4.713072000000000372e+00   1.232280e-01   9.654751e-02
4.717782999999999838e+00   1.282642e-01   9.746197e-02
4.722494000000000192e+00   2.262759e-01   9.902687e-02
4.727205999999999797e+00   1.752040e-01   9.982835e-02
4.731917000000000151e+00   3.158559e-01   1.009087e-01
4.736627999999999616e+00   2.283214e-01   1.017275e-01
4.741338999999999970e+00   1.895889e-01   1.030575e-01
4.746050999999999576e+00   2.098820e-01   1.045612e-01
4.750761999999999929e+00   9.208621e-02   1.057759e-01
4.755473000000000283e+00  -4.607336e-02   1.067904e-01
4.760183999999999749e+00   2.300642e-01   1.083240e-01
4.764896000000000242e+00   2.378304e-01   1.099362e-01
4.769606999999999708e+00   1.543624e-01   1.114495e-01
4.774318000000000062e+00   2.696223e-01   1.129012e-01
4.779029000000000416e+00   1.456215e-01   1.142849e-01
4.783741000000000021e+00   2.000563e-01   1.164479e-01
4.788452000000000375e+00  -3.674797e-02   1.183485e-01
4.793162999999999840e+00   9.753005e-02   1.201419e-01
4.797874000000000194e+00   2.669805e-01   1.220468e-01
4.802585999999999800e+00   1.382098e-01   1.236780e-01
4.807297000000000153e+00  -3.207049e-02   1.255870e-01
4.812007999999999619e+00  -9.608482e-03   1.280241e-01
4.816718999999999973e+00   2.838137e-01   1.310461e-01
4.821430999999999578e+00   1.462647e-01   1.333767e-01
4.826141999999999932e+00   1.525386e-01   1.362973e-01
4.830853000000000286e+00  -1.856319e-01   1.380452e-01
4.835564999999999891e+00   1.412374e-01   1.412169e-01
4.840276000000000245e+00   2.637020e-01   1.444071e-01
4.844986999999999711e+00   1.619247e-01   1.479369e-01
4.849698000000000064e+00   2.148861e-01   1.518768e-01
4.854409999999999670e+00   1.722262e-01   1.552209e-01
4.859121000000000024e+00   2.598872e-01   1.602327e-01
4.863832000000000377e+00   2.318613e-01   1.647158e-01
4.868542999999999843e+00   1.176596e-01   1.692490e-01
4.873255000000000337e+00   2.120136e-01   1.755295e-01
4.877965999999999802e+00   2.752318e-01   1.820024e-01
4.882677000000000156e+00   5.585965e-02   1.874247e-01
4.887387999999999622e+00   1.476425e-02   1.935738e-01
4.892100000000000115e+00   1.851288e-01   2.033839e-01
4.896810999999999581e+00   4.749030e-02   2.135671e-01
4.901521999999999935e+00   1.708029e-01   2.246409e-01
4.906233000000000288e+00   3.955604e-01   2.396910e-01
4.910944999999999894e+00   4.516924e-02   2.525817e-01
4.915656000000000247e+00  -1.309826e-01   2.703917e-01
4.920366999999999713e+00   1.712598e-01   2.963207e-01
4.925078000000000067e+00   3.471976e-01   3.285650e-01
4.929789999999999672e+00   7.526115e-01   3.812660e-01
4.934501000000000026e+00   1.059214e-01   4.528229e-01
4.939212000000000380e+00   9.722304e-02   5.908462e-01
4.943922999999999845e+00  -5.473249e-01   1.048032e+00