# [6]
# Sample c= 2.4 mg/ml
# Intensity scaled by concentration
# Buffer subtracted data file:
# Protein DatFile = /data/visitor/mx1908/bm29/20161119/giulio/1d/mM150_079_ave.dat
# Buffer DatFile = /data/visitor/mx1908/bm29/20161119/giulio/ednaSub/mM150_079_ave_averbuffer.dat
# 
# AutoRg: Rg   =   0.6971 +/- 0.19 ( 27.0%)
# AutoRg: I(0) =   1.94 +/- 0.0048
# AutoRg: Points   50 to 234 ( 185 total)
# AutoRg: Quality: 85.5%
# 
# 
# Sample Information:
# Storage Temperature (degrees C): 20.0
# Measurement Temperature (degrees C): 19.95
# Concentration: 2.4
# Code: 
3.479420999999999903e-02  -2.108796e-03   3.052065e+00
3.950545999999999919e-02   2.443153e+00   1.210083e+00
4.421672000000000102e-02   3.635767e+00   7.900843e-01
4.892798000000000286e-02   2.794601e+00   6.054784e-01
5.363923000000000302e-02   2.128703e+00   4.839832e-01
5.835048999999999791e-02   1.847546e+00   3.963260e-01
6.306174999999999975e-02   2.049672e+00   3.289953e-01
6.777299999999999991e-02   2.220159e+00   2.792747e-01
7.248425999999999481e-02   2.090956e+00   2.416400e-01
7.719552000000000358e-02   1.872041e+00   2.127867e-01
8.190677000000000374e-02   1.732978e+00   1.886034e-01
8.661802999999999864e-02   1.921534e+00   1.692304e-01
9.132928999999999353e-02   2.090572e+00   1.543491e-01
9.604053999999999369e-02   2.206670e+00   1.425871e-01
1.007518000000000025e-01   1.924755e+00   1.316217e-01
1.054631000000000041e-01   1.973631e+00   1.223647e-01
1.101743000000000028e-01   1.868739e+00   1.147232e-01
1.148856000000000044e-01   1.878469e+00   1.078605e-01
1.195968000000000031e-01   1.912537e+00   1.021204e-01
1.243081000000000047e-01   1.906626e+00   9.692018e-02
1.290193000000000034e-01   1.913788e+00   9.283117e-02
1.337306000000000050e-01   1.829334e+00   8.874026e-02
1.384419000000000066e-01   1.882717e+00   8.531290e-02
1.431531000000000053e-01   1.892560e+00   8.218991e-02
1.478644000000000069e-01   1.816930e+00   7.930541e-02
1.525756000000000057e-01   1.806730e+00   7.686175e-02
1.572869000000000073e-01   1.850894e+00   7.471109e-02
1.619981000000000060e-01   1.870912e+00   7.241907e-02
1.667094000000000076e-01   1.939997e+00   7.073414e-02
1.714206000000000063e-01   1.899652e+00   6.896042e-02
1.761319000000000079e-01   1.918917e+00   6.728616e-02
1.808432000000000095e-01   1.891987e+00   6.581141e-02
1.855544000000000082e-01   1.942062e+00   6.459661e-02
1.902657000000000098e-01   1.962740e+00   6.330660e-02
1.949769000000000085e-01   1.946373e+00   6.214753e-02
1.996882000000000101e-01   1.900298e+00   6.092286e-02
2.043994000000000089e-01   1.916578e+00   5.987490e-02
2.091107000000000105e-01   1.844940e+00   5.883327e-02
2.138220000000000121e-01   1.888576e+00   5.793952e-02
2.185332000000000108e-01   1.927561e+00   5.705572e-02
2.232445000000000124e-01   1.898202e+00   5.616558e-02
2.279557000000000111e-01   1.861017e+00   5.530857e-02
2.326670000000000127e-01   1.839457e+00   5.460796e-02
2.373782000000000114e-01   1.812743e+00   5.389714e-02
2.420895000000000130e-01   1.916800e+00   5.324188e-02
2.468007000000000117e-01   1.856912e+00   5.257062e-02
2.515120000000000133e-01   1.893092e+00   5.199539e-02
2.562232999999999872e-01   1.807778e+00   5.131279e-02
2.609345000000000137e-01   1.816380e+00   5.074876e-02
2.656457999999999875e-01   1.894216e+00   5.024671e-02
2.703570000000000140e-01   1.882120e+00   4.968846e-02
2.750682999999999878e-01   1.913669e+00   4.922755e-02
2.797795000000000143e-01   1.898378e+00   4.872341e-02
2.844907999999999881e-01   1.884035e+00   4.818298e-02
2.892021000000000175e-01   1.892428e+00   4.767080e-02
2.939132999999999885e-01   1.867133e+00   4.727465e-02
2.986246000000000178e-01   1.898779e+00   4.681911e-02
3.033357999999999888e-01   1.917307e+00   4.640458e-02
3.080471000000000181e-01   1.908884e+00   4.602067e-02
3.127582999999999891e-01   1.871829e+00   4.562853e-02
3.174696000000000184e-01   1.889581e+00   4.523621e-02
3.221808999999999923e-01   1.862856e+00   4.477623e-02
3.268921000000000188e-01   1.901337e+00   4.447675e-02
3.316033999999999926e-01   1.932173e+00   4.423856e-02
3.363146000000000191e-01   1.861321e+00   4.449657e-02
3.410258999999999929e-01   1.855116e+00   4.490867e-02
3.457371000000000194e-01   1.865627e+00   4.511983e-02
3.504483999999999932e-01   1.912354e+00   4.574527e-02
3.551596000000000197e-01   1.924813e+00   4.672639e-02
3.598708999999999936e-01   1.871531e+00   4.724695e-02
3.645822000000000229e-01   1.910649e+00   4.772909e-02
3.692933999999999939e-01   1.927312e+00   4.810471e-02
3.740047000000000232e-01   1.951169e+00   4.851276e-02
3.787158999999999942e-01   1.862295e+00   4.869364e-02
3.834272000000000236e-01   1.874588e+00   4.890281e-02
3.881383999999999945e-01   1.945002e+00   4.925111e-02
3.928497000000000239e-01   1.870003e+00   5.039612e-02
3.975609999999999977e-01   1.903473e+00   5.198355e-02
4.022722000000000242e-01   1.920805e+00   5.309490e-02
4.069834999999999980e-01   1.803336e+00   5.393492e-02
4.116947000000000245e-01   1.887520e+00   5.490181e-02
4.164059999999999984e-01   1.889432e+00   5.574927e-02
4.211172000000000248e-01   1.876077e+00   5.654452e-02
4.258284999999999987e-01   1.902335e+00   5.737696e-02
4.305397000000000252e-01   1.870584e+00   5.805934e-02
4.352509999999999990e-01   1.956746e+00   5.900218e-02
4.399622999999999728e-01   1.834211e+00   5.979592e-02
4.446734999999999993e-01   1.829315e+00   6.086908e-02
4.493847999999999732e-01   1.873039e+00   6.176271e-02
4.540959999999999996e-01   1.871202e+00   6.230487e-02
4.588072999999999735e-01   1.855322e+00   6.017792e-02
4.635185000000000000e-01   1.843254e+00   5.873150e-02
4.682297999999999738e-01   1.852137e+00   5.781902e-02
4.729411000000000032e-01   1.808416e+00   5.710739e-02
4.776522999999999741e-01   1.874301e+00   5.659197e-02
4.823636000000000035e-01   1.832413e+00   5.611430e-02
4.870747999999999744e-01   1.863571e+00   5.574797e-02
4.917861000000000038e-01   1.962944e+00   5.557129e-02
4.964972999999999748e-01   1.857602e+00   5.514523e-02
5.012086000000000041e-01   1.820843e+00   5.489380e-02
5.059198999999999780e-01   1.846170e+00   5.462661e-02
5.106311000000000044e-01   1.917361e+00   5.439214e-02
5.153423999999999783e-01   1.816824e+00   5.397492e-02
5.200536000000000048e-01   1.825076e+00   5.367149e-02
5.247648999999999786e-01   1.886312e+00   5.335806e-02
5.294761000000000051e-01   1.874118e+00   5.294971e-02
5.341873999999999789e-01   1.767294e+00   5.242280e-02
5.388986000000000054e-01   1.811107e+00   5.221356e-02
5.436098999999999792e-01   1.839811e+00   5.191202e-02
5.483211999999999531e-01   1.825952e+00   5.153434e-02
5.530323999999999796e-01   1.888631e+00   5.124546e-02
5.577436999999999534e-01   1.735521e+00   5.073623e-02
5.624548999999999799e-01   1.767273e+00   5.049870e-02
5.671661999999999537e-01   1.864314e+00   5.045928e-02
5.718773999999999802e-01   1.873816e+00   5.026180e-02
5.765886999999999540e-01   1.854323e+00   5.003073e-02
5.813000000000000389e-01   1.857015e+00   5.007564e-02
5.860111999999999544e-01   1.814897e+00   4.986496e-02
5.907225000000000392e-01   1.834540e+00   4.970949e-02
5.954336999999999547e-01   1.818490e+00   4.956662e-02
6.001450000000000395e-01   1.836815e+00   4.942580e-02
6.048561999999999550e-01   1.851537e+00   4.940311e-02
6.095675000000000399e-01   1.865122e+00   4.932598e-02
6.142788000000000137e-01   1.830709e+00   4.910287e-02
6.189900000000000402e-01   1.850489e+00   4.900293e-02
6.237013000000000140e-01   1.815748e+00   4.887415e-02
6.284125000000000405e-01   1.833666e+00   4.884606e-02
6.331238000000000143e-01   1.820188e+00   4.860596e-02
6.378350000000000408e-01   1.813218e+00   4.851268e-02
6.425463000000000147e-01   1.804264e+00   4.844119e-02
6.472575000000000411e-01   1.858202e+00   4.840087e-02
6.519688000000000150e-01   1.825102e+00   4.821495e-02
6.566800999999999888e-01   1.879351e+00   4.814234e-02
6.613913000000000153e-01   1.791069e+00   4.794867e-02
6.661025999999999891e-01   1.791810e+00   4.795109e-02
6.708138000000000156e-01   1.842682e+00   4.782792e-02
6.755250999999999895e-01   1.885510e+00   4.770992e-02
6.802363000000000159e-01   1.805627e+00   4.757145e-02
6.849475999999999898e-01   1.842473e+00   4.751549e-02
6.896588999999999636e-01   1.822612e+00   4.732773e-02
6.943700999999999901e-01   1.767060e+00   4.717683e-02
6.990813999999999639e-01   1.899119e+00   4.723735e-02
7.037925999999999904e-01   1.880188e+00   4.709741e-02
7.085038999999999643e-01   1.833134e+00   4.701345e-02
7.132150999999999907e-01   1.827186e+00   4.683361e-02
7.179263999999999646e-01   1.804474e+00   4.676586e-02
7.226375999999999911e-01   1.783944e+00   4.663508e-02
7.273488999999999649e-01   1.780034e+00   4.651729e-02
7.320602000000000498e-01   1.806104e+00   4.642899e-02
7.367713999999999652e-01   1.763762e+00   4.638470e-02
7.414827000000000501e-01   1.750107e+00   4.626038e-02
7.461938999999999655e-01   1.762653e+00   4.616272e-02
7.509052000000000504e-01   1.763787e+00   4.605959e-02
7.556163999999999659e-01   1.765014e+00   4.591141e-02
7.603277000000000507e-01   1.739986e+00   4.580748e-02
7.650390000000000246e-01   1.790511e+00   4.572130e-02
7.697502000000000510e-01   1.838153e+00   4.567574e-02
7.744615000000000249e-01   1.831521e+00   4.565557e-02
7.791727000000000514e-01   1.800061e+00   4.554563e-02
7.838840000000000252e-01   1.811701e+00   4.539525e-02
7.885952000000000517e-01   1.754878e+00   4.526770e-02
7.933065000000000255e-01   1.709726e+00   4.514749e-02
7.980177999999999994e-01   1.675425e+00   4.506411e-02
8.027290000000000258e-01   1.823448e+00   4.508256e-02
8.074402999999999997e-01   1.841769e+00   4.508104e-02
8.121515000000000262e-01   1.742975e+00   4.478861e-02
8.168628000000000000e-01   1.699811e+00   4.465978e-02
8.215740000000000265e-01   1.705519e+00   4.467794e-02
8.262853000000000003e-01   1.749387e+00   4.463497e-02
8.309965000000000268e-01   1.769743e+00   4.448211e-02
8.357078000000000007e-01   1.725514e+00   4.431286e-02
8.404190999999999745e-01   1.757305e+00   4.438092e-02
8.451303000000000010e-01   1.711766e+00   4.421883e-02
8.498415999999999748e-01   1.676154e+00   4.402574e-02
8.545528000000000013e-01   1.737265e+00   4.404395e-02
8.592640999999999751e-01   1.711656e+00   4.391552e-02
8.639753000000000016e-01   1.727986e+00   4.387516e-02
8.686865999999999755e-01   1.670472e+00   4.372645e-02
8.733978999999999493e-01   1.679611e+00   4.368657e-02
8.781090999999999758e-01   1.735513e+00   4.364067e-02
8.828203999999999496e-01   1.697228e+00   4.354585e-02
8.875315999999999761e-01   1.657601e+00   4.337211e-02
8.922428999999999499e-01   1.669280e+00   4.332063e-02
8.969540999999999764e-01   1.680438e+00   4.324023e-02
9.016653999999999503e-01   1.734263e+00   4.320423e-02
9.063767000000000351e-01   1.708012e+00   4.311298e-02
9.110878999999999506e-01   1.663868e+00   4.298749e-02
9.157992000000000354e-01   1.701542e+00   4.294185e-02
9.205103999999999509e-01   1.708832e+00   4.293694e-02
9.252217000000000358e-01   1.675475e+00   4.277530e-02
9.299328999999999512e-01   1.701990e+00   4.270482e-02
9.346442000000000361e-01   1.709438e+00   4.266052e-02
9.393553999999999515e-01   1.694522e+00   4.258854e-02
9.440667000000000364e-01   1.667847e+00   4.247306e-02
9.487780000000000102e-01   1.631134e+00   4.235386e-02
9.534892000000000367e-01   1.734295e+00   4.237880e-02
9.582005000000000106e-01   1.701199e+00   4.225348e-02
9.629117000000000370e-01   1.636373e+00   4.212574e-02
9.676230000000000109e-01   1.659291e+00   4.205277e-02
9.723342000000000374e-01   1.633181e+00   4.195281e-02
9.770455000000000112e-01   1.677794e+00   4.195123e-02
9.817567999999999850e-01   1.719165e+00   4.190348e-02
9.864680000000000115e-01   1.627207e+00   4.169236e-02
9.911792999999999854e-01   1.708371e+00   4.167731e-02
9.958905000000000118e-01   1.623424e+00   4.161059e-02
1.000601999999999991e+00   1.688994e+00   4.154588e-02
1.005312999999999901e+00   1.682326e+00   4.147385e-02
1.010024000000000033e+00   1.671814e+00   4.141647e-02
1.014736000000000082e+00   1.661277e+00   4.135515e-02
1.019446999999999992e+00   1.668833e+00   4.127785e-02
1.024157999999999902e+00   1.657440e+00   4.118090e-02
1.028869000000000034e+00   1.627165e+00   4.106177e-02
1.033581000000000083e+00   1.581210e+00   4.097936e-02
1.038291999999999993e+00   1.598955e+00   4.093241e-02
1.043002999999999902e+00   1.583374e+00   4.082828e-02
1.047714000000000034e+00   1.582444e+00   4.075910e-02
1.052426000000000084e+00   1.632328e+00   4.079290e-02
1.057136999999999993e+00   1.584493e+00   4.071565e-02
1.061847999999999903e+00   1.583010e+00   4.057056e-02
1.066559000000000035e+00   1.615645e+00   4.054082e-02
1.071271000000000084e+00   1.575786e+00   4.042976e-02
1.075981999999999994e+00   1.550957e+00   4.032945e-02
1.080692999999999904e+00   1.537707e+00   4.025068e-02
1.085404000000000035e+00   1.578379e+00   4.021140e-02
1.090116000000000085e+00   1.539968e+00   4.020294e-02
1.094826999999999995e+00   1.584452e+00   4.012755e-02
1.099537999999999904e+00   1.587915e+00   4.001894e-02
1.104249000000000036e+00   1.642263e+00   3.995818e-02
1.108961000000000086e+00   1.604205e+00   3.990218e-02
1.113671999999999995e+00   1.610839e+00   3.986627e-02
1.118382999999999905e+00   1.550807e+00   3.972718e-02
1.123094000000000037e+00   1.573164e+00   3.970756e-02
1.127806000000000086e+00   1.570362e+00   3.964196e-02
1.132516999999999996e+00   1.594401e+00   3.958752e-02
1.137227999999999906e+00   1.483862e+00   3.942476e-02
1.141939000000000037e+00   1.516751e+00   3.937752e-02
1.146651000000000087e+00   1.530925e+00   3.931191e-02
1.151361999999999997e+00   1.540243e+00   3.931173e-02
1.156072999999999906e+00   1.607987e+00   3.927690e-02
1.160784000000000038e+00   1.562270e+00   3.924807e-02
1.165496000000000087e+00   1.518313e+00   3.908608e-02
1.170206999999999997e+00   1.515427e+00   3.902519e-02
1.174917999999999907e+00   1.523885e+00   3.900151e-02
1.179629999999999956e+00   1.510647e+00   3.893533e-02
1.184341000000000088e+00   1.487394e+00   3.882358e-02
1.189051999999999998e+00   1.453376e+00   3.873529e-02
1.193762999999999908e+00   1.522280e+00   3.881913e-02
1.198474999999999957e+00   1.468071e+00   3.964501e-02
1.203186000000000089e+00   1.463003e+00   4.062715e-02
1.207896999999999998e+00   1.480671e+00   4.135486e-02
1.212607999999999908e+00   1.464512e+00   4.187683e-02
1.217319999999999958e+00   1.473053e+00   4.235713e-02
1.222031000000000089e+00   1.535845e+00   4.277995e-02
1.226741999999999999e+00   1.449568e+00   4.321318e-02
1.231452999999999909e+00   1.468751e+00   4.358257e-02
1.236164999999999958e+00   1.494346e+00   4.397177e-02
1.240876000000000090e+00   1.426165e+00   4.422625e-02
1.245587000000000000e+00   1.450354e+00   4.440177e-02
1.250297999999999909e+00   1.379726e+00   4.453732e-02
1.255009999999999959e+00   1.463098e+00   4.474101e-02
1.259721000000000091e+00   1.400177e+00   4.465714e-02
1.264432000000000000e+00   1.484591e+00   4.322688e-02
1.269142999999999910e+00   1.470539e+00   4.208722e-02
1.273854999999999960e+00   1.387732e+00   4.127796e-02
1.278566000000000091e+00   1.414480e+00   4.081736e-02
1.283277000000000001e+00   1.418070e+00   4.037445e-02
1.287987999999999911e+00   1.409803e+00   3.995702e-02
1.292699999999999960e+00   1.473267e+00   3.965564e-02
1.297411000000000092e+00   1.447480e+00   3.931134e-02
1.302122000000000002e+00   1.421852e+00   3.900443e-02
1.306832999999999911e+00   1.432857e+00   3.878317e-02
1.311544999999999961e+00   1.420990e+00   3.870780e-02
1.316256000000000093e+00   1.365272e+00   3.856588e-02
1.320967000000000002e+00   1.392976e+00   3.846993e-02
1.325677999999999912e+00   1.360009e+00   3.836052e-02
1.330389999999999961e+00   1.363768e+00   3.832834e-02
1.335101000000000093e+00   1.352714e+00   3.819735e-02
1.339812000000000003e+00   1.330842e+00   3.810946e-02
1.344522999999999913e+00   1.372628e+00   3.803731e-02
1.349234999999999962e+00   1.323493e+00   3.793699e-02
1.353946000000000094e+00   1.358818e+00   3.789159e-02
1.358657000000000004e+00   1.375022e+00   3.778040e-02
1.363369000000000053e+00   1.375767e+00   3.771211e-02
1.368079999999999963e+00   1.335402e+00   3.764204e-02
1.372791000000000095e+00   1.322969e+00   3.751188e-02
1.377502000000000004e+00   1.271422e+00   3.743685e-02
1.382214000000000054e+00   1.328756e+00   3.741085e-02
1.386924999999999963e+00   1.324168e+00   3.730404e-02
1.391636000000000095e+00   1.309300e+00   3.724690e-02
1.396347000000000005e+00   1.316959e+00   3.719191e-02
1.401059000000000054e+00   1.320318e+00   3.711770e-02
1.405769999999999964e+00   1.343255e+00   3.709928e-02
1.410481000000000096e+00   1.321156e+00   3.703432e-02
1.415192000000000005e+00   1.293644e+00   3.695122e-02
1.419904000000000055e+00   1.246943e+00   3.684939e-02
1.424614999999999965e+00   1.264956e+00   3.679424e-02
1.429326000000000096e+00   1.247527e+00   3.666765e-02
1.434037000000000006e+00   1.259719e+00   3.666827e-02
1.438749000000000056e+00   1.256433e+00   3.660010e-02
1.443459999999999965e+00   1.271587e+00   3.655155e-02
1.448171000000000097e+00   1.308315e+00   3.652764e-02
1.452882000000000007e+00   1.318982e+00   3.649182e-02
1.457594000000000056e+00   1.336401e+00   3.642094e-02
1.462304999999999966e+00   1.280293e+00   3.636223e-02
1.467016000000000098e+00   1.289029e+00   3.628394e-02
1.471727000000000007e+00   1.347950e+00   3.623975e-02
1.476439000000000057e+00   1.298570e+00   3.614468e-02
1.481149999999999967e+00   1.293422e+00   3.612964e-02
1.485861000000000098e+00   1.271731e+00   3.603577e-02
1.490572000000000008e+00   1.232431e+00   3.598585e-02
1.495284000000000058e+00   1.258405e+00   3.594008e-02
1.499994999999999967e+00   1.213607e+00   3.589290e-02
1.504706000000000099e+00   1.219468e+00   3.578704e-02
1.509417000000000009e+00   1.213412e+00   3.575875e-02
1.514129000000000058e+00   1.232876e+00   3.585635e-02
1.518839999999999968e+00   1.239331e+00   3.690482e-02
1.523551000000000100e+00   1.232307e+00   3.763770e-02
1.528262999999999927e+00   1.196942e+00   3.816009e-02
1.532974000000000059e+00   1.169947e+00   3.858847e-02
1.537684999999999969e+00   1.153738e+00   3.900728e-02
1.542396000000000100e+00   1.157407e+00   3.899153e-02
1.547107999999999928e+00   1.186933e+00   3.800206e-02
1.551819000000000059e+00   1.232318e+00   3.751952e-02
1.556529999999999969e+00   1.230205e+00   3.712123e-02
1.561241000000000101e+00   1.216151e+00   3.673645e-02
1.565952999999999928e+00   1.159288e+00   3.636807e-02
1.570664000000000060e+00   1.113980e+00   3.594398e-02
1.575374999999999970e+00   1.167467e+00   3.564255e-02
1.580086000000000102e+00   1.145050e+00   3.532221e-02
1.584797999999999929e+00   1.178588e+00   3.514186e-02
1.589509000000000061e+00   1.145698e+00   3.501194e-02
1.594219999999999970e+00   1.151906e+00   3.499820e-02
1.598931000000000102e+00   1.189150e+00   3.509590e-02
1.603642999999999930e+00   1.104256e+00   3.510835e-02
1.608354000000000061e+00   1.157215e+00   3.515121e-02
1.613064999999999971e+00   1.162937e+00   3.510967e-02
1.617776000000000103e+00   1.106189e+00   3.499864e-02
1.622487999999999930e+00   1.113940e+00   3.494563e-02
1.627199000000000062e+00   1.197382e+00   3.493027e-02
1.631909999999999972e+00   1.117401e+00   3.485792e-02
1.636621000000000103e+00   1.094151e+00   3.475618e-02
1.641332999999999931e+00   1.111341e+00   3.473921e-02
1.646044000000000063e+00   1.117782e+00   3.465344e-02
1.650754999999999972e+00   1.067150e+00   3.455887e-02
1.655466000000000104e+00   1.071103e+00   3.451032e-02
1.660177999999999932e+00   1.111649e+00   3.450294e-02
1.664889000000000063e+00   1.042404e+00   3.440649e-02
1.669599999999999973e+00   1.112323e+00   3.436767e-02
1.674311000000000105e+00   1.131636e+00   3.433691e-02
1.679022999999999932e+00   1.095045e+00   3.425361e-02
1.683734000000000064e+00   1.051716e+00   3.418951e-02
1.688444999999999974e+00   1.054962e+00   3.419095e-02
1.693156000000000105e+00   1.089372e+00   3.412627e-02
1.697867999999999933e+00   1.078938e+00   3.405681e-02
1.702579000000000065e+00   1.076208e+00   3.406999e-02
1.707289999999999974e+00   1.116275e+00   3.403195e-02
1.712002000000000024e+00   1.081441e+00   3.390574e-02
1.716712999999999933e+00   1.054980e+00   3.383116e-02
1.721424000000000065e+00   1.055182e+00   3.378856e-02
1.726134999999999975e+00   1.025214e+00   3.377829e-02
1.730847000000000024e+00   1.006228e+00   3.368628e-02
1.735557999999999934e+00   1.045321e+00   3.369213e-02
1.740269000000000066e+00   1.071090e+00   3.365675e-02
1.744979999999999976e+00   1.095803e+00   3.361522e-02
1.749692000000000025e+00   1.066489e+00   3.351710e-02
1.754402999999999935e+00   1.047997e+00   3.354163e-02
1.759114000000000066e+00   1.055536e+00   3.348897e-02
1.763824999999999976e+00   1.006275e+00   3.339273e-02
1.768537000000000026e+00   9.956306e-01   3.331111e-02
1.773247999999999935e+00   1.015382e+00   3.326967e-02
1.777959000000000067e+00   1.066040e+00   3.328283e-02
1.782669999999999977e+00   9.933553e-01   3.318845e-02
1.787382000000000026e+00   1.010897e+00   3.313242e-02
1.792092999999999936e+00   1.004263e+00   3.311556e-02
1.796804000000000068e+00   9.748974e-01   3.307176e-02
1.801514999999999977e+00   9.746363e-01   3.301372e-02
1.806227000000000027e+00   9.610542e-01   3.296261e-02
1.810937999999999937e+00   9.808970e-01   3.289843e-02
1.815649000000000068e+00   1.019786e+00   3.288944e-02
1.820359999999999978e+00   9.875821e-01   3.283989e-02
1.825072000000000028e+00   9.749939e-01   3.277830e-02
1.829782999999999937e+00   9.163798e-01   3.270129e-02
1.834494000000000069e+00   8.690897e-01   3.263379e-02
1.839204999999999979e+00   9.536766e-01   3.269104e-02
1.843917000000000028e+00   9.577953e-01   3.261124e-02
1.848627999999999938e+00   9.418564e-01   3.255457e-02
1.853339000000000070e+00   9.599196e-01   3.253832e-02
1.858049999999999979e+00   1.003729e+00   3.251473e-02
1.862762000000000029e+00   8.913055e-01   3.238878e-02
1.867472999999999939e+00   8.455108e-01   3.230625e-02
1.872184000000000070e+00   9.486429e-01   3.234563e-02
1.876894999999999980e+00   9.277384e-01   3.229683e-02
1.881607000000000030e+00   8.995144e-01   3.226210e-02
1.886317999999999939e+00   9.405059e-01   3.221996e-02
1.891029000000000071e+00   9.217231e-01   3.216648e-02
1.895740999999999898e+00   9.387910e-01   3.212419e-02
1.900452000000000030e+00   8.742206e-01   3.210485e-02
1.905162999999999940e+00   9.395591e-01   3.209571e-02
1.909874000000000072e+00   8.991716e-01   3.198807e-02
1.914585999999999899e+00   8.816294e-01   3.196600e-02
1.919297000000000031e+00   8.887305e-01   3.195412e-02
1.924007999999999940e+00   8.721204e-01   3.190912e-02
1.928719000000000072e+00   9.185131e-01   3.188294e-02
1.933430999999999900e+00   8.879644e-01   3.180144e-02
1.938142000000000031e+00   8.504014e-01   3.168795e-02
1.942852999999999941e+00   8.772959e-01   3.162829e-02
1.947564000000000073e+00   8.994383e-01   3.158075e-02
1.952275999999999900e+00   8.723338e-01   3.144862e-02
1.956987000000000032e+00   8.577451e-01   3.140113e-02
1.961697999999999942e+00   8.548471e-01   3.138037e-02
1.966409000000000074e+00   8.612672e-01   3.134717e-02
1.971120999999999901e+00   8.083540e-01   3.130471e-02
1.975832000000000033e+00   8.740338e-01   3.133887e-02
1.980542999999999942e+00   8.281074e-01   3.132297e-02
1.985254000000000074e+00   8.707340e-01   3.129452e-02
1.989965999999999902e+00   8.081416e-01   3.130214e-02
1.994677000000000033e+00   8.659016e-01   3.132496e-02
1.999387999999999943e+00   8.497931e-01   3.134053e-02
2.004099000000000075e+00   8.264125e-01   3.204850e-02
2.008811000000000124e+00   8.209014e-01   3.277327e-02
2.013522000000000034e+00   8.080277e-01   3.319058e-02
2.018232999999999944e+00   8.037703e-01   3.356041e-02
2.022943999999999853e+00   8.260194e-01   3.389434e-02
2.027655999999999903e+00   8.293054e-01   3.418937e-02
2.032366999999999813e+00   8.232770e-01   3.438512e-02
2.037078000000000166e+00   7.887848e-01   3.442383e-02
2.041789000000000076e+00   7.843642e-01   3.458207e-02
2.046501000000000126e+00   8.365572e-01   3.469982e-02
2.051212000000000035e+00   7.790182e-01   3.473863e-02
2.055922999999999945e+00   7.614819e-01   3.479293e-02
2.060633999999999855e+00   7.596389e-01   3.487035e-02
2.065345999999999904e+00   7.530383e-01   3.478333e-02
2.070056999999999814e+00   8.017481e-01   3.377190e-02
2.074768000000000168e+00   7.683256e-01   3.311070e-02
2.079480000000000217e+00   7.957088e-01   3.266733e-02
2.084191000000000127e+00   7.801824e-01   3.227795e-02
2.088902000000000037e+00   7.606187e-01   3.198750e-02
2.093612999999999946e+00   7.839909e-01   3.180817e-02
2.098324999999999996e+00   7.374558e-01   3.167942e-02
2.103035999999999905e+00   7.075759e-01   3.153561e-02
2.107746999999999815e+00   7.388767e-01   3.145862e-02
2.112458000000000169e+00   7.662984e-01   3.142794e-02
2.117170000000000218e+00   7.546170e-01   3.135548e-02
2.121881000000000128e+00   7.377483e-01   3.129433e-02
2.126592000000000038e+00   7.066366e-01   3.117222e-02
2.131302999999999948e+00   7.490526e-01   3.113446e-02
2.136014999999999997e+00   7.467804e-01   3.108653e-02
2.140725999999999907e+00   7.196722e-01   3.100662e-02
2.145436999999999816e+00   7.245351e-01   3.096293e-02
2.150148000000000170e+00   7.218397e-01   3.092877e-02
2.154860000000000220e+00   7.435602e-01   3.091492e-02
2.159571000000000129e+00   7.391141e-01   3.080708e-02
2.164282000000000039e+00   7.839132e-01   3.078210e-02
2.168992999999999949e+00   7.617743e-01   3.075378e-02
2.173704999999999998e+00   6.829066e-01   3.066636e-02
2.178415999999999908e+00   6.771648e-01   3.060296e-02
2.183126999999999818e+00   6.980412e-01   3.055312e-02
2.187838000000000171e+00   7.111621e-01   3.052408e-02
2.192550000000000221e+00   6.945892e-01   3.048244e-02
2.197261000000000131e+00   6.419516e-01   3.039168e-02
2.201972000000000040e+00   7.141711e-01   3.040116e-02
2.206682999999999950e+00   6.973811e-01   3.034331e-02
2.211395000000000000e+00   6.780645e-01   3.033304e-02
2.216105999999999909e+00   6.760375e-01   3.028281e-02
2.220816999999999819e+00   7.276325e-01   3.027135e-02
2.225528000000000173e+00   6.508043e-01   3.017445e-02
2.230239999999999778e+00   6.673167e-01   3.013602e-02
2.234951000000000132e+00   6.762728e-01   3.010720e-02
2.239662000000000042e+00   6.443151e-01   3.005856e-02
2.244372999999999951e+00   6.289981e-01   3.000570e-02
2.249085000000000001e+00   6.692182e-01   2.999132e-02
2.253795999999999911e+00   6.805417e-01   2.992354e-02
2.258506999999999820e+00   6.818371e-01   2.989303e-02
2.263218999999999870e+00   6.871987e-01   2.989222e-02
2.267929999999999779e+00   6.752559e-01   2.987805e-02
2.272641000000000133e+00   6.693911e-01   2.979212e-02
2.277352000000000043e+00   6.683578e-01   2.976238e-02
2.282064000000000092e+00   6.420191e-01   2.969375e-02
2.286775000000000002e+00   6.415118e-01   2.967048e-02
2.291485999999999912e+00   6.650239e-01   2.962205e-02
2.296196999999999822e+00   6.474766e-01   2.960935e-02
2.300908999999999871e+00   6.712876e-01   2.956190e-02
2.305619999999999781e+00   6.588214e-01   2.954481e-02
2.310331000000000135e+00   6.854138e-01   2.951839e-02
2.315042000000000044e+00   6.153313e-01   2.945292e-02
2.319754000000000094e+00   6.510526e-01   2.943670e-02
2.324465000000000003e+00   6.579106e-01   2.942286e-02
2.329175999999999913e+00   5.761696e-01   2.933217e-02
2.333886999999999823e+00   5.855185e-01   2.932282e-02
2.338598999999999872e+00   6.060373e-01   2.927524e-02
2.343309999999999782e+00   6.033966e-01   2.923733e-02
2.348021000000000136e+00   6.265246e-01   2.921306e-02
2.352732000000000046e+00   6.285785e-01   2.919136e-02
2.357444000000000095e+00   5.939817e-01   2.912997e-02
2.362155000000000005e+00   6.204326e-01   2.909273e-02
2.366865999999999914e+00   6.452276e-01   2.909815e-02
2.371576999999999824e+00   6.027322e-01   2.905203e-02
2.376288999999999874e+00   5.879571e-01   2.899573e-02
2.380999999999999783e+00   5.837320e-01   2.894566e-02
2.385711000000000137e+00   6.117351e-01   2.895209e-02
2.390422000000000047e+00   5.895853e-01   2.889987e-02
2.395134000000000096e+00   5.992804e-01   2.885264e-02
2.399845000000000006e+00   5.500078e-01   2.881767e-02
2.404555999999999916e+00   5.916313e-01   2.883202e-02
2.409266999999999825e+00   5.724825e-01   2.879624e-02
2.413978999999999875e+00   5.462413e-01   2.875225e-02
2.418689999999999785e+00   5.174293e-01   2.870988e-02
2.423401000000000138e+00   5.339792e-01   2.866507e-02
2.428112000000000048e+00   5.806677e-01   2.866852e-02
2.432824000000000098e+00   5.758435e-01   2.864084e-02
2.437535000000000007e+00   5.794270e-01   2.861161e-02
2.442245999999999917e+00   5.883172e-01   2.857348e-02
2.446957999999999966e+00   6.030737e-01   2.855051e-02
2.451668999999999876e+00   5.466554e-01   2.848648e-02
2.456379999999999786e+00   5.918565e-01   2.848061e-02
2.461091000000000140e+00   5.761732e-01   2.844667e-02
2.465803000000000189e+00   5.450945e-01   2.842098e-02
2.470514000000000099e+00   5.539044e-01   2.841990e-02
2.475225000000000009e+00   5.321545e-01   2.832926e-02
2.479935999999999918e+00   5.130516e-01   2.831350e-02
2.484647999999999968e+00   5.112140e-01   2.826998e-02
2.489358999999999877e+00   5.315493e-01   2.826729e-02
2.494069999999999787e+00   5.416191e-01   2.822058e-02
2.498781000000000141e+00   5.315118e-01   2.819515e-02
2.503493000000000190e+00   5.491649e-01   2.817702e-02
2.508204000000000100e+00   5.165425e-01   2.812378e-02
2.512915000000000010e+00   5.272169e-01   2.808902e-02
2.517625999999999920e+00   5.403276e-01   2.802943e-02
2.522337999999999969e+00   5.106227e-01   2.795610e-02
2.527048999999999879e+00   5.238408e-01   2.793069e-02
2.531759999999999788e+00   5.009805e-01   2.789218e-02
2.536471000000000142e+00   5.331166e-01   2.787420e-02
2.541183000000000192e+00   5.075665e-01   2.784168e-02
2.545894000000000101e+00   4.969049e-01   2.782225e-02
2.550605000000000011e+00   5.380774e-01   2.778535e-02
2.555315999999999921e+00   4.999488e-01   2.773654e-02
2.560027999999999970e+00   4.895917e-01   2.770851e-02
2.564738999999999880e+00   4.924700e-01   2.769783e-02
2.569449999999999790e+00   5.069044e-01   2.770132e-02
2.574161000000000143e+00   4.887762e-01   2.769890e-02
2.578873000000000193e+00   5.100485e-01   2.772360e-02
2.583584000000000103e+00   5.116107e-01   2.771686e-02
2.588295000000000012e+00   4.793319e-01   2.763987e-02
2.593005999999999922e+00   4.598129e-01   2.761362e-02
2.597717999999999972e+00   4.870968e-01   2.759419e-02
2.602428999999999881e+00   4.970938e-01   2.756295e-02
2.607139999999999791e+00   4.882434e-01   2.755098e-02
2.611851000000000145e+00   5.057955e-01   2.754284e-02
2.616563000000000194e+00   4.848788e-01   2.749998e-02
2.621274000000000104e+00   4.506115e-01   2.746048e-02
2.625985000000000014e+00   4.910607e-01   2.742210e-02
2.630697000000000063e+00   4.634661e-01   2.742245e-02
2.635407999999999973e+00   4.489219e-01   2.739506e-02
2.640118999999999883e+00   4.815757e-01   2.737903e-02
2.644829999999999792e+00   5.155635e-01   2.736850e-02
2.649541999999999842e+00   4.404472e-01   2.729385e-02
2.654253000000000196e+00   4.622481e-01   2.727204e-02
2.658964000000000105e+00   4.707034e-01   2.725823e-02
2.663675000000000015e+00   4.395652e-01   2.722289e-02
2.668387000000000064e+00   4.582537e-01   2.721638e-02
2.673097999999999974e+00   4.970802e-01   2.721486e-02
2.677808999999999884e+00   4.496541e-01   2.715855e-02
2.682519999999999794e+00   4.462459e-01   2.714109e-02
2.687231999999999843e+00   3.972912e-01   2.706398e-02
2.691943000000000197e+00   4.027434e-01   2.702503e-02
2.696654000000000106e+00   4.460309e-01   2.705427e-02
2.701365000000000016e+00   4.441979e-01   2.703490e-02
2.706077000000000066e+00   4.344438e-01   2.698525e-02
2.710787999999999975e+00   4.719350e-01   2.696729e-02
2.715498999999999885e+00   4.346984e-01   2.693615e-02
2.720209999999999795e+00   4.480647e-01   2.692944e-02
2.724921999999999844e+00   4.644122e-01   2.690945e-02
2.729633000000000198e+00   4.849889e-01   2.689573e-02
2.734344000000000108e+00   4.615415e-01   2.685800e-02
2.739055000000000017e+00   4.502292e-01   2.684312e-02
2.743767000000000067e+00   4.306187e-01   2.683295e-02
2.748477999999999977e+00   4.328655e-01   2.679409e-02
2.753188999999999886e+00   4.073637e-01   2.675138e-02
2.757899999999999796e+00   4.540780e-01   2.674886e-02
2.762611999999999846e+00   4.422823e-01   2.670648e-02
2.767323000000000199e+00   4.406051e-01   2.668747e-02
2.772034000000000109e+00   4.191829e-01   2.663759e-02
2.776745000000000019e+00   4.429539e-01   2.662504e-02
2.781457000000000068e+00   4.232837e-01   2.659642e-02
2.786167999999999978e+00   4.658291e-01   2.659915e-02
2.790878999999999888e+00   4.478316e-01   2.656719e-02
2.795589999999999797e+00   4.501242e-01   2.655774e-02
2.800301999999999847e+00   4.487611e-01   2.655110e-02
2.805013000000000201e+00   4.198122e-01   2.664452e-02
2.809724000000000110e+00   4.015322e-01   2.729616e-02
2.814436000000000160e+00   4.367499e-01   2.776020e-02
2.819147000000000070e+00   4.177890e-01   2.807207e-02
2.823857999999999979e+00   4.106961e-01   2.830862e-02
2.828568999999999889e+00   4.045655e-01   2.846588e-02
2.833280999999999938e+00   4.243273e-01   2.857962e-02
2.837991999999999848e+00   3.860158e-01   2.865869e-02
2.842703000000000202e+00   4.248924e-01   2.876050e-02
2.847414000000000112e+00   4.290952e-01   2.882026e-02
2.852126000000000161e+00   3.900696e-01   2.887097e-02
2.856837000000000071e+00   4.076773e-01   2.892892e-02
2.861547999999999981e+00   4.192669e-01   2.899606e-02
2.866258999999999890e+00   4.133157e-01   2.905938e-02
2.870970999999999940e+00   4.131207e-01   2.883349e-02
2.875681999999999849e+00   3.992534e-01   2.809447e-02
2.880393000000000203e+00   3.757416e-01   2.766618e-02
2.885104000000000113e+00   3.958584e-01   2.736241e-02
2.889816000000000162e+00   4.155064e-01   2.715796e-02
2.894527000000000072e+00   4.297984e-01   2.703933e-02
2.899237999999999982e+00   3.998828e-01   2.696778e-02
2.903948999999999891e+00   3.953618e-01   2.688027e-02
2.908660999999999941e+00   3.832010e-01   2.682593e-02
2.913371999999999851e+00   3.637589e-01   2.676319e-02
2.918083000000000204e+00   4.034821e-01   2.672928e-02
2.922794000000000114e+00   4.034139e-01   2.669287e-02
2.927506000000000164e+00   3.973884e-01   2.665124e-02
2.932217000000000073e+00   3.772571e-01   2.660395e-02
2.936927999999999983e+00   3.699806e-01   2.654144e-02
2.941638999999999893e+00   4.010110e-01   2.652908e-02
2.946350999999999942e+00   3.700472e-01   2.646071e-02
2.951061999999999852e+00   3.660483e-01   2.640786e-02
2.955773000000000206e+00   4.095668e-01   2.640597e-02
2.960484000000000115e+00   3.962780e-01   2.635290e-02
2.965196000000000165e+00   3.627444e-01   2.631903e-02
2.969907000000000075e+00   3.604686e-01   2.628558e-02
2.974617999999999984e+00   3.781729e-01   2.625573e-02
2.979328999999999894e+00   3.763586e-01   2.623690e-02
2.984040999999999944e+00   3.733170e-01   2.619509e-02
2.988751999999999853e+00   3.507715e-01   2.615464e-02
2.993463000000000207e+00   3.933103e-01   2.613514e-02
2.998174999999999812e+00   3.402381e-01   2.609078e-02
3.002886000000000166e+00   3.561187e-01   2.608065e-02
3.007597000000000076e+00   3.686402e-01   2.602497e-02
3.012307999999999986e+00   3.332103e-01   2.599847e-02
3.017020000000000035e+00   3.589750e-01   2.598737e-02
3.021730999999999945e+00   3.295880e-01   2.592131e-02
3.026441999999999855e+00   3.265100e-01   2.588699e-02
3.031153000000000208e+00   3.263967e-01   2.589907e-02
3.035864999999999814e+00   3.844176e-01   2.588790e-02
3.040576000000000167e+00   4.007053e-01   2.587174e-02
3.045287000000000077e+00   3.756709e-01   2.583880e-02
3.049997999999999987e+00   3.574621e-01   2.580263e-02
3.054710000000000036e+00   3.431054e-01   2.577501e-02
3.059420999999999946e+00   3.504538e-01   2.575337e-02
3.064131999999999856e+00   3.437413e-01   2.570441e-02
3.068843000000000210e+00   3.255912e-01   2.569443e-02
3.073554999999999815e+00   3.382006e-01   2.567186e-02
3.078266000000000169e+00   3.131835e-01   2.561637e-02
3.082977000000000078e+00   3.407833e-01   2.562322e-02
3.087687999999999988e+00   3.345834e-01   2.561185e-02
3.092400000000000038e+00   3.199874e-01   2.554145e-02
3.097110999999999947e+00   3.329909e-01   2.553613e-02
3.101821999999999857e+00   3.301375e-01   2.552006e-02
3.106533000000000211e+00   3.171874e-01   2.547191e-02
3.111244999999999816e+00   3.322484e-01   2.548438e-02
3.115956000000000170e+00   3.347132e-01   2.543672e-02
3.120667000000000080e+00   3.373415e-01   2.543294e-02
3.125377999999999989e+00   2.742531e-01   2.537799e-02
3.130090000000000039e+00   3.271517e-01   2.537528e-02
3.134800999999999949e+00   3.089962e-01   2.532329e-02
3.139511999999999858e+00   3.144941e-01   2.533132e-02
3.144223000000000212e+00   2.811565e-01   2.527749e-02
3.148934999999999818e+00   2.584368e-01   2.526933e-02
3.153646000000000171e+00   2.962687e-01   2.524799e-02
3.158357000000000081e+00   3.016628e-01   2.524007e-02
3.163067999999999991e+00   3.216106e-01   2.521690e-02
3.167780000000000040e+00   3.318402e-01   2.519467e-02
3.172490999999999950e+00   3.293555e-01   2.515724e-02
3.177201999999999860e+00   3.104293e-01   2.513254e-02
3.181913999999999909e+00   3.317567e-01   2.514672e-02
3.186624999999999819e+00   3.401893e-01   2.511328e-02
3.191336000000000173e+00   3.338234e-01   2.506799e-02
3.196047000000000082e+00   3.297844e-01   2.502215e-02
3.200759000000000132e+00   3.321080e-01   2.498897e-02
3.205470000000000041e+00   3.093911e-01   2.493548e-02
3.210180999999999951e+00   3.013202e-01   2.492071e-02
3.214891999999999861e+00   3.254653e-01   2.490411e-02
3.219603999999999910e+00   2.852610e-01   2.486386e-02
3.224314999999999820e+00   3.144906e-01   2.487193e-02
3.229026000000000174e+00   3.061654e-01   2.481210e-02
3.233737000000000084e+00   2.722284e-01   2.480072e-02
3.238449000000000133e+00   2.878239e-01   2.478675e-02
3.243160000000000043e+00   3.205480e-01   2.479829e-02
3.247870999999999952e+00   3.069966e-01   2.477820e-02
3.252581999999999862e+00   2.871072e-01   2.477971e-02
3.257293999999999912e+00   2.915329e-01   2.477931e-02
3.262004999999999821e+00   2.826942e-01   2.475354e-02
3.266716000000000175e+00   2.910331e-01   2.473755e-02
3.271427000000000085e+00   2.709502e-01   2.471702e-02
3.276139000000000134e+00   3.009392e-01   2.470133e-02
3.280850000000000044e+00   3.337898e-01   2.470939e-02
3.285560999999999954e+00   2.949750e-01   2.468596e-02
3.290271999999999863e+00   3.059442e-01   2.466003e-02
3.294983999999999913e+00   3.069713e-01   2.463830e-02
3.299694999999999823e+00   2.909357e-01   2.461244e-02
3.304406000000000176e+00   2.857738e-01   2.458240e-02
3.309117000000000086e+00   3.197384e-01   2.458772e-02
3.313829000000000136e+00   3.026543e-01   2.456248e-02
3.318540000000000045e+00   3.002495e-01   2.454411e-02
3.323250999999999955e+00   2.880929e-01   2.451454e-02
3.327961999999999865e+00   3.172422e-01   2.450549e-02
3.332673999999999914e+00   3.121631e-01   2.448752e-02
3.337384999999999824e+00   2.708878e-01   2.446899e-02
3.342096000000000178e+00   2.768062e-01   2.442437e-02
3.346807000000000087e+00   3.085079e-01   2.440552e-02
3.351519000000000137e+00   2.753712e-01   2.440016e-02
3.356230000000000047e+00   2.363424e-01   2.435647e-02
3.360940999999999956e+00   2.728105e-01   2.435532e-02
3.365653000000000006e+00   2.785463e-01   2.435993e-02
3.370363999999999916e+00   2.907581e-01   2.432346e-02
3.375074999999999825e+00   3.101588e-01   2.432460e-02
3.379786000000000179e+00   2.799001e-01   2.429357e-02
3.384497999999999784e+00   2.687839e-01   2.428656e-02
3.389209000000000138e+00   3.049813e-01   2.443442e-02
3.393920000000000048e+00   2.944648e-01   2.497954e-02
3.398630999999999958e+00   2.735004e-01   2.533193e-02
3.403343000000000007e+00   2.327916e-01   2.556653e-02
3.408053999999999917e+00   2.632208e-01   2.578193e-02
3.412764999999999826e+00   2.613801e-01   2.586183e-02
3.417476000000000180e+00   2.791393e-01   2.583843e-02
3.422187999999999786e+00   2.516297e-01   2.583276e-02
3.426899000000000139e+00   2.653998e-01   2.591391e-02
3.431610000000000049e+00   2.759662e-01   2.601313e-02
3.436320999999999959e+00   2.915505e-01   2.606660e-02
3.441033000000000008e+00   2.878006e-01   2.610650e-02
3.445743999999999918e+00   2.552608e-01   2.612633e-02
3.450454999999999828e+00   2.880312e-01   2.620734e-02
3.455166000000000182e+00   2.422199e-01   2.623123e-02
3.459877999999999787e+00   2.584677e-01   2.627189e-02
3.464589000000000141e+00   2.407657e-01   2.630662e-02
3.469300000000000050e+00   2.459018e-01   2.634898e-02
3.474010999999999960e+00   2.629189e-01   2.641112e-02
3.478723000000000010e+00   2.268696e-01   2.642354e-02
3.483433999999999919e+00   2.284808e-01   2.645322e-02
3.488144999999999829e+00   2.571294e-01   2.652566e-02
3.492856000000000183e+00   2.411170e-01   2.653820e-02
3.497567999999999788e+00   2.874380e-01   2.658851e-02
3.502279000000000142e+00   2.834253e-01   2.659629e-02
3.506990000000000052e+00   2.821548e-01   2.663409e-02
3.511700999999999961e+00   2.665466e-01   2.666586e-02
3.516413000000000011e+00   2.140646e-01   2.666724e-02
3.521123999999999921e+00   2.234499e-01   2.670684e-02
3.525834999999999830e+00   2.359437e-01   2.675333e-02
3.530546000000000184e+00   2.342722e-01   2.677310e-02
3.535257999999999790e+00   2.446611e-01   2.679809e-02
3.539969000000000143e+00   2.509330e-01   2.682246e-02
3.544680000000000053e+00   2.676758e-01   2.686966e-02
3.549392000000000102e+00   2.446813e-01   2.687561e-02
3.554103000000000012e+00   2.475872e-01   2.689872e-02
3.558813999999999922e+00   2.524573e-01   2.691929e-02
3.563524999999999832e+00   2.289493e-01   2.695072e-02
3.568236999999999881e+00   2.389057e-01   2.698748e-02
3.572947999999999791e+00   2.347309e-01   2.697426e-02
3.577659000000000145e+00   2.319918e-01   2.701407e-02
3.582370000000000054e+00   2.375621e-01   2.705788e-02
3.587082000000000104e+00   2.593031e-01   2.707554e-02
3.591793000000000013e+00   2.642772e-01   2.707033e-02
3.596503999999999923e+00   2.567705e-01   2.706153e-02
3.601214999999999833e+00   2.636746e-01   2.706404e-02
3.605926999999999882e+00   2.701253e-01   2.711686e-02
3.610637999999999792e+00   2.120844e-01   2.757677e-02
3.615349000000000146e+00   2.022671e-01   2.841311e-02
3.620060000000000056e+00   2.004474e-01   2.885948e-02
3.624772000000000105e+00   2.335519e-01   2.922964e-02
3.629483000000000015e+00   2.504403e-01   2.946321e-02
3.634193999999999924e+00   2.178575e-01   2.968871e-02
3.638904999999999834e+00   2.285984e-01   2.987215e-02
3.643616999999999884e+00   2.494521e-01   3.002214e-02
3.648327999999999793e+00   2.451209e-01   3.018020e-02
3.653039000000000147e+00   2.485235e-01   3.033644e-02
3.657750000000000057e+00   2.165973e-01   3.047210e-02
3.662462000000000106e+00   2.495407e-01   3.065273e-02
3.667173000000000016e+00   1.982511e-01   3.076852e-02
3.671883999999999926e+00   2.319691e-01   3.092989e-02
3.676594999999999835e+00   2.836108e-01   3.108094e-02
3.681306999999999885e+00   2.153069e-01   3.118286e-02
3.686017999999999795e+00   2.009258e-01   3.131747e-02
3.690729000000000148e+00   2.294612e-01   3.145510e-02
3.695440000000000058e+00   2.330145e-01   3.162230e-02
3.700152000000000108e+00   1.988143e-01   3.173226e-02
3.704863000000000017e+00   2.415560e-01   3.186611e-02
3.709573999999999927e+00   2.763603e-01   3.202024e-02
3.714284999999999837e+00   2.282102e-01   3.214235e-02
3.718996999999999886e+00   1.806459e-01   3.221066e-02
3.723707999999999796e+00   2.188177e-01   3.235260e-02
3.728419000000000150e+00   1.950663e-01   3.251830e-02
3.733131000000000199e+00   1.793113e-01   3.260135e-02
3.737842000000000109e+00   2.183025e-01   3.273416e-02
3.742553000000000019e+00   2.347781e-01   3.285793e-02
3.747263999999999928e+00   2.270801e-01   3.302605e-02
3.751975999999999978e+00   2.477601e-01   3.316790e-02
3.756686999999999887e+00   2.004837e-01   3.319699e-02
3.761397999999999797e+00   2.708911e-01   3.338260e-02
3.766109000000000151e+00   2.662520e-01   3.349459e-02
3.770821000000000200e+00   1.963931e-01   3.357789e-02
3.775532000000000110e+00   1.608196e-01   3.368748e-02
3.780243000000000020e+00   2.188741e-01   3.382566e-02
3.784953999999999930e+00   2.175507e-01   3.398332e-02
3.789665999999999979e+00   2.017970e-01   3.407162e-02
3.794376999999999889e+00   1.941395e-01   3.416915e-02
3.799087999999999798e+00   1.971462e-01   3.431116e-02
3.803799000000000152e+00   1.186838e-01   3.438954e-02
3.808511000000000202e+00   1.882087e-01   3.457488e-02
3.813222000000000111e+00   1.915556e-01   3.468290e-02
3.817933000000000021e+00   2.407611e-01   3.485679e-02
3.822643999999999931e+00   2.580256e-01   3.495421e-02
3.827355999999999980e+00   2.147302e-01   3.506365e-02
3.832066999999999890e+00   2.186460e-01   3.516511e-02
3.836777999999999800e+00   1.933405e-01   3.530839e-02
3.841489000000000154e+00   1.587021e-01   3.536927e-02
3.846201000000000203e+00   2.317905e-01   3.552038e-02
3.850912000000000113e+00   2.672618e-01   3.570108e-02
3.855623000000000022e+00   2.153998e-01   3.579474e-02
3.860333999999999932e+00   1.862205e-01   3.587254e-02
3.865045999999999982e+00   1.962842e-01   3.603049e-02
3.869756999999999891e+00   1.780169e-01   3.614735e-02
3.874467999999999801e+00   2.416609e-01   3.629575e-02
3.879179000000000155e+00   1.694056e-01   3.637542e-02
3.883891000000000204e+00   1.811951e-01   3.648658e-02
3.888602000000000114e+00   1.987353e-01   3.663002e-02
3.893313000000000024e+00   2.059899e-01   3.678677e-02
3.898023999999999933e+00   1.367322e-01   3.687419e-02
3.902735999999999983e+00   2.148994e-01   3.698934e-02
3.907446999999999893e+00   2.498589e-01   3.714017e-02
3.912157999999999802e+00   1.846023e-01   3.725425e-02
3.916869999999999852e+00   1.707360e-01   3.729449e-02
3.921581000000000206e+00   2.328635e-01   3.738928e-02
3.926292000000000115e+00   2.212003e-01   3.741976e-02
3.931003000000000025e+00   1.414038e-01   3.750758e-02
3.935715000000000074e+00   1.470000e-01   3.759011e-02
3.940425999999999984e+00   1.502847e-01   3.763276e-02
3.945136999999999894e+00   1.900805e-01   3.771073e-02
3.949847999999999804e+00   1.420395e-01   3.768027e-02
3.954559999999999853e+00   1.613802e-01   3.780739e-02
3.959271000000000207e+00   1.627886e-01   3.786305e-02
3.963982000000000117e+00   1.447993e-01   3.782530e-02
3.968693000000000026e+00   1.837727e-01   3.795515e-02
3.973405000000000076e+00   2.296199e-01   3.808469e-02
3.978115999999999985e+00   1.873482e-01   3.815655e-02
3.982826999999999895e+00   1.772358e-01   3.829467e-02
3.987537999999999805e+00   1.712048e-01   3.840614e-02
3.992249999999999854e+00   1.643912e-01   3.858377e-02
3.996961000000000208e+00   1.217581e-01   3.868898e-02
4.001672000000000118e+00   1.349826e-01   3.877144e-02
4.006382999999999583e+00   1.742368e-01   3.892033e-02
4.011095000000000077e+00   1.489344e-01   3.905688e-02
4.015806000000000431e+00   9.354616e-02   3.916105e-02
4.020516999999999896e+00   1.895799e-01   3.930782e-02
4.025228000000000250e+00   2.743073e-01   3.948933e-02
4.029939999999999856e+00   1.963790e-01   3.960975e-02
4.034651000000000209e+00   1.459829e-01   3.969606e-02
4.039361999999999675e+00   1.301911e-01   3.977140e-02
4.044073000000000029e+00   1.459875e-01   3.995168e-02
4.048784999999999634e+00   1.662174e-01   4.012894e-02
4.053495999999999988e+00   1.505181e-01   4.027239e-02
4.058207000000000342e+00   2.049658e-01   4.040093e-02
4.062917999999999807e+00   1.536856e-01   4.049411e-02
4.067630000000000301e+00   2.257570e-01   4.068633e-02
4.072340999999999767e+00   1.827101e-01   4.080278e-02
4.077052000000000120e+00   1.279684e-01   4.095145e-02
4.081762999999999586e+00   1.329150e-01   4.113903e-02
4.086475000000000080e+00   1.835484e-01   4.128216e-02
4.091186000000000433e+00   1.472964e-01   4.138532e-02
4.095896999999999899e+00   9.651627e-02   4.148770e-02
4.100609000000000393e+00   1.522805e-01   4.170010e-02
4.105319999999999858e+00   1.598984e-01   4.189821e-02
4.110031000000000212e+00   1.875975e-01   4.212324e-02
4.114741999999999678e+00   1.597874e-01   4.223353e-02
4.119454000000000171e+00   1.930048e-01   4.233802e-02
4.124164999999999637e+00   2.287659e-01   4.250905e-02
4.128875999999999991e+00   1.903168e-01   4.266428e-02
4.133587000000000344e+00   1.897828e-01   4.282273e-02
4.138298999999999950e+00   1.655197e-01   4.293687e-02
4.143010000000000304e+00   1.526853e-01   4.308065e-02
4.147720999999999769e+00   2.024722e-01   4.330259e-02
4.152432000000000123e+00   1.652275e-01   4.339495e-02
4.157143999999999728e+00   1.889789e-01   4.354214e-02
4.161855000000000082e+00   2.104334e-01   4.374752e-02
4.166566000000000436e+00   2.379008e-01   4.395054e-02
4.171276999999999902e+00   2.242322e-01   4.415534e-02
4.175989000000000395e+00   1.678284e-01   4.428876e-02
4.180699999999999861e+00   2.020297e-01   4.448677e-02
4.185411000000000215e+00   1.589297e-01   4.454942e-02
4.190121999999999680e+00   1.732259e-01   4.475327e-02
4.194834000000000174e+00   1.556862e-01   4.483801e-02
4.199544999999999639e+00   1.266190e-01   4.504140e-02
4.204255999999999993e+00   9.708817e-02   4.522541e-02
4.208967000000000347e+00   8.294873e-02   4.536455e-02
4.213678999999999952e+00   1.667390e-01   4.563337e-02
4.218390000000000306e+00   1.824308e-01   4.588793e-02
4.223100999999999772e+00   1.702850e-01   4.595130e-02
4.227812000000000126e+00   2.187823e-01   4.615838e-02
4.232523999999999731e+00   1.698260e-01   4.636973e-02
4.237235000000000085e+00   1.425203e-01   4.657207e-02
4.241946000000000438e+00   1.097133e-01   4.676325e-02
4.246656999999999904e+00   1.558126e-01   4.696218e-02
4.251369000000000398e+00   1.765385e-01   4.718264e-02
4.256079999999999863e+00   1.531448e-01   4.731906e-02
4.260791000000000217e+00   1.128495e-01   4.745783e-02
4.265501999999999683e+00   1.590853e-01   4.772592e-02
4.270214000000000176e+00   1.346947e-01   4.782805e-02
4.274924999999999642e+00   1.998586e-01   4.814654e-02
4.279635999999999996e+00   2.126887e-01   4.833336e-02
4.284347999999999601e+00   1.784821e-01   4.843470e-02
4.289058999999999955e+00   1.516175e-01   4.867868e-02
4.293770000000000309e+00   8.181562e-02   4.877558e-02
4.298480999999999774e+00   1.980917e-01   4.915397e-02
4.303193000000000268e+00   1.907857e-01   4.942833e-02
4.307903999999999733e+00   1.716246e-01   4.954478e-02
4.312615000000000087e+00   1.215815e-01   4.977041e-02
4.317326000000000441e+00   1.535829e-01   5.000561e-02
4.322038000000000046e+00   9.782500e-02   5.022003e-02
4.326749000000000400e+00   1.989884e-01   5.052988e-02
4.331459999999999866e+00   1.614488e-01   5.074056e-02
4.336171000000000220e+00   1.550354e-01   5.086646e-02
4.340882999999999825e+00   7.184100e-02   5.115094e-02
4.345594000000000179e+00   6.475428e-02   5.131149e-02
4.350304999999999644e+00   1.448572e-01   5.164690e-02
4.355015999999999998e+00   1.232365e-01   5.178959e-02
4.359727999999999604e+00   1.249434e-01   5.211761e-02
4.364438999999999957e+00   1.678740e-01   5.251961e-02
4.369150000000000311e+00   1.725987e-01   5.263523e-02
4.373860999999999777e+00   1.819068e-01   5.286284e-02
4.378573000000000270e+00   1.035300e-01   5.313335e-02
4.383283999999999736e+00   1.304894e-01   5.347283e-02
4.387995000000000090e+00   1.519234e-01   5.362699e-02
4.392706000000000444e+00   1.970075e-01   5.396413e-02
4.397418000000000049e+00   1.678743e-01   5.417818e-02
4.402129000000000403e+00   6.908370e-02   5.408717e-02
4.406839999999999868e+00   9.415005e-02   5.415191e-02
4.411551000000000222e+00   1.274038e-01   5.408098e-02
4.416262999999999828e+00   1.123554e-01   5.417979e-02
4.420974000000000181e+00   9.823764e-02   5.435205e-02
4.425684999999999647e+00   1.587897e-01   5.438422e-02
4.430396000000000001e+00   1.873011e-01   5.440672e-02
4.435107999999999606e+00   1.343508e-01   5.434180e-02
4.439818999999999960e+00   1.326918e-01   5.454613e-02
4.444530000000000314e+00   1.425447e-01   5.483110e-02
4.449240999999999779e+00   1.423416e-01   5.507086e-02
4.453953000000000273e+00   1.479461e-01   5.536580e-02
4.458663999999999739e+00   1.110927e-01   5.561790e-02
4.463375000000000092e+00   7.442523e-02   5.591761e-02
4.468086999999999698e+00   1.398072e-01   5.630189e-02
4.472798000000000052e+00   1.986125e-01   5.663337e-02
4.477509000000000405e+00   8.688792e-02   5.675685e-02
4.482219999999999871e+00   1.654399e-01   5.717109e-02
4.486932000000000365e+00   1.512855e-01   5.749738e-02
4.491642999999999830e+00   1.147081e-01   5.773661e-02
4.496354000000000184e+00   1.455177e-01   5.810509e-02
4.501064999999999650e+00   1.574866e-01   5.844919e-02
4.505777000000000143e+00   2.783207e-01   5.890046e-02
4.510487999999999609e+00   1.257472e-01   5.907043e-02
4.515198999999999963e+00   4.772731e-03   5.930895e-02
4.519910000000000316e+00   7.386773e-02   5.983117e-02
4.524621999999999922e+00   5.211116e-02   6.015817e-02
4.529333000000000276e+00   1.177338e-01   6.049981e-02
4.534043999999999741e+00   7.234910e-02   6.076988e-02
4.538755000000000095e+00   1.202686e-01   6.133540e-02
4.543466999999999700e+00   1.600795e-01   6.172507e-02
4.548178000000000054e+00   1.460131e-01   6.195745e-02
4.552889000000000408e+00   1.107588e-01   6.231793e-02
4.557599999999999874e+00   5.945653e-02   6.268723e-02
4.562312000000000367e+00   1.086441e-01   6.343900e-02
4.567022999999999833e+00   1.269914e-01   6.374269e-02
4.571734000000000187e+00   3.349380e-02   6.409340e-02
4.576444999999999652e+00   4.042102e-02   6.458981e-02
4.581157000000000146e+00   8.337106e-02   6.496490e-02
4.585867999999999611e+00   1.504823e-01   6.553970e-02
4.590578999999999965e+00   1.469750e-01   6.587801e-02
4.595290000000000319e+00   1.686115e-01   6.632727e-02
4.600001999999999924e+00   8.633516e-02   6.683888e-02
4.604713000000000278e+00   6.095593e-02   6.718698e-02
4.609423999999999744e+00   1.639941e-01   6.780564e-02
4.614135000000000097e+00   1.204856e-01   6.820188e-02
4.618846999999999703e+00   3.971042e-02   6.872842e-02
4.623558000000000057e+00   1.488449e-01   6.940429e-02
4.628269000000000410e+00   1.978508e-01   6.992390e-02
4.632979999999999876e+00   1.322891e-01   7.045467e-02
4.637692000000000370e+00   1.435432e-01   7.099009e-02
4.642402999999999835e+00   7.541813e-02   7.149384e-02
4.647114000000000189e+00   2.076514e-01   7.239782e-02
4.651825999999999794e+00   1.344081e-01   7.282528e-02
4.656537000000000148e+00   4.337836e-02   7.332400e-02
4.661247999999999614e+00   1.704479e-01   7.425537e-02
4.665958999999999968e+00   1.792612e-01   7.475938e-02
4.670670999999999573e+00   6.624431e-02   7.512079e-02
4.675381999999999927e+00   1.253340e-01   7.597165e-02
4.680093000000000281e+00   3.240579e-02   7.661049e-02
4.684803999999999746e+00   1.465665e-01   7.759041e-02
4.689516000000000240e+00   1.944157e-01   7.819973e-02
4.694226999999999705e+00   1.071235e-01   7.864698e-02
4.698938000000000059e+00   1.331231e-01   7.954809e-02
4.703649000000000413e+00   1.200604e-01   8.034036e-02
4.708361000000000018e+00   1.090275e-01   8.122505e-02
4.713072000000000372e+00   1.793085e-01   8.230941e-02
4.717782999999999838e+00   2.219105e-01   8.314145e-02
4.722494000000000192e+00   1.434168e-01   8.394400e-02
4.727205999999999797e+00   9.386484e-02   8.478480e-02
4.731917000000000151e+00   2.124780e-01   8.591412e-02
4.736627999999999616e+00   1.838329e-02   8.642564e-02
4.741338999999999970e+00   8.189641e-02   8.746113e-02
4.746050999999999576e+00   1.707434e-01   8.895751e-02
4.750761999999999929e+00   1.235334e-01   9.009956e-02
4.755473000000000283e+00   1.110847e-01   9.140548e-02
4.760183999999999749e+00   1.551444e-01   9.241284e-02
4.764896000000000242e+00   2.768656e-01   9.370595e-02
4.769606999999999708e+00   3.173692e-01   9.493095e-02
4.774318000000000062e+00   8.816382e-02   9.596697e-02
4.779029000000000416e+00   5.012778e-03   9.748960e-02
4.783741000000000021e+00   9.897104e-02   9.906108e-02
4.788452000000000375e+00   2.133153e-01   1.008775e-01
4.793162999999999840e+00   4.813856e-02   1.017394e-01
4.797874000000000194e+00   2.266970e-01   1.033892e-01
4.802585999999999800e+00   1.780259e-01   1.055730e-01
4.807297000000000153e+00   3.026454e-02   1.071595e-01
4.812007999999999619e+00   1.197969e-01   1.090551e-01
4.816718999999999973e+00   1.282199e-01   1.107123e-01
4.821430999999999578e+00   2.249742e-01   1.129675e-01
4.826141999999999932e+00   2.307324e-01   1.159033e-01
4.830853000000000286e+00   2.169541e-01   1.183202e-01
4.835564999999999891e+00   2.510079e-01   1.203652e-01
4.840276000000000245e+00   2.161029e-01   1.229673e-01
4.844986999999999711e+00  -3.239197e-02   1.251637e-01
4.849698000000000064e+00  -3.914403e-02   1.288702e-01
4.854409999999999670e+00   5.964120e-04   1.323154e-01
4.859121000000000024e+00   1.803116e-01   1.364361e-01
4.863832000000000377e+00   5.007866e-02   1.395863e-01
4.868542999999999843e+00   5.274630e-03   1.441941e-01
4.873255000000000337e+00  -1.226366e-02   1.486965e-01
4.877965999999999802e+00   1.377812e-01   1.539194e-01
4.882677000000000156e+00   1.729731e-01   1.600420e-01
4.887387999999999622e+00   2.713840e-02   1.658575e-01
4.892100000000000115e+00  -2.546984e-02   1.725042e-01
4.896810999999999581e+00   4.351486e-02   1.817737e-01
4.901521999999999935e+00   2.717437e-01   1.920554e-01
4.906233000000000288e+00   3.576199e-01   2.026953e-01
4.910944999999999894e+00   2.621543e-01   2.159055e-01
4.915656000000000247e+00   3.779433e-01   2.330259e-01
4.920366999999999713e+00   3.976347e-02   2.531517e-01
4.925078000000000067e+00   3.107945e-01   2.830720e-01
4.929789999999999672e+00   5.026886e-01   3.257242e-01
4.934501000000000026e+00  -1.442095e-02   3.826559e-01
4.939212000000000380e+00  -7.898183e-02   4.961299e-01
4.943922999999999845e+00   2.232425e-01   8.795864e-01