# [7]
# Sample c= 2.4 mg/ml
# Intensity scaled by concentration
# Buffer subtracted data file:
# Protein DatFile = /data/visitor/mx1908/bm29/20161119/giulio/1d/mM150_081_ave.dat
# Buffer DatFile = /data/visitor/mx1908/bm29/20161119/giulio/ednaSub/mM150_081_ave_averbuffer.dat
# 
# AutoRg: Rg   =   0.7229 +/- 0.18 ( 24.7%)
# AutoRg: I(0) =   1.94 +/- 0.0057
# AutoRg: Points   81 to 251 ( 171 total)
# AutoRg: Quality: 80.1%
# 
# 
# Sample Information:
# Storage Temperature (degrees C): 20.0
# Measurement Temperature (degrees C): 19.95
# Concentration: 2.4
# Code: 
3.479420999999999903e-02   3.609490e+00   3.160087e+00
3.950545999999999919e-02   6.749365e+00   1.257675e+00
4.421672000000000102e-02   4.570978e+00   8.202965e-01
4.892798000000000286e-02   2.447589e+00   6.281001e-01
5.363923000000000302e-02   2.989608e+00   5.031679e-01
5.835048999999999791e-02   2.628436e+00   4.119083e-01
6.306174999999999975e-02   1.900534e+00   3.413938e-01
6.777299999999999991e-02   2.113797e+00   2.901241e-01
7.248425999999999481e-02   2.358401e+00   2.511874e-01
7.719552000000000358e-02   2.089107e+00   2.209024e-01
8.190677000000000374e-02   1.770985e+00   1.957473e-01
8.661802999999999864e-02   1.841182e+00   1.759097e-01
9.132928999999999353e-02   1.796216e+00   1.602807e-01
9.604053999999999369e-02   1.889416e+00   1.480083e-01
1.007518000000000025e-01   1.997276e+00   1.369465e-01
1.054631000000000041e-01   1.941105e+00   1.273220e-01
1.101743000000000028e-01   1.952534e+00   1.195417e-01
1.148856000000000044e-01   2.013443e+00   1.123715e-01
1.195968000000000031e-01   1.897971e+00   1.062352e-01
1.243081000000000047e-01   1.962463e+00   1.010812e-01
1.290193000000000034e-01   1.922218e+00   9.656612e-02
1.337306000000000050e-01   1.928064e+00   9.258800e-02
1.384419000000000066e-01   1.906786e+00   8.887788e-02
1.431531000000000053e-01   1.968661e+00   8.573585e-02
1.478644000000000069e-01   1.834753e+00   8.279557e-02
1.525756000000000057e-01   1.952889e+00   8.034851e-02
1.572869000000000073e-01   1.998979e+00   7.804845e-02
1.619981000000000060e-01   1.936829e+00   7.562098e-02
1.667094000000000076e-01   1.912217e+00   7.368557e-02
1.714206000000000063e-01   1.959705e+00   7.189516e-02
1.761319000000000079e-01   1.846040e+00   7.011022e-02
1.808432000000000095e-01   1.795793e+00   6.846219e-02
1.855544000000000082e-01   1.749079e+00   6.710597e-02
1.902657000000000098e-01   1.956237e+00   6.605858e-02
1.949769000000000085e-01   1.858293e+00   6.477297e-02
1.996882000000000101e-01   1.818072e+00   6.349006e-02
2.043994000000000089e-01   1.767986e+00   6.224976e-02
2.091107000000000105e-01   1.814054e+00   6.139012e-02
2.138220000000000121e-01   1.916308e+00   6.058169e-02
2.185332000000000108e-01   1.934851e+00   5.960607e-02
2.232445000000000124e-01   1.936618e+00   5.875340e-02
2.279557000000000111e-01   1.919728e+00   5.793047e-02
2.326670000000000127e-01   1.799944e+00   5.698692e-02
2.373782000000000114e-01   1.842651e+00   5.623763e-02
2.420895000000000130e-01   1.879074e+00   5.556465e-02
2.468007000000000117e-01   1.842949e+00   5.486443e-02
2.515120000000000133e-01   1.910648e+00   5.426301e-02
2.562232999999999872e-01   1.787139e+00   5.352987e-02
2.609345000000000137e-01   1.800605e+00   5.293140e-02
2.656457999999999875e-01   1.853109e+00   5.237361e-02
2.703570000000000140e-01   1.859715e+00   5.187610e-02
2.750682999999999878e-01   1.859270e+00   5.136940e-02
2.797795000000000143e-01   1.853368e+00   5.074457e-02
2.844907999999999881e-01   1.937347e+00   5.034491e-02
2.892021000000000175e-01   1.943488e+00   4.984865e-02
2.939132999999999885e-01   1.849252e+00   4.933148e-02
2.986246000000000178e-01   1.856039e+00   4.885173e-02
3.033357999999999888e-01   1.787555e+00   4.837141e-02
3.080471000000000181e-01   1.898832e+00   4.811343e-02
3.127582999999999891e-01   1.860620e+00   4.762223e-02
3.174696000000000184e-01   1.808747e+00   4.711715e-02
3.221808999999999923e-01   1.891365e+00   4.683872e-02
3.268921000000000188e-01   1.873948e+00   4.646285e-02
3.316033999999999926e-01   1.830760e+00   4.605880e-02
3.363146000000000191e-01   1.848198e+00   4.650496e-02
3.410258999999999929e-01   1.868150e+00   4.694437e-02
3.457371000000000194e-01   1.841940e+00   4.706278e-02
3.504483999999999932e-01   1.868058e+00   4.770793e-02
3.551596000000000197e-01   1.881665e+00   4.875115e-02
3.598708999999999936e-01   1.799956e+00   4.929685e-02
3.645822000000000229e-01   1.787853e+00   4.980513e-02
3.692933999999999939e-01   1.735853e+00   5.010686e-02
3.740047000000000232e-01   1.807088e+00   5.047213e-02
3.787158999999999942e-01   1.780691e+00   5.077958e-02
3.834272000000000236e-01   1.845463e+00   5.104681e-02
3.881383999999999945e-01   1.861031e+00   5.135960e-02
3.928497000000000239e-01   1.860586e+00   5.264512e-02
3.975609999999999977e-01   1.889264e+00   5.425989e-02
4.022722000000000242e-01   1.852616e+00   5.531273e-02
4.069834999999999980e-01   1.758594e+00   5.630393e-02
4.116947000000000245e-01   1.900578e+00   5.728876e-02
4.164059999999999984e-01   1.939117e+00   5.821193e-02
4.211172000000000248e-01   1.876253e+00   5.906410e-02
4.258284999999999987e-01   1.890909e+00   5.992172e-02
4.305397000000000252e-01   1.840827e+00   6.067503e-02
4.352509999999999990e-01   1.870920e+00   6.160146e-02
4.399622999999999728e-01   1.838637e+00   6.251038e-02
4.446734999999999993e-01   1.860108e+00   6.370429e-02
4.493847999999999732e-01   1.870281e+00   6.443209e-02
4.540959999999999996e-01   1.853828e+00   6.489030e-02
4.588072999999999735e-01   1.872441e+00   6.277581e-02
4.635185000000000000e-01   1.926911e+00   6.133720e-02
4.682297999999999738e-01   1.841111e+00   6.029149e-02
4.729411000000000032e-01   1.796971e+00   5.967726e-02
4.776522999999999741e-01   1.842428e+00   5.912551e-02
4.823636000000000035e-01   1.834091e+00   5.861684e-02
4.870747999999999744e-01   1.809113e+00   5.828660e-02
4.917861000000000038e-01   1.848272e+00   5.793476e-02
4.964972999999999748e-01   1.812665e+00   5.752648e-02
5.012086000000000041e-01   1.882040e+00   5.738874e-02
5.059198999999999780e-01   1.901863e+00   5.713200e-02
5.106311000000000044e-01   1.886962e+00   5.680461e-02
5.153423999999999783e-01   1.873485e+00   5.644055e-02
5.200536000000000048e-01   1.871252e+00   5.609480e-02
5.247648999999999786e-01   1.839616e+00   5.564611e-02
5.294761000000000051e-01   1.888050e+00   5.532504e-02
5.341873999999999789e-01   1.838012e+00   5.484996e-02
5.388986000000000054e-01   1.794838e+00   5.444608e-02
5.436098999999999792e-01   1.746879e+00   5.406585e-02
5.483211999999999531e-01   1.808387e+00   5.378734e-02
5.530323999999999796e-01   1.820547e+00   5.346116e-02
5.577436999999999534e-01   1.862386e+00   5.319849e-02
5.624548999999999799e-01   1.834163e+00   5.276422e-02
5.671661999999999537e-01   1.842328e+00   5.258461e-02
5.718773999999999802e-01   1.856205e+00   5.245639e-02
5.765886999999999540e-01   1.867113e+00   5.231276e-02
5.813000000000000389e-01   1.850640e+00   5.217287e-02
5.860111999999999544e-01   1.828450e+00   5.204512e-02
5.907225000000000392e-01   1.873314e+00   5.194946e-02
5.954336999999999547e-01   1.804849e+00   5.170042e-02
6.001450000000000395e-01   1.819464e+00   5.158938e-02
6.048561999999999550e-01   1.756215e+00   5.141302e-02
6.095675000000000399e-01   1.767532e+00   5.133722e-02
6.142788000000000137e-01   1.819207e+00   5.133047e-02
6.189900000000000402e-01   1.798305e+00   5.115138e-02
6.237013000000000140e-01   1.831822e+00   5.106211e-02
6.284125000000000405e-01   1.842864e+00   5.100432e-02
6.331238000000000143e-01   1.793556e+00   5.078660e-02
6.378350000000000408e-01   1.770034e+00   5.055755e-02
6.425463000000000147e-01   1.818333e+00   5.058262e-02
6.472575000000000411e-01   1.861156e+00   5.051114e-02
6.519688000000000150e-01   1.775284e+00   5.029853e-02
6.566800999999999888e-01   1.770216e+00   5.016294e-02
6.613913000000000153e-01   1.858805e+00   5.018711e-02
6.661025999999999891e-01   1.756791e+00   5.001715e-02
6.708138000000000156e-01   1.808513e+00   4.985674e-02
6.755250999999999895e-01   1.855529e+00   4.974527e-02
6.802363000000000159e-01   1.838946e+00   4.970511e-02
6.849475999999999898e-01   1.796995e+00   4.953637e-02
6.896588999999999636e-01   1.768786e+00   4.934973e-02
6.943700999999999901e-01   1.752644e+00   4.924995e-02
6.990813999999999639e-01   1.834102e+00   4.921981e-02
7.037925999999999904e-01   1.786979e+00   4.916703e-02
7.085038999999999643e-01   1.765796e+00   4.897713e-02
7.132150999999999907e-01   1.823338e+00   4.888104e-02
7.179263999999999646e-01   1.801490e+00   4.879537e-02
7.226375999999999911e-01   1.760784e+00   4.865268e-02
7.273488999999999649e-01   1.779009e+00   4.859168e-02
7.320602000000000498e-01   1.812665e+00   4.848513e-02
7.367713999999999652e-01   1.732852e+00   4.835968e-02
7.414827000000000501e-01   1.672165e+00   4.820379e-02
7.461938999999999655e-01   1.673231e+00   4.812889e-02
7.509052000000000504e-01   1.770720e+00   4.801519e-02
7.556163999999999659e-01   1.767041e+00   4.793542e-02
7.603277000000000507e-01   1.746611e+00   4.789275e-02
7.650390000000000246e-01   1.783752e+00   4.775928e-02
7.697502000000000510e-01   1.795785e+00   4.766638e-02
7.744615000000000249e-01   1.836871e+00   4.763413e-02
7.791727000000000514e-01   1.809546e+00   4.755124e-02
7.838840000000000252e-01   1.794125e+00   4.736892e-02
7.885952000000000517e-01   1.736980e+00   4.728387e-02
7.933065000000000255e-01   1.725860e+00   4.721918e-02
7.980177999999999994e-01   1.716457e+00   4.712626e-02
8.027290000000000258e-01   1.758880e+00   4.701499e-02
8.074402999999999997e-01   1.722280e+00   4.694496e-02
8.121515000000000262e-01   1.747082e+00   4.680845e-02
8.168628000000000000e-01   1.744817e+00   4.665516e-02
8.215740000000000265e-01   1.763337e+00   4.668126e-02
8.262853000000000003e-01   1.712793e+00   4.653193e-02
8.309965000000000268e-01   1.746474e+00   4.640932e-02
8.357078000000000007e-01   1.791231e+00   4.633720e-02
8.404190999999999745e-01   1.702333e+00   4.627251e-02
8.451303000000000010e-01   1.721456e+00   4.609822e-02
8.498415999999999748e-01   1.690279e+00   4.595673e-02
8.545528000000000013e-01   1.718261e+00   4.596463e-02
8.592640999999999751e-01   1.747184e+00   4.589503e-02
8.639753000000000016e-01   1.770699e+00   4.584849e-02
8.686865999999999755e-01   1.748238e+00   4.576984e-02
8.733978999999999493e-01   1.691902e+00   4.558126e-02
8.781090999999999758e-01   1.718915e+00   4.554310e-02
8.828203999999999496e-01   1.713588e+00   4.545737e-02
8.875315999999999761e-01   1.712297e+00   4.535394e-02
8.922428999999999499e-01   1.673754e+00   4.528265e-02
8.969540999999999764e-01   1.700937e+00   4.517080e-02
9.016653999999999503e-01   1.719423e+00   4.509193e-02
9.063767000000000351e-01   1.703806e+00   4.498403e-02
9.110878999999999506e-01   1.679928e+00   4.491220e-02
9.157992000000000354e-01   1.718431e+00   4.487677e-02
9.205103999999999509e-01   1.640631e+00   4.470138e-02
9.252217000000000358e-01   1.703329e+00   4.465014e-02
9.299328999999999512e-01   1.686453e+00   4.457812e-02
9.346442000000000361e-01   1.655622e+00   4.448299e-02
9.393553999999999515e-01   1.642794e+00   4.441573e-02
9.440667000000000364e-01   1.630655e+00   4.432221e-02
9.487780000000000102e-01   1.672393e+00   4.424743e-02
9.534892000000000367e-01   1.681753e+00   4.414130e-02
9.582005000000000106e-01   1.621898e+00   4.398923e-02
9.629117000000000370e-01   1.656743e+00   4.398603e-02
9.676230000000000109e-01   1.652378e+00   4.384981e-02
9.723342000000000374e-01   1.597927e+00   4.370942e-02
9.770455000000000112e-01   1.613464e+00   4.369462e-02
9.817567999999999850e-01   1.640657e+00   4.366086e-02
9.864680000000000115e-01   1.673580e+00   4.363107e-02
9.911792999999999854e-01   1.659556e+00   4.345981e-02
9.958905000000000118e-01   1.632057e+00   4.340536e-02
1.000601999999999991e+00   1.651499e+00   4.332997e-02
1.005312999999999901e+00   1.601966e+00   4.321510e-02
1.010024000000000033e+00   1.681654e+00   4.325692e-02
1.014736000000000082e+00   1.599790e+00   4.308800e-02
1.019446999999999992e+00   1.586880e+00   4.297840e-02
1.024157999999999902e+00   1.609539e+00   4.292128e-02
1.028869000000000034e+00   1.619374e+00   4.284051e-02
1.033581000000000083e+00   1.588974e+00   4.276072e-02
1.038291999999999993e+00   1.610373e+00   4.271334e-02
1.043002999999999902e+00   1.620669e+00   4.263055e-02
1.047714000000000034e+00   1.635443e+00   4.257163e-02
1.052426000000000084e+00   1.616805e+00   4.254280e-02
1.057136999999999993e+00   1.625814e+00   4.250680e-02
1.061847999999999903e+00   1.608307e+00   4.238519e-02
1.066559000000000035e+00   1.579687e+00   4.229584e-02
1.071271000000000084e+00   1.559021e+00   4.223749e-02
1.075981999999999994e+00   1.564643e+00   4.215460e-02
1.080692999999999904e+00   1.576389e+00   4.208440e-02
1.085404000000000035e+00   1.577996e+00   4.195662e-02
1.090116000000000085e+00   1.556399e+00   4.189944e-02
1.094826999999999995e+00   1.542635e+00   4.183142e-02
1.099537999999999904e+00   1.589929e+00   4.185198e-02
1.104249000000000036e+00   1.576475e+00   4.167722e-02
1.108961000000000086e+00   1.555285e+00   4.158733e-02
1.113671999999999995e+00   1.549587e+00   4.156921e-02
1.118382999999999905e+00   1.541514e+00   4.146721e-02
1.123094000000000037e+00   1.557362e+00   4.146134e-02
1.127806000000000086e+00   1.569273e+00   4.140628e-02
1.132516999999999996e+00   1.500189e+00   4.125085e-02
1.137227999999999906e+00   1.532738e+00   4.122574e-02
1.141939000000000037e+00   1.558049e+00   4.118469e-02
1.146651000000000087e+00   1.536815e+00   4.107040e-02
1.151361999999999997e+00   1.471146e+00   4.094271e-02
1.156072999999999906e+00   1.523058e+00   4.096871e-02
1.160784000000000038e+00   1.498036e+00   4.090515e-02
1.165496000000000087e+00   1.556127e+00   4.083267e-02
1.170206999999999997e+00   1.530297e+00   4.077450e-02
1.174917999999999907e+00   1.494594e+00   4.067840e-02
1.179629999999999956e+00   1.546883e+00   4.065401e-02
1.184341000000000088e+00   1.526291e+00   4.057235e-02
1.189051999999999998e+00   1.499833e+00   4.050948e-02
1.193762999999999908e+00   1.571089e+00   4.060495e-02
1.198474999999999957e+00   1.568906e+00   4.145330e-02
1.203186000000000089e+00   1.552043e+00   4.249790e-02
1.207896999999999998e+00   1.513977e+00   4.320480e-02
1.212607999999999908e+00   1.514523e+00   4.377000e-02
1.217319999999999958e+00   1.443828e+00   4.416714e-02
1.222031000000000089e+00   1.518598e+00   4.465569e-02
1.226741999999999999e+00   1.448890e+00   4.509183e-02
1.231452999999999909e+00   1.424128e+00   4.545833e-02
1.236164999999999958e+00   1.428378e+00   4.585006e-02
1.240876000000000090e+00   1.464288e+00   4.621708e-02
1.245587000000000000e+00   1.471041e+00   4.639566e-02
1.250297999999999909e+00   1.438697e+00   4.657964e-02
1.255009999999999959e+00   1.502964e+00   4.673097e-02
1.259721000000000091e+00   1.449902e+00   4.666064e-02
1.264432000000000000e+00   1.460929e+00   4.508430e-02
1.269142999999999910e+00   1.417165e+00   4.388134e-02
1.273854999999999960e+00   1.345484e+00   4.306289e-02
1.278566000000000091e+00   1.361421e+00   4.250268e-02
1.283277000000000001e+00   1.423345e+00   4.213166e-02
1.287987999999999911e+00   1.383817e+00   4.162345e-02
1.292699999999999960e+00   1.462004e+00   4.138009e-02
1.297411000000000092e+00   1.500981e+00   4.109367e-02
1.302122000000000002e+00   1.407707e+00   4.067376e-02
1.306832999999999911e+00   1.406317e+00   4.046724e-02
1.311544999999999961e+00   1.426522e+00   4.040878e-02
1.316256000000000093e+00   1.390332e+00   4.021665e-02
1.320967000000000002e+00   1.395194e+00   4.009549e-02
1.325677999999999912e+00   1.372932e+00   4.006136e-02
1.330389999999999961e+00   1.389192e+00   4.001284e-02
1.335101000000000093e+00   1.351643e+00   3.987792e-02
1.339812000000000003e+00   1.350489e+00   3.971781e-02
1.344522999999999913e+00   1.324826e+00   3.960667e-02
1.349234999999999962e+00   1.384693e+00   3.963185e-02
1.353946000000000094e+00   1.348475e+00   3.953572e-02
1.358657000000000004e+00   1.376317e+00   3.941739e-02
1.363369000000000053e+00   1.346425e+00   3.932188e-02
1.368079999999999963e+00   1.295860e+00   3.920851e-02
1.372791000000000095e+00   1.332984e+00   3.916627e-02
1.377502000000000004e+00   1.318661e+00   3.910799e-02
1.382214000000000054e+00   1.281501e+00   3.899600e-02
1.386924999999999963e+00   1.284534e+00   3.890108e-02
1.391636000000000095e+00   1.345342e+00   3.889484e-02
1.396347000000000005e+00   1.342598e+00   3.885932e-02
1.401059000000000054e+00   1.319283e+00   3.871098e-02
1.405769999999999964e+00   1.327555e+00   3.866281e-02
1.410481000000000096e+00   1.298876e+00   3.860610e-02
1.415192000000000005e+00   1.299246e+00   3.853781e-02
1.419904000000000055e+00   1.305293e+00   3.848475e-02
1.424614999999999965e+00   1.284638e+00   3.842806e-02
1.429326000000000096e+00   1.272807e+00   3.830433e-02
1.434037000000000006e+00   1.252814e+00   3.821829e-02
1.438749000000000056e+00   1.260789e+00   3.816267e-02
1.443459999999999965e+00   1.296204e+00   3.814863e-02
1.448171000000000097e+00   1.282487e+00   3.809474e-02
1.452882000000000007e+00   1.259747e+00   3.805444e-02
1.457594000000000056e+00   1.263643e+00   3.795596e-02
1.462304999999999966e+00   1.237116e+00   3.789152e-02
1.467016000000000098e+00   1.225026e+00   3.781040e-02
1.471727000000000007e+00   1.239785e+00   3.774176e-02
1.476439000000000057e+00   1.251249e+00   3.768948e-02
1.481149999999999967e+00   1.257044e+00   3.764246e-02
1.485861000000000098e+00   1.342181e+00   3.766734e-02
1.490572000000000008e+00   1.282555e+00   3.755845e-02
1.495284000000000058e+00   1.203546e+00   3.743314e-02
1.499994999999999967e+00   1.180327e+00   3.740101e-02
1.504706000000000099e+00   1.190680e+00   3.728994e-02
1.509417000000000009e+00   1.167443e+00   3.723268e-02
1.514129000000000058e+00   1.262244e+00   3.742682e-02
1.518839999999999968e+00   1.204921e+00   3.848657e-02
1.523551000000000100e+00   1.237008e+00   3.930755e-02
1.528262999999999927e+00   1.235848e+00   3.988060e-02
1.532974000000000059e+00   1.211845e+00   4.030234e-02
1.537684999999999969e+00   1.181727e+00   4.074726e-02
1.542396000000000100e+00   1.217206e+00   4.075212e-02
1.547107999999999928e+00   1.225373e+00   3.971791e-02
1.551819000000000059e+00   1.247868e+00   3.917138e-02
1.556529999999999969e+00   1.244870e+00   3.876768e-02
1.561241000000000101e+00   1.220474e+00   3.837876e-02
1.565952999999999928e+00   1.242535e+00   3.801192e-02
1.570664000000000060e+00   1.260491e+00   3.764383e-02
1.575374999999999970e+00   1.255295e+00   3.727342e-02
1.580086000000000102e+00   1.208204e+00   3.689159e-02
1.584797999999999929e+00   1.169731e+00   3.664566e-02
1.589509000000000061e+00   1.096027e+00   3.649564e-02
1.594219999999999970e+00   1.160865e+00   3.651439e-02
1.598931000000000102e+00   1.186463e+00   3.657948e-02
1.603642999999999930e+00   1.151901e+00   3.666059e-02
1.608354000000000061e+00   1.114270e+00   3.664156e-02
1.613064999999999971e+00   1.120117e+00   3.657759e-02
1.617776000000000103e+00   1.131510e+00   3.652315e-02
1.622487999999999930e+00   1.144959e+00   3.647529e-02
1.627199000000000062e+00   1.140712e+00   3.643135e-02
1.631909999999999972e+00   1.076339e+00   3.636753e-02
1.636621000000000103e+00   1.059934e+00   3.623852e-02
1.641332999999999931e+00   1.112401e+00   3.625156e-02
1.646044000000000063e+00   1.075991e+00   3.615751e-02
1.650754999999999972e+00   1.108500e+00   3.611100e-02
1.655466000000000104e+00   1.124406e+00   3.602207e-02
1.660177999999999932e+00   1.121754e+00   3.600638e-02
1.664889000000000063e+00   1.084492e+00   3.591430e-02
1.669599999999999973e+00   1.097821e+00   3.587767e-02
1.674311000000000105e+00   1.124655e+00   3.583707e-02
1.679022999999999932e+00   1.118693e+00   3.578583e-02
1.683734000000000064e+00   1.079327e+00   3.570012e-02
1.688444999999999974e+00   1.113003e+00   3.567347e-02
1.693156000000000105e+00   1.096710e+00   3.558915e-02
1.697867999999999933e+00   1.123307e+00   3.559967e-02
1.702579000000000065e+00   1.086498e+00   3.553637e-02
1.707289999999999974e+00   1.088316e+00   3.546676e-02
1.712002000000000024e+00   1.045317e+00   3.539579e-02
1.716712999999999933e+00   1.078588e+00   3.531991e-02
1.721424000000000065e+00   1.112955e+00   3.528301e-02
1.726134999999999975e+00   1.011343e+00   3.523384e-02
1.730847000000000024e+00   1.017399e+00   3.513679e-02
1.735557999999999934e+00   1.032299e+00   3.511367e-02
1.740269000000000066e+00   9.844778e-01   3.504051e-02
1.744979999999999976e+00   1.026308e+00   3.502553e-02
1.749692000000000025e+00   1.074165e+00   3.499052e-02
1.754402999999999935e+00   1.022106e+00   3.492710e-02
1.759114000000000066e+00   9.836940e-01   3.482086e-02
1.763824999999999976e+00   9.876584e-01   3.481485e-02
1.768537000000000026e+00   9.726725e-01   3.473114e-02
1.773247999999999935e+00   1.028018e+00   3.472576e-02
1.777959000000000067e+00   9.791827e-01   3.466280e-02
1.782669999999999977e+00   9.961208e-01   3.460787e-02
1.787382000000000026e+00   9.870887e-01   3.456245e-02
1.792092999999999936e+00   1.004898e+00   3.455418e-02
1.796804000000000068e+00   9.482540e-01   3.448195e-02
1.801514999999999977e+00   9.959673e-01   3.444499e-02
1.806227000000000027e+00   9.887438e-01   3.438623e-02
1.810937999999999937e+00   9.713518e-01   3.431244e-02
1.815649000000000068e+00   9.534500e-01   3.424680e-02
1.820359999999999978e+00   9.518946e-01   3.423196e-02
1.825072000000000028e+00   1.005024e+00   3.418630e-02
1.829782999999999937e+00   9.902690e-01   3.417251e-02
1.834494000000000069e+00   9.518421e-01   3.409375e-02
1.839204999999999979e+00   9.675096e-01   3.407310e-02
1.843917000000000028e+00   9.445750e-01   3.402537e-02
1.848627999999999938e+00   9.415411e-01   3.394367e-02
1.853339000000000070e+00   9.304098e-01   3.387793e-02
1.858049999999999979e+00   9.720894e-01   3.387375e-02
1.862762000000000029e+00   9.086729e-01   3.382851e-02
1.867472999999999939e+00   8.660158e-01   3.373820e-02
1.872184000000000070e+00   9.265437e-01   3.373100e-02
1.876894999999999980e+00   9.424801e-01   3.371356e-02
1.881607000000000030e+00   9.408278e-01   3.369195e-02
1.886317999999999939e+00   9.611322e-01   3.364857e-02
1.891029000000000071e+00   9.359797e-01   3.356969e-02
1.895740999999999898e+00   8.993116e-01   3.350826e-02
1.900452000000000030e+00   8.546811e-01   3.347097e-02
1.905162999999999940e+00   8.852432e-01   3.344566e-02
1.909874000000000072e+00   8.907537e-01   3.338321e-02
1.914585999999999899e+00   8.626989e-01   3.330708e-02
1.919297000000000031e+00   8.728573e-01   3.329684e-02
1.924007999999999940e+00   8.251137e-01   3.323036e-02
1.928719000000000072e+00   8.229282e-01   3.318176e-02
1.933430999999999900e+00   8.310940e-01   3.312485e-02
1.938142000000000031e+00   8.351643e-01   3.306991e-02
1.942852999999999941e+00   8.798386e-01   3.300178e-02
1.947564000000000073e+00   8.793652e-01   3.289880e-02
1.952275999999999900e+00   8.812198e-01   3.283156e-02
1.956987000000000032e+00   8.705823e-01   3.276803e-02
1.961697999999999942e+00   8.422944e-01   3.271605e-02
1.966409000000000074e+00   7.881517e-01   3.263008e-02
1.971120999999999901e+00   8.440117e-01   3.265403e-02
1.975832000000000033e+00   8.502055e-01   3.261697e-02
1.980542999999999942e+00   8.336516e-01   3.264796e-02
1.985254000000000074e+00   8.028434e-01   3.258030e-02
1.989965999999999902e+00   8.210783e-01   3.262383e-02
1.994677000000000033e+00   8.371558e-01   3.264276e-02
1.999387999999999943e+00   8.669354e-01   3.272860e-02
2.004099000000000075e+00   8.503352e-01   3.344186e-02
2.008811000000000124e+00   8.175999e-01   3.414903e-02
2.013522000000000034e+00   8.514140e-01   3.463334e-02
2.018232999999999944e+00   8.181832e-01   3.502250e-02
2.022943999999999853e+00   8.040383e-01   3.535586e-02
2.027655999999999903e+00   8.000148e-01   3.567502e-02
2.032366999999999813e+00   8.089427e-01   3.586451e-02
2.037078000000000166e+00   8.164412e-01   3.596454e-02
2.041789000000000076e+00   7.203643e-01   3.598727e-02
2.046501000000000126e+00   8.221223e-01   3.617199e-02
2.051212000000000035e+00   8.399976e-01   3.628740e-02
2.055922999999999945e+00   7.827176e-01   3.630974e-02
2.060633999999999855e+00   7.907430e-01   3.640351e-02
2.065345999999999904e+00   7.515914e-01   3.627396e-02
2.070056999999999814e+00   8.196131e-01   3.528751e-02
2.074768000000000168e+00   7.906552e-01   3.455301e-02
2.079480000000000217e+00   7.661285e-01   3.406864e-02
2.084191000000000127e+00   7.776335e-01   3.368491e-02
2.088902000000000037e+00   7.834852e-01   3.337876e-02
2.093612999999999946e+00   7.343394e-01   3.315537e-02
2.098324999999999996e+00   7.550741e-01   3.307143e-02
2.103035999999999905e+00   7.576016e-01   3.293647e-02
2.107746999999999815e+00   7.797272e-01   3.285506e-02
2.112458000000000169e+00   7.759500e-01   3.281562e-02
2.117170000000000218e+00   7.568778e-01   3.273757e-02
2.121881000000000128e+00   7.302447e-01   3.262446e-02
2.126592000000000038e+00   7.633417e-01   3.257468e-02
2.131302999999999948e+00   7.485697e-01   3.248478e-02
2.136014999999999997e+00   7.432785e-01   3.243408e-02
2.140725999999999907e+00   7.639672e-01   3.235980e-02
2.145436999999999816e+00   7.526410e-01   3.230028e-02
2.150148000000000170e+00   7.349977e-01   3.227366e-02
2.154860000000000220e+00   7.304053e-01   3.221305e-02
2.159571000000000129e+00   6.970707e-01   3.212444e-02
2.164282000000000039e+00   7.145662e-01   3.205941e-02
2.168992999999999949e+00   7.107688e-01   3.203029e-02
2.173704999999999998e+00   7.017051e-01   3.200180e-02
2.178415999999999908e+00   7.171295e-01   3.194562e-02
2.183126999999999818e+00   6.718229e-01   3.185508e-02
2.187838000000000171e+00   7.136146e-01   3.181803e-02
2.192550000000000221e+00   7.427846e-01   3.180923e-02
2.197261000000000131e+00   7.197627e-01   3.174966e-02
2.201972000000000040e+00   6.870194e-01   3.167246e-02
2.206682999999999950e+00   6.869898e-01   3.163839e-02
2.211395000000000000e+00   7.027658e-01   3.164096e-02
2.216105999999999909e+00   7.007449e-01   3.160048e-02
2.220816999999999819e+00   6.509177e-01   3.152023e-02
2.225528000000000173e+00   6.689455e-01   3.147620e-02
2.230239999999999778e+00   6.661174e-01   3.142134e-02
2.234951000000000132e+00   6.661630e-01   3.137764e-02
2.239662000000000042e+00   6.460640e-01   3.133990e-02
2.244372999999999951e+00   6.251466e-01   3.127570e-02
2.249085000000000001e+00   6.504353e-01   3.126684e-02
2.253795999999999911e+00   6.771561e-01   3.121696e-02
2.258506999999999820e+00   6.730670e-01   3.116118e-02
2.263218999999999870e+00   6.767081e-01   3.115708e-02
2.267929999999999779e+00   6.456965e-01   3.108605e-02
2.272641000000000133e+00   6.834510e-01   3.107545e-02
2.277352000000000043e+00   6.690128e-01   3.103081e-02
2.282064000000000092e+00   6.598095e-01   3.097785e-02
2.286775000000000002e+00   6.155319e-01   3.093197e-02
2.291485999999999912e+00   6.366750e-01   3.088743e-02
2.296196999999999822e+00   6.017038e-01   3.085645e-02
2.300908999999999871e+00   6.346914e-01   3.080555e-02
2.305619999999999781e+00   6.728348e-01   3.079045e-02
2.310331000000000135e+00   6.352671e-01   3.072139e-02
2.315042000000000044e+00   6.732523e-01   3.074474e-02
2.319754000000000094e+00   6.586571e-01   3.070173e-02
2.324465000000000003e+00   5.761813e-01   3.062751e-02
2.329175999999999913e+00   5.928919e-01   3.059401e-02
2.333886999999999823e+00   5.747341e-01   3.054350e-02
2.338598999999999872e+00   6.396975e-01   3.054366e-02
2.343309999999999782e+00   6.421717e-01   3.052183e-02
2.348021000000000136e+00   5.813898e-01   3.043556e-02
2.352732000000000046e+00   5.873976e-01   3.037207e-02
2.357444000000000095e+00   5.864985e-01   3.037515e-02
2.362155000000000005e+00   6.132219e-01   3.034381e-02
2.366865999999999914e+00   5.722225e-01   3.030720e-02
2.371576999999999824e+00   5.634720e-01   3.027254e-02
2.376288999999999874e+00   5.786133e-01   3.022969e-02
2.380999999999999783e+00   6.059213e-01   3.019680e-02
2.385711000000000137e+00   5.967627e-01   3.019995e-02
2.390422000000000047e+00   6.042022e-01   3.014877e-02
2.395134000000000096e+00   6.576392e-01   3.013745e-02
2.399845000000000006e+00   6.013496e-01   3.009298e-02
2.404555999999999916e+00   5.713642e-01   3.005777e-02
2.409266999999999825e+00   5.991282e-01   3.005520e-02
2.413978999999999875e+00   5.892469e-01   3.000818e-02
2.418689999999999785e+00   5.841936e-01   2.996771e-02
2.423401000000000138e+00   5.689891e-01   2.990773e-02
2.428112000000000048e+00   5.764438e-01   2.985528e-02
2.432824000000000098e+00   5.510761e-01   2.981275e-02
2.437535000000000007e+00   5.985870e-01   2.984256e-02
2.442245999999999917e+00   6.164102e-01   2.981747e-02
2.446957999999999966e+00   5.969110e-01   2.976284e-02
2.451668999999999876e+00   5.801286e-01   2.972710e-02
2.456379999999999786e+00   5.512744e-01   2.967286e-02
2.461091000000000140e+00   5.494269e-01   2.965381e-02
2.465803000000000189e+00   4.939642e-01   2.958946e-02
2.470514000000000099e+00   5.324616e-01   2.958908e-02
2.475225000000000009e+00   5.595412e-01   2.956150e-02
2.479935999999999918e+00   5.435624e-01   2.955560e-02
2.484647999999999968e+00   5.769335e-01   2.955494e-02
2.489358999999999877e+00   5.467605e-01   2.950251e-02
2.494069999999999787e+00   5.600453e-01   2.946678e-02
2.498781000000000141e+00   5.041084e-01   2.939159e-02
2.503493000000000190e+00   5.238224e-01   2.937149e-02
2.508204000000000100e+00   5.243061e-01   2.935097e-02
2.512915000000000010e+00   5.209155e-01   2.929101e-02
2.517625999999999920e+00   5.142506e-01   2.922342e-02
2.522337999999999969e+00   5.384636e-01   2.918341e-02
2.527048999999999879e+00   5.117068e-01   2.910469e-02
2.531759999999999788e+00   4.989484e-01   2.906104e-02
2.536471000000000142e+00   4.896101e-01   2.902171e-02
2.541183000000000192e+00   4.841036e-01   2.900459e-02
2.545894000000000101e+00   5.034668e-01   2.899067e-02
2.550605000000000011e+00   5.268650e-01   2.893822e-02
2.555315999999999921e+00   5.664936e-01   2.896854e-02
2.560027999999999970e+00   4.548735e-01   2.885150e-02
2.564738999999999880e+00   4.858580e-01   2.887799e-02
2.569449999999999790e+00   5.253204e-01   2.888388e-02
2.574161000000000143e+00   4.779609e-01   2.886190e-02
2.578873000000000193e+00   4.896656e-01   2.887391e-02
2.583584000000000103e+00   4.834814e-01   2.885316e-02
2.588295000000000012e+00   4.934536e-01   2.882054e-02
2.593005999999999922e+00   4.707405e-01   2.879037e-02
2.597717999999999972e+00   5.107573e-01   2.880466e-02
2.602428999999999881e+00   5.463185e-01   2.878671e-02
2.607139999999999791e+00   4.777878e-01   2.870440e-02
2.611851000000000145e+00   4.751644e-01   2.868104e-02
2.616563000000000194e+00   4.958955e-01   2.868134e-02
2.621274000000000104e+00   4.734450e-01   2.863981e-02
2.625985000000000014e+00   4.556303e-01   2.857216e-02
2.630697000000000063e+00   4.799145e-01   2.858471e-02
2.635407999999999973e+00   4.678950e-01   2.855865e-02
2.640118999999999883e+00   4.803337e-01   2.854298e-02
2.644829999999999792e+00   4.854428e-01   2.852516e-02
2.649541999999999842e+00   4.307224e-01   2.845301e-02
2.654253000000000196e+00   4.510296e-01   2.842776e-02
2.658964000000000105e+00   4.653432e-01   2.841837e-02
2.663675000000000015e+00   4.570618e-01   2.838889e-02
2.668387000000000064e+00   4.230628e-01   2.835003e-02
2.673097999999999974e+00   4.737817e-01   2.834553e-02
2.677808999999999884e+00   4.333929e-01   2.829470e-02
2.682519999999999794e+00   4.534306e-01   2.827959e-02
2.687231999999999843e+00   4.962544e-01   2.829863e-02
2.691943000000000197e+00   4.857436e-01   2.823703e-02
2.696654000000000106e+00   5.005642e-01   2.823193e-02
2.701365000000000016e+00   5.023770e-01   2.821626e-02
2.706077000000000066e+00   4.620559e-01   2.816656e-02
2.710787999999999975e+00   4.912455e-01   2.814816e-02
2.715498999999999885e+00   4.590097e-01   2.808569e-02
2.720209999999999795e+00   4.288055e-01   2.804567e-02
2.724921999999999844e+00   4.376488e-01   2.802419e-02
2.729633000000000198e+00   4.272623e-01   2.796830e-02
2.734344000000000108e+00   4.191860e-01   2.797577e-02
2.739055000000000017e+00   4.771607e-01   2.798080e-02
2.743767000000000067e+00   4.347026e-01   2.796548e-02
2.748477999999999977e+00   4.221443e-01   2.792057e-02
2.753188999999999886e+00   4.242094e-01   2.787791e-02
2.757899999999999796e+00   4.323168e-01   2.786720e-02
2.762611999999999846e+00   3.983589e-01   2.783529e-02
2.767323000000000199e+00   4.248447e-01   2.780189e-02
2.772034000000000109e+00   4.566285e-01   2.779758e-02
2.776745000000000019e+00   4.079756e-01   2.774764e-02
2.781457000000000068e+00   4.237403e-01   2.774176e-02
2.786167999999999978e+00   4.313344e-01   2.771334e-02
2.790878999999999888e+00   4.172596e-01   2.768302e-02
2.795589999999999797e+00   4.147385e-01   2.765845e-02
2.800301999999999847e+00   4.249368e-01   2.767767e-02
2.805013000000000201e+00   4.156680e-01   2.778704e-02
2.809724000000000110e+00   4.389078e-01   2.849797e-02
2.814436000000000160e+00   3.922881e-01   2.890247e-02
2.819147000000000070e+00   4.484367e-01   2.927301e-02
2.823857999999999979e+00   4.215175e-01   2.951154e-02
2.828568999999999889e+00   4.316872e-01   2.966586e-02
2.833280999999999938e+00   4.132893e-01   2.977153e-02
2.837991999999999848e+00   3.710078e-01   2.984628e-02
2.842703000000000202e+00   4.026456e-01   2.995693e-02
2.847414000000000112e+00   3.696606e-01   2.999597e-02
2.852126000000000161e+00   3.925085e-01   3.011378e-02
2.856837000000000071e+00   3.456761e-01   3.013352e-02
2.861547999999999981e+00   4.040838e-01   3.020553e-02
2.866258999999999890e+00   3.999042e-01   3.028230e-02
2.870970999999999940e+00   3.783115e-01   3.005810e-02
2.875681999999999849e+00   3.457695e-01   2.924280e-02
2.880393000000000203e+00   3.765463e-01   2.881527e-02
2.885104000000000113e+00   3.901546e-01   2.854324e-02
2.889816000000000162e+00   4.173225e-01   2.831284e-02
2.894527000000000072e+00   3.892468e-01   2.817795e-02
2.899237999999999982e+00   3.602749e-01   2.806051e-02
2.903948999999999891e+00   3.927455e-01   2.801547e-02
2.908660999999999941e+00   3.744041e-01   2.794713e-02
2.913371999999999851e+00   3.980399e-01   2.791280e-02
2.918083000000000204e+00   4.023627e-01   2.786169e-02
2.922794000000000114e+00   4.058183e-01   2.779901e-02
2.927506000000000164e+00   3.793260e-01   2.775772e-02
2.932217000000000073e+00   3.378308e-01   2.767938e-02
2.936927999999999983e+00   3.977856e-01   2.766984e-02
2.941638999999999893e+00   3.780640e-01   2.762893e-02
2.946350999999999942e+00   3.677283e-01   2.758580e-02
2.951061999999999852e+00   3.948900e-01   2.756087e-02
2.955773000000000206e+00   4.039991e-01   2.751960e-02
2.960484000000000115e+00   3.660976e-01   2.745126e-02
2.965196000000000165e+00   3.676640e-01   2.743150e-02
2.969907000000000075e+00   3.900243e-01   2.743876e-02
2.974617999999999984e+00   3.640602e-01   2.737730e-02
2.979328999999999894e+00   3.497719e-01   2.731764e-02
2.984040999999999944e+00   3.945226e-01   2.731473e-02
2.988751999999999853e+00   3.605990e-01   2.727882e-02
2.993463000000000207e+00   3.701874e-01   2.723903e-02
2.998174999999999812e+00   3.786328e-01   2.721270e-02
3.002886000000000166e+00   3.308602e-01   2.719206e-02
3.007597000000000076e+00   3.775187e-01   2.716928e-02
3.012307999999999986e+00   3.954177e-01   2.714218e-02
3.017020000000000035e+00   3.676847e-01   2.709143e-02
3.021730999999999945e+00   3.609984e-01   2.705061e-02
3.026441999999999855e+00   3.628231e-01   2.701243e-02
3.031153000000000208e+00   3.409026e-01   2.701497e-02
3.035864999999999814e+00   3.241651e-01   2.693980e-02
3.040576000000000167e+00   3.481087e-01   2.693403e-02
3.045287000000000077e+00   3.415147e-01   2.690064e-02
3.049997999999999987e+00   3.430909e-01   2.688157e-02
3.054710000000000036e+00   3.551218e-01   2.684168e-02
3.059420999999999946e+00   3.279591e-01   2.679797e-02
3.064131999999999856e+00   3.342604e-01   2.678131e-02
3.068843000000000210e+00   3.113670e-01   2.675710e-02
3.073554999999999815e+00   3.497595e-01   2.675986e-02
3.078266000000000169e+00   3.495710e-01   2.672291e-02
3.082977000000000078e+00   3.333924e-01   2.668810e-02
3.087687999999999988e+00   3.162473e-01   2.667919e-02
3.092400000000000038e+00   3.249744e-01   2.665283e-02
3.097110999999999947e+00   3.380419e-01   2.663037e-02
3.101821999999999857e+00   3.532410e-01   2.660732e-02
3.106533000000000211e+00   3.217848e-01   2.655292e-02
3.111244999999999816e+00   3.298398e-01   2.655632e-02
3.115956000000000170e+00   3.670371e-01   2.653828e-02
3.120667000000000080e+00   3.594387e-01   2.650339e-02
3.125377999999999989e+00   2.859395e-01   2.644622e-02
3.130090000000000039e+00   3.244007e-01   2.644745e-02
3.134800999999999949e+00   3.314495e-01   2.642226e-02
3.139511999999999858e+00   3.150655e-01   2.638919e-02
3.144223000000000212e+00   3.180478e-01   2.636138e-02
3.148934999999999818e+00   2.790149e-01   2.633629e-02
3.153646000000000171e+00   3.060936e-01   2.632955e-02
3.158357000000000081e+00   3.254432e-01   2.633437e-02
3.163067999999999991e+00   3.211479e-01   2.629451e-02
3.167780000000000040e+00   3.285738e-01   2.628025e-02
3.172490999999999950e+00   3.085808e-01   2.622513e-02
3.177201999999999860e+00   2.911517e-01   2.617922e-02
3.181913999999999909e+00   2.947770e-01   2.617585e-02
3.186624999999999819e+00   3.215748e-01   2.615066e-02
3.191336000000000173e+00   2.964696e-01   2.610683e-02
3.196047000000000082e+00   2.890097e-01   2.606681e-02
3.200759000000000132e+00   3.013005e-01   2.604133e-02
3.205470000000000041e+00   3.418299e-01   2.601021e-02
3.210180999999999951e+00   3.295461e-01   2.597421e-02
3.214891999999999861e+00   3.400884e-01   2.596421e-02
3.219603999999999910e+00   3.090426e-01   2.592157e-02
3.224314999999999820e+00   2.886481e-01   2.588973e-02
3.229026000000000174e+00   3.100280e-01   2.585861e-02
3.233737000000000084e+00   2.682351e-01   2.582507e-02
3.238449000000000133e+00   3.088218e-01   2.585455e-02
3.243160000000000043e+00   3.352903e-01   2.586578e-02
3.247870999999999952e+00   3.015119e-01   2.582215e-02
3.252581999999999862e+00   2.827265e-01   2.581796e-02
3.257293999999999912e+00   2.956793e-01   2.583521e-02
3.262004999999999821e+00   2.973059e-01   2.580865e-02
3.266716000000000175e+00   3.355961e-01   2.580913e-02
3.271427000000000085e+00   2.767023e-01   2.576675e-02
3.276139000000000134e+00   3.072569e-01   2.576956e-02
3.280850000000000044e+00   3.082671e-01   2.574589e-02
3.285560999999999954e+00   2.702958e-01   2.572533e-02
3.290271999999999863e+00   2.663752e-01   2.568590e-02
3.294983999999999913e+00   2.692417e-01   2.566410e-02
3.299694999999999823e+00   2.477400e-01   2.562887e-02
3.304406000000000176e+00   3.379983e-01   2.564459e-02
3.309117000000000086e+00   2.997541e-01   2.562222e-02
3.313829000000000136e+00   2.989767e-01   2.560970e-02
3.318540000000000045e+00   2.743197e-01   2.556785e-02
3.323250999999999955e+00   2.885998e-01   2.555115e-02
3.327961999999999865e+00   3.140777e-01   2.553546e-02
3.332673999999999914e+00   2.662616e-01   2.549424e-02
3.337384999999999824e+00   2.745015e-01   2.547392e-02
3.342096000000000178e+00   3.105444e-01   2.545419e-02
3.346807000000000087e+00   2.585784e-01   2.541813e-02
3.351519000000000137e+00   2.569229e-01   2.541204e-02
3.356230000000000047e+00   2.609633e-01   2.541679e-02
3.360940999999999956e+00   2.805893e-01   2.539750e-02
3.365653000000000006e+00   2.418900e-01   2.536325e-02
3.370363999999999916e+00   2.453089e-01   2.532385e-02
3.375074999999999825e+00   2.498545e-01   2.530941e-02
3.379786000000000179e+00   2.606976e-01   2.529567e-02
3.384497999999999784e+00   2.745606e-01   2.531953e-02
3.389209000000000138e+00   2.780357e-01   2.546028e-02
3.393920000000000048e+00   2.866357e-01   2.605316e-02
3.398630999999999958e+00   2.483431e-01   2.640139e-02
3.403343000000000007e+00   2.599769e-01   2.666427e-02
3.408053999999999917e+00   2.434093e-01   2.686238e-02
3.412764999999999826e+00   2.524583e-01   2.695815e-02
3.417476000000000180e+00   3.149435e-01   2.697274e-02
3.422187999999999786e+00   3.149706e-01   2.698705e-02
3.426899000000000139e+00   2.563342e-01   2.700595e-02
3.431610000000000049e+00   2.472344e-01   2.706860e-02
3.436320999999999959e+00   2.762640e-01   2.715729e-02
3.441033000000000008e+00   2.704036e-01   2.721460e-02
3.445743999999999918e+00   2.529385e-01   2.723978e-02
3.450454999999999828e+00   2.843744e-01   2.730879e-02
3.455166000000000182e+00   2.441815e-01   2.733792e-02
3.459877999999999787e+00   2.220192e-01   2.735617e-02
3.464589000000000141e+00   1.873064e-01   2.740180e-02
3.469300000000000050e+00   2.260904e-01   2.747081e-02
3.474010999999999960e+00   2.043941e-01   2.749324e-02
3.478723000000000010e+00   1.947144e-01   2.751947e-02
3.483433999999999919e+00   2.102996e-01   2.756020e-02
3.488144999999999829e+00   2.188912e-01   2.763636e-02
3.492856000000000183e+00   2.713971e-01   2.767187e-02
3.497567999999999788e+00   2.414843e-01   2.767762e-02
3.502279000000000142e+00   2.974233e-01   2.774949e-02
3.506990000000000052e+00   3.005553e-01   2.775708e-02
3.511700999999999961e+00   2.573359e-01   2.778771e-02
3.516413000000000011e+00   2.287614e-01   2.781651e-02
3.521123999999999921e+00   2.349566e-01   2.785387e-02
3.525834999999999830e+00   2.235682e-01   2.787717e-02
3.530546000000000184e+00   2.427476e-01   2.790849e-02
3.535257999999999790e+00   2.500923e-01   2.794696e-02
3.539969000000000143e+00   2.773635e-01   2.797087e-02
3.544680000000000053e+00   2.846965e-01   2.800313e-02
3.549392000000000102e+00   2.105744e-01   2.800566e-02
3.554103000000000012e+00   2.596113e-01   2.805252e-02
3.558813999999999922e+00   2.196616e-01   2.805104e-02
3.563524999999999832e+00   2.086118e-01   2.807920e-02
3.568236999999999881e+00   2.871979e-01   2.814669e-02
3.572947999999999791e+00   2.815418e-01   2.816474e-02
3.577659000000000145e+00   2.204323e-01   2.814972e-02
3.582370000000000054e+00   2.067396e-01   2.816698e-02
3.587082000000000104e+00   1.889263e-01   2.817773e-02
3.591793000000000013e+00   2.085798e-01   2.819804e-02
3.596503999999999923e+00   2.516076e-01   2.822504e-02
3.601214999999999833e+00   2.474506e-01   2.820800e-02
3.605926999999999882e+00   2.798071e-01   2.825383e-02
3.610637999999999792e+00   2.156866e-01   2.875187e-02
3.615349000000000146e+00   2.220956e-01   2.962675e-02
3.620060000000000056e+00   2.455763e-01   3.011286e-02
3.624772000000000105e+00   1.884046e-01   3.043740e-02
3.629483000000000015e+00   2.051345e-01   3.068780e-02
3.634193999999999924e+00   2.274415e-01   3.094712e-02
3.638904999999999834e+00   2.193458e-01   3.112435e-02
3.643616999999999884e+00   2.716926e-01   3.134461e-02
3.648327999999999793e+00   2.728408e-01   3.150190e-02
3.653039000000000147e+00   2.222686e-01   3.157529e-02
3.657750000000000057e+00   2.071252e-01   3.173643e-02
3.662462000000000106e+00   1.826552e-01   3.186566e-02
3.667173000000000016e+00   1.908169e-01   3.203716e-02
3.671883999999999926e+00   2.247833e-01   3.222320e-02
3.676594999999999835e+00   2.376515e-01   3.232864e-02
3.681306999999999885e+00   1.952671e-01   3.244135e-02
3.686017999999999795e+00   1.928869e-01   3.263544e-02
3.690729000000000148e+00   2.093774e-01   3.276578e-02
3.695440000000000058e+00   2.537391e-01   3.296994e-02
3.700152000000000108e+00   2.456877e-01   3.307314e-02
3.704863000000000017e+00   2.138984e-01   3.319661e-02
3.709573999999999927e+00   2.043931e-01   3.331878e-02
3.714284999999999837e+00   2.606754e-01   3.352893e-02
3.718996999999999886e+00   2.126884e-01   3.359188e-02
3.723707999999999796e+00   2.285276e-01   3.373813e-02
3.728419000000000150e+00   1.738977e-01   3.382082e-02
3.733131000000000199e+00   2.098052e-01   3.398590e-02
3.737842000000000109e+00   2.109725e-01   3.412877e-02
3.742553000000000019e+00   2.243792e-01   3.425911e-02
3.747263999999999928e+00   2.083777e-01   3.440855e-02
3.751975999999999978e+00   2.058772e-01   3.451807e-02
3.756686999999999887e+00   1.821834e-01   3.460272e-02
3.761397999999999797e+00   1.766018e-01   3.469012e-02
3.766109000000000151e+00   2.169808e-01   3.482950e-02
3.770821000000000200e+00   2.390952e-01   3.498807e-02
3.775532000000000110e+00   2.330460e-01   3.513223e-02
3.780243000000000020e+00   2.187129e-01   3.527486e-02
3.784953999999999930e+00   2.272955e-01   3.540954e-02
3.789665999999999979e+00   2.412584e-01   3.553829e-02
3.794376999999999889e+00   2.041923e-01   3.566559e-02
3.799087999999999798e+00   1.860700e-01   3.577969e-02
3.803799000000000152e+00   1.414041e-01   3.582519e-02
3.808511000000000202e+00   1.932404e-01   3.600376e-02
3.813222000000000111e+00   1.821009e-01   3.611019e-02
3.817933000000000021e+00   2.116434e-01   3.629590e-02
3.822643999999999931e+00   2.349285e-01   3.637792e-02
3.827355999999999980e+00   2.083846e-01   3.653100e-02
3.832066999999999890e+00   2.058428e-01   3.666227e-02
3.836777999999999800e+00   1.661790e-01   3.675096e-02
3.841489000000000154e+00   2.129593e-01   3.692441e-02
3.846201000000000203e+00   2.270769e-01   3.700224e-02
3.850912000000000113e+00   2.340289e-01   3.716753e-02
3.855623000000000022e+00   2.015547e-01   3.725563e-02
3.860333999999999932e+00   1.973894e-01   3.735993e-02
3.865045999999999982e+00   1.488276e-01   3.747751e-02
3.869756999999999891e+00   2.038935e-01   3.771555e-02
3.874467999999999801e+00   2.146371e-01   3.780363e-02
3.879179000000000155e+00   1.645801e-01   3.795618e-02
3.883891000000000204e+00   1.575951e-01   3.807865e-02
3.888602000000000114e+00   1.972847e-01   3.820868e-02
3.893313000000000024e+00   1.815634e-01   3.832371e-02
3.898023999999999933e+00   1.940080e-01   3.845857e-02
3.902735999999999983e+00   2.299746e-01   3.859726e-02
3.907446999999999893e+00   1.734576e-01   3.866345e-02
3.912157999999999802e+00   1.671026e-01   3.878752e-02
3.916869999999999852e+00   2.318103e-01   3.897167e-02
3.921581000000000206e+00   2.060849e-01   3.896419e-02
3.926292000000000115e+00   1.402290e-01   3.896238e-02
3.931003000000000025e+00   1.702047e-01   3.913283e-02
3.935715000000000074e+00   1.751655e-01   3.913251e-02
3.940425999999999984e+00   1.669405e-01   3.922413e-02
3.945136999999999894e+00   1.598311e-01   3.927203e-02
3.949847999999999804e+00   2.496756e-01   3.936880e-02
3.954559999999999853e+00   2.021620e-01   3.943788e-02
3.959271000000000207e+00   1.569271e-01   3.945473e-02
3.963982000000000117e+00   1.613132e-01   3.943237e-02
3.968693000000000026e+00   1.215889e-01   3.950641e-02
3.973405000000000076e+00   1.741575e-01   3.962612e-02
3.978115999999999985e+00   1.736831e-01   3.977183e-02
3.982826999999999895e+00   1.776164e-01   3.993481e-02
3.987537999999999805e+00   2.004673e-01   4.007113e-02
3.992249999999999854e+00   1.602397e-01   4.013441e-02
3.996961000000000208e+00   1.678726e-01   4.029796e-02
4.001672000000000118e+00   1.707130e-01   4.041625e-02
4.006382999999999583e+00   1.564408e-01   4.053525e-02
4.011095000000000077e+00   1.254381e-01   4.064052e-02
4.015806000000000431e+00   1.075634e-01   4.082501e-02
4.020516999999999896e+00   1.705496e-01   4.097424e-02
4.025228000000000250e+00   2.044761e-01   4.107698e-02
4.029939999999999856e+00   1.556315e-01   4.120422e-02
4.034651000000000209e+00   1.661260e-01   4.140433e-02
4.039361999999999675e+00   1.781432e-01   4.155285e-02
4.044073000000000029e+00   1.603154e-01   4.169853e-02
4.048784999999999634e+00   1.940542e-01   4.186555e-02
4.053495999999999988e+00   1.718955e-01   4.200148e-02
4.058207000000000342e+00   2.096833e-01   4.213948e-02
4.062917999999999807e+00   1.993726e-01   4.228447e-02
4.067630000000000301e+00   1.516190e-01   4.239830e-02
4.072340999999999767e+00   1.476619e-01   4.255963e-02
4.077052000000000120e+00   1.323054e-01   4.270318e-02
4.081762999999999586e+00   1.567103e-01   4.290336e-02
4.086475000000000080e+00   1.544195e-01   4.298806e-02
4.091186000000000433e+00   1.977149e-01   4.319332e-02
4.095896999999999899e+00   1.849204e-01   4.338739e-02
4.100609000000000393e+00   1.613128e-01   4.347833e-02
4.105319999999999858e+00   1.624342e-01   4.363998e-02
4.110031000000000212e+00   1.299183e-01   4.378062e-02
4.114741999999999678e+00   1.457549e-01   4.401099e-02
4.119454000000000171e+00   2.180712e-01   4.415925e-02
4.124164999999999637e+00   1.907244e-01   4.429767e-02
4.128875999999999991e+00   2.323911e-01   4.451840e-02
4.133587000000000344e+00   2.153709e-01   4.462520e-02
4.138298999999999950e+00   1.313503e-01   4.473814e-02
4.143010000000000304e+00   1.298759e-01   4.483759e-02
4.147720999999999769e+00   1.138489e-01   4.495516e-02
4.152432000000000123e+00   1.314339e-01   4.519782e-02
4.157143999999999728e+00   1.515771e-01   4.529988e-02
4.161855000000000082e+00   1.869115e-01   4.555922e-02
4.166566000000000436e+00   2.163354e-01   4.580461e-02
4.171276999999999902e+00   1.570695e-01   4.593633e-02
4.175989000000000395e+00   1.376120e-01   4.607216e-02
4.180699999999999861e+00   1.720668e-01   4.633010e-02
4.185411000000000215e+00   1.529586e-01   4.640991e-02
4.190121999999999680e+00   1.556671e-01   4.656714e-02
4.194834000000000174e+00   1.950677e-01   4.681856e-02
4.199544999999999639e+00   1.910368e-01   4.703202e-02
4.204255999999999993e+00   1.529130e-01   4.717431e-02
4.208967000000000347e+00   1.496797e-01   4.733113e-02
4.213678999999999952e+00   1.774947e-01   4.749555e-02
4.218390000000000306e+00   1.618959e-01   4.774542e-02
4.223100999999999772e+00   1.689770e-01   4.787507e-02
4.227812000000000126e+00   2.370582e-01   4.814079e-02
4.232523999999999731e+00   2.546825e-01   4.847951e-02
4.237235000000000085e+00   1.177371e-01   4.851265e-02
4.241946000000000438e+00   1.217916e-01   4.868326e-02
4.246656999999999904e+00   1.030690e-01   4.880122e-02
4.251369000000000398e+00   1.541195e-01   4.909500e-02
4.256079999999999863e+00   2.307428e-01   4.942307e-02
4.260791000000000217e+00   1.351495e-01   4.950694e-02
4.265501999999999683e+00   1.305915e-01   4.971306e-02
4.270214000000000176e+00   1.674754e-01   4.992522e-02
4.274924999999999642e+00   1.563827e-01   5.009476e-02
4.279635999999999996e+00   1.360281e-01   5.029923e-02
4.284347999999999601e+00   1.520387e-01   5.049540e-02
4.289058999999999955e+00   1.614619e-01   5.075752e-02
4.293770000000000309e+00   1.877873e-01   5.091041e-02
4.298480999999999774e+00   2.275657e-01   5.123151e-02
4.303193000000000268e+00   1.864421e-01   5.143934e-02
4.307903999999999733e+00   1.332608e-01   5.162382e-02
4.312615000000000087e+00   1.051948e-01   5.191178e-02
4.317326000000000441e+00   1.392400e-01   5.217815e-02
4.322038000000000046e+00   2.000407e-01   5.248620e-02
4.326749000000000400e+00   1.361636e-01   5.260367e-02
4.331459999999999866e+00   1.344457e-01   5.289777e-02
4.336171000000000220e+00   2.133771e-01   5.312386e-02
4.340882999999999825e+00   1.662701e-01   5.336432e-02
4.345594000000000179e+00   1.324704e-01   5.351002e-02
4.350304999999999644e+00   1.208526e-01   5.376340e-02
4.355015999999999998e+00   1.676599e-01   5.407647e-02
4.359727999999999604e+00   1.269333e-01   5.430476e-02
4.364438999999999957e+00   1.259751e-01   5.459563e-02
4.369150000000000311e+00   1.260804e-01   5.481860e-02
4.373860999999999777e+00   2.042242e-01   5.517138e-02
4.378573000000000270e+00   1.083674e-01   5.539865e-02
4.383283999999999736e+00   1.184181e-01   5.565120e-02
4.387995000000000090e+00   2.240743e-01   5.594310e-02
4.392706000000000444e+00   1.385872e-01   5.607391e-02
4.397418000000000049e+00   1.294622e-01   5.627700e-02
4.402129000000000403e+00   1.100041e-01   5.642683e-02
4.406839999999999868e+00   1.376322e-01   5.650833e-02
4.411551000000000222e+00   1.785059e-01   5.654794e-02
4.416262999999999828e+00   1.242936e-01   5.653473e-02
4.420974000000000181e+00   1.245250e-01   5.662232e-02
4.425684999999999647e+00   8.379750e-02   5.657321e-02
4.430396000000000001e+00   5.184417e-02   5.659924e-02
4.435107999999999606e+00   1.093517e-01   5.671259e-02
4.439818999999999960e+00   1.774629e-01   5.695541e-02
4.444530000000000314e+00   2.003868e-01   5.725513e-02
4.449240999999999779e+00   1.911966e-01   5.750998e-02
4.453953000000000273e+00   1.408531e-01   5.767145e-02
4.458663999999999739e+00   9.733771e-02   5.796423e-02
4.463375000000000092e+00   1.171086e-01   5.831625e-02
4.468086999999999698e+00   9.645646e-02   5.848332e-02
4.472798000000000052e+00   9.510500e-02   5.894848e-02
4.477509000000000405e+00   1.801557e-01   5.937496e-02
4.482219999999999871e+00   1.825538e-01   5.969215e-02
4.486932000000000365e+00   1.576070e-01   5.989443e-02
4.491642999999999830e+00   2.285516e-01   6.035086e-02
4.496354000000000184e+00   1.581620e-01   6.052380e-02
4.501064999999999650e+00   1.385042e-01   6.082180e-02
4.505777000000000143e+00   1.950414e-01   6.124736e-02
4.510487999999999609e+00   1.834457e-01   6.171877e-02
4.515198999999999963e+00   1.220505e-01   6.208016e-02
4.519910000000000316e+00   1.136136e-01   6.237278e-02
4.524621999999999922e+00   9.785635e-02   6.270693e-02
4.529333000000000276e+00   1.224195e-01   6.313060e-02
4.534043999999999741e+00   1.437036e-01   6.347152e-02
4.538755000000000095e+00   1.383724e-01   6.393970e-02
4.543466999999999700e+00   9.463438e-02   6.425548e-02
4.548178000000000054e+00   9.480708e-02   6.448338e-02
4.552889000000000408e+00   1.210324e-01   6.502322e-02
4.557599999999999874e+00   1.154531e-01   6.543870e-02
4.562312000000000367e+00   7.431135e-02   6.588422e-02
4.567022999999999833e+00   1.043786e-01   6.638512e-02
4.571734000000000187e+00   1.890789e-01   6.711942e-02
4.576444999999999652e+00   1.841473e-01   6.751616e-02
4.581157000000000146e+00   1.999628e-01   6.785172e-02
4.585867999999999611e+00   8.608375e-02   6.806398e-02
4.590578999999999965e+00   9.139146e-02   6.845182e-02
4.595290000000000319e+00   1.217766e-01   6.904297e-02
4.600001999999999924e+00   1.896663e-01   6.962512e-02
4.604713000000000278e+00   2.121320e-01   7.027766e-02
4.609423999999999744e+00   1.351709e-01   7.068892e-02
4.614135000000000097e+00   1.735503e-01   7.128294e-02
4.618846999999999703e+00   3.514448e-02   7.162063e-02
4.623558000000000057e+00   9.551323e-02   7.213965e-02
4.628269000000000410e+00   1.971998e-01   7.277608e-02
4.632979999999999876e+00   2.045575e-01   7.354185e-02
4.637692000000000370e+00   2.226270e-01   7.417009e-02
4.642402999999999835e+00   1.615321e-01   7.464114e-02
4.647114000000000189e+00   1.627413e-01   7.527733e-02
4.651825999999999794e+00   1.470518e-01   7.587189e-02
4.656537000000000148e+00   1.251911e-01   7.646458e-02
4.661247999999999614e+00   1.817625e-02   7.695794e-02
4.665958999999999968e+00   5.273396e-02   7.759335e-02
4.670670999999999573e+00   2.027747e-01   7.866697e-02
4.675381999999999927e+00   1.591270e-01   7.937310e-02
4.680093000000000281e+00   2.544802e-02   7.972393e-02
4.684803999999999746e+00   1.282860e-01   8.052980e-02
4.689516000000000240e+00   2.087630e-01   8.146238e-02
4.694226999999999705e+00   1.711845e-01   8.207348e-02
4.698938000000000059e+00   3.930573e-02   8.260899e-02
4.703649000000000413e+00   1.146165e-01   8.373476e-02
4.708361000000000018e+00   1.667314e-01   8.479719e-02
4.713072000000000372e+00   9.564313e-02   8.543083e-02
4.717782999999999838e+00   2.174611e-01   8.679876e-02
4.722494000000000192e+00   1.770209e-01   8.759365e-02
4.727205999999999797e+00   8.752885e-02   8.825872e-02
4.731917000000000151e+00   8.954073e-02   8.922804e-02
4.736627999999999616e+00   6.912750e-02   9.025382e-02
4.741338999999999970e+00   6.721354e-02   9.127886e-02
4.746050999999999576e+00  -8.901729e-02   9.250752e-02
4.750761999999999929e+00   4.506125e-02   9.365553e-02
4.755473000000000283e+00   3.725344e-02   9.474117e-02
4.760183999999999749e+00   7.913479e-02   9.601353e-02
4.764896000000000242e+00   1.700416e-01   9.741320e-02
4.769606999999999708e+00   1.706822e-01   9.848190e-02
4.774318000000000062e+00   3.192906e-01   1.008078e-01
4.779029000000000416e+00   1.404569e-01   1.017694e-01
4.783741000000000021e+00   1.986136e-01   1.034066e-01
4.788452000000000375e+00   1.562480e-01   1.051649e-01
4.793162999999999840e+00   9.171927e-02   1.059701e-01
4.797874000000000194e+00   2.843255e-01   1.081323e-01
4.802585999999999800e+00   1.928115e-01   1.097958e-01
4.807297000000000153e+00   1.110496e-01   1.116712e-01
4.812007999999999619e+00   8.838333e-03   1.132019e-01
4.816718999999999973e+00   6.201510e-02   1.153228e-01
4.821430999999999578e+00   1.856221e-01   1.180020e-01
4.826141999999999932e+00  -5.868750e-03   1.202156e-01
4.830853000000000286e+00   6.276938e-02   1.224055e-01
4.835564999999999891e+00   1.466407e-01   1.247841e-01
4.840276000000000245e+00   2.620252e-01   1.285755e-01
4.844986999999999711e+00   1.906633e-01   1.310949e-01
4.849698000000000064e+00   9.418719e-02   1.343719e-01
4.854409999999999670e+00   1.119356e-01   1.380873e-01
4.859121000000000024e+00  -2.171719e-02   1.415073e-01
4.863832000000000377e+00  -6.238854e-02   1.451119e-01
4.868542999999999843e+00  -1.168971e-01   1.499307e-01
4.873255000000000337e+00  -1.543195e-01   1.538307e-01
4.877965999999999802e+00   1.613569e-01   1.601806e-01
4.882677000000000156e+00   1.543580e-01   1.669746e-01
4.887387999999999622e+00   1.760337e-01   1.727653e-01
4.892100000000000115e+00   2.414830e-01   1.812941e-01
4.896810999999999581e+00   1.508280e-01   1.896384e-01
4.901521999999999935e+00   8.065677e-02   1.983957e-01
4.906233000000000288e+00   2.735725e-01   2.112913e-01
4.910944999999999894e+00  -9.115021e-02   2.236773e-01
4.915656000000000247e+00   2.306756e-01   2.400556e-01
4.920366999999999713e+00   3.329744e-01   2.641869e-01
4.925078000000000067e+00   4.648604e-02   2.917221e-01
4.929789999999999672e+00  -3.019656e-02   3.283426e-01
4.934501000000000026e+00   4.134310e-01   4.006446e-01
4.939212000000000380e+00   4.110681e-01   5.256112e-01
4.943922999999999845e+00  -1.795123e-01   9.231837e-01