# [7]
# Sample c= 2.05 mg/ml
# Intensity scaled by concentration
# Buffer subtracted data file:
# Protein DatFile = /data/visitor/mx1908/bm29/20161119/giulio/1d/mM25_015_ave.dat
# Buffer DatFile = /data/visitor/mx1908/bm29/20161119/giulio/ednaSub/mM25_015_ave_averbuffer.dat
# 
# AutoRg: Rg   =   0.8832 +/- 0.27 ( 30.0%)
# AutoRg: I(0) =   1.96 +/- 0.0126
# AutoRg: Points   166 to 307 ( 142 total)
# AutoRg: Quality: 69.9%
# 
# 
# Sample Information:
# Storage Temperature (degrees C): 20.0
# Measurement Temperature (degrees C): 19.98
# Concentration: 2.05
# Code: 
3.479420999999999903e-02   1.191396e+00   3.493737e+00
3.950545999999999919e-02   9.755149e-01   1.373074e+00
4.421672000000000102e-02   2.306514e+00   8.918816e-01
4.892798000000000286e-02   2.712015e+00   6.811892e-01
5.363923000000000302e-02   1.650201e+00   5.437533e-01
5.835048999999999791e-02   8.798938e-01   4.446435e-01
6.306174999999999975e-02   1.100271e+00   3.680582e-01
6.777299999999999991e-02   1.443821e+00   3.122258e-01
7.248425999999999481e-02   1.200207e+00   2.695820e-01
7.719552000000000358e-02   8.939713e-01   2.368033e-01
8.190677000000000374e-02   1.160251e+00   2.093522e-01
8.661802999999999864e-02   1.410964e+00   1.874871e-01
9.132928999999999353e-02   1.400618e+00   1.702218e-01
9.604053999999999369e-02   1.122621e+00   1.561040e-01
1.007518000000000025e-01   9.723449e-01   1.436538e-01
1.054631000000000041e-01   1.071401e+00   1.331615e-01
1.101743000000000028e-01   1.248543e+00   1.244762e-01
1.148856000000000044e-01   1.121995e+00   1.165239e-01
1.195968000000000031e-01   1.145785e+00   1.099494e-01
1.243081000000000047e-01   1.251807e+00   1.040732e-01
1.290193000000000034e-01   1.153232e+00   9.909841e-02
1.337306000000000050e-01   1.210092e+00   9.473523e-02
1.384419000000000066e-01   1.213296e+00   9.082554e-02
1.431531000000000053e-01   1.280495e+00   8.719062e-02
1.478644000000000069e-01   1.267925e+00   8.408183e-02
1.525756000000000057e-01   1.143617e+00   8.133964e-02
1.572869000000000073e-01   1.266802e+00   7.891841e-02
1.619981000000000060e-01   1.151978e+00   7.619805e-02
1.667094000000000076e-01   1.211393e+00   7.428121e-02
1.714206000000000063e-01   1.173473e+00   7.233992e-02
1.761319000000000079e-01   1.161635e+00   7.052243e-02
1.808432000000000095e-01   1.231172e+00   6.885519e-02
1.855544000000000082e-01   1.273534e+00   6.747426e-02
1.902657000000000098e-01   1.272988e+00   6.603765e-02
1.949769000000000085e-01   1.277956e+00   6.479468e-02
1.996882000000000101e-01   1.213063e+00   6.355585e-02
2.043994000000000089e-01   1.305936e+00   6.240043e-02
2.091107000000000105e-01   1.265920e+00   6.136565e-02
2.138220000000000121e-01   1.310218e+00   6.050440e-02
2.185332000000000108e-01   1.309489e+00   5.943600e-02
2.232445000000000124e-01   1.222174e+00   5.842502e-02
2.279557000000000111e-01   1.283982e+00   5.766112e-02
2.326670000000000127e-01   1.257292e+00   5.684807e-02
2.373782000000000114e-01   1.256726e+00   5.602818e-02
2.420895000000000130e-01   1.298686e+00   5.532208e-02
2.468007000000000117e-01   1.284556e+00   5.462182e-02
2.515120000000000133e-01   1.281625e+00   5.401250e-02
2.562232999999999872e-01   1.302771e+00   5.332629e-02
2.609345000000000137e-01   1.241894e+00   5.261350e-02
2.656457999999999875e-01   1.270325e+00   5.203156e-02
2.703570000000000140e-01   1.272297e+00   5.154045e-02
2.750682999999999878e-01   1.312162e+00   5.111263e-02
2.797795000000000143e-01   1.385950e+00   5.047068e-02
2.844907999999999881e-01   1.353562e+00   4.999007e-02
2.892021000000000175e-01   1.314151e+00   4.951660e-02
2.939132999999999885e-01   1.355606e+00   4.900945e-02
2.986246000000000178e-01   1.337969e+00   4.854132e-02
3.033357999999999888e-01   1.286997e+00   4.808944e-02
3.080471000000000181e-01   1.360280e+00   4.773103e-02
3.127582999999999891e-01   1.354306e+00   4.733219e-02
3.174696000000000184e-01   1.338605e+00   4.681371e-02
3.221808999999999923e-01   1.354799e+00   4.642354e-02
3.268921000000000188e-01   1.372189e+00   4.611622e-02
3.316033999999999926e-01   1.383591e+00   4.584420e-02
3.363146000000000191e-01   1.403003e+00   4.625520e-02
3.410258999999999929e-01   1.438416e+00   4.663906e-02
3.457371000000000194e-01   1.342952e+00   4.681398e-02
3.504483999999999932e-01   1.424317e+00   4.742256e-02
3.551596000000000197e-01   1.388595e+00   4.835469e-02
3.598708999999999936e-01   1.411977e+00   4.899537e-02
3.645822000000000229e-01   1.376929e+00   4.939391e-02
3.692933999999999939e-01   1.403812e+00   4.978101e-02
3.740047000000000232e-01   1.423015e+00   5.017841e-02
3.787158999999999942e-01   1.412372e+00   5.045983e-02
3.834272000000000236e-01   1.454311e+00   5.081974e-02
3.881383999999999945e-01   1.493980e+00   5.108793e-02
3.928497000000000239e-01   1.468576e+00   5.229746e-02
3.975609999999999977e-01   1.471753e+00   5.378423e-02
4.022722000000000242e-01   1.378624e+00   5.491053e-02
4.069834999999999980e-01   1.444799e+00   5.595738e-02
4.116947000000000245e-01   1.469206e+00   5.688528e-02
4.164059999999999984e-01   1.502880e+00   5.772592e-02
4.211172000000000248e-01   1.449959e+00   5.852353e-02
4.258284999999999987e-01   1.491874e+00   5.953823e-02
4.305397000000000252e-01   1.453427e+00   6.035265e-02
4.352509999999999990e-01   1.405768e+00   6.108776e-02
4.399622999999999728e-01   1.451614e+00   6.212734e-02
4.446734999999999993e-01   1.569630e+00   6.319082e-02
4.493847999999999732e-01   1.522516e+00   6.402679e-02
4.540959999999999996e-01   1.487720e+00   6.460067e-02
4.588072999999999735e-01   1.487279e+00   6.240278e-02
4.635185000000000000e-01   1.556767e+00   6.090343e-02
4.682297999999999738e-01   1.510087e+00   5.998736e-02
4.729411000000000032e-01   1.549452e+00   5.943740e-02
4.776522999999999741e-01   1.527721e+00   5.885118e-02
4.823636000000000035e-01   1.591698e+00   5.839643e-02
4.870747999999999744e-01   1.569401e+00   5.798140e-02
4.917861000000000038e-01   1.565769e+00   5.763339e-02
4.964972999999999748e-01   1.614777e+00   5.735543e-02
5.012086000000000041e-01   1.490991e+00   5.691432e-02
5.059198999999999780e-01   1.509298e+00   5.671277e-02
5.106311000000000044e-01   1.610009e+00   5.648385e-02
5.153423999999999783e-01   1.530734e+00   5.605706e-02
5.200536000000000048e-01   1.605502e+00   5.567211e-02
5.247648999999999786e-01   1.568564e+00   5.529500e-02
5.294761000000000051e-01   1.565956e+00   5.498406e-02
5.341873999999999789e-01   1.544267e+00   5.448279e-02
5.388986000000000054e-01   1.595667e+00   5.425532e-02
5.436098999999999792e-01   1.700604e+00   5.398202e-02
5.483211999999999531e-01   1.671333e+00   5.361699e-02
5.530323999999999796e-01   1.561121e+00   5.316567e-02
5.577436999999999534e-01   1.580085e+00   5.281091e-02
5.624548999999999799e-01   1.617307e+00   5.253534e-02
5.671661999999999537e-01   1.569572e+00   5.233680e-02
5.718773999999999802e-01   1.599037e+00   5.215249e-02
5.765886999999999540e-01   1.615031e+00   5.208820e-02
5.813000000000000389e-01   1.630064e+00   5.199639e-02
5.860111999999999544e-01   1.652688e+00   5.182011e-02
5.907225000000000392e-01   1.696343e+00   5.176201e-02
5.954336999999999547e-01   1.611179e+00   5.159622e-02
6.001450000000000395e-01   1.638364e+00   5.143020e-02
6.048561999999999550e-01   1.619475e+00   5.125878e-02
6.095675000000000399e-01   1.684037e+00   5.128891e-02
6.142788000000000137e-01   1.643172e+00   5.114670e-02
6.189900000000000402e-01   1.609259e+00   5.089378e-02
6.237013000000000140e-01   1.553869e+00   5.075628e-02
6.284125000000000405e-01   1.521302e+00   5.066798e-02
6.331238000000000143e-01   1.583292e+00   5.054573e-02
6.378350000000000408e-01   1.531462e+00   5.037517e-02
6.425463000000000147e-01   1.609640e+00   5.039750e-02
6.472575000000000411e-01   1.665710e+00   5.033759e-02
6.519688000000000150e-01   1.710142e+00   5.021118e-02
6.566800999999999888e-01   1.644228e+00   5.004088e-02
6.613913000000000153e-01   1.735261e+00   5.000432e-02
6.661025999999999891e-01   1.708906e+00   4.987488e-02
6.708138000000000156e-01   1.603956e+00   4.960157e-02
6.755250999999999895e-01   1.578720e+00   4.951568e-02
6.802363000000000159e-01   1.587051e+00   4.945942e-02
6.849475999999999898e-01   1.633293e+00   4.934646e-02
6.896588999999999636e-01   1.588469e+00   4.919977e-02
6.943700999999999901e-01   1.598748e+00   4.909261e-02
6.990813999999999639e-01   1.611659e+00   4.905056e-02
7.037925999999999904e-01   1.714135e+00   4.905329e-02
7.085038999999999643e-01   1.678798e+00   4.881297e-02
7.132150999999999907e-01   1.599761e+00   4.872036e-02
7.179263999999999646e-01   1.565630e+00   4.860709e-02
7.226375999999999911e-01   1.654159e+00   4.851188e-02
7.273488999999999649e-01   1.606679e+00   4.836330e-02
7.320602000000000498e-01   1.584406e+00   4.828024e-02
7.367713999999999652e-01   1.603611e+00   4.823460e-02
7.414827000000000501e-01   1.679138e+00   4.813142e-02
7.461938999999999655e-01   1.694014e+00   4.804031e-02
7.509052000000000504e-01   1.585084e+00   4.779892e-02
7.556163999999999659e-01   1.634812e+00   4.777512e-02
7.603277000000000507e-01   1.637970e+00   4.771681e-02
7.650390000000000246e-01   1.563217e+00   4.756509e-02
7.697502000000000510e-01   1.625370e+00   4.746377e-02
7.744615000000000249e-01   1.590243e+00   4.740555e-02
7.791727000000000514e-01   1.637932e+00   4.733719e-02
7.838840000000000252e-01   1.742567e+00   4.728634e-02
7.885952000000000517e-01   1.714947e+00   4.714106e-02
7.933065000000000255e-01   1.591973e+00   4.707057e-02
7.980177999999999994e-01   1.548701e+00   4.696663e-02
8.027290000000000258e-01   1.598948e+00   4.685458e-02
8.074402999999999997e-01   1.604371e+00   4.679943e-02
8.121515000000000262e-01   1.663786e+00   4.668916e-02
8.168628000000000000e-01   1.624821e+00   4.650903e-02
8.215740000000000265e-01   1.610111e+00   4.644631e-02
8.262853000000000003e-01   1.582874e+00   4.642295e-02
8.309965000000000268e-01   1.574451e+00   4.627578e-02
8.357078000000000007e-01   1.607259e+00   4.622414e-02
8.404190999999999745e-01   1.656674e+00   4.615742e-02
8.451303000000000010e-01   1.680903e+00   4.606325e-02
8.498415999999999748e-01   1.580063e+00   4.585620e-02
8.545528000000000013e-01   1.600420e+00   4.585317e-02
8.592640999999999751e-01   1.625447e+00   4.576794e-02
8.639753000000000016e-01   1.609097e+00   4.564928e-02
8.686865999999999755e-01   1.541890e+00   4.538887e-02
8.733978999999999493e-01   1.529065e+00   4.534814e-02
8.781090999999999758e-01   1.582151e+00   4.534617e-02
8.828203999999999496e-01   1.664458e+00   4.531113e-02
8.875315999999999761e-01   1.563598e+00   4.513494e-02
8.922428999999999499e-01   1.477629e+00   4.499007e-02
8.969540999999999764e-01   1.561705e+00   4.501391e-02
9.016653999999999503e-01   1.559573e+00   4.489254e-02
9.063767000000000351e-01   1.577753e+00   4.486783e-02
9.110878999999999506e-01   1.574658e+00   4.477707e-02
9.157992000000000354e-01   1.569908e+00   4.465079e-02
9.205103999999999509e-01   1.563492e+00   4.456399e-02
9.252217000000000358e-01   1.532020e+00   4.443588e-02
9.299328999999999512e-01   1.553665e+00   4.435228e-02
9.346442000000000361e-01   1.536751e+00   4.433184e-02
9.393553999999999515e-01   1.552932e+00   4.427668e-02
9.440667000000000364e-01   1.594522e+00   4.421888e-02
9.487780000000000102e-01   1.548642e+00   4.411160e-02
9.534892000000000367e-01   1.563655e+00   4.401658e-02
9.582005000000000106e-01   1.578123e+00   4.393878e-02
9.629117000000000370e-01   1.565510e+00   4.388092e-02
9.676230000000000109e-01   1.513862e+00   4.373475e-02
9.723342000000000374e-01   1.573967e+00   4.368940e-02
9.770455000000000112e-01   1.533384e+00   4.360571e-02
9.817567999999999850e-01   1.500258e+00   4.353139e-02
9.864680000000000115e-01   1.558326e+00   4.344055e-02
9.911792999999999854e-01   1.612629e+00   4.339858e-02
9.958905000000000118e-01   1.540885e+00   4.330454e-02
1.000601999999999991e+00   1.520221e+00   4.322892e-02
1.005312999999999901e+00   1.545602e+00   4.308585e-02
1.010024000000000033e+00   1.523052e+00   4.300604e-02
1.014736000000000082e+00   1.541606e+00   4.289840e-02
1.019446999999999992e+00   1.521523e+00   4.286780e-02
1.024157999999999902e+00   1.494781e+00   4.274649e-02
1.028869000000000034e+00   1.510521e+00   4.269780e-02
1.033581000000000083e+00   1.433334e+00   4.260547e-02
1.038291999999999993e+00   1.503269e+00   4.258592e-02
1.043002999999999902e+00   1.536149e+00   4.255570e-02
1.047714000000000034e+00   1.442773e+00   4.241933e-02
1.052426000000000084e+00   1.466098e+00   4.231990e-02
1.057136999999999993e+00   1.452303e+00   4.227595e-02
1.061847999999999903e+00   1.427222e+00   4.223448e-02
1.066559000000000035e+00   1.483265e+00   4.212111e-02
1.071271000000000084e+00   1.484465e+00   4.205173e-02
1.075981999999999994e+00   1.526450e+00   4.206945e-02
1.080692999999999904e+00   1.461915e+00   4.196331e-02
1.085404000000000035e+00   1.490565e+00   4.188516e-02
1.090116000000000085e+00   1.459033e+00   4.175678e-02
1.094826999999999995e+00   1.449362e+00   4.168578e-02
1.099537999999999904e+00   1.441977e+00   4.164979e-02
1.104249000000000036e+00   1.434646e+00   4.153427e-02
1.108961000000000086e+00   1.452877e+00   4.144128e-02
1.113671999999999995e+00   1.435855e+00   4.140942e-02
1.118382999999999905e+00   1.386315e+00   4.128683e-02
1.123094000000000037e+00   1.363023e+00   4.119949e-02
1.127806000000000086e+00   1.413660e+00   4.116156e-02
1.132516999999999996e+00   1.426766e+00   4.112895e-02
1.137227999999999906e+00   1.412798e+00   4.104756e-02
1.141939000000000037e+00   1.399857e+00   4.096805e-02
1.146651000000000087e+00   1.345983e+00   4.086148e-02
1.151361999999999997e+00   1.452416e+00   4.089313e-02
1.156072999999999906e+00   1.406345e+00   4.081029e-02
1.160784000000000038e+00   1.425658e+00   4.076663e-02
1.165496000000000087e+00   1.414099e+00   4.068095e-02
1.170206999999999997e+00   1.370126e+00   4.057416e-02
1.174917999999999907e+00   1.340896e+00   4.051659e-02
1.179629999999999956e+00   1.340917e+00   4.039091e-02
1.184341000000000088e+00   1.387264e+00   4.037428e-02
1.189051999999999998e+00   1.348878e+00   4.033829e-02
1.193762999999999908e+00   1.375348e+00   4.033839e-02
1.198474999999999957e+00   1.407187e+00   4.128563e-02
1.203186000000000089e+00   1.391135e+00   4.235748e-02
1.207896999999999998e+00   1.382607e+00   4.299262e-02
1.212607999999999908e+00   1.376326e+00   4.352524e-02
1.217319999999999958e+00   1.374350e+00   4.405816e-02
1.222031000000000089e+00   1.258821e+00   4.439060e-02
1.226741999999999999e+00   1.327213e+00   4.483045e-02
1.231452999999999909e+00   1.337409e+00   4.532444e-02
1.236164999999999958e+00   1.263055e+00   4.565206e-02
1.240876000000000090e+00   1.366039e+00   4.602943e-02
1.245587000000000000e+00   1.301149e+00   4.617880e-02
1.250297999999999909e+00   1.327505e+00   4.632031e-02
1.255009999999999959e+00   1.240653e+00   4.632744e-02
1.259721000000000091e+00   1.331535e+00   4.641392e-02
1.264432000000000000e+00   1.312235e+00   4.486641e-02
1.269142999999999910e+00   1.253373e+00   4.364384e-02
1.273854999999999960e+00   1.273109e+00   4.293194e-02
1.278566000000000091e+00   1.352033e+00   4.240823e-02
1.283277000000000001e+00   1.295023e+00   4.191664e-02
1.287987999999999911e+00   1.304730e+00   4.152272e-02
1.292699999999999960e+00   1.318375e+00   4.118057e-02
1.297411000000000092e+00   1.286839e+00   4.084843e-02
1.302122000000000002e+00   1.271268e+00   4.057005e-02
1.306832999999999911e+00   1.284476e+00   4.037134e-02
1.311544999999999961e+00   1.229402e+00   4.017914e-02
1.316256000000000093e+00   1.297022e+00   4.012584e-02
1.320967000000000002e+00   1.232838e+00   3.994282e-02
1.325677999999999912e+00   1.288843e+00   3.991241e-02
1.330389999999999961e+00   1.210045e+00   3.981001e-02
1.335101000000000093e+00   1.210436e+00   3.974207e-02
1.339812000000000003e+00   1.225811e+00   3.960387e-02
1.344522999999999913e+00   1.256206e+00   3.950051e-02
1.349234999999999962e+00   1.211717e+00   3.939384e-02
1.353946000000000094e+00   1.191304e+00   3.934816e-02
1.358657000000000004e+00   1.242856e+00   3.931202e-02
1.363369000000000053e+00   1.247729e+00   3.918484e-02
1.368079999999999963e+00   1.176202e+00   3.910709e-02
1.372791000000000095e+00   1.150457e+00   3.901833e-02
1.377502000000000004e+00   1.194212e+00   3.893726e-02
1.382214000000000054e+00   1.114428e+00   3.883548e-02
1.386924999999999963e+00   1.173026e+00   3.882680e-02
1.391636000000000095e+00   1.145968e+00   3.873377e-02
1.396347000000000005e+00   1.133380e+00   3.865990e-02
1.401059000000000054e+00   1.133209e+00   3.854422e-02
1.405769999999999964e+00   1.189544e+00   3.854888e-02
1.410481000000000096e+00   1.134162e+00   3.843279e-02
1.415192000000000005e+00   1.126292e+00   3.837563e-02
1.419904000000000055e+00   1.178442e+00   3.835854e-02
1.424614999999999965e+00   1.194908e+00   3.825669e-02
1.429326000000000096e+00   1.141310e+00   3.817119e-02
1.434037000000000006e+00   1.104147e+00   3.809470e-02
1.438749000000000056e+00   1.104507e+00   3.801428e-02
1.443459999999999965e+00   1.154595e+00   3.804534e-02
1.448171000000000097e+00   1.121114e+00   3.795258e-02
1.452882000000000007e+00   1.133718e+00   3.787687e-02
1.457594000000000056e+00   1.120384e+00   3.779679e-02
1.462304999999999966e+00   1.128927e+00   3.773930e-02
1.467016000000000098e+00   1.100634e+00   3.768848e-02
1.471727000000000007e+00   1.112746e+00   3.762852e-02
1.476439000000000057e+00   1.103815e+00   3.759568e-02
1.481149999999999967e+00   1.082957e+00   3.749699e-02
1.485861000000000098e+00   1.108223e+00   3.743230e-02
1.490572000000000008e+00   1.153645e+00   3.746086e-02
1.495284000000000058e+00   1.121892e+00   3.734629e-02
1.499994999999999967e+00   1.066602e+00   3.722303e-02
1.504706000000000099e+00   1.039936e+00   3.719216e-02
1.509417000000000009e+00   1.062787e+00   3.715216e-02
1.514129000000000058e+00   1.100004e+00   3.724112e-02
1.518839999999999968e+00   1.026157e+00   3.828188e-02
1.523551000000000100e+00   9.913479e-01   3.903520e-02
1.528262999999999927e+00   1.020296e+00   3.963209e-02
1.532974000000000059e+00   9.905196e-01   4.007175e-02
1.537684999999999969e+00   1.020288e+00   4.051867e-02
1.542396000000000100e+00   1.044551e+00   4.056308e-02
1.547107999999999928e+00   1.018754e+00   3.952790e-02
1.551819000000000059e+00   1.028216e+00   3.894409e-02
1.556529999999999969e+00   9.944489e-01   3.855189e-02
1.561241000000000101e+00   1.032800e+00   3.822922e-02
1.565952999999999928e+00   1.039203e+00   3.780997e-02
1.570664000000000060e+00   1.071962e+00   3.746251e-02
1.575374999999999970e+00   1.018828e+00   3.707228e-02
1.580086000000000102e+00   1.041800e+00   3.677651e-02
1.584797999999999929e+00   9.756913e-01   3.648526e-02
1.589509000000000061e+00   9.981451e-01   3.642158e-02
1.594219999999999970e+00   1.052729e+00   3.643418e-02
1.598931000000000102e+00   1.006231e+00   3.643374e-02
1.603642999999999930e+00   9.820055e-01   3.652628e-02
1.608354000000000061e+00   9.819442e-01   3.651805e-02
1.613064999999999971e+00   9.550313e-01   3.644246e-02
1.617776000000000103e+00   9.395714e-01   3.636001e-02
1.622487999999999930e+00   9.064985e-01   3.630148e-02
1.627199000000000062e+00   9.898311e-01   3.628198e-02
1.631909999999999972e+00   9.393074e-01   3.621031e-02
1.636621000000000103e+00   9.456201e-01   3.615235e-02
1.641332999999999931e+00   9.809558e-01   3.611402e-02
1.646044000000000063e+00   9.881464e-01   3.605294e-02
1.650754999999999972e+00   9.550355e-01   3.599236e-02
1.655466000000000104e+00   8.998057e-01   3.587502e-02
1.660177999999999932e+00   9.071684e-01   3.583599e-02
1.664889000000000063e+00   8.889387e-01   3.580401e-02
1.669599999999999973e+00   9.354855e-01   3.576839e-02
1.674311000000000105e+00   8.933817e-01   3.567177e-02
1.679022999999999932e+00   8.790878e-01   3.559262e-02
1.683734000000000064e+00   8.645556e-01   3.556922e-02
1.688444999999999974e+00   9.379992e-01   3.554860e-02
1.693156000000000105e+00   8.805685e-01   3.544820e-02
1.697867999999999933e+00   8.657496e-01   3.536589e-02
1.702579000000000065e+00   9.003783e-01   3.536291e-02
1.707289999999999974e+00   9.079050e-01   3.534037e-02
1.712002000000000024e+00   9.186945e-01   3.529536e-02
1.716712999999999933e+00   8.789145e-01   3.521414e-02
1.721424000000000065e+00   8.512456e-01   3.513669e-02
1.726134999999999975e+00   8.225288e-01   3.506831e-02
1.730847000000000024e+00   8.734784e-01   3.504985e-02
1.735557999999999934e+00   8.743997e-01   3.502454e-02
1.740269000000000066e+00   8.364293e-01   3.491484e-02
1.744979999999999976e+00   8.574046e-01   3.491441e-02
1.749692000000000025e+00   8.389495e-01   3.487137e-02
1.754402999999999935e+00   8.462621e-01   3.481212e-02
1.759114000000000066e+00   8.466530e-01   3.470965e-02
1.763824999999999976e+00   8.624963e-01   3.471000e-02
1.768537000000000026e+00   8.460933e-01   3.466101e-02
1.773247999999999935e+00   8.622768e-01   3.464494e-02
1.777959000000000067e+00   8.421835e-01   3.461761e-02
1.782669999999999977e+00   7.942235e-01   3.450625e-02
1.787382000000000026e+00   8.436572e-01   3.447213e-02
1.792092999999999936e+00   8.369278e-01   3.447026e-02
1.796804000000000068e+00   8.418293e-01   3.441891e-02
1.801514999999999977e+00   7.850804e-01   3.431452e-02
1.806227000000000027e+00   8.152927e-01   3.431618e-02
1.810937999999999937e+00   8.099815e-01   3.426750e-02
1.815649000000000068e+00   8.278364e-01   3.418789e-02
1.820359999999999978e+00   8.156967e-01   3.416975e-02
1.825072000000000028e+00   7.738972e-01   3.409682e-02
1.829782999999999937e+00   7.815033e-01   3.404319e-02
1.834494000000000069e+00   7.998343e-01   3.400932e-02
1.839204999999999979e+00   8.396001e-01   3.403296e-02
1.843917000000000028e+00   8.256851e-01   3.395478e-02
1.848627999999999938e+00   7.366721e-01   3.387051e-02
1.853339000000000070e+00   7.904328e-01   3.386230e-02
1.858049999999999979e+00   7.869444e-01   3.381205e-02
1.862762000000000029e+00   7.302636e-01   3.373304e-02
1.867472999999999939e+00   8.014463e-01   3.371658e-02
1.872184000000000070e+00   7.284537e-01   3.362501e-02
1.876894999999999980e+00   7.214464e-01   3.357526e-02
1.881607000000000030e+00   7.242741e-01   3.354524e-02
1.886317999999999939e+00   7.665359e-01   3.352390e-02
1.891029000000000071e+00   7.541341e-01   3.350957e-02
1.895740999999999898e+00   7.572212e-01   3.346262e-02
1.900452000000000030e+00   7.532766e-01   3.341356e-02
1.905162999999999940e+00   7.648153e-01   3.335944e-02
1.909874000000000072e+00   7.817331e-01   3.336058e-02
1.914585999999999899e+00   7.431616e-01   3.328463e-02
1.919297000000000031e+00   7.429959e-01   3.323652e-02
1.924007999999999940e+00   7.628364e-01   3.321205e-02
1.928719000000000072e+00   7.628389e-01   3.316362e-02
1.933430999999999900e+00   7.259013e-01   3.309380e-02
1.938142000000000031e+00   7.328436e-01   3.298715e-02
1.942852999999999941e+00   7.195238e-01   3.290474e-02
1.947564000000000073e+00   7.253381e-01   3.281353e-02
1.952275999999999900e+00   7.576518e-01   3.278447e-02
1.956987000000000032e+00   7.461862e-01   3.271810e-02
1.961697999999999942e+00   7.175071e-01   3.266057e-02
1.966409000000000074e+00   7.148076e-01   3.262077e-02
1.971120999999999901e+00   6.655198e-01   3.258385e-02
1.975832000000000033e+00   7.058019e-01   3.262185e-02
1.980542999999999942e+00   7.144807e-01   3.261488e-02
1.985254000000000074e+00   7.053855e-01   3.261065e-02
1.989965999999999902e+00   6.906169e-01   3.259324e-02
1.994677000000000033e+00   6.954622e-01   3.260566e-02
1.999387999999999943e+00   7.264603e-01   3.267170e-02
2.004099000000000075e+00   7.119725e-01   3.345337e-02
2.008811000000000124e+00   6.891313e-01   3.414392e-02
2.013522000000000034e+00   7.131043e-01   3.462841e-02
2.018232999999999944e+00   7.226016e-01   3.503060e-02
2.022943999999999853e+00   7.071499e-01   3.533107e-02
2.027655999999999903e+00   7.005919e-01   3.563779e-02
2.032366999999999813e+00   6.374422e-01   3.576425e-02
2.037078000000000166e+00   6.834927e-01   3.588707e-02
2.041789000000000076e+00   6.822789e-01   3.600057e-02
2.046501000000000126e+00   6.743878e-01   3.607979e-02
2.051212000000000035e+00   6.869232e-01   3.619256e-02
2.055922999999999945e+00   6.984907e-01   3.631955e-02
2.060633999999999855e+00   6.637247e-01   3.636037e-02
2.065345999999999904e+00   6.910347e-01   3.630843e-02
2.070056999999999814e+00   6.261095e-01   3.522539e-02
2.074768000000000168e+00   6.309636e-01   3.450220e-02
2.079480000000000217e+00   6.183588e-01   3.400546e-02
2.084191000000000127e+00   6.070830e-01   3.365006e-02
2.088902000000000037e+00   6.073759e-01   3.335695e-02
2.093612999999999946e+00   6.721346e-01   3.316147e-02
2.098324999999999996e+00   6.792260e-01   3.304243e-02
2.103035999999999905e+00   6.207146e-01   3.288903e-02
2.107746999999999815e+00   5.942212e-01   3.278036e-02
2.112458000000000169e+00   6.109151e-01   3.274077e-02
2.117170000000000218e+00   6.141351e-01   3.265774e-02
2.121881000000000128e+00   5.824132e-01   3.257556e-02
2.126592000000000038e+00   6.067039e-01   3.252460e-02
2.131302999999999948e+00   6.069017e-01   3.246923e-02
2.136014999999999997e+00   6.279330e-01   3.242584e-02
2.140725999999999907e+00   6.056062e-01   3.234879e-02
2.145436999999999816e+00   5.925266e-01   3.228545e-02
2.150148000000000170e+00   5.935379e-01   3.225098e-02
2.154860000000000220e+00   5.575971e-01   3.214745e-02
2.159571000000000129e+00   5.942878e-01   3.211935e-02
2.164282000000000039e+00   5.837792e-01   3.207495e-02
2.168992999999999949e+00   6.103021e-01   3.201915e-02
2.173704999999999998e+00   5.863905e-01   3.197123e-02
2.178415999999999908e+00   5.810685e-01   3.194315e-02
2.183126999999999818e+00   5.686779e-01   3.183808e-02
2.187838000000000171e+00   5.594615e-01   3.180736e-02
2.192550000000000221e+00   5.694526e-01   3.177117e-02
2.197261000000000131e+00   5.864094e-01   3.173136e-02
2.201972000000000040e+00   5.867212e-01   3.168624e-02
2.206682999999999950e+00   5.869008e-01   3.165388e-02
2.211395000000000000e+00   5.541377e-01   3.161316e-02
2.216105999999999909e+00   5.746042e-01   3.159030e-02
2.220816999999999819e+00   5.788922e-01   3.155534e-02
2.225528000000000173e+00   5.510378e-01   3.148469e-02
2.230239999999999778e+00   5.544481e-01   3.143625e-02
2.234951000000000132e+00   5.495940e-01   3.140501e-02
2.239662000000000042e+00   5.751182e-01   3.135274e-02
2.244372999999999951e+00   5.777307e-01   3.129600e-02
2.249085000000000001e+00   5.512699e-01   3.128462e-02
2.253795999999999911e+00   5.622410e-01   3.125549e-02
2.258506999999999820e+00   5.741275e-01   3.120505e-02
2.263218999999999870e+00   5.970784e-01   3.116726e-02
2.267929999999999779e+00   5.683037e-01   3.113890e-02
2.272641000000000133e+00   5.403317e-01   3.108074e-02
2.277352000000000043e+00   5.139412e-01   3.102225e-02
2.282064000000000092e+00   5.203259e-01   3.100080e-02
2.286775000000000002e+00   5.443555e-01   3.097653e-02
2.291485999999999912e+00   5.407916e-01   3.093842e-02
2.296196999999999822e+00   5.409482e-01   3.091524e-02
2.300908999999999871e+00   5.496644e-01   3.086784e-02
2.305619999999999781e+00   5.688206e-01   3.083446e-02
2.310331000000000135e+00   5.488440e-01   3.080389e-02
2.315042000000000044e+00   5.654399e-01   3.076036e-02
2.319754000000000094e+00   5.252864e-01   3.071871e-02
2.324465000000000003e+00   5.367359e-01   3.070333e-02
2.329175999999999913e+00   5.524920e-01   3.065366e-02
2.333886999999999823e+00   5.312817e-01   3.058563e-02
2.338598999999999872e+00   5.424606e-01   3.059772e-02
2.343309999999999782e+00   4.954980e-01   3.051840e-02
2.348021000000000136e+00   5.400001e-01   3.051002e-02
2.352732000000000046e+00   4.938282e-01   3.045786e-02
2.357444000000000095e+00   5.249853e-01   3.041729e-02
2.362155000000000005e+00   4.821357e-01   3.038356e-02
2.366865999999999914e+00   4.816086e-01   3.034961e-02
2.371576999999999824e+00   5.392194e-01   3.034942e-02
2.376288999999999874e+00   5.356405e-01   3.031109e-02
2.380999999999999783e+00   5.264923e-01   3.027076e-02
2.385711000000000137e+00   4.643421e-01   3.019637e-02
2.390422000000000047e+00   5.080382e-01   3.019537e-02
2.395134000000000096e+00   4.742996e-01   3.014693e-02
2.399845000000000006e+00   4.282914e-01   3.007988e-02
2.404555999999999916e+00   4.668030e-01   3.007757e-02
2.409266999999999825e+00   4.936224e-01   3.007633e-02
2.413978999999999875e+00   4.902118e-01   3.001288e-02
2.418689999999999785e+00   4.721812e-01   2.997846e-02
2.423401000000000138e+00   4.789089e-01   2.996790e-02
2.428112000000000048e+00   5.099724e-01   2.993385e-02
2.432824000000000098e+00   4.878656e-01   2.988449e-02
2.437535000000000007e+00   4.467161e-01   2.985042e-02
2.442245999999999917e+00   5.145081e-01   2.982152e-02
2.446957999999999966e+00   4.914410e-01   2.980012e-02
2.451668999999999876e+00   4.486615e-01   2.974110e-02
2.456379999999999786e+00   4.730000e-01   2.972373e-02
2.461091000000000140e+00   4.608639e-01   2.970443e-02
2.465803000000000189e+00   4.625166e-01   2.966652e-02
2.470514000000000099e+00   4.625310e-01   2.963029e-02
2.475225000000000009e+00   4.477805e-01   2.958098e-02
2.479935999999999918e+00   4.564389e-01   2.957378e-02
2.484647999999999968e+00   4.618600e-01   2.956534e-02
2.489358999999999877e+00   4.750751e-01   2.954201e-02
2.494069999999999787e+00   4.806730e-01   2.948911e-02
2.498781000000000141e+00   4.657000e-01   2.945694e-02
2.503493000000000190e+00   4.674904e-01   2.944811e-02
2.508204000000000100e+00   4.436327e-01   2.938092e-02
2.512915000000000010e+00   4.446992e-01   2.932599e-02
2.517625999999999920e+00   4.531376e-01   2.926101e-02
2.522337999999999969e+00   4.094066e-01   2.918614e-02
2.527048999999999879e+00   4.428166e-01   2.917264e-02
2.531759999999999788e+00   4.274650e-01   2.912400e-02
2.536471000000000142e+00   4.039385e-01   2.907968e-02
2.541183000000000192e+00   4.248590e-01   2.906682e-02
2.545894000000000101e+00   4.073361e-01   2.904677e-02
2.550605000000000011e+00   4.001868e-01   2.900180e-02
2.555315999999999921e+00   4.369282e-01   2.898103e-02
2.560027999999999970e+00   4.193649e-01   2.894904e-02
2.564738999999999880e+00   4.005341e-01   2.895077e-02
2.569449999999999790e+00   4.258078e-01   2.895817e-02
2.574161000000000143e+00   4.398648e-01   2.897780e-02
2.578873000000000193e+00   4.055049e-01   2.896277e-02
2.583584000000000103e+00   3.973980e-01   2.893336e-02
2.588295000000000012e+00   4.048472e-01   2.891690e-02
2.593005999999999922e+00   4.397081e-01   2.889801e-02
2.597717999999999972e+00   4.050730e-01   2.882232e-02
2.602428999999999881e+00   3.888991e-01   2.881502e-02
2.607139999999999791e+00   3.885148e-01   2.879909e-02
2.611851000000000145e+00   3.741367e-01   2.876852e-02
2.616563000000000194e+00   4.180503e-01   2.875522e-02
2.621274000000000104e+00   4.099149e-01   2.871847e-02
2.625985000000000014e+00   4.111080e-01   2.871034e-02
2.630697000000000063e+00   4.003357e-01   2.865191e-02
2.635407999999999973e+00   4.413141e-01   2.865442e-02
2.640118999999999883e+00   4.210790e-01   2.860495e-02
2.644829999999999792e+00   4.100713e-01   2.859654e-02
2.649541999999999842e+00   3.901218e-01   2.856601e-02
2.654253000000000196e+00   4.326434e-01   2.854362e-02
2.658964000000000105e+00   4.108482e-01   2.850313e-02
2.663675000000000015e+00   4.051496e-01   2.848245e-02
2.668387000000000064e+00   4.120845e-01   2.843659e-02
2.673097999999999974e+00   3.743298e-01   2.839213e-02
2.677808999999999884e+00   4.158956e-01   2.841425e-02
2.682519999999999794e+00   3.839254e-01   2.837644e-02
2.687231999999999843e+00   4.191609e-01   2.834633e-02
2.691943000000000197e+00   4.171938e-01   2.831684e-02
2.696654000000000106e+00   3.904549e-01   2.828937e-02
2.701365000000000016e+00   3.594368e-01   2.828415e-02
2.706077000000000066e+00   3.745749e-01   2.824999e-02
2.710787999999999975e+00   4.120109e-01   2.822497e-02
2.715498999999999885e+00   3.810115e-01   2.820862e-02
2.720209999999999795e+00   3.537613e-01   2.814599e-02
2.724921999999999844e+00   3.891766e-01   2.813753e-02
2.729633000000000198e+00   3.773209e-01   2.812513e-02
2.734344000000000108e+00   3.787325e-01   2.810645e-02
2.739055000000000017e+00   3.969276e-01   2.807458e-02
2.743767000000000067e+00   3.995222e-01   2.803266e-02
2.748477999999999977e+00   3.936461e-01   2.799635e-02
2.753188999999999886e+00   3.925466e-01   2.800931e-02
2.757899999999999796e+00   3.587311e-01   2.795320e-02
2.762611999999999846e+00   3.835411e-01   2.793700e-02
2.767323000000000199e+00   3.710459e-01   2.789483e-02
2.772034000000000109e+00   4.139066e-01   2.789508e-02
2.776745000000000019e+00   3.595404e-01   2.787054e-02
2.781457000000000068e+00   3.421547e-01   2.783899e-02
2.786167999999999978e+00   3.607746e-01   2.779355e-02
2.790878999999999888e+00   3.658500e-01   2.776435e-02
2.795589999999999797e+00   3.769214e-01   2.777394e-02
2.800301999999999847e+00   3.536608e-01   2.774526e-02
2.805013000000000201e+00   3.418719e-01   2.786130e-02
2.809724000000000110e+00   3.585070e-01   2.857906e-02
2.814436000000000160e+00   3.347933e-01   2.901937e-02
2.819147000000000070e+00   3.697249e-01   2.938838e-02
2.823857999999999979e+00   3.542054e-01   2.962457e-02
2.828568999999999889e+00   3.390830e-01   2.980960e-02
2.833280999999999938e+00   3.245105e-01   2.988373e-02
2.837991999999999848e+00   3.575850e-01   3.001354e-02
2.842703000000000202e+00   3.410213e-01   3.006465e-02
2.847414000000000112e+00   3.659301e-01   3.015686e-02
2.852126000000000161e+00   3.649780e-01   3.024303e-02
2.856837000000000071e+00   3.305077e-01   3.028958e-02
2.861547999999999981e+00   3.599015e-01   3.036667e-02
2.866258999999999890e+00   3.585993e-01   3.044230e-02
2.870970999999999940e+00   3.801451e-01   3.020127e-02
2.875681999999999849e+00   3.483273e-01   2.944279e-02
2.880393000000000203e+00   3.694742e-01   2.897524e-02
2.885104000000000113e+00   3.719533e-01   2.865138e-02
2.889816000000000162e+00   3.566761e-01   2.845147e-02
2.894527000000000072e+00   3.192972e-01   2.828989e-02
2.899237999999999982e+00   3.536938e-01   2.822591e-02
2.903948999999999891e+00   3.441136e-01   2.813875e-02
2.908660999999999941e+00   3.307425e-01   2.809249e-02
2.913371999999999851e+00   3.440918e-01   2.802658e-02
2.918083000000000204e+00   3.474146e-01   2.797200e-02
2.922794000000000114e+00   2.953353e-01   2.790765e-02
2.927506000000000164e+00   3.359313e-01   2.790008e-02
2.932217000000000073e+00   3.303243e-01   2.783455e-02
2.936927999999999983e+00   2.943466e-01   2.777614e-02
2.941638999999999893e+00   3.468028e-01   2.776109e-02
2.946350999999999942e+00   3.592436e-01   2.773648e-02
2.951061999999999852e+00   3.403106e-01   2.769980e-02
2.955773000000000206e+00   3.491727e-01   2.765085e-02
2.960484000000000115e+00   3.095962e-01   2.760247e-02
2.965196000000000165e+00   3.540988e-01   2.758352e-02
2.969907000000000075e+00   3.515969e-01   2.753874e-02
2.974617999999999984e+00   3.374038e-01   2.751702e-02
2.979328999999999894e+00   3.041260e-01   2.744761e-02
2.984040999999999944e+00   3.211460e-01   2.742383e-02
2.988751999999999853e+00   3.215522e-01   2.739816e-02
2.993463000000000207e+00   3.394908e-01   2.738340e-02
2.998174999999999812e+00   3.188112e-01   2.734657e-02
3.002886000000000166e+00   3.182926e-01   2.733816e-02
3.007597000000000076e+00   3.389662e-01   2.730242e-02
3.012307999999999986e+00   3.523953e-01   2.725345e-02
3.017020000000000035e+00   3.277048e-01   2.721650e-02
3.021730999999999945e+00   3.280949e-01   2.719401e-02
3.026441999999999855e+00   3.321046e-01   2.717293e-02
3.031153000000000208e+00   2.838538e-01   2.714592e-02
3.035864999999999814e+00   3.370604e-01   2.711368e-02
3.040576000000000167e+00   3.021258e-01   2.704983e-02
3.045287000000000077e+00   3.210752e-01   2.706025e-02
3.049997999999999987e+00   3.118641e-01   2.704078e-02
3.054710000000000036e+00   3.074454e-01   2.699190e-02
3.059420999999999946e+00   3.193701e-01   2.696246e-02
3.064131999999999856e+00   2.796466e-01   2.693869e-02
3.068843000000000210e+00   3.303422e-01   2.691807e-02
3.073554999999999815e+00   3.372025e-01   2.688791e-02
3.078266000000000169e+00   3.162185e-01   2.685959e-02
3.082977000000000078e+00   2.989502e-01   2.682607e-02
3.087687999999999988e+00   3.427671e-01   2.682878e-02
3.092400000000000038e+00   3.024792e-01   2.678816e-02
3.097110999999999947e+00   3.323063e-01   2.676652e-02
3.101821999999999857e+00   3.338938e-01   2.676591e-02
3.106533000000000211e+00   3.124940e-01   2.672966e-02
3.111244999999999816e+00   3.156988e-01   2.669642e-02
3.115956000000000170e+00   3.037271e-01   2.666027e-02
3.120667000000000080e+00   2.699615e-01   2.660596e-02
3.125377999999999989e+00   2.899714e-01   2.659980e-02
3.130090000000000039e+00   2.970500e-01   2.659840e-02
3.134800999999999949e+00   2.744612e-01   2.653779e-02
3.139511999999999858e+00   2.765775e-01   2.653546e-02
3.144223000000000212e+00   2.746280e-01   2.652062e-02
3.148934999999999818e+00   3.260536e-01   2.649994e-02
3.153646000000000171e+00   3.163207e-01   2.648588e-02
3.158357000000000081e+00   3.050368e-01   2.646467e-02
3.163067999999999991e+00   3.008638e-01   2.645247e-02
3.167780000000000040e+00   2.745731e-01   2.641300e-02
3.172490999999999950e+00   3.069129e-01   2.638172e-02
3.177201999999999860e+00   2.678344e-01   2.637352e-02
3.181913999999999909e+00   3.074256e-01   2.639708e-02
3.186624999999999819e+00   2.720145e-01   2.631202e-02
3.191336000000000173e+00   2.691256e-01   2.626572e-02
3.196047000000000082e+00   2.971227e-01   2.622025e-02
3.200759000000000132e+00   2.944092e-01   2.619038e-02
3.205470000000000041e+00   2.764737e-01   2.616447e-02
3.210180999999999951e+00   3.014002e-01   2.614780e-02
3.214891999999999861e+00   2.917777e-01   2.613319e-02
3.219603999999999910e+00   2.663996e-01   2.608907e-02
3.224314999999999820e+00   2.858761e-01   2.606597e-02
3.229026000000000174e+00   2.884553e-01   2.605242e-02
3.233737000000000084e+00   2.511290e-01   2.598094e-02
3.238449000000000133e+00   2.736418e-01   2.599696e-02
3.243160000000000043e+00   2.846057e-01   2.600948e-02
3.247870999999999952e+00   2.906764e-01   2.599098e-02
3.252581999999999862e+00   2.984068e-01   2.599447e-02
3.257293999999999912e+00   3.113514e-01   2.600854e-02
3.262004999999999821e+00   3.037407e-01   2.598284e-02
3.266716000000000175e+00   2.998936e-01   2.597949e-02
3.271427000000000085e+00   3.019475e-01   2.595936e-02
3.276139000000000134e+00   2.599369e-01   2.590454e-02
3.280850000000000044e+00   2.698659e-01   2.589500e-02
3.285560999999999954e+00   2.542558e-01   2.585543e-02
3.290271999999999863e+00   2.634029e-01   2.584454e-02
3.294983999999999913e+00   2.922159e-01   2.584647e-02
3.299694999999999823e+00   2.807100e-01   2.582776e-02
3.304406000000000176e+00   2.818592e-01   2.580833e-02
3.309117000000000086e+00   2.865292e-01   2.578232e-02
3.313829000000000136e+00   3.096460e-01   2.576403e-02
3.318540000000000045e+00   2.726786e-01   2.575396e-02
3.323250999999999955e+00   2.967083e-01   2.574537e-02
3.327961999999999865e+00   2.719488e-01   2.571384e-02
3.332673999999999914e+00   2.385077e-01   2.567943e-02
3.337384999999999824e+00   3.070216e-01   2.565712e-02
3.342096000000000178e+00   2.986605e-01   2.564435e-02
3.346807000000000087e+00   2.650980e-01   2.561074e-02
3.351519000000000137e+00   2.556027e-01   2.560607e-02
3.356230000000000047e+00   2.241861e-01   2.558674e-02
3.360940999999999956e+00   2.227438e-01   2.557334e-02
3.365653000000000006e+00   2.412588e-01   2.554015e-02
3.370363999999999916e+00   2.477799e-01   2.552044e-02
3.375074999999999825e+00   2.465289e-01   2.549939e-02
3.379786000000000179e+00   2.438985e-01   2.549567e-02
3.384497999999999784e+00   2.657648e-01   2.546803e-02
3.389209000000000138e+00   2.339859e-01   2.559548e-02
3.393920000000000048e+00   2.706756e-01   2.621509e-02
3.398630999999999958e+00   2.615862e-01   2.657302e-02
3.403343000000000007e+00   2.450274e-01   2.684583e-02
3.408053999999999917e+00   2.232131e-01   2.702703e-02
3.412764999999999826e+00   2.351811e-01   2.710643e-02
3.417476000000000180e+00   2.266286e-01   2.708990e-02
3.422187999999999786e+00   2.387749e-01   2.711575e-02
3.426899000000000139e+00   2.674534e-01   2.722269e-02
3.431610000000000049e+00   2.618680e-01   2.727080e-02
3.436320999999999959e+00   2.327814e-01   2.731782e-02
3.441033000000000008e+00   2.449160e-01   2.739459e-02
3.445743999999999918e+00   2.359175e-01   2.741282e-02
3.450454999999999828e+00   2.536601e-01   2.749451e-02
3.455166000000000182e+00   2.361672e-01   2.751376e-02
3.459877999999999787e+00   2.479008e-01   2.755555e-02
3.464589000000000141e+00   2.847768e-01   2.763534e-02
3.469300000000000050e+00   2.570852e-01   2.765242e-02
3.474010999999999960e+00   2.298945e-01   2.770408e-02
3.478723000000000010e+00   2.657588e-01   2.776226e-02
3.483433999999999919e+00   2.247259e-01   2.776700e-02
3.488144999999999829e+00   2.458320e-01   2.782923e-02
3.492856000000000183e+00   2.486293e-01   2.784869e-02
3.497567999999999788e+00   2.476842e-01   2.789461e-02
3.502279000000000142e+00   3.001903e-01   2.796312e-02
3.506990000000000052e+00   2.384228e-01   2.796636e-02
3.511700999999999961e+00   2.584752e-01   2.798932e-02
3.516413000000000011e+00   2.681800e-01   2.804194e-02
3.521123999999999921e+00   2.474105e-01   2.803422e-02
3.525834999999999830e+00   2.549420e-01   2.808855e-02
3.530546000000000184e+00   2.179778e-01   2.809462e-02
3.535257999999999790e+00   2.222241e-01   2.812407e-02
3.539969000000000143e+00   2.837794e-01   2.816700e-02
3.544680000000000053e+00   2.647097e-01   2.819867e-02
3.549392000000000102e+00   2.447066e-01   2.819066e-02
3.554103000000000012e+00   2.076274e-01   2.822158e-02
3.558813999999999922e+00   2.215367e-01   2.825914e-02
3.563524999999999832e+00   2.312467e-01   2.829753e-02
3.568236999999999881e+00   2.801010e-01   2.835509e-02
3.572947999999999791e+00   2.299327e-01   2.835799e-02
3.577659000000000145e+00   2.096989e-01   2.834890e-02
3.582370000000000054e+00   2.344863e-01   2.841109e-02
3.587082000000000104e+00   2.162213e-01   2.840529e-02
3.591793000000000013e+00   2.305259e-01   2.841789e-02
3.596503999999999923e+00   1.992555e-01   2.840687e-02
3.601214999999999833e+00   2.315961e-01   2.840636e-02
3.605926999999999882e+00   2.451639e-01   2.845668e-02
3.610637999999999792e+00   2.185807e-01   2.897525e-02
3.615349000000000146e+00   2.279345e-01   2.981144e-02
3.620060000000000056e+00   2.168195e-01   3.034029e-02
3.624772000000000105e+00   2.305737e-01   3.069725e-02
3.629483000000000015e+00   1.853958e-01   3.092986e-02
3.634193999999999924e+00   2.094962e-01   3.114696e-02
3.638904999999999834e+00   2.474617e-01   3.136993e-02
3.643616999999999884e+00   2.273716e-01   3.152466e-02
3.648327999999999793e+00   2.098079e-01   3.170842e-02
3.653039000000000147e+00   2.277505e-01   3.185764e-02
3.657750000000000057e+00   2.475588e-01   3.205285e-02
3.662462000000000106e+00   2.536931e-01   3.220066e-02
3.667173000000000016e+00   1.985696e-01   3.231901e-02
3.671883999999999926e+00   2.202311e-01   3.245712e-02
3.676594999999999835e+00   2.536296e-01   3.262166e-02
3.681306999999999885e+00   2.354141e-01   3.276766e-02
3.686017999999999795e+00   2.204520e-01   3.293701e-02
3.690729000000000148e+00   2.022787e-01   3.302184e-02
3.695440000000000058e+00   1.698759e-01   3.315213e-02
3.700152000000000108e+00   2.163267e-01   3.331456e-02
3.704863000000000017e+00   1.954038e-01   3.343541e-02
3.709573999999999927e+00   2.217618e-01   3.358230e-02
3.714284999999999837e+00   2.174985e-01   3.374181e-02
3.718996999999999886e+00   2.125563e-01   3.389243e-02
3.723707999999999796e+00   1.949207e-01   3.399500e-02
3.728419000000000150e+00   2.294162e-01   3.414319e-02
3.733131000000000199e+00   1.592470e-01   3.421239e-02
3.737842000000000109e+00   1.877130e-01   3.434980e-02
3.742553000000000019e+00   2.589123e-01   3.458284e-02
3.747263999999999928e+00   2.036328e-01   3.467351e-02
3.751975999999999978e+00   2.024479e-01   3.477640e-02
3.756686999999999887e+00   2.505856e-01   3.494278e-02
3.761397999999999797e+00   1.928378e-01   3.506102e-02
3.766109000000000151e+00   2.255296e-01   3.518614e-02
3.770821000000000200e+00   2.164111e-01   3.533848e-02
3.775532000000000110e+00   2.335758e-01   3.546621e-02
3.780243000000000020e+00   2.155513e-01   3.556395e-02
3.784953999999999930e+00   2.001054e-01   3.570951e-02
3.789665999999999979e+00   2.493161e-01   3.585073e-02
3.794376999999999889e+00   2.452045e-01   3.596948e-02
3.799087999999999798e+00   1.845764e-01   3.606726e-02
3.803799000000000152e+00   1.590640e-01   3.616539e-02
3.808511000000000202e+00   1.864995e-01   3.630734e-02
3.813222000000000111e+00   2.292326e-01   3.646183e-02
3.817933000000000021e+00   2.508618e-01   3.660196e-02
3.822643999999999931e+00   1.994169e-01   3.667718e-02
3.827355999999999980e+00   1.982230e-01   3.681255e-02
3.832066999999999890e+00   2.025351e-01   3.691494e-02
3.836777999999999800e+00   2.336525e-01   3.713139e-02
3.841489000000000154e+00   2.485021e-01   3.720559e-02
3.846201000000000203e+00   2.003800e-01   3.741666e-02
3.850912000000000113e+00   1.418582e-01   3.745508e-02
3.855623000000000022e+00   1.691277e-01   3.755373e-02
3.860333999999999932e+00   2.253304e-01   3.774635e-02
3.865045999999999982e+00   2.658477e-01   3.789216e-02
3.869756999999999891e+00   2.330550e-01   3.798742e-02
3.874467999999999801e+00   1.828447e-01   3.810234e-02
3.879179000000000155e+00   1.780418e-01   3.823609e-02
3.883891000000000204e+00   1.941700e-01   3.842231e-02
3.888602000000000114e+00   2.037889e-01   3.854788e-02
3.893313000000000024e+00   2.214467e-01   3.869831e-02
3.898023999999999933e+00   1.933816e-01   3.878272e-02
3.902735999999999983e+00   1.612847e-01   3.887671e-02
3.907446999999999893e+00   2.303187e-01   3.905256e-02
3.912157999999999802e+00   2.311598e-01   3.919651e-02
3.916869999999999852e+00   2.643749e-01   3.929338e-02
3.921581000000000206e+00   2.202213e-01   3.926317e-02
3.926292000000000115e+00   1.349607e-01   3.930027e-02
3.931003000000000025e+00   1.940024e-01   3.949230e-02
3.935715000000000074e+00   2.439877e-01   3.961279e-02
3.940425999999999984e+00   2.200136e-01   3.963716e-02
3.945136999999999894e+00   2.182152e-01   3.967795e-02
3.949847999999999804e+00   2.146293e-01   3.972847e-02
3.954559999999999853e+00   1.743442e-01   3.973808e-02
3.959271000000000207e+00   1.694389e-01   3.976642e-02
3.963982000000000117e+00   1.670274e-01   3.975732e-02
3.968693000000000026e+00   2.102748e-01   3.990867e-02
3.973405000000000076e+00   2.314649e-01   4.006905e-02
3.978115999999999985e+00   2.045586e-01   4.014770e-02
3.982826999999999895e+00   1.627789e-01   4.027813e-02
3.987537999999999805e+00   1.533112e-01   4.038131e-02
3.992249999999999854e+00   1.942483e-01   4.052571e-02
3.996961000000000208e+00   1.932089e-01   4.063893e-02
4.001672000000000118e+00   2.219059e-01   4.084345e-02
4.006382999999999583e+00   1.871203e-01   4.099073e-02
4.011095000000000077e+00   1.976861e-01   4.110102e-02
4.015806000000000431e+00   2.051480e-01   4.126367e-02
4.020516999999999896e+00   1.590416e-01   4.129563e-02
4.025228000000000250e+00   1.431846e-01   4.147560e-02
4.029939999999999856e+00   1.690140e-01   4.166103e-02
4.034651000000000209e+00   2.153249e-01   4.176605e-02
4.039361999999999675e+00   2.422994e-01   4.191021e-02
4.044073000000000029e+00   2.119013e-01   4.211165e-02
4.048784999999999634e+00   2.529429e-01   4.232487e-02
4.053495999999999988e+00   2.148794e-01   4.243203e-02
4.058207000000000342e+00   1.883243e-01   4.253906e-02
4.062917999999999807e+00   1.765517e-01   4.272412e-02
4.067630000000000301e+00   1.436549e-01   4.286631e-02
4.072340999999999767e+00   1.584837e-01   4.295037e-02
4.077052000000000120e+00   1.620774e-01   4.310209e-02
4.081762999999999586e+00   2.014186e-01   4.327747e-02
4.086475000000000080e+00   1.560989e-01   4.344205e-02
4.091186000000000433e+00   1.936455e-01   4.358979e-02
4.095896999999999899e+00   2.089887e-01   4.376114e-02
4.100609000000000393e+00   2.130760e-01   4.390395e-02
4.105319999999999858e+00   1.929921e-01   4.404054e-02
4.110031000000000212e+00   1.408771e-01   4.422369e-02
4.114741999999999678e+00   1.622613e-01   4.434658e-02
4.119454000000000171e+00   1.515966e-01   4.446879e-02
4.124164999999999637e+00   2.104402e-01   4.474603e-02
4.128875999999999991e+00   2.058533e-01   4.495077e-02
4.133587000000000344e+00   2.173185e-01   4.501007e-02
4.138298999999999950e+00   1.857330e-01   4.521494e-02
4.143010000000000304e+00   1.914212e-01   4.534495e-02
4.147720999999999769e+00   1.929277e-01   4.552477e-02
4.152432000000000123e+00   1.510103e-01   4.568826e-02
4.157143999999999728e+00   1.888675e-01   4.589227e-02
4.161855000000000082e+00   1.705630e-01   4.602977e-02
4.166566000000000436e+00   1.952280e-01   4.620509e-02
4.171276999999999902e+00   1.306949e-01   4.629284e-02
4.175989000000000395e+00   1.690932e-01   4.661474e-02
4.180699999999999861e+00   2.332737e-01   4.688991e-02
4.185411000000000215e+00   2.671133e-01   4.704273e-02
4.190121999999999680e+00   2.062318e-01   4.708815e-02
4.194834000000000174e+00   1.619647e-01   4.722776e-02
4.199544999999999639e+00   1.492503e-01   4.747649e-02
4.204255999999999993e+00   1.528904e-01   4.774030e-02
4.208967000000000347e+00   1.698234e-01   4.788175e-02
4.213678999999999952e+00   1.782248e-01   4.797523e-02
4.218390000000000306e+00   1.726937e-01   4.816586e-02
4.223100999999999772e+00   2.283365e-01   4.839270e-02
4.227812000000000126e+00   2.055409e-01   4.858673e-02
4.232523999999999731e+00   2.283034e-01   4.888668e-02
4.237235000000000085e+00   1.740818e-01   4.903987e-02
4.241946000000000438e+00   2.094519e-01   4.924447e-02
4.246656999999999904e+00   2.229287e-01   4.939816e-02
4.251369000000000398e+00   1.550019e-01   4.959358e-02
4.256079999999999863e+00   1.426112e-01   4.981511e-02
4.260791000000000217e+00   1.094688e-01   4.992673e-02
4.265501999999999683e+00   1.216449e-01   5.016774e-02
4.270214000000000176e+00   6.538591e-02   5.025848e-02
4.274924999999999642e+00   1.384355e-01   5.057334e-02
4.279635999999999996e+00   1.179118e-01   5.081518e-02
4.284347999999999601e+00   1.808927e-01   5.102399e-02
4.289058999999999955e+00   2.302902e-01   5.137702e-02
4.293770000000000309e+00   1.639903e-01   5.151889e-02
4.298480999999999774e+00   2.259115e-01   5.179048e-02
4.303193000000000268e+00   1.354706e-01   5.183774e-02
4.307903999999999733e+00   9.218851e-02   5.209577e-02
4.312615000000000087e+00   1.694558e-01   5.240058e-02
4.317326000000000441e+00   1.680742e-01   5.264877e-02
4.322038000000000046e+00   1.611996e-01   5.298368e-02
4.326749000000000400e+00   1.256010e-01   5.316749e-02
4.331459999999999866e+00   1.543212e-01   5.337829e-02
4.336171000000000220e+00   9.736762e-02   5.349246e-02
4.340882999999999825e+00   1.461691e-01   5.381108e-02
4.345594000000000179e+00   1.910349e-01   5.414752e-02
4.350304999999999644e+00   1.611425e-01   5.446454e-02
4.355015999999999998e+00   1.407963e-01   5.468312e-02
4.359727999999999604e+00   2.413733e-01   5.496763e-02
4.364438999999999957e+00   1.484505e-01   5.514880e-02
4.369150000000000311e+00   1.163709e-01   5.538958e-02
4.373860999999999777e+00   1.493036e-01   5.566539e-02
4.378573000000000270e+00   1.742914e-01   5.597352e-02
4.383283999999999736e+00   1.903610e-01   5.638731e-02
4.387995000000000090e+00   1.577859e-01   5.642086e-02
4.392706000000000444e+00   1.218495e-01   5.666855e-02
4.397418000000000049e+00   1.995087e-01   5.699940e-02
4.402129000000000403e+00   1.184929e-01   5.705071e-02
4.406839999999999868e+00   1.467337e-01   5.709881e-02
4.411551000000000222e+00   1.842750e-01   5.711294e-02
4.416262999999999828e+00   1.342565e-01   5.718916e-02
4.420974000000000181e+00   1.271620e-01   5.725490e-02
4.425684999999999647e+00   1.082629e-01   5.727029e-02
4.430396000000000001e+00   6.015705e-02   5.727033e-02
4.435107999999999606e+00   1.171536e-01   5.733358e-02
4.439818999999999960e+00   8.830141e-02   5.731950e-02
4.444530000000000314e+00   2.039885e-01   5.771747e-02
4.449240999999999779e+00   1.760317e-01   5.807285e-02
4.453953000000000273e+00   1.840644e-01   5.842200e-02
4.458663999999999739e+00   1.822805e-01   5.861892e-02
4.463375000000000092e+00   2.066049e-01   5.905037e-02
4.468086999999999698e+00   2.285884e-01   5.938522e-02
4.472798000000000052e+00   2.329407e-01   5.983022e-02
4.477509000000000405e+00   2.487219e-01   6.007843e-02
4.482219999999999871e+00   1.378046e-01   6.021906e-02
4.486932000000000365e+00   1.060518e-01   6.057376e-02
4.491642999999999830e+00   1.518435e-01   6.096586e-02
4.496354000000000184e+00   1.494493e-01   6.127251e-02
4.501064999999999650e+00   1.300774e-01   6.162293e-02
4.505777000000000143e+00   1.321959e-01   6.195024e-02
4.510487999999999609e+00   8.478293e-03   6.214982e-02
4.515198999999999963e+00   1.019898e-01   6.260071e-02
4.519910000000000316e+00   7.229022e-02   6.299666e-02
4.524621999999999922e+00   1.138654e-01   6.344115e-02
4.529333000000000276e+00   1.511963e-01   6.383921e-02
4.534043999999999741e+00   1.892476e-01   6.419576e-02
4.538755000000000095e+00   1.402593e-01   6.458616e-02
4.543466999999999700e+00   1.578794e-01   6.491610e-02
4.548178000000000054e+00   1.416208e-01   6.544229e-02
4.552889000000000408e+00   1.891321e-01   6.594325e-02
4.557599999999999874e+00   1.961356e-01   6.626902e-02
4.562312000000000367e+00   1.401893e-01   6.677991e-02
4.567022999999999833e+00   6.470683e-02   6.711555e-02
4.571734000000000187e+00   7.883702e-02   6.745350e-02
4.576444999999999652e+00   1.172650e-01   6.804480e-02
4.581157000000000146e+00   9.782301e-02   6.842797e-02
4.585867999999999611e+00   1.849989e-01   6.898146e-02
4.590578999999999965e+00   1.545796e-01   6.939413e-02
4.595290000000000319e+00   1.218695e-01   6.996201e-02
4.600001999999999924e+00   2.159504e-01   7.061270e-02
4.604713000000000278e+00   2.390352e-01   7.114849e-02
4.609423999999999744e+00   1.950526e-01   7.165842e-02
4.614135000000000097e+00   1.608252e-01   7.201961e-02
4.618846999999999703e+00   1.541267e-01   7.265334e-02
4.623558000000000057e+00   5.531114e-02   7.299332e-02
4.628269000000000410e+00   1.378421e-01   7.366929e-02
4.632979999999999876e+00   5.171748e-02   7.409102e-02
4.637692000000000370e+00   5.237631e-02   7.466940e-02
4.642402999999999835e+00   1.350077e-01   7.531790e-02
4.647114000000000189e+00   1.602858e-01   7.601436e-02
4.651825999999999794e+00   1.726293e-01   7.681981e-02
4.656537000000000148e+00   1.142944e-01   7.729786e-02
4.661247999999999614e+00   1.606087e-01   7.807348e-02
4.665958999999999968e+00   1.645651e-01   7.846352e-02
4.670670999999999573e+00   9.722848e-02   7.926776e-02
4.675381999999999927e+00   2.251744e-01   7.997728e-02
4.680093000000000281e+00   2.337421e-01   8.076431e-02
4.684803999999999746e+00   2.389769e-01   8.176106e-02
4.689516000000000240e+00   2.108496e-01   8.243561e-02
4.694226999999999705e+00   1.926646e-01   8.338484e-02
4.698938000000000059e+00   1.625714e-01   8.399155e-02
4.703649000000000413e+00   1.153485e-01   8.482702e-02
4.708361000000000018e+00   2.265488e-01   8.551757e-02
4.713072000000000372e+00   1.581048e-01   8.632157e-02
4.717782999999999838e+00   1.188123e-01   8.739794e-02
4.722494000000000192e+00   1.692770e-02   8.835089e-02
4.727205999999999797e+00   1.664381e-01   8.952666e-02
4.731917000000000151e+00   1.015962e-01   9.034546e-02
4.736627999999999616e+00   1.722477e-01   9.175702e-02
4.741338999999999970e+00   9.400333e-02   9.264310e-02
4.746050999999999576e+00  -3.889577e-02   9.327193e-02
4.750761999999999929e+00   6.646033e-02   9.472160e-02
4.755473000000000283e+00   1.445040e-01   9.630431e-02
4.760183999999999749e+00   1.371460e-01   9.756340e-02
4.764896000000000242e+00   1.642693e-01   9.871525e-02
4.769606999999999708e+00   2.809053e-01   1.004034e-01
4.774318000000000062e+00   1.023522e-01   1.010938e-01
4.779029000000000416e+00   8.674870e-02   1.025305e-01
4.783741000000000021e+00   1.624750e-01   1.039857e-01
4.788452000000000375e+00   2.203519e-01   1.058519e-01
4.793162999999999840e+00   1.246489e-01   1.074591e-01
4.797874000000000194e+00   3.954959e-02   1.086655e-01
4.802585999999999800e+00   6.012184e-02   1.108732e-01
4.807297000000000153e+00   2.997478e-01   1.132895e-01
4.812007999999999619e+00   2.527723e-01   1.151151e-01
4.816718999999999973e+00   8.930729e-02   1.169497e-01
4.821430999999999578e+00  -1.119976e-02   1.189591e-01
4.826141999999999932e+00   1.338249e-01   1.212397e-01
4.830853000000000286e+00   8.550038e-02   1.240722e-01
4.835564999999999891e+00   1.098116e-01   1.268200e-01
4.840276000000000245e+00   1.230430e-01   1.298166e-01
4.844986999999999711e+00   1.701054e-01   1.330469e-01
4.849698000000000064e+00  -2.324436e-02   1.354222e-01
4.854409999999999670e+00   1.989986e-01   1.393855e-01
4.859121000000000024e+00   1.851451e-01   1.435875e-01
4.863832000000000377e+00   1.679533e-01   1.473466e-01
4.868542999999999843e+00   8.543298e-02   1.522232e-01
4.873255000000000337e+00   1.892968e-01   1.571691e-01
4.877965999999999802e+00   2.704409e-01   1.631159e-01
4.882677000000000156e+00   7.147133e-02   1.681347e-01
4.887387999999999622e+00   2.229360e-01   1.745872e-01
4.892100000000000115e+00   4.280517e-01   1.824938e-01
4.896810999999999581e+00  -1.321404e-01   1.908573e-01
4.901521999999999935e+00  -7.746802e-03   2.013014e-01
4.906233000000000288e+00   1.352115e-01   2.134315e-01
4.910944999999999894e+00   8.785753e-02   2.272456e-01
4.915656000000000247e+00   6.473485e-02   2.458273e-01
4.920366999999999713e+00  -3.452585e-02   2.652072e-01
4.925078000000000067e+00   3.152571e-01   2.955616e-01
4.929789999999999672e+00   9.170261e-01   3.426645e-01
4.934501000000000026e+00   5.223551e-01   4.030909e-01
4.939212000000000380e+00  -2.341363e-01   5.175012e-01
4.943922999999999845e+00   3.138916e-02   9.134507e-01