# [6]
# Sample c= 2.05 mg/ml
# Intensity scaled by concentration
# Buffer subtracted data file:
# Protein DatFile = /data/visitor/mx1908/bm29/20161119/giulio/1d/mM25_013_ave.dat
# Buffer DatFile = /data/visitor/mx1908/bm29/20161119/giulio/1d/mM25_012_ave.dat
# 
# AutoRg: Rg   =   0.8210 +/- 0.14 ( 16.9%)
# AutoRg: I(0) =   1.89 +/- 0.0193
# AutoRg: Points   161 to 254 ( 94 total)
# AutoRg: Quality: 61.6%
# 
# 
# Sample Information:
# Storage Temperature (degrees C): 20.0
# Measurement Temperature (degrees C): 19.98
# Concentration: 2.05
# Code: 
3.479420999999999903e-02  -4.386466e+00   4.075324e+00
3.950545999999999919e-02  -5.569973e+00   1.597184e+00
4.421672000000000102e-02  -1.712271e+00   1.034669e+00
4.892798000000000286e-02  -3.012004e+00   7.888379e-01
5.363923000000000302e-02  -1.589081e+00   6.297517e-01
5.835048999999999791e-02  -1.202079e+00   5.151281e-01
6.306174999999999975e-02   3.675127e-01   4.258430e-01
6.777299999999999991e-02   5.770851e-01   3.618560e-01
7.248425999999999481e-02   4.442976e-01   3.124219e-01
7.719552000000000358e-02   6.193653e-01   2.741599e-01
8.190677000000000374e-02   8.404103e-01   2.418432e-01
8.661802999999999864e-02   9.481626e-01   2.166163e-01
9.132928999999999353e-02   8.854505e-01   1.965755e-01
9.604053999999999369e-02   7.195778e-01   1.800276e-01
1.007518000000000025e-01   7.591840e-01   1.658404e-01
1.054631000000000041e-01   1.131582e+00   1.536772e-01
1.101743000000000028e-01   1.056831e+00   1.431643e-01
1.148856000000000044e-01   9.524202e-01   1.340839e-01
1.195968000000000031e-01   1.173536e+00   1.263965e-01
1.243081000000000047e-01   1.113177e+00   1.198690e-01
1.290193000000000034e-01   1.060616e+00   1.141420e-01
1.337306000000000050e-01   1.229290e+00   1.087450e-01
1.384419000000000066e-01   1.008645e+00   1.040984e-01
1.431531000000000053e-01   1.191926e+00   9.991116e-02
1.478644000000000069e-01   1.173258e+00   9.637230e-02
1.525756000000000057e-01   1.121608e+00   9.324664e-02
1.572869000000000073e-01   1.210025e+00   9.005732e-02
1.619981000000000060e-01   1.178095e+00   8.721235e-02
1.667094000000000076e-01   1.271774e+00   8.495093e-02
1.714206000000000063e-01   1.354649e+00   8.278153e-02
1.761319000000000079e-01   1.314352e+00   8.071442e-02
1.808432000000000095e-01   1.207185e+00   7.868941e-02
1.855544000000000082e-01   1.141949e+00   7.711487e-02
1.902657000000000098e-01   1.208365e+00   7.534893e-02
1.949769000000000085e-01   1.230078e+00   7.398499e-02
1.996882000000000101e-01   1.155392e+00   7.246155e-02
2.043994000000000089e-01   1.090041e+00   7.115034e-02
2.091107000000000105e-01   1.285387e+00   6.996632e-02
2.138220000000000121e-01   1.164424e+00   6.885069e-02
2.185332000000000108e-01   1.211919e+00   6.768989e-02
2.232445000000000124e-01   1.251961e+00   6.665536e-02
2.279557000000000111e-01   1.233751e+00   6.571107e-02
2.326670000000000127e-01   1.263951e+00   6.485609e-02
2.373782000000000114e-01   1.361578e+00   6.386743e-02
2.420895000000000130e-01   1.276277e+00   6.301390e-02
2.468007000000000117e-01   1.255354e+00   6.232177e-02
2.515120000000000133e-01   1.235259e+00   6.148866e-02
2.562232999999999872e-01   1.428123e+00   6.081354e-02
2.609345000000000137e-01   1.371404e+00   5.999600e-02
2.656457999999999875e-01   1.286497e+00   5.937645e-02
2.703570000000000140e-01   1.349653e+00   5.874395e-02
2.750682999999999878e-01   1.353742e+00   5.813882e-02
2.797795000000000143e-01   1.361695e+00   5.751183e-02
2.844907999999999881e-01   1.325645e+00   5.689299e-02
2.892021000000000175e-01   1.292575e+00   5.630715e-02
2.939132999999999885e-01   1.316447e+00   5.586362e-02
2.986246000000000178e-01   1.318558e+00   5.527476e-02
3.033357999999999888e-01   1.307343e+00   5.480680e-02
3.080471000000000181e-01   1.344284e+00   5.437184e-02
3.127582999999999891e-01   1.460071e+00   5.393263e-02
3.174696000000000184e-01   1.429950e+00   5.337687e-02
3.221808999999999923e-01   1.389581e+00   5.289681e-02
3.268921000000000188e-01   1.373728e+00   5.242325e-02
3.316033999999999926e-01   1.370659e+00   5.214257e-02
3.363146000000000191e-01   1.309762e+00   5.266778e-02
3.410258999999999929e-01   1.371703e+00   5.296420e-02
3.457371000000000194e-01   1.459059e+00   5.325729e-02
3.504483999999999932e-01   1.430918e+00   5.398110e-02
3.551596000000000197e-01   1.397757e+00   5.509213e-02
3.598708999999999936e-01   1.387029e+00   5.579956e-02
3.645822000000000229e-01   1.351815e+00   5.643757e-02
3.692933999999999939e-01   1.385851e+00   5.679229e-02
3.740047000000000232e-01   1.421395e+00   5.705355e-02
3.787158999999999942e-01   1.472733e+00   5.741041e-02
3.834272000000000236e-01   1.525654e+00   5.764900e-02
3.881383999999999945e-01   1.494198e+00   5.801858e-02
3.928497000000000239e-01   1.534813e+00   5.949300e-02
3.975609999999999977e-01   1.559728e+00   6.130248e-02
4.022722000000000242e-01   1.523872e+00   6.260699e-02
4.069834999999999980e-01   1.481943e+00   6.359931e-02
4.116947000000000245e-01   1.453232e+00   6.460227e-02
4.164059999999999984e-01   1.519973e+00   6.559549e-02
4.211172000000000248e-01   1.529408e+00   6.662751e-02
4.258284999999999987e-01   1.485169e+00   6.761076e-02
4.305397000000000252e-01   1.465870e+00   6.868066e-02
4.352509999999999990e-01   1.473680e+00   6.951440e-02
4.399622999999999728e-01   1.483081e+00   7.040427e-02
4.446734999999999993e-01   1.458741e+00   7.185080e-02
4.493847999999999732e-01   1.540730e+00   7.285462e-02
4.540959999999999996e-01   1.442122e+00   7.327658e-02
4.588072999999999735e-01   1.474740e+00   7.092198e-02
4.635185000000000000e-01   1.529661e+00   6.908511e-02
4.682297999999999738e-01   1.517328e+00   6.814712e-02
4.729411000000000032e-01   1.582478e+00   6.743565e-02
4.776522999999999741e-01   1.606163e+00   6.673099e-02
4.823636000000000035e-01   1.563221e+00   6.611724e-02
4.870747999999999744e-01   1.536422e+00   6.572697e-02
4.917861000000000038e-01   1.597090e+00   6.547897e-02
4.964972999999999748e-01   1.615136e+00   6.503812e-02
5.012086000000000041e-01   1.546710e+00   6.472835e-02
5.059198999999999780e-01   1.570412e+00   6.450896e-02
5.106311000000000044e-01   1.602839e+00   6.413662e-02
5.153423999999999783e-01   1.573573e+00   6.373155e-02
5.200536000000000048e-01   1.587414e+00   6.330769e-02
5.247648999999999786e-01   1.661022e+00   6.283289e-02
5.294761000000000051e-01   1.577651e+00   6.234484e-02
5.341873999999999789e-01   1.593902e+00   6.188716e-02
5.388986000000000054e-01   1.592832e+00   6.147733e-02
5.436098999999999792e-01   1.542971e+00   6.106914e-02
5.483211999999999531e-01   1.516544e+00   6.072609e-02
5.530323999999999796e-01   1.564127e+00   6.033776e-02
5.577436999999999534e-01   1.591595e+00   6.000985e-02
5.624548999999999799e-01   1.522013e+00   5.971956e-02
5.671661999999999537e-01   1.537927e+00   5.934143e-02
5.718773999999999802e-01   1.577115e+00   5.921800e-02
5.765886999999999540e-01   1.643445e+00   5.904212e-02
5.813000000000000389e-01   1.586271e+00   5.891692e-02
5.860111999999999544e-01   1.647316e+00   5.880660e-02
5.907225000000000392e-01   1.641386e+00   5.862077e-02
5.954336999999999547e-01   1.611856e+00   5.843880e-02
6.001450000000000395e-01   1.665565e+00   5.837382e-02
6.048561999999999550e-01   1.604429e+00   5.820565e-02
6.095675000000000399e-01   1.554649e+00   5.815940e-02
6.142788000000000137e-01   1.656414e+00   5.797604e-02
6.189900000000000402e-01   1.653564e+00   5.778258e-02
6.237013000000000140e-01   1.634929e+00   5.763480e-02
6.284125000000000405e-01   1.582385e+00   5.761494e-02
6.331238000000000143e-01   1.531709e+00   5.748298e-02
6.378350000000000408e-01   1.638234e+00   5.736064e-02
6.425463000000000147e-01   1.672282e+00   5.717134e-02
6.472575000000000411e-01   1.591104e+00   5.707598e-02
6.519688000000000150e-01   1.583288e+00   5.689146e-02
6.566800999999999888e-01   1.626591e+00   5.670689e-02
6.613913000000000153e-01   1.673812e+00   5.665932e-02
6.661025999999999891e-01   1.672401e+00   5.653299e-02
6.708138000000000156e-01   1.675800e+00   5.636733e-02
6.755250999999999895e-01   1.592469e+00   5.631730e-02
6.802363000000000159e-01   1.551062e+00   5.620301e-02
6.849475999999999898e-01   1.654181e+00   5.600334e-02
6.896588999999999636e-01   1.629284e+00   5.595922e-02
6.943700999999999901e-01   1.593356e+00   5.574468e-02
6.990813999999999639e-01   1.676355e+00   5.565279e-02
7.037925999999999904e-01   1.592666e+00   5.558789e-02
7.085038999999999643e-01   1.645284e+00   5.547274e-02
7.132150999999999907e-01   1.580836e+00   5.534554e-02
7.179263999999999646e-01   1.567648e+00   5.519450e-02
7.226375999999999911e-01   1.687199e+00   5.505749e-02
7.273488999999999649e-01   1.590977e+00   5.491609e-02
7.320602000000000498e-01   1.607275e+00   5.479097e-02
7.367713999999999652e-01   1.643258e+00   5.472138e-02
7.414827000000000501e-01   1.604157e+00   5.454025e-02
7.461938999999999655e-01   1.651465e+00   5.449244e-02
7.509052000000000504e-01   1.590633e+00   5.430926e-02
7.556163999999999659e-01   1.682261e+00   5.421349e-02
7.603277000000000507e-01   1.594141e+00   5.409273e-02
7.650390000000000246e-01   1.618357e+00   5.401639e-02
7.697502000000000510e-01   1.667658e+00   5.390438e-02
7.744615000000000249e-01   1.694026e+00   5.379194e-02
7.791727000000000514e-01   1.584784e+00   5.379381e-02
7.838840000000000252e-01   1.519039e+00   5.360608e-02
7.885952000000000517e-01   1.610891e+00   5.349655e-02
7.933065000000000255e-01   1.597011e+00   5.343989e-02
7.980177999999999994e-01   1.647225e+00   5.327943e-02
8.027290000000000258e-01   1.586859e+00   5.318099e-02
8.074402999999999997e-01   1.604056e+00   5.309143e-02
8.121515000000000262e-01   1.621115e+00   5.299422e-02
8.168628000000000000e-01   1.590864e+00   5.273657e-02
8.215740000000000265e-01   1.585788e+00   5.272824e-02
8.262853000000000003e-01   1.586839e+00   5.272264e-02
8.309965000000000268e-01   1.596608e+00   5.253545e-02
8.357078000000000007e-01   1.680348e+00   5.240005e-02
8.404190999999999745e-01   1.646727e+00   5.226430e-02
8.451303000000000010e-01   1.548299e+00   5.224338e-02
8.498415999999999748e-01   1.601946e+00   5.214563e-02
8.545528000000000013e-01   1.630924e+00   5.204403e-02
8.592640999999999751e-01   1.578170e+00   5.193096e-02
8.639753000000000016e-01   1.603861e+00   5.184581e-02
8.686865999999999755e-01   1.656442e+00   5.164114e-02
8.733978999999999493e-01   1.597717e+00   5.163190e-02
8.781090999999999758e-01   1.585589e+00   5.146522e-02
8.828203999999999496e-01   1.569215e+00   5.143345e-02
8.875315999999999761e-01   1.560881e+00   5.139531e-02
8.922428999999999499e-01   1.595044e+00   5.124148e-02
8.969540999999999764e-01   1.617098e+00   5.112951e-02
9.016653999999999503e-01   1.590299e+00   5.101229e-02
9.063767000000000351e-01   1.613642e+00   5.086588e-02
9.110878999999999506e-01   1.578062e+00   5.081336e-02
9.157992000000000354e-01   1.556378e+00   5.067795e-02
9.205103999999999509e-01   1.596725e+00   5.065823e-02
9.252217000000000358e-01   1.610950e+00   5.049853e-02
9.299328999999999512e-01   1.545096e+00   5.041833e-02
9.346442000000000361e-01   1.506993e+00   5.034156e-02
9.393553999999999515e-01   1.611649e+00   5.020501e-02
9.440667000000000364e-01   1.519508e+00   5.009170e-02
9.487780000000000102e-01   1.506114e+00   5.000854e-02
9.534892000000000367e-01   1.494252e+00   4.999655e-02
9.582005000000000106e-01   1.476935e+00   4.992861e-02
9.629117000000000370e-01   1.563591e+00   4.987519e-02
9.676230000000000109e-01   1.620547e+00   4.969588e-02
9.723342000000000374e-01   1.535103e+00   4.960660e-02
9.770455000000000112e-01   1.551580e+00   4.951798e-02
9.817567999999999850e-01   1.488287e+00   4.949674e-02
9.864680000000000115e-01   1.600078e+00   4.935009e-02
9.911792999999999854e-01   1.514986e+00   4.925240e-02
9.958905000000000118e-01   1.520447e+00   4.912609e-02
1.000601999999999991e+00   1.551161e+00   4.903618e-02
1.005312999999999901e+00   1.493207e+00   4.892854e-02
1.010024000000000033e+00   1.550037e+00   4.883545e-02
1.014736000000000082e+00   1.537844e+00   4.875780e-02
1.019446999999999992e+00   1.462109e+00   4.868298e-02
1.024157999999999902e+00   1.488350e+00   4.859582e-02
1.028869000000000034e+00   1.508134e+00   4.850558e-02
1.033581000000000083e+00   1.499505e+00   4.843322e-02
1.038291999999999993e+00   1.468228e+00   4.836336e-02
1.043002999999999902e+00   1.427824e+00   4.824520e-02
1.047714000000000034e+00   1.462759e+00   4.811005e-02
1.052426000000000084e+00   1.474424e+00   4.811291e-02
1.057136999999999993e+00   1.494860e+00   4.798975e-02
1.061847999999999903e+00   1.493993e+00   4.795449e-02
1.066559000000000035e+00   1.503367e+00   4.782779e-02
1.071271000000000084e+00   1.493017e+00   4.781441e-02
1.075981999999999994e+00   1.467981e+00   4.770628e-02
1.080692999999999904e+00   1.440242e+00   4.762595e-02
1.085404000000000035e+00   1.487997e+00   4.756761e-02
1.090116000000000085e+00   1.426192e+00   4.746935e-02
1.094826999999999995e+00   1.441549e+00   4.735750e-02
1.099537999999999904e+00   1.507584e+00   4.731433e-02
1.104249000000000036e+00   1.406107e+00   4.721474e-02
1.108961000000000086e+00   1.409216e+00   4.705973e-02
1.113671999999999995e+00   1.436206e+00   4.696073e-02
1.118382999999999905e+00   1.404730e+00   4.696182e-02
1.123094000000000037e+00   1.395742e+00   4.685626e-02
1.127806000000000086e+00   1.474719e+00   4.679927e-02
1.132516999999999996e+00   1.372616e+00   4.666295e-02
1.137227999999999906e+00   1.377336e+00   4.666173e-02
1.141939000000000037e+00   1.385036e+00   4.651183e-02
1.146651000000000087e+00   1.414672e+00   4.651094e-02
1.151361999999999997e+00   1.367132e+00   4.637846e-02
1.156072999999999906e+00   1.431154e+00   4.632439e-02
1.160784000000000038e+00   1.488779e+00   4.622439e-02
1.165496000000000087e+00   1.437622e+00   4.613679e-02
1.170206999999999997e+00   1.374041e+00   4.610594e-02
1.174917999999999907e+00   1.335729e+00   4.603606e-02
1.179629999999999956e+00   1.370503e+00   4.594492e-02
1.184341000000000088e+00   1.385070e+00   4.587152e-02
1.189051999999999998e+00   1.388868e+00   4.581306e-02
1.193762999999999908e+00   1.361287e+00   4.589665e-02
1.198474999999999957e+00   1.323456e+00   4.683586e-02
1.203186000000000089e+00   1.329277e+00   4.797864e-02
1.207896999999999998e+00   1.308111e+00   4.882342e-02
1.212607999999999908e+00   1.343616e+00   4.958439e-02
1.217319999999999958e+00   1.399092e+00   5.003606e-02
1.222031000000000089e+00   1.358415e+00   5.051794e-02
1.226741999999999999e+00   1.310917e+00   5.109828e-02
1.231452999999999909e+00   1.266852e+00   5.151498e-02
1.236164999999999958e+00   1.264483e+00   5.188501e-02
1.240876000000000090e+00   1.348353e+00   5.232150e-02
1.245587000000000000e+00   1.380583e+00   5.248517e-02
1.250297999999999909e+00   1.371313e+00   5.267471e-02
1.255009999999999959e+00   1.263216e+00   5.273616e-02
1.259721000000000091e+00   1.351358e+00   5.276978e-02
1.264432000000000000e+00   1.370201e+00   5.102284e-02
1.269142999999999910e+00   1.378259e+00   4.970176e-02
1.273854999999999960e+00   1.360204e+00   4.885716e-02
1.278566000000000091e+00   1.277121e+00   4.817407e-02
1.283277000000000001e+00   1.336859e+00   4.764483e-02
1.287987999999999911e+00   1.281317e+00   4.724049e-02
1.292699999999999960e+00   1.266361e+00   4.682543e-02
1.297411000000000092e+00   1.302465e+00   4.649088e-02
1.302122000000000002e+00   1.295262e+00   4.608542e-02
1.306832999999999911e+00   1.251619e+00   4.585218e-02
1.311544999999999961e+00   1.275348e+00   4.574571e-02
1.316256000000000093e+00   1.279513e+00   4.563566e-02
1.320967000000000002e+00   1.222373e+00   4.545003e-02
1.325677999999999912e+00   1.196071e+00   4.533888e-02
1.330389999999999961e+00   1.208383e+00   4.528038e-02
1.335101000000000093e+00   1.285216e+00   4.511798e-02
1.339812000000000003e+00   1.193958e+00   4.504568e-02
1.344522999999999913e+00   1.252812e+00   4.496224e-02
1.349234999999999962e+00   1.187000e+00   4.482126e-02
1.353946000000000094e+00   1.206907e+00   4.467072e-02
1.358657000000000004e+00   1.178272e+00   4.465452e-02
1.363369000000000053e+00   1.256438e+00   4.458577e-02
1.368079999999999963e+00   1.218968e+00   4.442537e-02
1.372791000000000095e+00   1.232983e+00   4.434130e-02
1.377502000000000004e+00   1.200872e+00   4.431725e-02
1.382214000000000054e+00   1.191792e+00   4.421657e-02
1.386924999999999963e+00   1.127468e+00   4.416286e-02
1.391636000000000095e+00   1.129009e+00   4.404228e-02
1.396347000000000005e+00   1.174992e+00   4.400805e-02
1.401059000000000054e+00   1.145694e+00   4.388782e-02
1.405769999999999964e+00   1.137491e+00   4.379031e-02
1.410481000000000096e+00   1.130110e+00   4.376589e-02
1.415192000000000005e+00   1.153933e+00   4.364578e-02
1.419904000000000055e+00   1.182382e+00   4.360750e-02
1.424614999999999965e+00   1.128984e+00   4.353100e-02
1.429326000000000096e+00   1.168575e+00   4.345339e-02
1.434037000000000006e+00   1.127641e+00   4.336188e-02
1.438749000000000056e+00   1.157576e+00   4.321899e-02
1.443459999999999965e+00   1.099435e+00   4.320816e-02
1.448171000000000097e+00   1.084257e+00   4.314625e-02
1.452882000000000007e+00   1.135531e+00   4.308398e-02
1.457594000000000056e+00   1.104950e+00   4.302097e-02
1.462304999999999966e+00   1.116437e+00   4.296921e-02
1.467016000000000098e+00   1.123687e+00   4.287327e-02
1.471727000000000007e+00   1.047682e+00   4.281884e-02
1.476439000000000057e+00   1.093360e+00   4.274882e-02
1.481149999999999967e+00   1.115413e+00   4.269290e-02
1.485861000000000098e+00   1.071255e+00   4.259387e-02
1.490572000000000008e+00   1.056053e+00   4.252533e-02
1.495284000000000058e+00   1.020747e+00   4.245774e-02
1.499994999999999967e+00   1.043383e+00   4.244082e-02
1.504706000000000099e+00   1.036998e+00   4.237477e-02
1.509417000000000009e+00   1.013636e+00   4.233032e-02
1.514129000000000058e+00   1.098045e+00   4.245571e-02
1.518839999999999968e+00   1.070286e+00   4.365748e-02
1.523551000000000100e+00   1.076442e+00   4.457385e-02
1.528262999999999927e+00   1.027046e+00   4.514785e-02
1.532974000000000059e+00   1.039014e+00   4.564619e-02
1.537684999999999969e+00   1.019021e+00   4.617519e-02
1.542396000000000100e+00   1.014454e+00   4.606846e-02
1.547107999999999928e+00   1.033936e+00   4.498145e-02
1.551819000000000059e+00   1.113479e+00   4.437331e-02
1.556529999999999969e+00   1.040859e+00   4.391810e-02
1.561241000000000101e+00   1.042412e+00   4.346541e-02
1.565952999999999928e+00   9.579871e-01   4.303659e-02
1.570664000000000060e+00   9.947932e-01   4.263581e-02
1.575374999999999970e+00   1.020673e+00   4.219709e-02
1.580086000000000102e+00   1.055821e+00   4.181482e-02
1.584797999999999929e+00   9.353932e-01   4.158527e-02
1.589509000000000061e+00   9.241833e-01   4.149570e-02
1.594219999999999970e+00   1.000971e+00   4.147349e-02
1.598931000000000102e+00   1.061778e+00   4.153184e-02
1.603642999999999930e+00   1.024525e+00   4.159473e-02
1.608354000000000061e+00   9.957802e-01   4.159977e-02
1.613064999999999971e+00   9.692187e-01   4.155335e-02
1.617776000000000103e+00   9.207381e-01   4.147259e-02
1.622487999999999930e+00   9.719756e-01   4.143205e-02
1.627199000000000062e+00   9.278792e-01   4.131220e-02
1.631909999999999972e+00   9.230021e-01   4.122702e-02
1.636621000000000103e+00   9.658836e-01   4.118796e-02
1.641332999999999931e+00   9.748687e-01   4.109557e-02
1.646044000000000063e+00   9.018531e-01   4.104617e-02
1.650754999999999972e+00   9.048816e-01   4.103731e-02
1.655466000000000104e+00   8.950338e-01   4.093071e-02
1.660177999999999932e+00   9.561356e-01   4.084259e-02
1.664889000000000063e+00   9.552414e-01   4.079903e-02
1.669599999999999973e+00   9.279634e-01   4.074719e-02
1.674311000000000105e+00   9.193556e-01   4.066293e-02
1.679022999999999932e+00   9.238444e-01   4.060953e-02
1.683734000000000064e+00   9.177433e-01   4.061262e-02
1.688444999999999974e+00   9.320090e-01   4.047541e-02
1.693156000000000105e+00   8.820913e-01   4.041302e-02
1.697867999999999933e+00   9.412991e-01   4.035754e-02
1.702579000000000065e+00   8.520274e-01   4.031423e-02
1.707289999999999974e+00   8.503056e-01   4.027455e-02
1.712002000000000024e+00   9.291857e-01   4.018632e-02
1.716712999999999933e+00   9.130516e-01   4.017212e-02
1.721424000000000065e+00   8.664950e-01   4.005911e-02
1.726134999999999975e+00   8.656635e-01   4.000632e-02
1.730847000000000024e+00   9.228294e-01   3.997301e-02
1.735557999999999934e+00   8.326276e-01   3.987535e-02
1.740269000000000066e+00   8.564643e-01   3.982914e-02
1.744979999999999976e+00   8.658196e-01   3.979641e-02
1.749692000000000025e+00   8.720775e-01   3.969473e-02
1.754402999999999935e+00   8.703735e-01   3.966809e-02
1.759114000000000066e+00   8.316294e-01   3.961984e-02
1.763824999999999976e+00   8.360049e-01   3.956513e-02
1.768537000000000026e+00   8.304319e-01   3.952167e-02
1.773247999999999935e+00   8.189462e-01   3.951165e-02
1.777959000000000067e+00   8.226304e-01   3.951011e-02
1.782669999999999977e+00   8.337174e-01   3.939246e-02
1.787382000000000026e+00   8.511752e-01   3.930016e-02
1.792092999999999936e+00   8.903004e-01   3.925431e-02
1.796804000000000068e+00   8.327448e-01   3.918558e-02
1.801514999999999977e+00   8.025821e-01   3.915976e-02
1.806227000000000027e+00   8.595156e-01   3.912531e-02
1.810937999999999937e+00   8.186479e-01   3.899993e-02
1.815649000000000068e+00   8.455115e-01   3.898733e-02
1.820359999999999978e+00   8.751777e-01   3.894181e-02
1.825072000000000028e+00   8.011958e-01   3.888411e-02
1.829782999999999937e+00   7.937970e-01   3.882466e-02
1.834494000000000069e+00   8.300377e-01   3.878018e-02
1.839204999999999979e+00   8.046571e-01   3.879123e-02
1.843917000000000028e+00   7.746519e-01   3.871114e-02
1.848627999999999938e+00   7.984338e-01   3.861244e-02
1.853339000000000070e+00   8.210221e-01   3.859735e-02
1.858049999999999979e+00   7.589241e-01   3.852882e-02
1.862762000000000029e+00   7.766140e-01   3.850873e-02
1.867472999999999939e+00   7.668860e-01   3.845912e-02
1.872184000000000070e+00   7.961796e-01   3.844829e-02
1.876894999999999980e+00   7.757172e-01   3.834622e-02
1.881607000000000030e+00   7.557935e-01   3.831796e-02
1.886317999999999939e+00   7.258904e-01   3.828039e-02
1.891029000000000071e+00   7.916541e-01   3.819461e-02
1.895740999999999898e+00   7.547620e-01   3.814181e-02
1.900452000000000030e+00   7.567184e-01   3.814524e-02
1.905162999999999940e+00   7.235353e-01   3.804520e-02
1.909874000000000072e+00   7.543216e-01   3.802516e-02
1.914585999999999899e+00   7.522605e-01   3.793975e-02
1.919297000000000031e+00   7.734095e-01   3.789535e-02
1.924007999999999940e+00   7.430560e-01   3.784705e-02
1.928719000000000072e+00   7.385444e-01   3.779694e-02
1.933430999999999900e+00   7.163676e-01   3.775556e-02
1.938142000000000031e+00   7.447185e-01   3.766225e-02
1.942852999999999941e+00   7.460898e-01   3.756558e-02
1.947564000000000073e+00   6.893227e-01   3.742885e-02
1.952275999999999900e+00   7.438506e-01   3.737386e-02
1.956987000000000032e+00   7.827661e-01   3.733698e-02
1.961697999999999942e+00   7.274112e-01   3.723487e-02
1.966409000000000074e+00   6.762865e-01   3.720886e-02
1.971120999999999901e+00   7.103569e-01   3.721785e-02
1.975832000000000033e+00   7.176511e-01   3.721004e-02
1.980542999999999942e+00   6.735261e-01   3.717559e-02
1.985254000000000074e+00   6.716853e-01   3.720037e-02
1.989965999999999902e+00   6.319313e-01   3.721677e-02
1.994677000000000033e+00   6.861055e-01   3.723990e-02
1.999387999999999943e+00   7.227598e-01   3.725718e-02
2.004099000000000075e+00   7.150098e-01   3.813328e-02
2.008811000000000124e+00   6.915698e-01   3.898904e-02
2.013522000000000034e+00   6.963425e-01   3.950325e-02
2.018232999999999944e+00   7.150482e-01   3.991879e-02
2.022943999999999853e+00   6.715812e-01   4.030147e-02
2.027655999999999903e+00   7.144217e-01   4.066126e-02
2.032366999999999813e+00   6.821185e-01   4.087193e-02
2.037078000000000166e+00   6.617601e-01   4.094814e-02
2.041789000000000076e+00   6.310643e-01   4.106324e-02
2.046501000000000126e+00   7.045080e-01   4.120756e-02
2.051212000000000035e+00   7.250447e-01   4.133042e-02
2.055922999999999945e+00   5.742615e-01   4.137613e-02
2.060633999999999855e+00   6.181859e-01   4.150587e-02
2.065345999999999904e+00   6.587363e-01   4.145818e-02
2.070056999999999814e+00   6.826540e-01   4.021531e-02
2.074768000000000168e+00   6.663210e-01   3.941497e-02
2.079480000000000217e+00   7.180560e-01   3.891282e-02
2.084191000000000127e+00   6.730433e-01   3.840150e-02
2.088902000000000037e+00   6.485686e-01   3.808651e-02
2.093612999999999946e+00   6.315746e-01   3.779023e-02
2.098324999999999996e+00   5.950867e-01   3.765257e-02
2.103035999999999905e+00   6.193416e-01   3.755626e-02
2.107746999999999815e+00   6.245164e-01   3.748916e-02
2.112458000000000169e+00   5.727687e-01   3.739346e-02
2.117170000000000218e+00   6.316428e-01   3.732134e-02
2.121881000000000128e+00   5.754305e-01   3.723505e-02
2.126592000000000038e+00   5.978343e-01   3.717302e-02
2.131302999999999948e+00   6.366679e-01   3.712270e-02
2.136014999999999997e+00   6.297645e-01   3.698408e-02
2.140725999999999907e+00   6.745061e-01   3.692329e-02
2.145436999999999816e+00   6.460537e-01   3.685874e-02
2.150148000000000170e+00   6.156363e-01   3.680344e-02
2.154860000000000220e+00   5.697805e-01   3.668298e-02
2.159571000000000129e+00   6.016538e-01   3.666914e-02
2.164282000000000039e+00   6.059914e-01   3.662813e-02
2.168992999999999949e+00   5.800470e-01   3.657204e-02
2.173704999999999998e+00   5.772979e-01   3.650636e-02
2.178415999999999908e+00   6.128298e-01   3.649598e-02
2.183126999999999818e+00   5.258234e-01   3.637718e-02
2.187838000000000171e+00   5.272919e-01   3.629553e-02
2.192550000000000221e+00   5.368437e-01   3.629582e-02
2.197261000000000131e+00   5.406496e-01   3.621704e-02
2.201972000000000040e+00   5.400627e-01   3.622206e-02
2.206682999999999950e+00   5.467046e-01   3.617843e-02
2.211395000000000000e+00   5.491365e-01   3.611035e-02
2.216105999999999909e+00   6.207802e-01   3.610519e-02
2.220816999999999819e+00   5.810198e-01   3.596597e-02
2.225528000000000173e+00   5.695253e-01   3.597880e-02
2.230239999999999778e+00   5.651177e-01   3.592617e-02
2.234951000000000132e+00   5.791838e-01   3.589049e-02
2.239662000000000042e+00   5.886392e-01   3.583933e-02
2.244372999999999951e+00   5.099918e-01   3.578242e-02
2.249085000000000001e+00   5.267198e-01   3.573025e-02
2.253795999999999911e+00   5.965162e-01   3.565575e-02
2.258506999999999820e+00   5.834089e-01   3.561045e-02
2.263218999999999870e+00   5.866948e-01   3.555915e-02
2.267929999999999779e+00   5.497282e-01   3.552673e-02
2.272641000000000133e+00   5.354846e-01   3.549487e-02
2.277352000000000043e+00   5.160027e-01   3.546607e-02
2.282064000000000092e+00   5.412620e-01   3.540280e-02
2.286775000000000002e+00   5.763260e-01   3.534583e-02
2.291485999999999912e+00   5.223266e-01   3.533065e-02
2.296196999999999822e+00   5.474278e-01   3.526311e-02
2.300908999999999871e+00   5.359685e-01   3.523975e-02
2.305619999999999781e+00   5.184907e-01   3.514622e-02
2.310331000000000135e+00   5.563307e-01   3.511421e-02
2.315042000000000044e+00   5.352583e-01   3.510438e-02
2.319754000000000094e+00   5.183475e-01   3.510008e-02
2.324465000000000003e+00   5.307500e-01   3.499507e-02
2.329175999999999913e+00   5.731009e-01   3.502302e-02
2.333886999999999823e+00   4.854099e-01   3.495878e-02
2.338598999999999872e+00   4.596269e-01   3.487674e-02
2.343309999999999782e+00   5.049156e-01   3.483004e-02
2.348021000000000136e+00   5.292089e-01   3.486535e-02
2.352732000000000046e+00   4.880290e-01   3.476201e-02
2.357444000000000095e+00   5.027010e-01   3.474115e-02
2.362155000000000005e+00   5.003638e-01   3.471794e-02
2.366865999999999914e+00   5.105522e-01   3.467921e-02
2.371576999999999824e+00   5.131768e-01   3.464699e-02
2.376288999999999874e+00   5.218657e-01   3.459666e-02
2.380999999999999783e+00   5.160487e-01   3.456761e-02
2.385711000000000137e+00   5.171294e-01   3.454269e-02
2.390422000000000047e+00   4.959743e-01   3.449538e-02
2.395134000000000096e+00   4.551794e-01   3.443126e-02
2.399845000000000006e+00   4.896581e-01   3.441533e-02
2.404555999999999916e+00   5.246949e-01   3.438458e-02
2.409266999999999825e+00   4.894321e-01   3.433031e-02
2.413978999999999875e+00   5.066243e-01   3.428735e-02
2.418689999999999785e+00   5.076873e-01   3.426901e-02
2.423401000000000138e+00   4.375946e-01   3.422042e-02
2.428112000000000048e+00   4.923691e-01   3.418491e-02
2.432824000000000098e+00   4.781947e-01   3.415817e-02
2.437535000000000007e+00   4.849780e-01   3.413580e-02
2.442245999999999917e+00   4.579264e-01   3.408976e-02
2.446957999999999966e+00   4.376464e-01   3.404495e-02
2.451668999999999876e+00   5.015533e-01   3.404457e-02
2.456379999999999786e+00   4.720815e-01   3.396470e-02
2.461091000000000140e+00   4.695745e-01   3.393790e-02
2.465803000000000189e+00   4.895160e-01   3.393145e-02
2.470514000000000099e+00   4.752412e-01   3.389239e-02
2.475225000000000009e+00   4.229222e-01   3.383415e-02
2.479935999999999918e+00   4.156258e-01   3.381178e-02
2.484647999999999968e+00   4.364130e-01   3.374178e-02
2.489358999999999877e+00   4.685530e-01   3.375119e-02
2.494069999999999787e+00   5.081940e-01   3.369878e-02
2.498781000000000141e+00   4.422872e-01   3.368609e-02
2.503493000000000190e+00   4.657560e-01   3.362158e-02
2.508204000000000100e+00   5.054149e-01   3.362322e-02
2.512915000000000010e+00   4.742954e-01   3.353977e-02
2.517625999999999920e+00   4.613701e-01   3.343476e-02
2.522337999999999969e+00   4.378771e-01   3.339339e-02
2.527048999999999879e+00   4.373124e-01   3.333809e-02
2.531759999999999788e+00   4.444349e-01   3.331447e-02
2.536471000000000142e+00   4.385189e-01   3.327292e-02
2.541183000000000192e+00   4.406286e-01   3.325357e-02
2.545894000000000101e+00   4.704281e-01   3.323679e-02
2.550605000000000011e+00   5.020758e-01   3.317160e-02
2.555315999999999921e+00   4.181350e-01   3.315565e-02
2.560027999999999970e+00   4.266418e-01   3.312578e-02
2.564738999999999880e+00   4.168459e-01   3.310926e-02
2.569449999999999790e+00   4.501385e-01   3.310438e-02
2.574161000000000143e+00   4.261578e-01   3.307801e-02
2.578873000000000193e+00   4.221126e-01   3.311027e-02
2.583584000000000103e+00   4.122582e-01   3.304831e-02
2.588295000000000012e+00   4.856149e-01   3.307214e-02
2.593005999999999922e+00   4.168682e-01   3.302946e-02
2.597717999999999972e+00   4.008523e-01   3.299519e-02
2.602428999999999881e+00   4.330178e-01   3.294426e-02
2.607139999999999791e+00   4.430008e-01   3.294772e-02
2.611851000000000145e+00   3.844565e-01   3.293064e-02
2.616563000000000194e+00   4.147313e-01   3.285700e-02
2.621274000000000104e+00   4.179042e-01   3.281895e-02
2.625985000000000014e+00   3.986075e-01   3.278409e-02
2.630697000000000063e+00   4.658373e-01   3.276815e-02
2.635407999999999973e+00   4.650671e-01   3.274343e-02
2.640118999999999883e+00   4.086790e-01   3.270258e-02
2.644829999999999792e+00   4.228459e-01   3.268039e-02
2.649541999999999842e+00   4.024846e-01   3.265723e-02
2.654253000000000196e+00   3.833546e-01   3.258315e-02
2.658964000000000105e+00   4.177343e-01   3.257296e-02
2.663675000000000015e+00   4.198759e-01   3.255744e-02
2.668387000000000064e+00   4.247610e-01   3.251881e-02
2.673097999999999974e+00   3.685479e-01   3.248592e-02
2.677808999999999884e+00   3.869146e-01   3.247800e-02
2.682519999999999794e+00   3.851715e-01   3.244267e-02
2.687231999999999843e+00   3.848343e-01   3.241043e-02
2.691943000000000197e+00   3.536623e-01   3.235666e-02
2.696654000000000106e+00   3.937629e-01   3.237079e-02
2.701365000000000016e+00   4.088086e-01   3.237617e-02
2.706077000000000066e+00   3.967227e-01   3.228466e-02
2.710787999999999975e+00   3.759064e-01   3.226606e-02
2.715498999999999885e+00   3.672668e-01   3.225173e-02
2.720209999999999795e+00   3.341952e-01   3.220919e-02
2.724921999999999844e+00   3.664686e-01   3.214449e-02
2.729633000000000198e+00   3.727153e-01   3.215922e-02
2.734344000000000108e+00   3.892298e-01   3.211783e-02
2.739055000000000017e+00   4.252915e-01   3.211594e-02
2.743767000000000067e+00   3.360732e-01   3.207546e-02
2.748477999999999977e+00   3.475031e-01   3.207137e-02
2.753188999999999886e+00   3.885485e-01   3.205604e-02
2.757899999999999796e+00   3.941074e-01   3.199995e-02
2.762611999999999846e+00   3.889417e-01   3.195760e-02
2.767323000000000199e+00   3.678879e-01   3.189288e-02
2.772034000000000109e+00   4.094134e-01   3.188039e-02
2.776745000000000019e+00   3.415621e-01   3.187406e-02
2.781457000000000068e+00   3.587383e-01   3.184147e-02
2.786167999999999978e+00   4.242628e-01   3.182623e-02
2.790878999999999888e+00   3.699085e-01   3.179379e-02
2.795589999999999797e+00   3.437794e-01   3.176475e-02
2.800301999999999847e+00   3.802836e-01   3.177675e-02
2.805013000000000201e+00   4.065784e-01   3.187827e-02
2.809724000000000110e+00   3.866978e-01   3.268286e-02
2.814436000000000160e+00   3.667240e-01   3.321106e-02
2.819147000000000070e+00   3.540539e-01   3.361508e-02
2.823857999999999979e+00   3.418370e-01   3.391276e-02
2.828568999999999889e+00   3.623922e-01   3.408342e-02
2.833280999999999938e+00   3.762358e-01   3.420932e-02
2.837991999999999848e+00   3.867156e-01   3.430893e-02
2.842703000000000202e+00   3.804072e-01   3.440124e-02
2.847414000000000112e+00   3.879745e-01   3.450094e-02
2.852126000000000161e+00   3.576441e-01   3.458065e-02
2.856837000000000071e+00   3.650977e-01   3.464751e-02
2.861547999999999981e+00   3.656020e-01   3.473874e-02
2.866258999999999890e+00   3.983038e-01   3.476513e-02
2.870970999999999940e+00   3.104641e-01   3.450869e-02
2.875681999999999849e+00   3.332742e-01   3.362027e-02
2.880393000000000203e+00   3.423156e-01   3.310602e-02
2.885104000000000113e+00   3.398732e-01   3.277246e-02
2.889816000000000162e+00   3.862405e-01   3.252204e-02
2.894527000000000072e+00   4.068026e-01   3.239041e-02
2.899237999999999982e+00   3.194384e-01   3.228159e-02
2.903948999999999891e+00   3.412132e-01   3.222526e-02
2.908660999999999941e+00   3.425373e-01   3.212859e-02
2.913371999999999851e+00   3.428617e-01   3.208132e-02
2.918083000000000204e+00   3.686726e-01   3.201558e-02
2.922794000000000114e+00   3.632509e-01   3.195926e-02
2.927506000000000164e+00   3.346569e-01   3.191359e-02
2.932217000000000073e+00   3.595504e-01   3.186559e-02
2.936927999999999983e+00   3.600991e-01   3.179981e-02
2.941638999999999893e+00   3.764154e-01   3.175252e-02
2.946350999999999942e+00   3.975131e-01   3.170572e-02
2.951061999999999852e+00   3.412845e-01   3.166683e-02
2.955773000000000206e+00   3.616726e-01   3.162478e-02
2.960484000000000115e+00   3.568757e-01   3.155569e-02
2.965196000000000165e+00   2.983102e-01   3.153478e-02
2.969907000000000075e+00   2.708174e-01   3.147604e-02
2.974617999999999984e+00   3.204295e-01   3.145625e-02
2.979328999999999894e+00   2.578715e-01   3.139927e-02
2.984040999999999944e+00   3.305333e-01   3.136910e-02
2.988751999999999853e+00   2.861159e-01   3.132121e-02
2.993463000000000207e+00   2.666115e-01   3.128807e-02
2.998174999999999812e+00   3.243055e-01   3.130323e-02
3.002886000000000166e+00   3.075223e-01   3.126417e-02
3.007597000000000076e+00   3.001505e-01   3.117697e-02
3.012307999999999986e+00   2.869351e-01   3.117507e-02
3.017020000000000035e+00   3.093078e-01   3.113063e-02
3.021730999999999945e+00   3.110247e-01   3.110569e-02
3.026441999999999855e+00   2.943443e-01   3.105072e-02
3.031153000000000208e+00   3.595945e-01   3.101619e-02
3.035864999999999814e+00   3.278920e-01   3.101029e-02
3.040576000000000167e+00   3.115036e-01   3.098674e-02
3.045287000000000077e+00   3.135521e-01   3.093442e-02
3.049997999999999987e+00   3.008159e-01   3.093537e-02
3.054710000000000036e+00   2.863486e-01   3.087451e-02
3.059420999999999946e+00   3.128744e-01   3.084552e-02
3.064131999999999856e+00   3.373751e-01   3.081001e-02
3.068843000000000210e+00   2.967932e-01   3.077651e-02
3.073554999999999815e+00   3.085873e-01   3.075691e-02
3.078266000000000169e+00   3.050892e-01   3.073789e-02
3.082977000000000078e+00   2.832495e-01   3.073479e-02
3.087687999999999988e+00   2.676172e-01   3.067621e-02
3.092400000000000038e+00   3.203622e-01   3.066691e-02
3.097110999999999947e+00   2.936639e-01   3.061334e-02
3.101821999999999857e+00   2.667995e-01   3.059188e-02
3.106533000000000211e+00   3.278950e-01   3.055182e-02
3.111244999999999816e+00   2.845698e-01   3.055832e-02
3.115956000000000170e+00   2.930147e-01   3.050402e-02
3.120667000000000080e+00   3.155953e-01   3.050004e-02
3.125377999999999989e+00   2.936493e-01   3.045416e-02
3.130090000000000039e+00   3.033150e-01   3.045832e-02
3.134800999999999949e+00   2.284637e-01   3.041912e-02
3.139511999999999858e+00   2.587605e-01   3.037680e-02
3.144223000000000212e+00   2.781216e-01   3.034674e-02
3.148934999999999818e+00   3.358986e-01   3.032810e-02
3.153646000000000171e+00   2.903668e-01   3.029335e-02
3.158357000000000081e+00   2.855718e-01   3.027429e-02
3.163067999999999991e+00   2.690508e-01   3.025396e-02
3.167780000000000040e+00   2.883134e-01   3.023559e-02
3.172490999999999950e+00   2.712528e-01   3.018238e-02
3.177201999999999860e+00   2.821816e-01   3.018536e-02
3.181913999999999909e+00   2.427558e-01   3.019209e-02
3.186624999999999819e+00   2.750688e-01   3.012316e-02
3.191336000000000173e+00   2.748517e-01   3.007949e-02
3.196047000000000082e+00   2.680877e-01   3.004993e-02
3.200759000000000132e+00   3.050775e-01   2.996381e-02
3.205470000000000041e+00   2.765267e-01   2.993622e-02
3.210180999999999951e+00   2.369671e-01   2.989336e-02
3.214891999999999861e+00   2.883701e-01   2.985809e-02
3.219603999999999910e+00   2.749902e-01   2.986210e-02
3.224314999999999820e+00   3.040317e-01   2.985475e-02
3.229026000000000174e+00   2.953267e-01   2.980600e-02
3.233737000000000084e+00   2.834112e-01   2.976649e-02
3.238449000000000133e+00   3.051905e-01   2.977193e-02
3.243160000000000043e+00   2.682046e-01   2.976591e-02
3.247870999999999952e+00   3.103074e-01   2.973901e-02
3.252581999999999862e+00   2.687784e-01   2.971450e-02
3.257293999999999912e+00   2.571380e-01   2.976926e-02
3.262004999999999821e+00   2.834464e-01   2.974518e-02
3.266716000000000175e+00   2.775725e-01   2.968454e-02
3.271427000000000085e+00   2.391063e-01   2.969092e-02
3.276139000000000134e+00   2.748334e-01   2.970624e-02
3.280850000000000044e+00   2.798637e-01   2.967277e-02
3.285560999999999954e+00   2.946823e-01   2.962787e-02
3.290271999999999863e+00   2.373087e-01   2.958832e-02
3.294983999999999913e+00   2.850025e-01   2.956894e-02
3.299694999999999823e+00   2.792788e-01   2.956258e-02
3.304406000000000176e+00   2.566627e-01   2.954846e-02
3.309117000000000086e+00   2.580171e-01   2.948776e-02
3.313829000000000136e+00   2.569285e-01   2.946724e-02
3.318540000000000045e+00   2.407633e-01   2.944951e-02
3.323250999999999955e+00   2.640605e-01   2.945262e-02
3.327961999999999865e+00   2.946114e-01   2.941021e-02
3.332673999999999914e+00   2.759965e-01   2.940396e-02
3.337384999999999824e+00   2.515732e-01   2.934890e-02
3.342096000000000178e+00   2.702117e-01   2.935814e-02
3.346807000000000087e+00   2.347530e-01   2.932844e-02
3.351519000000000137e+00   2.460021e-01   2.928907e-02
3.356230000000000047e+00   2.269959e-01   2.927741e-02
3.360940999999999956e+00   2.174998e-01   2.926779e-02
3.365653000000000006e+00   2.726835e-01   2.922412e-02
3.370363999999999916e+00   3.008620e-01   2.922298e-02
3.375074999999999825e+00   2.533152e-01   2.918180e-02
3.379786000000000179e+00   2.748944e-01   2.915315e-02
3.384497999999999784e+00   2.402563e-01   2.915625e-02
3.389209000000000138e+00   2.384624e-01   2.933413e-02
3.393920000000000048e+00   2.485336e-01   3.000305e-02
3.398630999999999958e+00   2.692764e-01   3.040866e-02
3.403343000000000007e+00   2.659847e-01   3.071516e-02
3.408053999999999917e+00   2.134641e-01   3.094325e-02
3.412764999999999826e+00   2.457098e-01   3.101712e-02
3.417476000000000180e+00   2.725766e-01   3.103666e-02
3.422187999999999786e+00   2.882162e-01   3.101171e-02
3.426899000000000139e+00   2.988264e-01   3.109177e-02
3.431610000000000049e+00   2.606520e-01   3.119851e-02
3.436320999999999959e+00   2.441682e-01   3.129966e-02
3.441033000000000008e+00   2.695300e-01   3.134182e-02
3.445743999999999918e+00   2.255302e-01   3.139425e-02
3.450454999999999828e+00   2.278223e-01   3.143018e-02
3.455166000000000182e+00   2.293764e-01   3.150102e-02
3.459877999999999787e+00   2.541963e-01   3.156028e-02
3.464589000000000141e+00   2.406498e-01   3.160528e-02
3.469300000000000050e+00   2.344364e-01   3.164940e-02
3.474010999999999960e+00   2.177546e-01   3.168371e-02
3.478723000000000010e+00   2.068641e-01   3.176497e-02
3.483433999999999919e+00   2.129199e-01   3.178597e-02
3.488144999999999829e+00   2.558074e-01   3.183003e-02
3.492856000000000183e+00   2.332466e-01   3.187658e-02
3.497567999999999788e+00   2.610141e-01   3.192911e-02
3.502279000000000142e+00   2.632275e-01   3.196454e-02
3.506990000000000052e+00   2.276056e-01   3.198532e-02
3.511700999999999961e+00   2.276725e-01   3.202309e-02
3.516413000000000011e+00   2.315681e-01   3.207087e-02
3.521123999999999921e+00   2.264878e-01   3.211075e-02
3.525834999999999830e+00   2.372350e-01   3.215567e-02
3.530546000000000184e+00   2.176896e-01   3.212915e-02
3.535257999999999790e+00   1.901291e-01   3.218233e-02
3.539969000000000143e+00   1.948448e-01   3.222187e-02
3.544680000000000053e+00   2.124748e-01   3.229933e-02
3.549392000000000102e+00   1.882881e-01   3.231631e-02
3.554103000000000012e+00   2.107307e-01   3.233843e-02
3.558813999999999922e+00   2.269845e-01   3.237025e-02
3.563524999999999832e+00   1.886532e-01   3.238540e-02
3.568236999999999881e+00   2.088585e-01   3.242911e-02
3.572947999999999791e+00   1.883017e-01   3.245381e-02
3.577659000000000145e+00   2.131739e-01   3.247055e-02
3.582370000000000054e+00   2.349110e-01   3.247656e-02
3.587082000000000104e+00   2.222814e-01   3.249041e-02
3.591793000000000013e+00   2.510203e-01   3.253785e-02
3.596503999999999923e+00   2.504334e-01   3.253865e-02
3.601214999999999833e+00   2.588250e-01   3.251720e-02
3.605926999999999882e+00   2.062117e-01   3.255090e-02
3.610637999999999792e+00   2.510064e-01   3.312502e-02
3.615349000000000146e+00   2.516552e-01   3.409646e-02
3.620060000000000056e+00   2.199142e-01   3.470325e-02
3.624772000000000105e+00   1.993480e-01   3.514916e-02
3.629483000000000015e+00   2.152709e-01   3.545254e-02
3.634193999999999924e+00   2.399056e-01   3.568673e-02
3.638904999999999834e+00   2.103033e-01   3.589570e-02
3.643616999999999884e+00   2.083754e-01   3.607179e-02
3.648327999999999793e+00   2.127632e-01   3.626942e-02
3.653039000000000147e+00   1.655783e-01   3.642887e-02
3.657750000000000057e+00   1.636932e-01   3.662764e-02
3.662462000000000106e+00   1.888826e-01   3.678870e-02
3.667173000000000016e+00   2.186080e-01   3.700394e-02
3.671883999999999926e+00   2.666922e-01   3.716987e-02
3.676594999999999835e+00   2.280131e-01   3.733770e-02
3.681306999999999885e+00   1.515691e-01   3.747302e-02
3.686017999999999795e+00   2.390909e-01   3.766696e-02
3.690729000000000148e+00   2.610517e-01   3.784555e-02
3.695440000000000058e+00   2.112560e-01   3.802593e-02
3.700152000000000108e+00   1.802455e-01   3.813118e-02
3.704863000000000017e+00   2.614867e-01   3.832383e-02
3.709573999999999927e+00   2.193877e-01   3.845755e-02
3.714284999999999837e+00   2.252185e-01   3.861901e-02
3.718996999999999886e+00   1.661480e-01   3.876613e-02
3.723707999999999796e+00   2.236984e-01   3.889103e-02
3.728419000000000150e+00   2.036107e-01   3.905921e-02
3.733131000000000199e+00   2.162452e-01   3.921786e-02
3.737842000000000109e+00   2.080162e-01   3.935137e-02
3.742553000000000019e+00   2.198190e-01   3.954091e-02
3.747263999999999928e+00   2.864182e-01   3.969840e-02
3.751975999999999978e+00   2.462754e-01   3.983867e-02
3.756686999999999887e+00   1.690327e-01   3.994460e-02
3.761397999999999797e+00   1.602893e-01   4.012686e-02
3.766109000000000151e+00   1.867805e-01   4.030194e-02
3.770821000000000200e+00   2.136606e-01   4.041814e-02
3.775532000000000110e+00   2.371451e-01   4.053424e-02
3.780243000000000020e+00   2.175276e-01   4.067652e-02
3.784953999999999930e+00   2.272296e-01   4.086686e-02
3.789665999999999979e+00   2.230049e-01   4.098475e-02
3.794376999999999889e+00   2.008815e-01   4.110990e-02
3.799087999999999798e+00   2.125655e-01   4.129212e-02
3.803799000000000152e+00   1.610810e-01   4.145289e-02
3.808511000000000202e+00   1.600793e-01   4.158675e-02
3.813222000000000111e+00   1.726655e-01   4.171932e-02
3.817933000000000021e+00   2.593022e-01   4.188322e-02
3.822643999999999931e+00   2.544649e-01   4.205101e-02
3.827355999999999980e+00   2.102107e-01   4.217094e-02
3.832066999999999890e+00   1.920288e-01   4.227581e-02
3.836777999999999800e+00   2.448354e-01   4.243485e-02
3.841489000000000154e+00   2.287032e-01   4.258252e-02
3.846201000000000203e+00   1.871710e-01   4.276839e-02
3.850912000000000113e+00   1.956745e-01   4.290495e-02
3.855623000000000022e+00   2.434724e-01   4.305040e-02
3.860333999999999932e+00   1.732704e-01   4.317767e-02
3.865045999999999982e+00   1.997465e-01   4.335540e-02
3.869756999999999891e+00   1.947833e-01   4.347525e-02
3.874467999999999801e+00   1.802163e-01   4.365621e-02
3.879179000000000155e+00   1.637208e-01   4.375627e-02
3.883891000000000204e+00   2.368087e-01   4.390969e-02
3.888602000000000114e+00   1.999845e-01   4.408928e-02
3.893313000000000024e+00   2.021554e-01   4.425383e-02
3.898023999999999933e+00   1.774027e-01   4.439534e-02
3.902735999999999983e+00   1.460983e-01   4.453718e-02
3.907446999999999893e+00   1.716269e-01   4.465692e-02
3.912157999999999802e+00   2.193108e-01   4.485409e-02
3.916869999999999852e+00   2.286823e-01   4.492569e-02
3.921581000000000206e+00   1.818638e-01   4.493067e-02
3.926292000000000115e+00   1.825816e-01   4.504972e-02
3.931003000000000025e+00   2.344232e-01   4.520019e-02
3.935715000000000074e+00   2.124965e-01   4.529424e-02
3.940425999999999984e+00   2.482777e-01   4.538473e-02
3.945136999999999894e+00   9.658656e-02   4.545465e-02
3.949847999999999804e+00   1.719905e-01   4.541636e-02
3.954559999999999853e+00   2.290668e-01   4.549502e-02
3.959271000000000207e+00   2.063592e-01   4.556819e-02
3.963982000000000117e+00   2.446018e-01   4.561987e-02
3.968693000000000026e+00   2.927604e-01   4.564581e-02
3.973405000000000076e+00   1.756236e-01   4.576577e-02
3.978115999999999985e+00   2.083087e-01   4.597488e-02
3.982826999999999895e+00   1.369499e-01   4.612158e-02
3.987537999999999805e+00   1.862537e-01   4.630559e-02
3.992249999999999854e+00   1.757811e-01   4.649049e-02
3.996961000000000208e+00   2.032762e-01   4.658687e-02
4.001672000000000118e+00   2.321233e-01   4.673547e-02
4.006382999999999583e+00   1.164545e-01   4.690953e-02
4.011095000000000077e+00   1.869677e-01   4.704953e-02
4.015806000000000431e+00   2.024210e-01   4.722889e-02
4.020516999999999896e+00   2.115591e-01   4.735566e-02
4.025228000000000250e+00   1.871620e-01   4.749564e-02
4.029939999999999856e+00   9.170434e-02   4.766516e-02
4.034651000000000209e+00   1.745215e-01   4.789155e-02
4.039361999999999675e+00   1.537486e-01   4.800130e-02
4.044073000000000029e+00   1.338176e-01   4.814048e-02
4.048784999999999634e+00   2.225960e-01   4.827751e-02
4.053495999999999988e+00   1.695283e-01   4.848079e-02
4.058207000000000342e+00   1.783289e-01   4.870531e-02
4.062917999999999807e+00   2.353547e-01   4.888693e-02
4.067630000000000301e+00   2.167648e-01   4.905467e-02
4.072340999999999767e+00   1.681598e-01   4.918502e-02
4.077052000000000120e+00   1.615681e-01   4.935107e-02
4.081762999999999586e+00   2.113358e-01   4.951114e-02
4.086475000000000080e+00   2.105366e-01   4.977212e-02
4.091186000000000433e+00   2.016624e-01   5.000379e-02
4.095896999999999899e+00   1.168545e-01   5.010739e-02
4.100609000000000393e+00   1.352210e-01   5.021859e-02
4.105319999999999858e+00   2.318762e-01   5.042658e-02
4.110031000000000212e+00   2.394448e-01   5.060609e-02
4.114741999999999678e+00   1.451773e-01   5.075368e-02
4.119454000000000171e+00   1.670731e-01   5.102295e-02
4.124164999999999637e+00   2.119963e-01   5.123332e-02
4.128875999999999991e+00   2.106800e-01   5.125051e-02
4.133587000000000344e+00   1.900037e-01   5.152225e-02
4.138298999999999950e+00   1.732720e-01   5.171817e-02
4.143010000000000304e+00   2.077326e-01   5.201466e-02
4.147720999999999769e+00   1.811823e-01   5.214520e-02
4.152432000000000123e+00   1.030223e-01   5.229876e-02
4.157143999999999728e+00   1.732741e-01   5.247042e-02
4.161855000000000082e+00   1.911325e-01   5.266439e-02
4.166566000000000436e+00   1.411951e-01   5.295374e-02
4.171276999999999902e+00   1.471563e-01   5.312203e-02
4.175989000000000395e+00   2.146275e-01   5.332142e-02
4.180699999999999861e+00   1.996028e-01   5.349900e-02
4.185411000000000215e+00   1.480233e-01   5.379175e-02
4.190121999999999680e+00   7.859604e-02   5.400087e-02
4.194834000000000174e+00   1.531431e-01   5.413143e-02
4.199544999999999639e+00   1.587740e-01   5.423275e-02
4.204255999999999993e+00   1.451577e-01   5.451864e-02
4.208967000000000347e+00   2.140214e-01   5.473980e-02
4.213678999999999952e+00   1.598801e-01   5.500360e-02
4.218390000000000306e+00   1.346382e-01   5.525537e-02
4.223100999999999772e+00   1.508178e-01   5.546189e-02
4.227812000000000126e+00   1.468210e-01   5.567884e-02
4.232523999999999731e+00   1.898587e-01   5.588431e-02
4.237235000000000085e+00   2.154522e-01   5.607554e-02
4.241946000000000438e+00   2.695128e-01   5.633221e-02
4.246656999999999904e+00   2.246625e-01   5.667206e-02
4.251369000000000398e+00   1.780653e-01   5.679594e-02
4.256079999999999863e+00   1.723259e-01   5.703144e-02
4.260791000000000217e+00   2.186275e-01   5.731215e-02
4.265501999999999683e+00   2.075153e-01   5.746490e-02
4.270214000000000176e+00   1.423157e-01   5.773196e-02
4.274924999999999642e+00   1.661367e-01   5.806358e-02
4.279635999999999996e+00   1.100968e-01   5.820571e-02
4.284347999999999601e+00   1.855710e-01   5.845466e-02
4.289058999999999955e+00   2.832562e-01   5.879767e-02
4.293770000000000309e+00   2.675767e-01   5.897327e-02
4.298480999999999774e+00   1.634791e-01   5.930490e-02
4.303193000000000268e+00   1.252196e-01   5.947772e-02
4.307903999999999733e+00   1.058590e-01   5.979000e-02
4.312615000000000087e+00   1.108073e-01   6.005621e-02
4.317326000000000441e+00   9.996049e-02   6.033180e-02
4.322038000000000046e+00   2.589352e-01   6.065905e-02
4.326749000000000400e+00   2.515513e-01   6.086312e-02
4.331459999999999866e+00   1.115378e-01   6.116588e-02
4.336171000000000220e+00   2.116949e-01   6.158126e-02
4.340882999999999825e+00   1.662496e-01   6.174724e-02
4.345594000000000179e+00   1.401220e-01   6.189520e-02
4.350304999999999644e+00   2.246069e-01   6.222862e-02
4.355015999999999998e+00   1.796193e-01   6.260572e-02
4.359727999999999604e+00   1.736717e-01   6.288790e-02
4.364438999999999957e+00   7.146683e-02   6.316328e-02
4.369150000000000311e+00   1.349514e-01   6.347468e-02
4.373860999999999777e+00   3.794818e-02   6.372183e-02
4.378573000000000270e+00   1.367309e-01   6.413948e-02
4.383283999999999736e+00   1.209092e-01   6.442371e-02
4.387995000000000090e+00   1.388425e-01   6.469809e-02
4.392706000000000444e+00   1.635418e-01   6.507915e-02
4.397418000000000049e+00   1.572066e-01   6.525914e-02
4.402129000000000403e+00   1.037527e-01   6.534680e-02
4.406839999999999868e+00   2.062274e-01   6.547656e-02
4.411551000000000222e+00   1.771491e-01   6.544083e-02
4.416262999999999828e+00   1.538505e-01   6.548925e-02
4.420974000000000181e+00   1.935468e-01   6.553372e-02
4.425684999999999647e+00   1.420769e-01   6.560223e-02
4.430396000000000001e+00   2.235798e-01   6.567101e-02
4.435107999999999606e+00   2.307230e-01   6.574282e-02
4.439818999999999960e+00   8.188325e-02   6.586700e-02
4.444530000000000314e+00   1.822340e-01   6.617624e-02
4.449240999999999779e+00   9.642856e-02   6.660260e-02
4.453953000000000273e+00   7.361425e-02   6.690546e-02
4.458663999999999739e+00   1.073160e-01   6.720355e-02
4.463375000000000092e+00   2.460339e-01   6.739248e-02
4.468086999999999698e+00   1.316430e-01   6.787133e-02
4.472798000000000052e+00   9.543268e-02   6.822350e-02
4.477509000000000405e+00   1.304810e-01   6.847096e-02
4.482219999999999871e+00   4.389908e-02   6.887186e-02
4.486932000000000365e+00   1.246775e-01   6.943770e-02
4.491642999999999830e+00   1.363814e-01   6.971070e-02
4.496354000000000184e+00   1.701324e-01   7.006089e-02
4.501064999999999650e+00   1.143779e-01   7.046677e-02
4.505777000000000143e+00   1.328313e-01   7.101538e-02
4.510487999999999609e+00   1.518980e-01   7.126399e-02
4.515198999999999963e+00   8.432228e-02   7.185894e-02
4.519910000000000316e+00   8.185192e-02   7.221681e-02
4.524621999999999922e+00   1.510649e-01   7.250351e-02
4.529333000000000276e+00   1.571472e-01   7.296343e-02
4.534043999999999741e+00   1.972880e-01   7.343857e-02
4.538755000000000095e+00   2.206811e-01   7.402462e-02
4.543466999999999700e+00   1.179657e-01   7.454133e-02
4.548178000000000054e+00   1.212911e-01   7.510390e-02
4.552889000000000408e+00   2.469949e-01   7.548613e-02
4.557599999999999874e+00   1.091832e-01   7.578648e-02
4.562312000000000367e+00   6.680282e-02   7.638035e-02
4.567022999999999833e+00   1.313881e-01   7.702273e-02
4.571734000000000187e+00   1.464850e-01   7.749225e-02
4.576444999999999652e+00   2.209848e-01   7.801854e-02
4.581157000000000146e+00   1.100574e-01   7.854121e-02
4.585867999999999611e+00   1.434797e-01   7.914192e-02
4.590578999999999965e+00   1.749578e-01   7.976899e-02
4.595290000000000319e+00   1.994692e-01   8.025655e-02
4.600001999999999924e+00   1.781017e-01   8.061021e-02
4.604713000000000278e+00   1.780776e-01   8.122622e-02
4.609423999999999744e+00   2.226010e-01   8.208907e-02
4.614135000000000097e+00   1.520683e-01   8.255651e-02
4.618846999999999703e+00   1.227493e-01   8.326809e-02
4.623558000000000057e+00   6.177599e-02   8.372310e-02
4.628269000000000410e+00   1.300397e-01   8.433055e-02
4.632979999999999876e+00   1.119128e-01   8.502959e-02
4.637692000000000370e+00   1.493047e-01   8.547346e-02
4.642402999999999835e+00   1.498229e-01   8.627856e-02
4.647114000000000189e+00   1.115808e-01   8.724884e-02
4.651825999999999794e+00   1.517371e-01   8.786410e-02
4.656537000000000148e+00   1.677900e-01   8.844538e-02
4.661247999999999614e+00   1.738216e-01   8.928524e-02
4.665958999999999968e+00   1.412000e-01   8.994878e-02
4.670670999999999573e+00   6.294255e-02   9.083172e-02
4.675381999999999927e+00   4.302905e-02   9.184430e-02
4.680093000000000281e+00   2.155191e-01   9.264035e-02
4.684803999999999746e+00   1.129022e-01   9.337546e-02
4.689516000000000240e+00  -8.320217e-03   9.426165e-02
4.694226999999999705e+00   6.451610e-02   9.522591e-02
4.698938000000000059e+00   1.040191e-01   9.611731e-02
4.703649000000000413e+00   2.005754e-01   9.699390e-02
4.708361000000000018e+00   1.419712e-01   9.812345e-02
4.713072000000000372e+00   1.753403e-01   9.886297e-02
4.717782999999999838e+00   2.398646e-01   9.986426e-02
4.722494000000000192e+00   8.874683e-02   1.014785e-01
4.727205999999999797e+00   2.071390e-01   1.023156e-01
4.731917000000000151e+00   2.813482e-01   1.035397e-01
4.736627999999999616e+00   1.337725e-01   1.047381e-01
4.741338999999999970e+00   2.456593e-01   1.059293e-01
4.746050999999999576e+00   3.050247e-01   1.073662e-01
4.750761999999999929e+00   1.748213e-01   1.085439e-01
4.755473000000000283e+00   1.096508e-01   1.098807e-01
4.760183999999999749e+00   8.284141e-02   1.111330e-01
4.764896000000000242e+00   1.264255e-01   1.128635e-01
4.769606999999999708e+00   6.499003e-02   1.143829e-01
4.774318000000000062e+00   1.214861e-01   1.159724e-01
4.779029000000000416e+00  -2.970385e-02   1.173217e-01
4.783741000000000021e+00   1.929086e-01   1.190850e-01
4.788452000000000375e+00   6.857469e-02   1.207796e-01
4.793162999999999840e+00   4.556938e-02   1.231974e-01
4.797874000000000194e+00   1.488661e-01   1.249052e-01
4.802585999999999800e+00   8.332407e-02   1.269742e-01
4.807297000000000153e+00   2.764591e-02   1.294547e-01
4.812007999999999619e+00   5.914060e-02   1.321140e-01
4.816718999999999973e+00   2.016812e-01   1.342630e-01
4.821430999999999578e+00   3.073345e-01   1.366187e-01
4.826141999999999932e+00   2.485570e-01   1.396421e-01
4.830853000000000286e+00   2.456454e-01   1.425997e-01
4.835564999999999891e+00   9.893333e-03   1.457344e-01
4.840276000000000245e+00   1.856970e-01   1.491115e-01
4.844986999999999711e+00   1.597408e-01   1.521691e-01
4.849698000000000064e+00   2.042353e-01   1.554021e-01
4.854409999999999670e+00   3.217001e-01   1.593655e-01
4.859121000000000024e+00   3.047001e-01   1.640803e-01
4.863832000000000377e+00   3.867899e-01   1.688179e-01
4.868542999999999843e+00   3.486267e-01   1.732261e-01
4.873255000000000337e+00   2.390094e-01   1.801809e-01
4.877965999999999802e+00   9.259257e-02   1.848976e-01
4.882677000000000156e+00   1.409214e-02   1.922681e-01
4.887387999999999622e+00  -8.729160e-03   2.006108e-01
4.892100000000000115e+00   2.540272e-01   2.097416e-01
4.896810999999999581e+00   5.904244e-02   2.190104e-01
4.901521999999999935e+00  -1.021438e-01   2.322264e-01
4.906233000000000288e+00   1.646885e-01   2.451549e-01
4.910944999999999894e+00  -3.228055e-01   2.600915e-01
4.915656000000000247e+00   4.945382e-02   2.802366e-01
4.920366999999999713e+00   1.523183e-01   3.059671e-01
4.925078000000000067e+00   2.327776e-01   3.411702e-01
4.929789999999999672e+00   3.923868e-01   3.867796e-01
4.934501000000000026e+00   1.966519e-01   4.618711e-01
4.939212000000000380e+00  -3.770933e-01   6.023249e-01
4.943922999999999845e+00  -1.955385e-01   1.089981e+00