# [5]
# Sample c= 14.01 mg/ml
# Intensity scaled by concentration
# Buffer subtracted data file:
# Protein DatFile = /data/visitor/mx1908/bm29/20161119/giulio/1d/mM150_065_ave.dat
# Buffer DatFile = /data/visitor/mx1908/bm29/20161119/giulio/ednaSub/mM150_065_ave_averbuffer.dat
# 
# AutoRg: Rg   =   0.6876 +/- 0.25 ( 37.0%)
# AutoRg: I(0) =   1.25 +/- 0.0071
# AutoRg: Points   262 to 334 ( 73 total)
# AutoRg: Quality: 59.2%
# 
# 
# Sample Information:
# Storage Temperature (degrees C): 20.0
# Measurement Temperature (degrees C): 20.08
# Concentration: 14.01
# Code: 
3.479420999999999903e-02   7.229051e-01   5.643179e-01
3.950545999999999919e-02   1.002937e+00   2.231820e-01
4.421672000000000102e-02   1.017178e+00   1.454178e-01
4.892798000000000286e-02   1.047085e+00   1.113586e-01
5.363923000000000302e-02   1.005341e+00   8.910726e-02
5.835048999999999791e-02   9.940011e-01   7.315229e-02
6.306174999999999975e-02   9.180368e-01   6.072383e-02
6.777299999999999991e-02   7.753521e-01   5.152817e-02
7.248425999999999481e-02   8.492852e-01   4.473947e-02
7.719552000000000358e-02   8.392596e-01   3.944573e-02
8.190677000000000374e-02   7.910494e-01   3.500431e-02
8.661802999999999864e-02   8.218057e-01   3.149809e-02
9.132928999999999353e-02   8.279493e-01   2.882779e-02
9.604053999999999369e-02   8.082997e-01   2.663354e-02
1.007518000000000025e-01   8.534143e-01   2.472399e-02
1.054631000000000041e-01   8.523964e-01   2.303732e-02
1.101743000000000028e-01   8.639720e-01   2.160591e-02
1.148856000000000044e-01   8.374570e-01   2.032994e-02
1.195968000000000031e-01   8.478290e-01   1.929938e-02
1.243081000000000047e-01   8.379819e-01   1.835625e-02
1.290193000000000034e-01   8.471287e-01   1.756659e-02
1.337306000000000050e-01   8.336415e-01   1.686021e-02
1.384419000000000066e-01   8.377267e-01   1.624769e-02
1.431531000000000053e-01   8.361964e-01   1.562494e-02
1.478644000000000069e-01   8.317511e-01   1.513158e-02
1.525756000000000057e-01   8.375293e-01   1.469953e-02
1.572869000000000073e-01   8.363583e-01   1.429666e-02
1.619981000000000060e-01   8.365696e-01   1.387894e-02
1.667094000000000076e-01   8.494680e-01   1.354240e-02
1.714206000000000063e-01   8.470865e-01   1.323856e-02
1.761319000000000079e-01   8.339548e-01   1.291891e-02
1.808432000000000095e-01   8.355290e-01   1.261990e-02
1.855544000000000082e-01   8.184204e-01   1.236890e-02
1.902657000000000098e-01   8.440361e-01   1.216153e-02
1.949769000000000085e-01   8.562186e-01   1.196976e-02
1.996882000000000101e-01   8.465912e-01   1.171512e-02
2.043994000000000089e-01   8.364494e-01   1.151268e-02
2.091107000000000105e-01   8.248414e-01   1.132549e-02
2.138220000000000121e-01   8.112016e-01   1.115892e-02
2.185332000000000108e-01   8.266397e-01   1.100272e-02
2.232445000000000124e-01   8.380000e-01   1.083243e-02
2.279557000000000111e-01   8.400815e-01   1.069070e-02
2.326670000000000127e-01   8.515291e-01   1.057526e-02
2.373782000000000114e-01   8.419552e-01   1.041255e-02
2.420895000000000130e-01   8.439988e-01   1.027679e-02
2.468007000000000117e-01   8.409526e-01   1.015562e-02
2.515120000000000133e-01   8.280083e-01   1.004148e-02
2.562232999999999872e-01   8.424760e-01   9.940397e-03
2.609345000000000137e-01   8.388980e-01   9.811804e-03
2.656457999999999875e-01   8.391625e-01   9.702723e-03
2.703570000000000140e-01   8.497865e-01   9.612342e-03
2.750682999999999878e-01   8.456196e-01   9.533223e-03
2.797795000000000143e-01   8.453452e-01   9.424717e-03
2.844907999999999881e-01   8.556135e-01   9.331117e-03
2.892021000000000175e-01   8.503317e-01   9.245628e-03
2.939132999999999885e-01   8.429918e-01   9.172736e-03
2.986246000000000178e-01   8.474970e-01   9.077803e-03
3.033357999999999888e-01   8.464414e-01   8.997487e-03
3.080471000000000181e-01   8.521752e-01   8.921242e-03
3.127582999999999891e-01   8.420131e-01   8.840499e-03
3.174696000000000184e-01   8.492613e-01   8.775897e-03
3.221808999999999923e-01   8.537648e-01   8.703959e-03
3.268921000000000188e-01   8.460761e-01   8.627953e-03
3.316033999999999926e-01   8.536676e-01   8.592062e-03
3.363146000000000191e-01   8.552714e-01   8.651344e-03
3.410258999999999929e-01   8.666839e-01   8.738062e-03
3.457371000000000194e-01   8.686248e-01   8.779097e-03
3.504483999999999932e-01   8.668564e-01   8.895928e-03
3.551596000000000197e-01   8.614026e-01   9.068767e-03
3.598708999999999936e-01   8.666012e-01   9.186686e-03
3.645822000000000229e-01   8.669447e-01   9.288320e-03
3.692933999999999939e-01   8.805393e-01   9.370781e-03
3.740047000000000232e-01   8.668302e-01   9.420390e-03
3.787158999999999942e-01   8.814651e-01   9.484873e-03
3.834272000000000236e-01   8.746748e-01   9.535059e-03
3.881383999999999945e-01   8.830200e-01   9.598930e-03
3.928497000000000239e-01   8.882921e-01   9.826665e-03
3.975609999999999977e-01   8.864146e-01   1.011692e-02
4.022722000000000242e-01   8.989042e-01   1.034604e-02
4.069834999999999980e-01   8.883015e-01   1.054410e-02
4.116947000000000245e-01   8.814270e-01   1.070746e-02
4.164059999999999984e-01   8.845024e-01   1.086471e-02
4.211172000000000248e-01   8.872150e-01   1.104002e-02
4.258284999999999987e-01   8.750282e-01   1.118089e-02
4.305397000000000252e-01   8.910920e-01   1.136514e-02
4.352509999999999990e-01   8.752764e-01   1.149719e-02
4.399622999999999728e-01   8.940177e-01   1.167198e-02
4.446734999999999993e-01   8.828122e-01   1.189735e-02
4.493847999999999732e-01   8.895115e-01   1.206325e-02
4.540959999999999996e-01   8.960192e-01   1.217178e-02
4.588072999999999735e-01   8.938200e-01   1.175218e-02
4.635185000000000000e-01   8.921721e-01   1.146091e-02
4.682297999999999738e-01   9.027254e-01   1.131361e-02
4.729411000000000032e-01   9.016887e-01   1.118764e-02
4.776522999999999741e-01   9.023016e-01   1.108286e-02
4.823636000000000035e-01   9.031388e-01   1.101282e-02
4.870747999999999744e-01   8.907519e-01   1.092034e-02
4.917861000000000038e-01   8.829267e-01   1.084048e-02
4.964972999999999748e-01   8.991405e-01   1.079013e-02
5.012086000000000041e-01   9.065540e-01   1.076105e-02
5.059198999999999780e-01   9.034537e-01   1.070296e-02
5.106311000000000044e-01   9.102920e-01   1.066939e-02
5.153423999999999783e-01   9.079943e-01   1.060846e-02
5.200536000000000048e-01   9.063026e-01   1.052501e-02
5.247648999999999786e-01   9.064582e-01   1.044337e-02
5.294761000000000051e-01   9.133205e-01   1.037676e-02
5.341873999999999789e-01   9.151656e-01   1.030952e-02
5.388986000000000054e-01   9.099748e-01   1.023441e-02
5.436098999999999792e-01   9.169252e-01   1.016754e-02
5.483211999999999531e-01   9.219478e-01   1.011581e-02
5.530323999999999796e-01   9.386851e-01   1.006697e-02
5.577436999999999534e-01   9.301988e-01   9.998462e-03
5.624548999999999799e-01   9.196644e-01   9.940448e-03
5.671661999999999537e-01   9.087813e-01   9.898123e-03
5.718773999999999802e-01   9.290188e-01   9.878279e-03
5.765886999999999540e-01   9.258767e-01   9.842985e-03
5.813000000000000389e-01   9.273264e-01   9.823807e-03
5.860111999999999544e-01   9.191017e-01   9.796232e-03
5.907225000000000392e-01   9.273448e-01   9.782757e-03
5.954336999999999547e-01   9.320277e-01   9.760334e-03
6.001450000000000395e-01   9.191027e-01   9.730888e-03
6.048561999999999550e-01   9.259380e-01   9.705929e-03
6.095675000000000399e-01   9.295122e-01   9.703991e-03
6.142788000000000137e-01   9.276529e-01   9.680221e-03
6.189900000000000402e-01   9.314455e-01   9.640212e-03
6.237013000000000140e-01   9.232974e-01   9.624432e-03
6.284125000000000405e-01   9.336956e-01   9.614240e-03
6.331238000000000143e-01   9.181872e-01   9.578369e-03
6.378350000000000408e-01   9.273364e-01   9.569868e-03
6.425463000000000147e-01   9.490432e-01   9.563373e-03
6.472575000000000411e-01   9.446475e-01   9.531390e-03
6.519688000000000150e-01   9.444716e-01   9.508088e-03
6.566800999999999888e-01   9.453420e-01   9.485662e-03
6.613913000000000153e-01   9.496180e-01   9.471831e-03
6.661025999999999891e-01   9.425630e-01   9.451453e-03
6.708138000000000156e-01   9.559956e-01   9.440871e-03
6.755250999999999895e-01   9.561720e-01   9.421121e-03
6.802363000000000159e-01   9.592633e-01   9.412165e-03
6.849475999999999898e-01   9.406807e-01   9.368926e-03
6.896588999999999636e-01   9.456985e-01   9.352730e-03
6.943700999999999901e-01   9.526309e-01   9.342509e-03
6.990813999999999639e-01   9.563491e-01   9.324007e-03
7.037925999999999904e-01   9.587577e-01   9.310778e-03
7.085038999999999643e-01   9.539656e-01   9.284025e-03
7.132150999999999907e-01   9.649586e-01   9.278025e-03
7.179263999999999646e-01   9.518103e-01   9.244181e-03
7.226375999999999911e-01   9.463230e-01   9.221885e-03
7.273488999999999649e-01   9.515240e-01   9.203179e-03
7.320602000000000498e-01   9.627331e-01   9.197159e-03
7.367713999999999652e-01   9.693009e-01   9.187034e-03
7.414827000000000501e-01   9.579574e-01   9.147669e-03
7.461938999999999655e-01   9.606679e-01   9.132476e-03
7.509052000000000504e-01   9.637739e-01   9.118063e-03
7.556163999999999659e-01   9.529933e-01   9.102037e-03
7.603277000000000507e-01   9.625818e-01   9.094333e-03
7.650390000000000246e-01   9.682001e-01   9.083042e-03
7.697502000000000510e-01   9.667351e-01   9.050365e-03
7.744615000000000249e-01   9.827696e-01   9.045676e-03
7.791727000000000514e-01   9.772268e-01   9.024599e-03
7.838840000000000252e-01   9.685152e-01   8.995479e-03
7.885952000000000517e-01   9.635062e-01   8.982999e-03
7.933065000000000255e-01   9.711514e-01   8.976669e-03
7.980177999999999994e-01   9.780526e-01   8.968515e-03
8.027290000000000258e-01   9.822101e-01   8.951629e-03
8.074402999999999997e-01   9.845296e-01   8.937736e-03
8.121515000000000262e-01   9.868494e-01   8.926418e-03
8.168628000000000000e-01   9.962450e-01   8.897955e-03
8.215740000000000265e-01   9.950856e-01   8.889713e-03
8.262853000000000003e-01   9.796958e-01   8.871349e-03
8.309965000000000268e-01   9.810710e-01   8.847189e-03
8.357078000000000007e-01   9.876546e-01   8.830051e-03
8.404190999999999745e-01   9.856102e-01   8.819473e-03
8.451303000000000010e-01   9.871182e-01   8.797225e-03
8.498415999999999748e-01   9.987405e-01   8.783485e-03
8.545528000000000013e-01   9.788454e-01   8.754083e-03
8.592640999999999751e-01   9.904435e-01   8.750043e-03
8.639753000000000016e-01   9.974156e-01   8.748160e-03
8.686865999999999755e-01   1.000679e+00   8.722984e-03
8.733978999999999493e-01   1.003388e+00   8.717260e-03
8.781090999999999758e-01   9.809214e-01   8.679332e-03
8.828203999999999496e-01   9.896130e-01   8.675988e-03
8.875315999999999761e-01   9.895983e-01   8.661884e-03
8.922428999999999499e-01   1.004242e+00   8.659652e-03
8.969540999999999764e-01   9.994030e-01   8.631701e-03
9.016653999999999503e-01   9.891848e-01   8.610032e-03
9.063767000000000351e-01   9.804983e-01   8.589003e-03
9.110878999999999506e-01   9.786998e-01   8.561386e-03
9.157992000000000354e-01   9.927270e-01   8.567732e-03
9.205103999999999509e-01   1.000905e+00   8.546060e-03
9.252217000000000358e-01   1.007312e+00   8.539107e-03
9.299328999999999512e-01   9.953584e-01   8.521914e-03
9.346442000000000361e-01   9.972852e-01   8.511583e-03
9.393553999999999515e-01   9.963626e-01   8.497433e-03
9.440667000000000364e-01   1.006483e+00   8.488823e-03
9.487780000000000102e-01   9.990532e-01   8.457825e-03
9.534892000000000367e-01   1.000349e+00   8.455954e-03
9.582005000000000106e-01   9.960914e-01   8.437754e-03
9.629117000000000370e-01   1.003412e+00   8.433234e-03
9.676230000000000109e-01   9.990550e-01   8.405984e-03
9.723342000000000374e-01   1.017849e+00   8.404397e-03
9.770455000000000112e-01   9.910859e-01   8.367729e-03
9.817567999999999850e-01   9.852749e-01   8.352120e-03
9.864680000000000115e-01   9.913224e-01   8.342092e-03
9.911792999999999854e-01   9.868030e-01   8.321694e-03
9.958905000000000118e-01   9.887267e-01   8.311487e-03
1.000601999999999991e+00   1.007358e+00   8.310889e-03
1.005312999999999901e+00   9.940875e-01   8.290425e-03
1.010024000000000033e+00   9.949399e-01   8.275134e-03
1.014736000000000082e+00   1.004710e+00   8.266005e-03
1.019446999999999992e+00   9.967516e-01   8.251167e-03
1.024157999999999902e+00   9.926915e-01   8.235577e-03
1.028869000000000034e+00   1.001963e+00   8.221436e-03
1.033581000000000083e+00   9.984555e-01   8.212033e-03
1.038291999999999993e+00   9.910316e-01   8.197164e-03
1.043002999999999902e+00   1.002198e+00   8.190043e-03
1.047714000000000034e+00   1.007624e+00   8.176438e-03
1.052426000000000084e+00   1.000697e+00   8.164887e-03
1.057136999999999993e+00   9.971978e-01   8.142871e-03
1.061847999999999903e+00   1.001367e+00   8.130272e-03
1.066559000000000035e+00   1.002209e+00   8.113732e-03
1.071271000000000084e+00   9.984952e-01   8.100545e-03
1.075981999999999994e+00   9.944334e-01   8.087780e-03
1.080692999999999904e+00   1.005295e+00   8.090094e-03
1.085404000000000035e+00   1.001652e+00   8.063868e-03
1.090116000000000085e+00   9.940092e-01   8.053589e-03
1.094826999999999995e+00   9.933520e-01   8.036024e-03
1.099537999999999904e+00   1.003038e+00   8.031710e-03
1.104249000000000036e+00   9.950584e-01   8.012775e-03
1.108961000000000086e+00   9.942557e-01   7.993312e-03
1.113671999999999995e+00   9.982136e-01   7.985020e-03
1.118382999999999905e+00   9.795394e-01   7.952992e-03
1.123094000000000037e+00   9.936092e-01   7.958922e-03
1.127806000000000086e+00   9.927011e-01   7.938809e-03
1.132516999999999996e+00   9.957347e-01   7.925940e-03
1.137227999999999906e+00   9.854666e-01   7.915963e-03
1.141939000000000037e+00   9.867679e-01   7.904620e-03
1.146651000000000087e+00   9.922468e-01   7.889744e-03
1.151361999999999997e+00   9.766791e-01   7.869924e-03
1.156072999999999906e+00   9.752611e-01   7.854436e-03
1.160784000000000038e+00   9.920428e-01   7.857007e-03
1.165496000000000087e+00   9.821381e-01   7.831488e-03
1.170206999999999997e+00   9.852218e-01   7.824425e-03
1.174917999999999907e+00   9.908824e-01   7.814868e-03
1.179629999999999956e+00   9.893058e-01   7.806553e-03
1.184341000000000088e+00   9.841965e-01   7.791007e-03
1.189051999999999998e+00   9.824132e-01   7.773602e-03
1.193762999999999908e+00   9.908346e-01   7.788712e-03
1.198474999999999957e+00   9.969677e-01   7.962772e-03
1.203186000000000089e+00   9.868153e-01   8.161268e-03
1.207896999999999998e+00   9.784037e-01   8.288385e-03
1.212607999999999908e+00   9.860007e-01   8.406597e-03
1.217319999999999958e+00   9.886386e-01   8.510027e-03
1.222031000000000089e+00   9.773325e-01   8.584324e-03
1.226741999999999999e+00   9.826473e-01   8.662815e-03
1.231452999999999909e+00   9.628666e-01   8.725709e-03
1.236164999999999958e+00   9.634414e-01   8.794828e-03
1.240876000000000090e+00   9.689733e-01   8.858757e-03
1.245587000000000000e+00   9.707534e-01   8.912184e-03
1.250297999999999909e+00   9.585305e-01   8.918876e-03
1.255009999999999959e+00   9.606349e-01   8.941033e-03
1.259721000000000091e+00   9.645090e-01   8.951515e-03
1.264432000000000000e+00   9.715297e-01   8.641975e-03
1.269142999999999910e+00   9.774151e-01   8.426754e-03
1.273854999999999960e+00   9.702605e-01   8.281347e-03
1.278566000000000091e+00   9.666203e-01   8.165155e-03
1.283277000000000001e+00   9.546716e-01   8.072543e-03
1.287987999999999911e+00   9.606206e-01   8.003364e-03
1.292699999999999960e+00   9.561200e-01   7.934573e-03
1.297411000000000092e+00   9.577510e-01   7.870866e-03
1.302122000000000002e+00   9.565089e-01   7.811774e-03
1.306832999999999911e+00   9.514744e-01   7.763514e-03
1.311544999999999961e+00   9.570615e-01   7.748599e-03
1.316256000000000093e+00   9.480138e-01   7.724050e-03
1.320967000000000002e+00   9.387677e-01   7.693334e-03
1.325677999999999912e+00   9.364580e-01   7.678177e-03
1.330389999999999961e+00   9.471896e-01   7.661440e-03
1.335101000000000093e+00   9.459368e-01   7.640310e-03
1.339812000000000003e+00   9.530633e-01   7.629575e-03
1.344522999999999913e+00   9.391091e-01   7.607291e-03
1.349234999999999962e+00   9.340709e-01   7.581768e-03
1.353946000000000094e+00   9.352111e-01   7.566158e-03
1.358657000000000004e+00   9.453035e-01   7.561201e-03
1.363369000000000053e+00   9.487436e-01   7.547533e-03
1.368079999999999963e+00   9.375537e-01   7.528929e-03
1.372791000000000095e+00   9.428027e-01   7.521381e-03
1.377502000000000004e+00   9.368286e-01   7.505832e-03
1.382214000000000054e+00   9.317433e-01   7.485200e-03
1.386924999999999963e+00   9.276545e-01   7.468357e-03
1.391636000000000095e+00   9.250918e-01   7.445882e-03
1.396347000000000005e+00   9.248617e-01   7.431686e-03
1.401059000000000054e+00   9.287255e-01   7.424152e-03
1.405769999999999964e+00   9.237326e-01   7.408362e-03
1.410481000000000096e+00   9.212681e-01   7.394231e-03
1.415192000000000005e+00   9.211017e-01   7.382152e-03
1.419904000000000055e+00   9.130380e-01   7.362234e-03
1.424614999999999965e+00   9.101807e-01   7.342667e-03
1.429326000000000096e+00   9.061275e-01   7.331220e-03
1.434037000000000006e+00   8.979318e-01   7.309512e-03
1.438749000000000056e+00   8.973152e-01   7.295760e-03
1.443459999999999965e+00   8.933862e-01   7.285367e-03
1.448171000000000097e+00   9.035323e-01   7.279871e-03
1.452882000000000007e+00   9.041811e-01   7.267553e-03
1.457594000000000056e+00   8.921523e-01   7.244092e-03
1.462304999999999966e+00   8.896313e-01   7.235080e-03
1.467016000000000098e+00   8.928964e-01   7.224304e-03
1.471727000000000007e+00   8.919689e-01   7.214298e-03
1.476439000000000057e+00   8.842079e-01   7.200313e-03
1.481149999999999967e+00   8.801997e-01   7.185720e-03
1.485861000000000098e+00   8.862334e-01   7.175863e-03
1.490572000000000008e+00   8.815056e-01   7.167971e-03
1.495284000000000058e+00   8.781438e-01   7.147356e-03
1.499994999999999967e+00   8.782153e-01   7.132950e-03
1.504706000000000099e+00   8.671564e-01   7.116446e-03
1.509417000000000009e+00   8.652238e-01   7.113586e-03
1.514129000000000058e+00   8.709060e-01   7.131171e-03
1.518839999999999968e+00   8.676790e-01   7.337496e-03
1.523551000000000100e+00   8.594503e-01   7.473456e-03
1.528262999999999927e+00   8.718065e-01   7.594273e-03
1.532974000000000059e+00   8.658248e-01   7.675626e-03
1.537684999999999969e+00   8.603603e-01   7.753904e-03
1.542396000000000100e+00   8.692656e-01   7.759070e-03
1.547107999999999928e+00   8.625487e-01   7.556262e-03
1.551819000000000059e+00   8.599830e-01   7.448668e-03
1.556529999999999969e+00   8.510805e-01   7.372128e-03
1.561241000000000101e+00   8.578935e-01   7.302613e-03
1.565952999999999928e+00   8.527718e-01   7.227836e-03
1.570664000000000060e+00   8.382075e-01   7.139468e-03
1.575374999999999970e+00   8.428507e-01   7.071842e-03
1.580086000000000102e+00   8.426943e-01   7.006066e-03
1.584797999999999929e+00   8.496435e-01   6.973428e-03
1.589509000000000061e+00   8.400996e-01   6.949895e-03
1.594219999999999970e+00   8.425858e-01   6.945301e-03
1.598931000000000102e+00   8.405918e-01   6.955234e-03
1.603642999999999930e+00   8.314612e-01   6.955586e-03
1.608354000000000061e+00   8.160266e-01   6.954698e-03
1.613064999999999971e+00   8.225040e-01   6.949480e-03
1.617776000000000103e+00   8.260613e-01   6.939679e-03
1.622487999999999930e+00   8.161509e-01   6.916779e-03
1.627199000000000062e+00   8.243024e-01   6.915823e-03
1.631909999999999972e+00   8.182292e-01   6.893557e-03
1.636621000000000103e+00   8.069243e-01   6.879063e-03
1.641332999999999931e+00   8.062782e-01   6.862789e-03
1.646044000000000063e+00   8.060511e-01   6.850745e-03
1.650754999999999972e+00   8.075059e-01   6.842189e-03
1.655466000000000104e+00   8.020239e-01   6.828436e-03
1.660177999999999932e+00   7.931706e-01   6.805878e-03
1.664889000000000063e+00   7.966577e-01   6.798996e-03
1.669599999999999973e+00   7.873762e-01   6.784449e-03
1.674311000000000105e+00   7.850682e-01   6.772230e-03
1.679022999999999932e+00   7.846535e-01   6.762261e-03
1.683734000000000064e+00   7.871713e-01   6.750666e-03
1.688444999999999974e+00   7.774627e-01   6.736569e-03
1.693156000000000105e+00   7.851182e-01   6.731181e-03
1.697867999999999933e+00   7.841327e-01   6.721601e-03
1.702579000000000065e+00   7.771389e-01   6.708336e-03
1.707289999999999974e+00   7.697081e-01   6.689282e-03
1.712002000000000024e+00   7.628334e-01   6.679248e-03
1.716712999999999933e+00   7.642465e-01   6.668480e-03
1.721424000000000065e+00   7.696377e-01   6.664801e-03
1.726134999999999975e+00   7.531752e-01   6.648411e-03
1.730847000000000024e+00   7.539163e-01   6.630811e-03
1.735557999999999934e+00   7.487734e-01   6.617728e-03
1.740269000000000066e+00   7.550498e-01   6.617742e-03
1.744979999999999976e+00   7.532835e-01   6.605200e-03
1.749692000000000025e+00   7.509526e-01   6.587775e-03
1.754402999999999935e+00   7.463622e-01   6.576266e-03
1.759114000000000066e+00   7.389961e-01   6.556794e-03
1.763824999999999976e+00   7.336131e-01   6.550812e-03
1.768537000000000026e+00   7.356935e-01   6.541064e-03
1.773247999999999935e+00   7.361122e-01   6.536258e-03
1.777959000000000067e+00   7.382039e-01   6.531384e-03
1.782669999999999977e+00   7.312269e-01   6.510758e-03
1.787382000000000026e+00   7.252850e-01   6.500833e-03
1.792092999999999936e+00   7.309853e-01   6.494709e-03
1.796804000000000068e+00   7.250515e-01   6.484335e-03
1.801514999999999977e+00   7.173655e-01   6.467626e-03
1.806227000000000027e+00   7.274308e-01   6.467683e-03
1.810937999999999937e+00   7.226355e-01   6.453277e-03
1.815649000000000068e+00   7.139615e-01   6.440074e-03
1.820359999999999978e+00   7.133127e-01   6.430705e-03
1.825072000000000028e+00   7.183447e-01   6.424974e-03
1.829782999999999937e+00   7.086890e-01   6.410560e-03
1.834494000000000069e+00   7.126138e-01   6.407621e-03
1.839204999999999979e+00   6.995480e-01   6.387546e-03
1.843917000000000028e+00   6.891627e-01   6.376901e-03
1.848627999999999938e+00   6.856330e-01   6.367748e-03
1.853339000000000070e+00   6.953445e-01   6.358452e-03
1.858049999999999979e+00   6.950552e-01   6.348001e-03
1.862762000000000029e+00   6.903420e-01   6.335097e-03
1.867472999999999939e+00   6.838678e-01   6.320253e-03
1.872184000000000070e+00   6.787191e-01   6.305899e-03
1.876894999999999980e+00   6.729451e-01   6.295863e-03
1.881607000000000030e+00   6.711845e-01   6.287916e-03
1.886317999999999939e+00   6.624238e-01   6.273732e-03
1.891029000000000071e+00   6.712786e-01   6.265432e-03
1.895740999999999898e+00   6.730339e-01   6.261879e-03
1.900452000000000030e+00   6.726799e-01   6.261528e-03
1.905162999999999940e+00   6.596473e-01   6.244959e-03
1.909874000000000072e+00   6.631476e-01   6.235205e-03
1.914585999999999899e+00   6.546283e-01   6.220885e-03
1.919297000000000031e+00   6.580680e-01   6.217874e-03
1.924007999999999940e+00   6.595124e-01   6.208149e-03
1.928719000000000072e+00   6.527620e-01   6.199025e-03
1.933430999999999900e+00   6.437580e-01   6.179040e-03
1.938142000000000031e+00   6.433798e-01   6.161641e-03
1.942852999999999941e+00   6.513530e-01   6.151526e-03
1.947564000000000073e+00   6.364128e-01   6.119158e-03
1.952275999999999900e+00   6.447727e-01   6.116414e-03
1.956987000000000032e+00   6.388877e-01   6.105483e-03
1.961697999999999942e+00   6.346455e-01   6.093656e-03
1.966409000000000074e+00   6.333054e-01   6.084600e-03
1.971120999999999901e+00   6.385948e-01   6.082657e-03
1.975832000000000033e+00   6.263966e-01   6.070545e-03
1.980542999999999942e+00   6.189262e-01   6.069977e-03
1.985254000000000074e+00   6.243972e-01   6.074481e-03
1.989965999999999902e+00   6.259379e-01   6.069302e-03
1.994677000000000033e+00   6.191924e-01   6.069119e-03
1.999387999999999943e+00   6.235381e-01   6.074287e-03
2.004099000000000075e+00   6.240774e-01   6.211821e-03
2.008811000000000124e+00   6.177989e-01   6.350597e-03
2.013522000000000034e+00   6.142958e-01   6.431329e-03
2.018232999999999944e+00   6.075302e-01   6.503947e-03
2.022943999999999853e+00   6.074579e-01   6.560798e-03
2.027655999999999903e+00   6.047934e-01   6.620241e-03
2.032366999999999813e+00   6.004613e-01   6.638853e-03
2.037078000000000166e+00   5.901288e-01   6.654034e-03
2.041789000000000076e+00   5.966603e-01   6.682813e-03
2.046501000000000126e+00   5.982250e-01   6.699912e-03
2.051212000000000035e+00   5.965690e-01   6.713710e-03
2.055922999999999945e+00   5.885741e-01   6.722994e-03
2.060633999999999855e+00   5.913732e-01   6.735307e-03
2.065345999999999904e+00   5.943230e-01   6.730728e-03
2.070056999999999814e+00   5.866624e-01   6.517635e-03
2.074768000000000168e+00   5.868048e-01   6.391927e-03
2.079480000000000217e+00   5.889519e-01   6.310583e-03
2.084191000000000127e+00   5.726721e-01   6.231982e-03
2.088902000000000037e+00   5.666163e-01   6.168821e-03
2.093612999999999946e+00   5.658485e-01   6.124978e-03
2.098324999999999996e+00   5.617344e-01   6.100290e-03
2.103035999999999905e+00   5.668164e-01   6.082165e-03
2.107746999999999815e+00   5.631304e-01   6.064417e-03
2.112458000000000169e+00   5.612227e-01   6.054525e-03
2.117170000000000218e+00   5.595374e-01   6.038423e-03
2.121881000000000128e+00   5.555022e-01   6.014400e-03
2.126592000000000038e+00   5.487092e-01   6.000968e-03
2.131302999999999948e+00   5.482864e-01   5.993393e-03
2.136014999999999997e+00   5.494519e-01   5.983772e-03
2.140725999999999907e+00   5.451035e-01   5.964472e-03
2.145436999999999816e+00   5.401147e-01   5.950800e-03
2.150148000000000170e+00   5.453765e-01   5.944920e-03
2.154860000000000220e+00   5.453574e-01   5.934237e-03
2.159571000000000129e+00   5.386562e-01   5.920361e-03
2.164282000000000039e+00   5.294527e-01   5.901269e-03
2.168992999999999949e+00   5.295756e-01   5.894363e-03
2.173704999999999998e+00   5.287951e-01   5.890103e-03
2.178415999999999908e+00   5.394644e-01   5.885222e-03
2.183126999999999818e+00   5.214791e-01   5.861801e-03
2.187838000000000171e+00   5.228789e-01   5.852536e-03
2.192550000000000221e+00   5.235276e-01   5.850311e-03
2.197261000000000131e+00   5.184630e-01   5.836719e-03
2.201972000000000040e+00   5.146431e-01   5.818861e-03
2.206682999999999950e+00   5.127336e-01   5.809658e-03
2.211395000000000000e+00   5.183951e-01   5.810658e-03
2.216105999999999909e+00   5.145052e-01   5.800000e-03
2.220816999999999819e+00   5.096548e-01   5.788371e-03
2.225528000000000173e+00   5.126972e-01   5.782058e-03
2.230239999999999778e+00   5.098041e-01   5.771055e-03
2.234951000000000132e+00   5.089544e-01   5.764162e-03
2.239662000000000042e+00   5.092398e-01   5.754321e-03
2.244372999999999951e+00   5.019699e-01   5.740569e-03
2.249085000000000001e+00   4.944425e-01   5.732176e-03
2.253795999999999911e+00   4.904610e-01   5.713407e-03
2.258506999999999820e+00   4.938785e-01   5.710372e-03
2.263218999999999870e+00   4.866045e-01   5.698511e-03
2.267929999999999779e+00   4.930810e-01   5.695006e-03
2.272641000000000133e+00   4.898357e-01   5.685430e-03
2.277352000000000043e+00   4.823072e-01   5.674066e-03
2.282064000000000092e+00   4.835555e-01   5.667455e-03
2.286775000000000002e+00   4.816335e-01   5.663853e-03
2.291485999999999912e+00   4.844239e-01   5.657657e-03
2.296196999999999822e+00   4.788297e-01   5.646896e-03
2.300908999999999871e+00   4.727416e-01   5.635268e-03
2.305619999999999781e+00   4.763432e-01   5.629425e-03
2.310331000000000135e+00   4.755931e-01   5.622710e-03
2.315042000000000044e+00   4.766062e-01   5.619490e-03
2.319754000000000094e+00   4.700579e-01   5.604211e-03
2.324465000000000003e+00   4.712243e-01   5.599622e-03
2.329175999999999913e+00   4.691242e-01   5.591226e-03
2.333886999999999823e+00   4.659857e-01   5.582290e-03
2.338598999999999872e+00   4.625760e-01   5.576833e-03
2.343309999999999782e+00   4.562688e-01   5.564746e-03
2.348021000000000136e+00   4.541443e-01   5.551900e-03
2.352732000000000046e+00   4.511055e-01   5.545841e-03
2.357444000000000095e+00   4.563054e-01   5.542076e-03
2.362155000000000005e+00   4.534898e-01   5.533879e-03
2.366865999999999914e+00   4.542050e-01   5.531074e-03
2.371576999999999824e+00   4.411524e-01   5.515717e-03
2.376288999999999874e+00   4.467686e-01   5.512452e-03
2.380999999999999783e+00   4.460616e-01   5.507174e-03
2.385711000000000137e+00   4.415905e-01   5.495979e-03
2.390422000000000047e+00   4.346169e-01   5.488779e-03
2.395134000000000096e+00   4.383744e-01   5.479992e-03
2.399845000000000006e+00   4.483483e-01   5.480083e-03
2.404555999999999916e+00   4.373820e-01   5.464444e-03
2.409266999999999825e+00   4.368596e-01   5.463988e-03
2.413978999999999875e+00   4.301731e-01   5.452733e-03
2.418689999999999785e+00   4.307582e-01   5.449063e-03
2.423401000000000138e+00   4.330340e-01   5.437629e-03
2.428112000000000048e+00   4.277278e-01   5.429663e-03
2.432824000000000098e+00   4.305705e-01   5.428601e-03
2.437535000000000007e+00   4.139824e-01   5.410313e-03
2.442245999999999917e+00   4.142558e-01   5.405414e-03
2.446957999999999966e+00   4.250986e-01   5.408610e-03
2.451668999999999876e+00   4.193491e-01   5.393277e-03
2.456379999999999786e+00   4.194805e-01   5.388411e-03
2.461091000000000140e+00   4.150577e-01   5.378562e-03
2.465803000000000189e+00   4.119639e-01   5.374072e-03
2.470514000000000099e+00   4.083393e-01   5.366521e-03
2.475225000000000009e+00   4.100003e-01   5.360751e-03
2.479935999999999918e+00   4.053430e-01   5.350829e-03
2.484647999999999968e+00   4.067369e-01   5.348153e-03
2.489358999999999877e+00   4.028277e-01   5.339337e-03
2.494069999999999787e+00   4.067908e-01   5.333970e-03
2.498781000000000141e+00   4.068895e-01   5.330226e-03
2.503493000000000190e+00   4.062683e-01   5.322144e-03
2.508204000000000100e+00   3.932266e-01   5.307918e-03
2.512915000000000010e+00   3.958232e-01   5.300756e-03
2.517625999999999920e+00   4.036994e-01   5.296934e-03
2.522337999999999969e+00   3.942984e-01   5.277046e-03
2.527048999999999879e+00   3.997248e-01   5.270044e-03
2.531759999999999788e+00   3.970124e-01   5.266634e-03
2.536471000000000142e+00   3.968240e-01   5.257506e-03
2.541183000000000192e+00   3.872506e-01   5.250089e-03
2.545894000000000101e+00   3.944262e-01   5.251227e-03
2.550605000000000011e+00   3.884845e-01   5.238354e-03
2.555315999999999921e+00   3.868065e-01   5.231919e-03
2.560027999999999970e+00   3.861931e-01   5.220374e-03
2.564738999999999880e+00   3.934716e-01   5.228556e-03
2.569449999999999790e+00   3.827276e-01   5.224397e-03
2.574161000000000143e+00   3.804545e-01   5.219469e-03
2.578873000000000193e+00   3.821823e-01   5.222099e-03
2.583584000000000103e+00   3.859131e-01   5.217256e-03
2.588295000000000012e+00   3.675233e-01   5.208240e-03
2.593005999999999922e+00   3.693274e-01   5.199170e-03
2.597717999999999972e+00   3.628786e-01   5.191236e-03
2.602428999999999881e+00   3.701272e-01   5.185294e-03
2.607139999999999791e+00   3.685418e-01   5.181653e-03
2.611851000000000145e+00   3.678572e-01   5.174851e-03
2.616563000000000194e+00   3.703807e-01   5.175906e-03
2.621274000000000104e+00   3.650841e-01   5.167090e-03
2.625985000000000014e+00   3.695697e-01   5.164825e-03
2.630697000000000063e+00   3.626121e-01   5.155242e-03
2.635407999999999973e+00   3.631130e-01   5.153672e-03
2.640118999999999883e+00   3.591630e-01   5.140981e-03
2.644829999999999792e+00   3.624576e-01   5.140352e-03
2.649541999999999842e+00   3.597909e-01   5.134353e-03
2.654253000000000196e+00   3.623564e-01   5.127885e-03
2.658964000000000105e+00   3.644552e-01   5.125520e-03
2.663675000000000015e+00   3.657722e-01   5.118582e-03
2.668387000000000064e+00   3.527916e-01   5.112799e-03
2.673097999999999974e+00   3.450492e-01   5.102033e-03
2.677808999999999884e+00   3.455750e-01   5.093666e-03
2.682519999999999794e+00   3.474766e-01   5.091771e-03
2.687231999999999843e+00   3.522115e-01   5.087517e-03
2.691943000000000197e+00   3.453492e-01   5.077457e-03
2.696654000000000106e+00   3.445286e-01   5.075341e-03
2.701365000000000016e+00   3.404123e-01   5.067904e-03
2.706077000000000066e+00   3.427990e-01   5.065379e-03
2.710787999999999975e+00   3.488662e-01   5.064195e-03
2.715498999999999885e+00   3.389274e-01   5.051297e-03
2.720209999999999795e+00   3.394177e-01   5.049044e-03
2.724921999999999844e+00   3.391168e-01   5.042558e-03
2.729633000000000198e+00   3.405982e-01   5.038340e-03
2.734344000000000108e+00   3.319178e-01   5.031018e-03
2.739055000000000017e+00   3.381107e-01   5.027088e-03
2.743767000000000067e+00   3.381488e-01   5.021148e-03
2.748477999999999977e+00   3.262443e-01   5.010588e-03
2.753188999999999886e+00   3.349302e-01   5.011092e-03
2.757899999999999796e+00   3.389011e-01   5.010686e-03
2.762611999999999846e+00   3.379709e-01   5.001739e-03
2.767323000000000199e+00   3.267367e-01   4.995587e-03
2.772034000000000109e+00   3.329269e-01   4.994287e-03
2.776745000000000019e+00   3.307064e-01   4.986081e-03
2.781457000000000068e+00   3.300269e-01   4.982932e-03
2.786167999999999978e+00   3.255881e-01   4.968066e-03
2.790878999999999888e+00   3.176330e-01   4.963455e-03
2.795589999999999797e+00   3.159075e-01   4.959686e-03
2.800301999999999847e+00   3.176991e-01   4.958564e-03
2.805013000000000201e+00   3.127784e-01   4.977957e-03
2.809724000000000110e+00   3.148737e-01   5.101134e-03
2.814436000000000160e+00   3.191662e-01   5.183296e-03
2.819147000000000070e+00   3.119238e-01   5.246416e-03
2.823857999999999979e+00   3.136893e-01   5.286820e-03
2.828568999999999889e+00   3.103991e-01   5.314411e-03
2.833280999999999938e+00   3.095878e-01   5.330511e-03
2.837991999999999848e+00   3.102841e-01   5.351462e-03
2.842703000000000202e+00   3.129203e-01   5.366769e-03
2.847414000000000112e+00   3.070257e-01   5.378095e-03
2.852126000000000161e+00   3.072380e-01   5.392627e-03
2.856837000000000071e+00   3.059192e-01   5.404511e-03
2.861547999999999981e+00   3.085799e-01   5.416774e-03
2.866258999999999890e+00   3.137722e-01   5.425993e-03
2.870970999999999940e+00   3.054939e-01   5.376751e-03
2.875681999999999849e+00   3.065863e-01   5.245091e-03
2.880393000000000203e+00   3.102251e-01   5.167410e-03
2.885104000000000113e+00   3.128553e-01   5.111620e-03
2.889816000000000162e+00   3.047189e-01   5.066787e-03
2.894527000000000072e+00   3.084378e-01   5.048977e-03
2.899237999999999982e+00   3.071628e-01   5.034703e-03
2.903948999999999891e+00   3.029450e-01   5.012932e-03
2.908660999999999941e+00   2.951969e-01   4.998791e-03
2.913371999999999851e+00   2.936890e-01   4.989682e-03
2.918083000000000204e+00   2.964457e-01   4.980601e-03
2.922794000000000114e+00   2.981065e-01   4.971559e-03
2.927506000000000164e+00   3.020669e-01   4.966454e-03
2.932217000000000073e+00   2.857231e-01   4.950138e-03
2.936927999999999983e+00   2.824436e-01   4.940516e-03
2.941638999999999893e+00   2.855854e-01   4.936618e-03
2.946350999999999942e+00   2.889552e-01   4.928773e-03
2.951061999999999852e+00   2.940718e-01   4.921549e-03
2.955773000000000206e+00   2.915171e-01   4.915685e-03
2.960484000000000115e+00   2.912539e-01   4.905725e-03
2.965196000000000165e+00   2.854134e-01   4.895019e-03
2.969907000000000075e+00   2.791230e-01   4.884537e-03
2.974617999999999984e+00   2.858210e-01   4.886486e-03
2.979328999999999894e+00   2.845463e-01   4.876374e-03
2.984040999999999944e+00   2.862582e-01   4.874208e-03
2.988751999999999853e+00   2.818553e-01   4.866551e-03
2.993463000000000207e+00   2.814849e-01   4.861069e-03
2.998174999999999812e+00   2.769328e-01   4.854971e-03
3.002886000000000166e+00   2.813812e-01   4.855874e-03
3.007597000000000076e+00   2.773624e-01   4.843097e-03
3.012307999999999986e+00   2.739571e-01   4.835901e-03
3.017020000000000035e+00   2.772045e-01   4.832213e-03
3.021730999999999945e+00   2.684794e-01   4.825467e-03
3.026441999999999855e+00   2.695660e-01   4.816350e-03
3.031153000000000208e+00   2.694231e-01   4.810433e-03
3.035864999999999814e+00   2.715465e-01   4.805149e-03
3.040576000000000167e+00   2.764368e-01   4.803270e-03
3.045287000000000077e+00   2.684597e-01   4.793727e-03
3.049997999999999987e+00   2.658530e-01   4.789831e-03
3.054710000000000036e+00   2.696612e-01   4.785075e-03
3.059420999999999946e+00   2.710173e-01   4.783501e-03
3.064131999999999856e+00   2.663070e-01   4.774042e-03
3.068843000000000210e+00   2.706448e-01   4.773049e-03
3.073554999999999815e+00   2.690607e-01   4.764480e-03
3.078266000000000169e+00   2.613755e-01   4.754509e-03
3.082977000000000078e+00   2.647459e-01   4.753611e-03
3.087687999999999988e+00   2.677037e-01   4.752794e-03
3.092400000000000038e+00   2.613997e-01   4.743914e-03
3.097110999999999947e+00   2.649751e-01   4.736808e-03
3.101821999999999857e+00   2.599405e-01   4.731745e-03
3.106533000000000211e+00   2.616513e-01   4.731807e-03
3.111244999999999816e+00   2.624588e-01   4.729334e-03
3.115956000000000170e+00   2.565527e-01   4.717169e-03
3.120667000000000080e+00   2.547971e-01   4.710434e-03
3.125377999999999989e+00   2.606421e-01   4.713447e-03
3.130090000000000039e+00   2.605267e-01   4.708069e-03
3.134800999999999949e+00   2.499212e-01   4.692627e-03
3.139511999999999858e+00   2.564313e-01   4.697567e-03
3.144223000000000212e+00   2.508865e-01   4.690431e-03
3.148934999999999818e+00   2.462861e-01   4.681000e-03
3.153646000000000171e+00   2.468397e-01   4.676665e-03
3.158357000000000081e+00   2.555243e-01   4.680879e-03
3.163067999999999991e+00   2.470032e-01   4.673639e-03
3.167780000000000040e+00   2.489871e-01   4.669472e-03
3.172490999999999950e+00   2.530927e-01   4.663574e-03
3.177201999999999860e+00   2.505519e-01   4.654283e-03
3.181913999999999909e+00   2.531935e-01   4.656018e-03
3.186624999999999819e+00   2.495463e-01   4.647030e-03
3.191336000000000173e+00   2.477359e-01   4.639536e-03
3.196047000000000082e+00   2.485703e-01   4.634731e-03
3.200759000000000132e+00   2.453277e-01   4.621549e-03
3.205470000000000041e+00   2.416680e-01   4.619837e-03
3.210180999999999951e+00   2.454194e-01   4.615847e-03
3.214891999999999861e+00   2.434984e-01   4.605936e-03
3.219603999999999910e+00   2.436602e-01   4.602995e-03
3.224314999999999820e+00   2.433291e-01   4.600384e-03
3.229026000000000174e+00   2.401746e-01   4.592828e-03
3.233737000000000084e+00   2.459636e-01   4.594264e-03
3.238449000000000133e+00   2.365398e-01   4.586489e-03
3.243160000000000043e+00   2.346882e-01   4.582393e-03
3.247870999999999952e+00   2.352525e-01   4.576937e-03
3.252581999999999862e+00   2.393352e-01   4.581108e-03
3.257293999999999912e+00   2.365803e-01   4.583594e-03
3.262004999999999821e+00   2.383883e-01   4.581943e-03
3.266716000000000175e+00   2.337281e-01   4.575574e-03
3.271427000000000085e+00   2.326590e-01   4.573409e-03
3.276139000000000134e+00   2.344765e-01   4.567046e-03
3.280850000000000044e+00   2.367471e-01   4.566248e-03
3.285560999999999954e+00   2.379246e-01   4.564290e-03
3.290271999999999863e+00   2.323530e-01   4.553359e-03
3.294983999999999913e+00   2.273844e-01   4.550028e-03
3.299694999999999823e+00   2.275373e-01   4.545505e-03
3.304406000000000176e+00   2.263475e-01   4.542433e-03
3.309117000000000086e+00   2.285754e-01   4.538562e-03
3.313829000000000136e+00   2.316111e-01   4.533429e-03
3.318540000000000045e+00   2.332790e-01   4.531817e-03
3.323250999999999955e+00   2.255105e-01   4.527613e-03
3.327961999999999865e+00   2.241608e-01   4.522145e-03
3.332673999999999914e+00   2.323981e-01   4.519656e-03
3.337384999999999824e+00   2.301107e-01   4.516408e-03
3.342096000000000178e+00   2.285093e-01   4.517131e-03
3.346807000000000087e+00   2.245721e-01   4.508855e-03
3.351519000000000137e+00   2.274183e-01   4.504636e-03
3.356230000000000047e+00   2.209354e-01   4.499846e-03
3.360940999999999956e+00   2.235613e-01   4.493423e-03
3.365653000000000006e+00   2.237704e-01   4.492409e-03
3.370363999999999916e+00   2.216406e-01   4.490578e-03
3.375074999999999825e+00   2.221870e-01   4.486299e-03
3.379786000000000179e+00   2.196587e-01   4.484432e-03
3.384497999999999784e+00   2.174677e-01   4.480121e-03
3.389209000000000138e+00   2.238889e-01   4.507748e-03
3.393920000000000048e+00   2.174064e-01   4.605755e-03
3.398630999999999958e+00   2.194978e-01   4.673305e-03
3.403343000000000007e+00   2.206174e-01   4.719906e-03
3.408053999999999917e+00   2.208486e-01   4.756127e-03
3.412764999999999826e+00   2.230200e-01   4.770495e-03
3.417476000000000180e+00   2.149095e-01   4.764722e-03
3.422187999999999786e+00   2.079949e-01   4.764339e-03
3.426899000000000139e+00   2.170764e-01   4.783068e-03
3.431610000000000049e+00   2.123243e-01   4.792729e-03
3.436320999999999959e+00   2.126716e-01   4.803544e-03
3.441033000000000008e+00   2.168814e-01   4.808116e-03
3.445743999999999918e+00   2.070779e-01   4.816669e-03
3.450454999999999828e+00   2.125896e-01   4.827134e-03
3.455166000000000182e+00   2.122785e-01   4.832762e-03
3.459877999999999787e+00   2.126989e-01   4.841706e-03
3.464589000000000141e+00   2.066935e-01   4.847485e-03
3.469300000000000050e+00   2.118878e-01   4.858579e-03
3.474010999999999960e+00   2.104727e-01   4.860399e-03
3.478723000000000010e+00   2.082123e-01   4.870690e-03
3.483433999999999919e+00   2.076194e-01   4.878759e-03
3.488144999999999829e+00   2.011112e-01   4.878226e-03
3.492856000000000183e+00   2.093158e-01   4.891565e-03
3.497567999999999788e+00   2.105921e-01   4.898147e-03
3.502279000000000142e+00   2.089479e-01   4.899908e-03
3.506990000000000052e+00   2.036155e-01   4.903493e-03
3.511700999999999961e+00   1.981230e-01   4.904630e-03
3.516413000000000011e+00   1.990087e-01   4.912762e-03
3.521123999999999921e+00   2.052521e-01   4.920371e-03
3.525834999999999830e+00   2.036403e-01   4.929090e-03
3.530546000000000184e+00   2.027017e-01   4.930320e-03
3.535257999999999790e+00   1.947991e-01   4.925783e-03
3.539969000000000143e+00   1.987155e-01   4.932698e-03
3.544680000000000053e+00   1.997512e-01   4.941955e-03
3.549392000000000102e+00   1.990165e-01   4.945351e-03
3.554103000000000012e+00   2.021694e-01   4.952108e-03
3.558813999999999922e+00   2.000566e-01   4.955432e-03
3.563524999999999832e+00   1.983331e-01   4.962330e-03
3.568236999999999881e+00   1.973543e-01   4.960668e-03
3.572947999999999791e+00   1.973006e-01   4.961952e-03
3.577659000000000145e+00   1.960550e-01   4.963283e-03
3.582370000000000054e+00   2.029395e-01   4.973073e-03
3.587082000000000104e+00   1.929391e-01   4.973686e-03
3.591793000000000013e+00   1.960252e-01   4.978169e-03
3.596503999999999923e+00   1.989544e-01   4.979253e-03
3.601214999999999833e+00   2.025310e-01   4.979977e-03
3.605926999999999882e+00   1.974441e-01   4.979910e-03
3.610637999999999792e+00   1.936198e-01   5.069542e-03
3.615349000000000146e+00   1.881338e-01   5.219603e-03
3.620060000000000056e+00   1.893843e-01   5.309913e-03
3.624772000000000105e+00   1.908054e-01   5.374366e-03
3.629483000000000015e+00   1.904989e-01   5.410877e-03
3.634193999999999924e+00   1.824854e-01   5.444012e-03
3.638904999999999834e+00   1.865843e-01   5.486914e-03
3.643616999999999884e+00   1.817806e-01   5.508151e-03
3.648327999999999793e+00   1.832235e-01   5.543505e-03
3.653039000000000147e+00   1.852145e-01   5.563542e-03
3.657750000000000057e+00   1.819898e-01   5.589996e-03
3.662462000000000106e+00   1.854506e-01   5.619560e-03
3.667173000000000016e+00   1.898667e-01   5.649500e-03
3.671883999999999926e+00   1.868244e-01   5.677445e-03
3.676594999999999835e+00   1.859665e-01   5.697260e-03
3.681306999999999885e+00   1.842772e-01   5.726964e-03
3.686017999999999795e+00   1.841229e-01   5.754277e-03
3.690729000000000148e+00   1.886697e-01   5.782869e-03
3.695440000000000058e+00   1.854213e-01   5.804659e-03
3.700152000000000108e+00   1.823535e-01   5.825279e-03
3.704863000000000017e+00   1.840471e-01   5.851450e-03
3.709573999999999927e+00   1.843115e-01   5.874144e-03
3.714284999999999837e+00   1.857697e-01   5.900241e-03
3.718996999999999886e+00   1.887445e-01   5.923825e-03
3.723707999999999796e+00   1.826818e-01   5.943518e-03
3.728419000000000150e+00   1.907192e-01   5.971539e-03
3.733131000000000199e+00   1.744298e-01   5.980422e-03
3.737842000000000109e+00   1.795020e-01   6.004562e-03
3.742553000000000019e+00   1.806969e-01   6.027346e-03
3.747263999999999928e+00   1.763015e-01   6.044405e-03
3.751975999999999978e+00   1.798024e-01   6.071621e-03
3.756686999999999887e+00   1.747999e-01   6.098643e-03
3.761397999999999797e+00   1.683159e-01   6.109400e-03
3.766109000000000151e+00   1.706749e-01   6.134653e-03
3.770821000000000200e+00   1.810039e-01   6.167412e-03
3.775532000000000110e+00   1.824426e-01   6.190698e-03
3.780243000000000020e+00   1.809148e-01   6.205411e-03
3.784953999999999930e+00   1.798463e-01   6.230350e-03
3.789665999999999979e+00   1.806762e-01   6.246182e-03
3.794376999999999889e+00   1.751068e-01   6.261520e-03
3.799087999999999798e+00   1.754173e-01   6.288368e-03
3.803799000000000152e+00   1.651298e-01   6.305571e-03
3.808511000000000202e+00   1.780364e-01   6.339660e-03
3.813222000000000111e+00   1.728385e-01   6.353315e-03
3.817933000000000021e+00   1.726014e-01   6.373014e-03
3.822643999999999931e+00   1.694445e-01   6.394835e-03
3.827355999999999980e+00   1.674140e-01   6.414435e-03
3.832066999999999890e+00   1.744178e-01   6.443710e-03
3.836777999999999800e+00   1.737580e-01   6.461124e-03
3.841489000000000154e+00   1.743524e-01   6.487717e-03
3.846201000000000203e+00   1.784701e-01   6.516980e-03
3.850912000000000113e+00   1.775401e-01   6.543305e-03
3.855623000000000022e+00   1.585111e-01   6.549225e-03
3.860333999999999932e+00   1.689222e-01   6.576481e-03
3.865045999999999982e+00   1.616601e-01   6.595547e-03
3.869756999999999891e+00   1.583489e-01   6.615622e-03
3.874467999999999801e+00   1.588902e-01   6.640295e-03
3.879179000000000155e+00   1.658433e-01   6.665728e-03
3.883891000000000204e+00   1.708365e-01   6.685972e-03
3.888602000000000114e+00   1.671407e-01   6.712840e-03
3.893313000000000024e+00   1.628471e-01   6.733586e-03
3.898023999999999933e+00   1.671046e-01   6.754501e-03
3.902735999999999983e+00   1.568899e-01   6.773245e-03
3.907446999999999893e+00   1.524067e-01   6.784795e-03
3.912157999999999802e+00   1.583548e-01   6.803907e-03
3.916869999999999852e+00   1.534501e-01   6.819988e-03
3.921581000000000206e+00   1.603503e-01   6.834634e-03
3.926292000000000115e+00   1.559235e-01   6.839379e-03
3.931003000000000025e+00   1.567448e-01   6.862626e-03
3.935715000000000074e+00   1.705797e-01   6.892278e-03
3.940425999999999984e+00   1.591885e-01   6.889044e-03
3.945136999999999894e+00   1.674671e-01   6.903320e-03
3.949847999999999804e+00   1.641341e-01   6.906897e-03
3.954559999999999853e+00   1.598981e-01   6.911020e-03
3.959271000000000207e+00   1.589419e-01   6.917416e-03
3.963982000000000117e+00   1.526019e-01   6.925154e-03
3.968693000000000026e+00   1.592576e-01   6.942136e-03
3.973405000000000076e+00   1.567106e-01   6.951178e-03
3.978115999999999985e+00   1.535943e-01   6.984036e-03
3.982826999999999895e+00   1.439622e-01   6.992477e-03
3.987537999999999805e+00   1.521813e-01   7.028198e-03
3.992249999999999854e+00   1.529577e-01   7.049436e-03
3.996961000000000208e+00   1.650143e-01   7.081445e-03
4.001672000000000118e+00   1.682694e-01   7.104550e-03
4.006382999999999583e+00   1.559612e-01   7.124513e-03
4.011095000000000077e+00   1.552397e-01   7.153911e-03
4.015806000000000431e+00   1.522393e-01   7.164823e-03
4.020516999999999896e+00   1.521008e-01   7.191947e-03
4.025228000000000250e+00   1.623998e-01   7.224985e-03
4.029939999999999856e+00   1.567489e-01   7.240637e-03
4.034651000000000209e+00   1.644439e-01   7.272123e-03
4.039361999999999675e+00   1.432921e-01   7.280700e-03
4.044073000000000029e+00   1.472667e-01   7.316939e-03
4.048784999999999634e+00   1.493303e-01   7.339826e-03
4.053495999999999988e+00   1.452849e-01   7.350975e-03
4.058207000000000342e+00   1.568890e-01   7.385476e-03
4.062917999999999807e+00   1.539235e-01   7.413146e-03
4.067630000000000301e+00   1.455280e-01   7.428220e-03
4.072340999999999767e+00   1.558838e-01   7.468599e-03
4.077052000000000120e+00   1.506426e-01   7.495806e-03
4.081762999999999586e+00   1.586043e-01   7.525112e-03
4.086475000000000080e+00   1.679167e-01   7.559198e-03
4.091186000000000433e+00   1.556128e-01   7.575518e-03
4.095896999999999899e+00   1.536997e-01   7.589969e-03
4.100609000000000393e+00   1.387017e-01   7.609694e-03
4.105319999999999858e+00   1.529060e-01   7.653759e-03
4.110031000000000212e+00   1.523817e-01   7.676464e-03
4.114741999999999678e+00   1.468399e-01   7.690731e-03
4.119454000000000171e+00   1.495327e-01   7.730032e-03
4.124164999999999637e+00   1.437434e-01   7.752617e-03
4.128875999999999991e+00   1.395216e-01   7.784198e-03
4.133587000000000344e+00   1.399468e-01   7.817777e-03
4.138298999999999950e+00   1.493856e-01   7.848630e-03
4.143010000000000304e+00   1.486978e-01   7.876820e-03
4.147720999999999769e+00   1.542471e-01   7.913884e-03
4.152432000000000123e+00   1.445351e-01   7.936297e-03
4.157143999999999728e+00   1.520692e-01   7.960758e-03
4.161855000000000082e+00   1.445178e-01   7.983935e-03
4.166566000000000436e+00   1.460714e-01   8.020706e-03
4.171276999999999902e+00   1.508424e-01   8.050618e-03
4.175989000000000395e+00   1.382708e-01   8.067526e-03
4.180699999999999861e+00   1.345432e-01   8.112013e-03
4.185411000000000215e+00   1.394126e-01   8.127702e-03
4.190121999999999680e+00   1.434450e-01   8.153089e-03
4.194834000000000174e+00   1.465458e-01   8.194196e-03
4.199544999999999639e+00   1.423563e-01   8.214803e-03
4.204255999999999993e+00   1.418555e-01   8.256246e-03
4.208967000000000347e+00   1.413179e-01   8.291984e-03
4.213678999999999952e+00   1.355872e-01   8.323114e-03
4.218390000000000306e+00   1.446304e-01   8.361639e-03
4.223100999999999772e+00   1.330957e-01   8.378514e-03
4.227812000000000126e+00   1.391999e-01   8.422290e-03
4.232523999999999731e+00   1.359295e-01   8.452633e-03
4.237235000000000085e+00   1.259580e-01   8.469763e-03
4.241946000000000438e+00   1.405098e-01   8.527370e-03
4.246656999999999904e+00   1.498222e-01   8.571341e-03
4.251369000000000398e+00   1.401044e-01   8.595789e-03
4.256079999999999863e+00   1.486131e-01   8.658190e-03
4.260791000000000217e+00   1.383214e-01   8.659511e-03
4.265501999999999683e+00   1.332757e-01   8.699567e-03
4.270214000000000176e+00   1.419774e-01   8.745547e-03
4.274924999999999642e+00   1.498880e-01   8.795266e-03
4.279635999999999996e+00   1.358036e-01   8.815289e-03
4.284347999999999601e+00   1.322650e-01   8.840592e-03
4.289058999999999955e+00   1.391772e-01   8.883154e-03
4.293770000000000309e+00   1.303073e-01   8.910098e-03
4.298480999999999774e+00   1.325207e-01   8.944704e-03
4.303193000000000268e+00   1.332783e-01   8.993700e-03
4.307903999999999733e+00   1.343459e-01   9.035652e-03
4.312615000000000087e+00   1.361916e-01   9.077318e-03
4.317326000000000441e+00   1.320397e-01   9.109551e-03
4.322038000000000046e+00   1.308590e-01   9.159930e-03
4.326749000000000400e+00   1.311570e-01   9.193302e-03
4.331459999999999866e+00   1.306211e-01   9.225319e-03
4.336171000000000220e+00   1.421157e-01   9.287154e-03
4.340882999999999825e+00   1.358543e-01   9.325978e-03
4.345594000000000179e+00   1.151851e-01   9.344376e-03
4.350304999999999644e+00   1.213066e-01   9.396211e-03
4.355015999999999998e+00   1.262982e-01   9.438583e-03
4.359727999999999604e+00   1.227742e-01   9.481159e-03
4.364438999999999957e+00   1.287557e-01   9.535405e-03
4.369150000000000311e+00   1.324336e-01   9.584434e-03
4.373860999999999777e+00   1.293342e-01   9.626510e-03
4.378573000000000270e+00   1.242065e-01   9.685362e-03
4.383283999999999736e+00   1.331833e-01   9.736543e-03
4.387995000000000090e+00   1.282694e-01   9.765619e-03
4.392706000000000444e+00   1.380099e-01   9.826884e-03
4.397418000000000049e+00   1.360433e-01   9.874629e-03
4.402129000000000403e+00   1.345139e-01   9.877126e-03
4.406839999999999868e+00   1.307026e-01   9.863425e-03
4.411551000000000222e+00   1.479045e-01   9.882200e-03
4.416262999999999828e+00   1.417639e-01   9.904539e-03
4.420974000000000181e+00   1.299916e-01   9.906574e-03
4.425684999999999647e+00   1.279476e-01   9.907606e-03
4.430396000000000001e+00   1.395590e-01   9.922296e-03
4.435107999999999606e+00   1.328486e-01   9.912757e-03
4.439818999999999960e+00   1.270498e-01   9.925439e-03
4.444530000000000314e+00   1.248212e-01   9.975750e-03
4.449240999999999779e+00   1.480031e-01   1.003757e-02
4.453953000000000273e+00   1.282022e-01   1.008028e-02
4.458663999999999739e+00   1.194024e-01   1.012665e-02
4.463375000000000092e+00   1.292706e-01   1.019770e-02
4.468086999999999698e+00   1.235160e-01   1.022854e-02
4.472798000000000052e+00   1.360263e-01   1.029983e-02
4.477509000000000405e+00   1.270817e-01   1.035016e-02
4.482219999999999871e+00   1.291189e-01   1.040342e-02
4.486932000000000365e+00   1.279366e-01   1.045590e-02
4.491642999999999830e+00   1.208383e-01   1.051753e-02
4.496354000000000184e+00   1.362224e-01   1.061846e-02
4.501064999999999650e+00   1.304172e-01   1.065741e-02
4.505777000000000143e+00   1.232504e-01   1.069517e-02
4.510487999999999609e+00   1.136982e-01   1.077212e-02
4.515198999999999963e+00   1.137368e-01   1.081527e-02
4.519910000000000316e+00   1.308134e-01   1.088802e-02
4.524621999999999922e+00   1.047132e-01   1.089810e-02
4.529333000000000276e+00   1.353089e-01   1.101381e-02
4.534043999999999741e+00   1.271532e-01   1.109725e-02
4.538755000000000095e+00   1.248797e-01   1.116578e-02
4.543466999999999700e+00   1.254806e-01   1.123077e-02
4.548178000000000054e+00   1.102657e-01   1.127400e-02
4.552889000000000408e+00   1.212931e-01   1.135099e-02
4.557599999999999874e+00   1.331852e-01   1.143742e-02
4.562312000000000367e+00   1.267015e-01   1.150831e-02
4.567022999999999833e+00   1.191846e-01   1.157718e-02
4.571734000000000187e+00   1.164921e-01   1.164238e-02
4.576444999999999652e+00   1.364626e-01   1.175234e-02
4.581157000000000146e+00   1.144330e-01   1.179313e-02
4.585867999999999611e+00   1.182646e-01   1.188746e-02
4.590578999999999965e+00   1.058897e-01   1.196682e-02
4.595290000000000319e+00   1.251264e-01   1.207551e-02
4.600001999999999924e+00   1.180154e-01   1.215652e-02
4.604713000000000278e+00   1.358954e-01   1.223656e-02
4.609423999999999744e+00   1.224611e-01   1.231022e-02
4.614135000000000097e+00   1.136043e-01   1.238385e-02
4.618846999999999703e+00   1.127749e-01   1.251439e-02
4.623558000000000057e+00   1.253311e-01   1.262347e-02
4.628269000000000410e+00   1.127240e-01   1.269489e-02
4.632979999999999876e+00   1.164638e-01   1.278788e-02
4.637692000000000370e+00   1.126598e-01   1.286434e-02
4.642402999999999835e+00   1.218061e-01   1.298619e-02
4.647114000000000189e+00   1.291514e-01   1.313792e-02
4.651825999999999794e+00   1.109403e-01   1.321661e-02
4.656537000000000148e+00   8.920585e-02   1.328800e-02
4.661247999999999614e+00   1.042023e-01   1.346417e-02
4.665958999999999968e+00   1.250956e-01   1.358234e-02
4.670670999999999573e+00   1.035058e-01   1.361716e-02
4.675381999999999927e+00   1.026112e-01   1.375355e-02
4.680093000000000281e+00   1.084729e-01   1.392019e-02
4.684803999999999746e+00   1.138254e-01   1.404468e-02
4.689516000000000240e+00   1.121918e-01   1.416507e-02
4.694226999999999705e+00   1.050084e-01   1.430184e-02
4.698938000000000059e+00   1.031924e-01   1.443384e-02
4.703649000000000413e+00   1.237112e-01   1.464576e-02
4.708361000000000018e+00   1.269433e-01   1.479381e-02
4.713072000000000372e+00   1.352373e-01   1.492873e-02
4.717782999999999838e+00   1.118036e-01   1.506603e-02
4.722494000000000192e+00   1.187299e-01   1.528004e-02
4.727205999999999797e+00   1.384759e-01   1.546593e-02
4.731917000000000151e+00   1.126328e-01   1.554970e-02
4.736627999999999616e+00   1.018750e-01   1.573633e-02
4.741338999999999970e+00   1.286762e-01   1.599308e-02
4.746050999999999576e+00   1.479536e-01   1.621421e-02
4.750761999999999929e+00   1.315416e-01   1.636751e-02
4.755473000000000283e+00   1.059632e-01   1.652063e-02
4.760183999999999749e+00   1.154786e-01   1.670479e-02
4.764896000000000242e+00   1.231648e-01   1.704782e-02
4.769606999999999708e+00   1.133668e-01   1.722375e-02
4.774318000000000062e+00   1.045775e-01   1.741859e-02
4.779029000000000416e+00   1.226019e-01   1.771631e-02
4.783741000000000021e+00   1.147598e-01   1.793818e-02
4.788452000000000375e+00   1.108870e-01   1.826391e-02
4.793162999999999840e+00   1.047633e-01   1.854499e-02
4.797874000000000194e+00   7.928576e-02   1.879886e-02
4.802585999999999800e+00   9.423051e-02   1.907443e-02
4.807297000000000153e+00   9.662753e-02   1.944251e-02
4.812007999999999619e+00   1.011643e-01   1.969296e-02
4.816718999999999973e+00   1.031740e-01   2.007191e-02
4.821430999999999578e+00   1.371192e-01   2.054547e-02
4.826141999999999932e+00   1.128131e-01   2.088409e-02
4.830853000000000286e+00   1.114448e-01   2.134268e-02
4.835564999999999891e+00   1.314555e-01   2.191981e-02
4.840276000000000245e+00   1.308624e-01   2.239958e-02
4.844986999999999711e+00   1.188147e-01   2.283115e-02
4.849698000000000064e+00   1.314077e-01   2.339915e-02
4.854409999999999670e+00   9.887780e-02   2.391448e-02
4.859121000000000024e+00   1.003024e-01   2.464440e-02
4.863832000000000377e+00   8.004138e-02   2.529762e-02
4.868542999999999843e+00   8.633435e-02   2.610327e-02
4.873255000000000337e+00   1.128244e-01   2.704485e-02
4.877965999999999802e+00   1.248769e-01   2.800622e-02
4.882677000000000156e+00   1.151830e-01   2.895112e-02
4.887387999999999622e+00   9.847978e-02   2.997070e-02
4.892100000000000115e+00   8.994088e-02   3.127036e-02
4.896810999999999581e+00   1.123582e-01   3.297039e-02
4.901521999999999935e+00   1.394281e-01   3.490531e-02
4.906233000000000288e+00   9.136908e-02   3.656398e-02
4.910944999999999894e+00   4.475330e-02   3.859965e-02
4.915656000000000247e+00   1.386484e-01   4.228797e-02
4.920366999999999713e+00   1.209967e-01   4.583708e-02
4.925078000000000067e+00   1.173598e-01   5.055012e-02
4.929789999999999672e+00   3.847347e-02   5.802126e-02
4.934501000000000026e+00   3.712591e-02   6.899971e-02
4.939212000000000380e+00   4.274242e-02   9.037560e-02
4.943922999999999845e+00   8.490700e-02   1.621759e-01