# [4]
# Sample c= 8.31 mg/ml
# Intensity scaled by concentration
# Buffer subtracted data file:
# Protein DatFile = /data/visitor/mx1908/bm29/20161119/giulio/1d/mM150_063_ave.dat
# Buffer DatFile = /data/visitor/mx1908/bm29/20161119/giulio/ednaSub/mM150_063_ave_averbuffer.dat
# 
# AutoRg: Rg   =   0.6305 +/- 0.13 ( 20.7%)
# AutoRg: I(0) =   1.24 +/- 0.0053
# AutoRg: Points   189 to 285 ( 97 total)
# AutoRg: Quality: 64.4%
# 
# 
# Sample Information:
# Storage Temperature (degrees C): 20.0
# Measurement Temperature (degrees C): 20.08
# Concentration: 8.31
# Code: 
3.479420999999999903e-02  -1.511673e-01   9.455179e-01
3.950545999999999919e-02   5.446811e-01   3.743332e-01
4.421672000000000102e-02   1.094918e+00   2.440263e-01
4.892798000000000286e-02   8.323475e-01   1.865620e-01
5.363923000000000302e-02   9.280385e-01   1.493828e-01
5.835048999999999791e-02   9.954185e-01   1.224229e-01
6.306174999999999975e-02   1.021531e+00   1.016386e-01
6.777299999999999991e-02   9.489281e-01   8.630078e-02
7.248425999999999481e-02   1.025875e+00   7.471254e-02
7.719552000000000358e-02   9.509242e-01   6.576781e-02
8.190677000000000374e-02   9.170093e-01   5.832320e-02
8.661802999999999864e-02   9.377744e-01   5.237725e-02
9.132928999999999353e-02   1.000946e+00   4.792714e-02
9.604053999999999369e-02   9.721219e-01   4.418884e-02
1.007518000000000025e-01   9.822999e-01   4.082703e-02
1.054631000000000041e-01   9.813622e-01   3.805542e-02
1.101743000000000028e-01   9.970876e-01   3.567944e-02
1.148856000000000044e-01   9.516345e-01   3.355019e-02
1.195968000000000031e-01   1.011688e+00   3.184357e-02
1.243081000000000047e-01   1.005911e+00   3.024711e-02
1.290193000000000034e-01   9.829801e-01   2.887003e-02
1.337306000000000050e-01   9.849154e-01   2.771906e-02
1.384419000000000066e-01   9.854903e-01   2.665698e-02
1.431531000000000053e-01   1.023259e+00   2.568347e-02
1.478644000000000069e-01   1.044538e+00   2.488395e-02
1.525756000000000057e-01   9.854158e-01   2.404357e-02
1.572869000000000073e-01   9.916696e-01   2.339132e-02
1.619981000000000060e-01   9.736211e-01   2.265857e-02
1.667094000000000076e-01   1.012355e+00   2.214302e-02
1.714206000000000063e-01   1.010698e+00   2.159903e-02
1.761319000000000079e-01   1.004557e+00   2.110670e-02
1.808432000000000095e-01   1.030937e+00   2.060672e-02
1.855544000000000082e-01   1.004349e+00   2.020659e-02
1.902657000000000098e-01   1.022015e+00   1.983262e-02
1.949769000000000085e-01   1.016288e+00   1.947622e-02
1.996882000000000101e-01   1.013915e+00   1.910653e-02
2.043994000000000089e-01   1.023421e+00   1.878879e-02
2.091107000000000105e-01   1.036029e+00   1.850070e-02
2.138220000000000121e-01   1.024454e+00   1.824081e-02
2.185332000000000108e-01   1.023436e+00   1.793243e-02
2.232445000000000124e-01   1.046201e+00   1.767161e-02
2.279557000000000111e-01   1.035591e+00   1.743847e-02
2.326670000000000127e-01   1.031857e+00   1.719412e-02
2.373782000000000114e-01   1.036978e+00   1.696703e-02
2.420895000000000130e-01   1.021542e+00   1.671622e-02
2.468007000000000117e-01   9.988552e-01   1.649455e-02
2.515120000000000133e-01   1.011610e+00   1.632598e-02
2.562232999999999872e-01   9.977350e-01   1.613239e-02
2.609345000000000137e-01   1.003846e+00   1.593566e-02
2.656457999999999875e-01   1.029354e+00   1.579314e-02
2.703570000000000140e-01   1.040776e+00   1.565014e-02
2.750682999999999878e-01   1.045354e+00   1.550896e-02
2.797795000000000143e-01   1.035528e+00   1.531350e-02
2.844907999999999881e-01   1.017646e+00   1.514861e-02
2.892021000000000175e-01   1.021299e+00   1.501436e-02
2.939132999999999885e-01   1.017868e+00   1.489496e-02
2.986246000000000178e-01   1.018283e+00   1.474648e-02
3.033357999999999888e-01   1.026807e+00   1.461690e-02
3.080471000000000181e-01   1.040372e+00   1.450054e-02
3.127582999999999891e-01   1.029466e+00   1.438872e-02
3.174696000000000184e-01   1.037812e+00   1.426361e-02
3.221808999999999923e-01   1.010797e+00   1.411412e-02
3.268921000000000188e-01   1.028544e+00   1.400967e-02
3.316033999999999926e-01   1.025196e+00   1.393419e-02
3.363146000000000191e-01   1.045230e+00   1.405246e-02
3.410258999999999929e-01   1.056409e+00   1.416634e-02
3.457371000000000194e-01   1.029420e+00   1.421117e-02
3.504483999999999932e-01   1.036379e+00   1.442222e-02
3.551596000000000197e-01   1.031885e+00   1.471968e-02
3.598708999999999936e-01   1.051411e+00   1.489520e-02
3.645822000000000229e-01   1.048259e+00   1.505988e-02
3.692933999999999939e-01   1.044350e+00   1.517337e-02
3.740047000000000232e-01   1.044419e+00   1.528378e-02
3.787158999999999942e-01   1.035797e+00   1.534795e-02
3.834272000000000236e-01   1.021559e+00   1.541290e-02
3.881383999999999945e-01   1.042064e+00   1.551258e-02
3.928497000000000239e-01   1.048685e+00   1.590678e-02
3.975609999999999977e-01   1.046722e+00   1.635960e-02
4.022722000000000242e-01   1.056366e+00   1.671803e-02
4.069834999999999980e-01   1.073713e+00   1.707555e-02
4.116947000000000245e-01   1.070934e+00   1.734724e-02
4.164059999999999984e-01   1.058786e+00   1.760536e-02
4.211172000000000248e-01   1.062488e+00   1.786508e-02
4.258284999999999987e-01   1.063741e+00   1.813338e-02
4.305397000000000252e-01   1.040728e+00   1.835024e-02
4.352509999999999990e-01   1.050497e+00   1.860572e-02
4.399622999999999728e-01   1.069941e+00   1.889286e-02
4.446734999999999993e-01   1.052886e+00   1.924172e-02
4.493847999999999732e-01   1.044166e+00   1.948525e-02
4.540959999999999996e-01   1.044394e+00   1.966015e-02
4.588072999999999735e-01   1.068799e+00   1.906015e-02
4.635185000000000000e-01   1.092209e+00   1.859396e-02
4.682297999999999738e-01   1.080003e+00   1.831156e-02
4.729411000000000032e-01   1.067401e+00   1.808185e-02
4.776522999999999741e-01   1.086501e+00   1.794118e-02
4.823636000000000035e-01   1.062070e+00   1.777537e-02
4.870747999999999744e-01   1.057578e+00   1.765979e-02
4.917861000000000038e-01   1.078375e+00   1.756574e-02
4.964972999999999748e-01   1.055549e+00   1.741191e-02
5.012086000000000041e-01   1.051444e+00   1.737525e-02
5.059198999999999780e-01   1.035598e+00   1.723270e-02
5.106311000000000044e-01   1.039592e+00   1.718181e-02
5.153423999999999783e-01   1.051190e+00   1.708277e-02
5.200536000000000048e-01   1.059722e+00   1.699533e-02
5.247648999999999786e-01   1.073949e+00   1.687154e-02
5.294761000000000051e-01   1.066059e+00   1.674443e-02
5.341873999999999789e-01   1.077717e+00   1.664825e-02
5.388986000000000054e-01   1.075642e+00   1.654071e-02
5.436098999999999792e-01   1.066007e+00   1.639668e-02
5.483211999999999531e-01   1.069261e+00   1.629283e-02
5.530323999999999796e-01   1.078019e+00   1.621404e-02
5.577436999999999534e-01   1.063392e+00   1.608815e-02
5.624548999999999799e-01   1.079810e+00   1.603079e-02
5.671661999999999537e-01   1.068884e+00   1.596271e-02
5.718773999999999802e-01   1.063972e+00   1.589285e-02
5.765886999999999540e-01   1.062122e+00   1.586878e-02
5.813000000000000389e-01   1.083356e+00   1.583065e-02
5.860111999999999544e-01   1.063318e+00   1.578678e-02
5.907225000000000392e-01   1.077025e+00   1.578329e-02
5.954336999999999547e-01   1.088350e+00   1.575641e-02
6.001450000000000395e-01   1.067332e+00   1.569898e-02
6.048561999999999550e-01   1.090807e+00   1.567794e-02
6.095675000000000399e-01   1.076054e+00   1.563866e-02
6.142788000000000137e-01   1.068638e+00   1.558764e-02
6.189900000000000402e-01   1.079730e+00   1.554411e-02
6.237013000000000140e-01   1.094277e+00   1.552939e-02
6.284125000000000405e-01   1.085088e+00   1.548359e-02
6.331238000000000143e-01   1.091446e+00   1.546860e-02
6.378350000000000408e-01   1.086536e+00   1.542782e-02
6.425463000000000147e-01   1.091250e+00   1.536385e-02
6.472575000000000411e-01   1.086493e+00   1.532448e-02
6.519688000000000150e-01   1.113571e+00   1.533302e-02
6.566800999999999888e-01   1.076613e+00   1.525739e-02
6.613913000000000153e-01   1.079610e+00   1.521740e-02
6.661025999999999891e-01   1.080672e+00   1.521554e-02
6.708138000000000156e-01   1.085528e+00   1.517158e-02
6.755250999999999895e-01   1.088977e+00   1.514163e-02
6.802363000000000159e-01   1.087526e+00   1.511107e-02
6.849475999999999898e-01   1.099657e+00   1.509635e-02
6.896588999999999636e-01   1.092523e+00   1.505627e-02
6.943700999999999901e-01   1.096938e+00   1.502516e-02
6.990813999999999639e-01   1.094389e+00   1.498836e-02
7.037925999999999904e-01   1.092715e+00   1.494688e-02
7.085038999999999643e-01   1.083516e+00   1.491063e-02
7.132150999999999907e-01   1.114675e+00   1.490913e-02
7.179263999999999646e-01   1.107020e+00   1.487169e-02
7.226375999999999911e-01   1.095798e+00   1.482910e-02
7.273488999999999649e-01   1.114237e+00   1.481820e-02
7.320602000000000498e-01   1.119917e+00   1.479630e-02
7.367713999999999652e-01   1.094555e+00   1.475081e-02
7.414827000000000501e-01   1.105649e+00   1.473771e-02
7.461938999999999655e-01   1.103517e+00   1.469710e-02
7.509052000000000504e-01   1.111908e+00   1.467048e-02
7.556163999999999659e-01   1.115361e+00   1.465307e-02
7.603277000000000507e-01   1.114802e+00   1.462027e-02
7.650390000000000246e-01   1.089844e+00   1.457478e-02
7.697502000000000510e-01   1.101467e+00   1.452635e-02
7.744615000000000249e-01   1.110058e+00   1.450657e-02
7.791727000000000514e-01   1.093259e+00   1.446997e-02
7.838840000000000252e-01   1.107375e+00   1.445940e-02
7.885952000000000517e-01   1.091302e+00   1.441915e-02
7.933065000000000255e-01   1.098701e+00   1.440308e-02
7.980177999999999994e-01   1.112764e+00   1.439291e-02
8.027290000000000258e-01   1.103939e+00   1.433758e-02
8.074402999999999997e-01   1.109422e+00   1.431105e-02
8.121515000000000262e-01   1.100890e+00   1.428841e-02
8.168628000000000000e-01   1.109127e+00   1.424910e-02
8.215740000000000265e-01   1.118284e+00   1.423012e-02
8.262853000000000003e-01   1.110565e+00   1.422377e-02
8.309965000000000268e-01   1.086393e+00   1.415590e-02
8.357078000000000007e-01   1.100117e+00   1.413100e-02
8.404190999999999745e-01   1.093077e+00   1.411746e-02
8.451303000000000010e-01   1.093913e+00   1.408448e-02
8.498415999999999748e-01   1.115275e+00   1.406435e-02
8.545528000000000013e-01   1.116467e+00   1.406010e-02
8.592640999999999751e-01   1.095900e+00   1.399594e-02
8.639753000000000016e-01   1.098151e+00   1.399411e-02
8.686865999999999755e-01   1.104114e+00   1.395833e-02
8.733978999999999493e-01   1.116549e+00   1.394079e-02
8.781090999999999758e-01   1.097500e+00   1.390227e-02
8.828203999999999496e-01   1.101457e+00   1.388004e-02
8.875315999999999761e-01   1.104564e+00   1.387266e-02
8.922428999999999499e-01   1.111868e+00   1.384776e-02
8.969540999999999764e-01   1.119369e+00   1.381582e-02
9.016653999999999503e-01   1.108855e+00   1.379005e-02
9.063767000000000351e-01   1.085467e+00   1.374763e-02
9.110878999999999506e-01   1.097197e+00   1.371873e-02
9.157992000000000354e-01   1.087851e+00   1.368157e-02
9.205103999999999509e-01   1.111765e+00   1.367241e-02
9.252217000000000358e-01   1.100650e+00   1.364222e-02
9.299328999999999512e-01   1.098123e+00   1.363454e-02
9.346442000000000361e-01   1.096547e+00   1.359180e-02
9.393553999999999515e-01   1.103631e+00   1.357871e-02
9.440667000000000364e-01   1.095307e+00   1.355139e-02
9.487780000000000102e-01   1.096036e+00   1.352248e-02
9.534892000000000367e-01   1.086689e+00   1.350440e-02
9.582005000000000106e-01   1.090936e+00   1.347978e-02
9.629117000000000370e-01   1.087784e+00   1.345897e-02
9.676230000000000109e-01   1.089615e+00   1.342167e-02
9.723342000000000374e-01   1.085560e+00   1.339081e-02
9.770455000000000112e-01   1.079066e+00   1.336717e-02
9.817567999999999850e-01   1.066702e+00   1.333089e-02
9.864680000000000115e-01   1.083489e+00   1.333890e-02
9.911792999999999854e-01   1.101080e+00   1.331659e-02
9.958905000000000118e-01   1.088736e+00   1.328235e-02
1.000601999999999991e+00   1.084089e+00   1.324729e-02
1.005312999999999901e+00   1.075309e+00   1.321810e-02
1.010024000000000033e+00   1.073711e+00   1.320069e-02
1.014736000000000082e+00   1.084777e+00   1.319074e-02
1.019446999999999992e+00   1.093704e+00   1.317027e-02
1.024157999999999902e+00   1.071112e+00   1.313218e-02
1.028869000000000034e+00   1.088942e+00   1.312317e-02
1.033581000000000083e+00   1.074409e+00   1.308776e-02
1.038291999999999993e+00   1.077012e+00   1.307822e-02
1.043002999999999902e+00   1.078006e+00   1.305191e-02
1.047714000000000034e+00   1.060036e+00   1.301271e-02
1.052426000000000084e+00   1.074220e+00   1.300970e-02
1.057136999999999993e+00   1.069023e+00   1.297630e-02
1.061847999999999903e+00   1.088650e+00   1.296989e-02
1.066559000000000035e+00   1.078972e+00   1.292685e-02
1.071271000000000084e+00   1.073031e+00   1.290159e-02
1.075981999999999994e+00   1.075959e+00   1.290717e-02
1.080692999999999904e+00   1.073453e+00   1.288467e-02
1.085404000000000035e+00   1.067108e+00   1.283239e-02
1.090116000000000085e+00   1.049023e+00   1.281770e-02
1.094826999999999995e+00   1.038692e+00   1.277352e-02
1.099537999999999904e+00   1.047359e+00   1.275570e-02
1.104249000000000036e+00   1.058552e+00   1.275523e-02
1.108961000000000086e+00   1.055887e+00   1.274806e-02
1.113671999999999995e+00   1.081351e+00   1.273997e-02
1.118382999999999905e+00   1.070089e+00   1.270493e-02
1.123094000000000037e+00   1.042076e+00   1.265433e-02
1.127806000000000086e+00   1.039069e+00   1.262780e-02
1.132516999999999996e+00   1.068805e+00   1.263248e-02
1.137227999999999906e+00   1.066252e+00   1.262681e-02
1.141939000000000037e+00   1.055909e+00   1.259314e-02
1.146651000000000087e+00   1.056089e+00   1.257252e-02
1.151361999999999997e+00   1.037419e+00   1.254141e-02
1.156072999999999906e+00   1.025168e+00   1.251201e-02
1.160784000000000038e+00   1.038205e+00   1.250287e-02
1.165496000000000087e+00   1.036182e+00   1.247253e-02
1.170206999999999997e+00   1.038660e+00   1.246509e-02
1.174917999999999907e+00   1.044546e+00   1.243887e-02
1.179629999999999956e+00   1.022392e+00   1.240999e-02
1.184341000000000088e+00   1.016608e+00   1.239150e-02
1.189051999999999998e+00   1.029255e+00   1.237335e-02
1.193762999999999908e+00   1.035871e+00   1.237929e-02
1.198474999999999957e+00   1.031832e+00   1.264598e-02
1.203186000000000089e+00   1.031323e+00   1.297564e-02
1.207896999999999998e+00   1.016073e+00   1.317876e-02
1.212607999999999908e+00   1.026426e+00   1.336424e-02
1.217319999999999958e+00   1.021046e+00   1.351899e-02
1.222031000000000089e+00   1.010689e+00   1.364755e-02
1.226741999999999999e+00   1.026815e+00   1.378901e-02
1.231452999999999909e+00   1.026423e+00   1.390033e-02
1.236164999999999958e+00   1.010136e+00   1.399757e-02
1.240876000000000090e+00   1.022322e+00   1.412051e-02
1.245587000000000000e+00   1.020784e+00   1.419039e-02
1.250297999999999909e+00   1.007797e+00   1.420788e-02
1.255009999999999959e+00   9.833192e-01   1.420240e-02
1.259721000000000091e+00   1.007358e+00   1.424181e-02
1.264432000000000000e+00   1.000296e+00   1.375265e-02
1.269142999999999910e+00   9.993545e-01   1.340202e-02
1.273854999999999960e+00   9.876773e-01   1.315415e-02
1.278566000000000091e+00   9.943452e-01   1.297834e-02
1.283277000000000001e+00   9.964301e-01   1.285018e-02
1.287987999999999911e+00   1.003754e+00   1.275286e-02
1.292699999999999960e+00   9.927680e-01   1.263111e-02
1.297411000000000092e+00   9.949144e-01   1.253307e-02
1.302122000000000002e+00   9.886736e-01   1.242192e-02
1.306832999999999911e+00   9.841673e-01   1.234655e-02
1.311544999999999961e+00   9.804749e-01   1.231613e-02
1.316256000000000093e+00   9.799554e-01   1.229150e-02
1.320967000000000002e+00   9.890908e-01   1.226017e-02
1.325677999999999912e+00   9.693113e-01   1.222580e-02
1.330389999999999961e+00   9.780533e-01   1.220032e-02
1.335101000000000093e+00   9.674132e-01   1.215107e-02
1.339812000000000003e+00   9.764049e-01   1.212538e-02
1.344522999999999913e+00   9.719081e-01   1.210232e-02
1.349234999999999962e+00   9.670769e-01   1.207555e-02
1.353946000000000094e+00   9.788211e-01   1.205751e-02
1.358657000000000004e+00   9.569679e-01   1.200573e-02
1.363369000000000053e+00   9.732606e-01   1.199621e-02
1.368079999999999963e+00   9.651051e-01   1.197637e-02
1.372791000000000095e+00   9.640650e-01   1.195741e-02
1.377502000000000004e+00   9.447772e-01   1.192063e-02
1.382214000000000054e+00   9.374954e-01   1.189772e-02
1.386924999999999963e+00   9.587921e-01   1.189124e-02
1.391636000000000095e+00   9.549900e-01   1.185964e-02
1.396347000000000005e+00   9.440786e-01   1.182505e-02
1.401059000000000054e+00   9.359122e-01   1.179738e-02
1.405769999999999964e+00   9.347938e-01   1.177941e-02
1.410481000000000096e+00   9.316198e-01   1.175955e-02
1.415192000000000005e+00   9.266764e-01   1.173402e-02
1.419904000000000055e+00   9.359431e-01   1.171970e-02
1.424614999999999965e+00   9.352206e-01   1.170075e-02
1.429326000000000096e+00   9.312698e-01   1.168997e-02
1.434037000000000006e+00   9.314363e-01   1.166713e-02
1.438749000000000056e+00   9.298899e-01   1.164175e-02
1.443459999999999965e+00   9.069373e-01   1.160850e-02
1.448171000000000097e+00   9.199842e-01   1.159938e-02
1.452882000000000007e+00   9.179049e-01   1.158209e-02
1.457594000000000056e+00   9.143153e-01   1.154761e-02
1.462304999999999966e+00   9.054583e-01   1.152722e-02
1.467016000000000098e+00   9.005344e-01   1.150269e-02
1.471727000000000007e+00   9.016391e-01   1.149249e-02
1.476439000000000057e+00   9.067376e-01   1.149043e-02
1.481149999999999967e+00   8.821420e-01   1.143966e-02
1.485861000000000098e+00   9.020364e-01   1.144211e-02
1.490572000000000008e+00   8.981350e-01   1.141918e-02
1.495284000000000058e+00   9.147146e-01   1.140066e-02
1.499994999999999967e+00   8.901769e-01   1.138749e-02
1.504706000000000099e+00   8.932305e-01   1.137232e-02
1.509417000000000009e+00   8.775345e-01   1.134162e-02
1.514129000000000058e+00   8.820702e-01   1.136366e-02
1.518839999999999968e+00   8.900665e-01   1.170479e-02
1.523551000000000100e+00   8.840447e-01   1.194031e-02
1.528262999999999927e+00   8.762125e-01   1.209722e-02
1.532974000000000059e+00   8.664426e-01   1.222331e-02
1.537684999999999969e+00   8.675930e-01   1.235844e-02
1.542396000000000100e+00   8.667147e-01   1.236907e-02
1.547107999999999928e+00   8.854492e-01   1.207061e-02
1.551819000000000059e+00   8.645907e-01   1.187988e-02
1.556529999999999969e+00   8.466955e-01   1.173863e-02
1.561241000000000101e+00   8.610106e-01   1.163237e-02
1.565952999999999928e+00   8.554212e-01   1.152738e-02
1.570664000000000060e+00   8.366849e-01   1.138630e-02
1.575374999999999970e+00   8.282816e-01   1.127125e-02
1.580086000000000102e+00   8.441035e-01   1.117672e-02
1.584797999999999929e+00   8.505790e-01   1.111683e-02
1.589509000000000061e+00   8.572914e-01   1.110460e-02
1.594219999999999970e+00   8.492877e-01   1.108993e-02
1.598931000000000102e+00   8.386624e-01   1.110108e-02
1.603642999999999930e+00   8.332018e-01   1.110263e-02
1.608354000000000061e+00   8.180363e-01   1.110570e-02
1.613064999999999971e+00   8.325543e-01   1.109747e-02
1.617776000000000103e+00   8.380701e-01   1.108273e-02
1.622487999999999930e+00   8.282274e-01   1.105340e-02
1.627199000000000062e+00   8.217408e-01   1.103081e-02
1.631909999999999972e+00   8.125589e-01   1.100130e-02
1.636621000000000103e+00   8.163877e-01   1.098391e-02
1.641332999999999931e+00   8.033257e-01   1.094962e-02
1.646044000000000063e+00   8.121573e-01   1.094885e-02
1.650754999999999972e+00   8.027490e-01   1.092795e-02
1.655466000000000104e+00   8.031641e-01   1.091289e-02
1.660177999999999932e+00   7.988575e-01   1.088692e-02
1.664889000000000063e+00   7.889693e-01   1.086449e-02
1.669599999999999973e+00   7.931585e-01   1.085646e-02
1.674311000000000105e+00   7.928813e-01   1.082997e-02
1.679022999999999932e+00   7.842820e-01   1.080867e-02
1.683734000000000064e+00   7.952239e-01   1.079914e-02
1.688444999999999974e+00   7.719140e-01   1.077511e-02
1.693156000000000105e+00   7.777715e-01   1.076334e-02
1.697867999999999933e+00   7.896803e-01   1.074907e-02
1.702579000000000065e+00   7.728684e-01   1.072170e-02
1.707289999999999974e+00   7.775219e-01   1.072014e-02
1.712002000000000024e+00   7.552584e-01   1.068796e-02
1.716712999999999933e+00   7.648915e-01   1.068392e-02
1.721424000000000065e+00   7.614621e-01   1.065502e-02
1.726134999999999975e+00   7.536877e-01   1.063757e-02
1.730847000000000024e+00   7.667877e-01   1.062880e-02
1.735557999999999934e+00   7.755648e-01   1.063266e-02
1.740269000000000066e+00   7.593918e-01   1.060958e-02
1.744979999999999976e+00   7.423679e-01   1.057694e-02
1.749692000000000025e+00   7.451453e-01   1.054486e-02
1.754402999999999935e+00   7.396067e-01   1.054044e-02
1.759114000000000066e+00   7.431485e-01   1.052161e-02
1.763824999999999976e+00   7.420467e-01   1.050917e-02
1.768537000000000026e+00   7.422653e-01   1.048960e-02
1.773247999999999935e+00   7.213772e-01   1.046034e-02
1.777959000000000067e+00   7.294745e-01   1.045643e-02
1.782669999999999977e+00   7.315086e-01   1.044300e-02
1.787382000000000026e+00   7.250237e-01   1.041783e-02
1.792092999999999936e+00   7.202940e-01   1.041069e-02
1.796804000000000068e+00   7.175237e-01   1.039764e-02
1.801514999999999977e+00   7.194476e-01   1.037775e-02
1.806227000000000027e+00   7.148254e-01   1.036426e-02
1.810937999999999937e+00   7.061508e-01   1.034746e-02
1.815649000000000068e+00   7.064861e-01   1.032583e-02
1.820359999999999978e+00   6.971536e-01   1.030872e-02
1.825072000000000028e+00   7.043992e-01   1.031072e-02
1.829782999999999937e+00   6.876880e-01   1.027656e-02
1.834494000000000069e+00   6.815139e-01   1.025646e-02
1.839204999999999979e+00   6.831261e-01   1.024999e-02
1.843917000000000028e+00   6.826595e-01   1.023271e-02
1.848627999999999938e+00   6.865192e-01   1.021970e-02
1.853339000000000070e+00   6.838210e-01   1.021292e-02
1.858049999999999979e+00   6.856642e-01   1.019985e-02
1.862762000000000029e+00   6.833573e-01   1.017512e-02
1.867472999999999939e+00   6.863514e-01   1.016435e-02
1.872184000000000070e+00   6.821024e-01   1.013960e-02
1.876894999999999980e+00   6.890402e-01   1.012880e-02
1.881607000000000030e+00   6.770574e-01   1.012509e-02
1.886317999999999939e+00   6.724191e-01   1.010934e-02
1.891029000000000071e+00   6.768344e-01   1.008903e-02
1.895740999999999898e+00   6.709002e-01   1.007243e-02
1.900452000000000030e+00   6.557106e-01   1.005791e-02
1.905162999999999940e+00   6.518164e-01   1.003483e-02
1.909874000000000072e+00   6.510470e-01   1.001744e-02
1.914585999999999899e+00   6.496761e-01   1.000820e-02
1.919297000000000031e+00   6.571985e-01   1.000188e-02
1.924007999999999940e+00   6.538194e-01   9.989041e-03
1.928719000000000072e+00   6.490555e-01   9.973993e-03
1.933430999999999900e+00   6.531502e-01   9.960289e-03
1.938142000000000031e+00   6.291787e-01   9.912788e-03
1.942852999999999941e+00   6.365939e-01   9.887849e-03
1.947564000000000073e+00   6.292722e-01   9.857923e-03
1.952275999999999900e+00   6.341948e-01   9.838940e-03
1.956987000000000032e+00   6.348447e-01   9.827068e-03
1.961697999999999942e+00   6.210466e-01   9.804951e-03
1.966409000000000074e+00   6.153504e-01   9.790739e-03
1.971120999999999901e+00   6.489685e-01   9.811211e-03
1.975832000000000033e+00   6.162026e-01   9.785418e-03
1.980542999999999942e+00   6.249194e-01   9.799303e-03
1.985254000000000074e+00   6.036563e-01   9.776785e-03
1.989965999999999902e+00   6.148881e-01   9.784533e-03
1.994677000000000033e+00   6.293966e-01   9.800060e-03
1.999387999999999943e+00   6.299185e-01   9.808991e-03
2.004099000000000075e+00   6.260105e-01   1.001898e-02
2.008811000000000124e+00   5.972637e-01   1.022014e-02
2.013522000000000034e+00   5.965826e-01   1.036037e-02
2.018232999999999944e+00   6.074821e-01   1.048946e-02
2.022943999999999853e+00   6.073542e-01   1.059260e-02
2.027655999999999903e+00   6.052861e-01   1.068712e-02
2.032366999999999813e+00   5.913862e-01   1.071936e-02
2.037078000000000166e+00   5.901512e-01   1.075145e-02
2.041789000000000076e+00   6.105022e-01   1.080356e-02
2.046501000000000126e+00   5.852438e-01   1.081518e-02
2.051212000000000035e+00   5.820062e-01   1.083138e-02
2.055922999999999945e+00   5.917308e-01   1.086178e-02
2.060633999999999855e+00   5.879565e-01   1.088703e-02
2.065345999999999904e+00   5.874520e-01   1.086555e-02
2.070056999999999814e+00   5.791770e-01   1.053116e-02
2.074768000000000168e+00   5.843632e-01   1.032484e-02
2.079480000000000217e+00   5.647081e-01   1.018621e-02
2.084191000000000127e+00   5.596448e-01   1.007175e-02
2.088902000000000037e+00   5.502665e-01   9.966170e-03
2.093612999999999946e+00   5.659808e-01   9.911009e-03
2.098324999999999996e+00   5.681177e-01   9.874920e-03
2.103035999999999905e+00   5.505977e-01   9.819938e-03
2.107746999999999815e+00   5.604350e-01   9.815401e-03
2.112458000000000169e+00   5.563034e-01   9.789685e-03
2.117170000000000218e+00   5.535278e-01   9.762989e-03
2.121881000000000128e+00   5.487754e-01   9.732626e-03
2.126592000000000038e+00   5.354201e-01   9.713864e-03
2.131302999999999948e+00   5.517707e-01   9.710962e-03
2.136014999999999997e+00   5.396786e-01   9.678578e-03
2.140725999999999907e+00   5.285278e-01   9.649243e-03
2.145436999999999816e+00   5.458508e-01   9.644629e-03
2.150148000000000170e+00   5.376890e-01   9.623470e-03
2.154860000000000220e+00   5.324908e-01   9.591252e-03
2.159571000000000129e+00   5.284544e-01   9.582791e-03
2.164282000000000039e+00   5.280321e-01   9.570580e-03
2.168992999999999949e+00   5.339273e-01   9.559799e-03
2.173704999999999998e+00   5.286352e-01   9.539947e-03
2.178415999999999908e+00   5.304987e-01   9.521265e-03
2.183126999999999818e+00   5.092989e-01   9.492549e-03
2.187838000000000171e+00   5.063761e-01   9.486280e-03
2.192550000000000221e+00   5.113046e-01   9.483798e-03
2.197261000000000131e+00   5.192838e-01   9.465937e-03
2.201972000000000040e+00   5.160943e-01   9.444340e-03
2.206682999999999950e+00   5.044566e-01   9.420008e-03
2.211395000000000000e+00   4.936106e-01   9.407806e-03
2.216105999999999909e+00   5.038586e-01   9.409208e-03
2.220816999999999819e+00   5.003184e-01   9.395021e-03
2.225528000000000173e+00   4.907261e-01   9.362157e-03
2.230239999999999778e+00   5.004149e-01   9.358626e-03
2.234951000000000132e+00   5.044367e-01   9.349259e-03
2.239662000000000042e+00   5.093772e-01   9.338576e-03
2.244372999999999951e+00   4.990999e-01   9.316639e-03
2.249085000000000001e+00   4.943338e-01   9.310702e-03
2.253795999999999911e+00   4.949918e-01   9.292541e-03
2.258506999999999820e+00   4.969513e-01   9.282037e-03
2.263218999999999870e+00   4.967232e-01   9.265292e-03
2.267929999999999779e+00   4.885330e-01   9.247012e-03
2.272641000000000133e+00   4.844449e-01   9.232577e-03
2.277352000000000043e+00   4.777827e-01   9.224649e-03
2.282064000000000092e+00   4.755773e-01   9.209814e-03
2.286775000000000002e+00   4.688419e-01   9.196778e-03
2.291485999999999912e+00   4.798966e-01   9.197717e-03
2.296196999999999822e+00   4.640229e-01   9.174705e-03
2.300908999999999871e+00   4.740553e-01   9.168860e-03
2.305619999999999781e+00   4.788449e-01   9.159873e-03
2.310331000000000135e+00   4.681350e-01   9.132856e-03
2.315042000000000044e+00   4.603993e-01   9.124359e-03
2.319754000000000094e+00   4.607957e-01   9.115761e-03
2.324465000000000003e+00   4.598532e-01   9.098320e-03
2.329175999999999913e+00   4.657595e-01   9.088398e-03
2.333886999999999823e+00   4.521407e-01   9.073153e-03
2.338598999999999872e+00   4.547500e-01   9.066985e-03
2.343309999999999782e+00   4.528924e-01   9.056092e-03
2.348021000000000136e+00   4.556552e-01   9.044699e-03
2.352732000000000046e+00   4.516644e-01   9.031549e-03
2.357444000000000095e+00   4.556758e-01   9.023316e-03
2.362155000000000005e+00   4.513407e-01   9.009727e-03
2.366865999999999914e+00   4.574919e-01   9.005077e-03
2.371576999999999824e+00   4.593924e-01   8.999207e-03
2.376288999999999874e+00   4.416103e-01   8.971901e-03
2.380999999999999783e+00   4.315936e-01   8.959801e-03
2.385711000000000137e+00   4.359660e-01   8.947395e-03
2.390422000000000047e+00   4.294009e-01   8.935759e-03
2.395134000000000096e+00   4.399834e-01   8.923227e-03
2.399845000000000006e+00   4.378980e-01   8.920514e-03
2.404555999999999916e+00   4.322205e-01   8.906173e-03
2.409266999999999825e+00   4.268769e-01   8.897258e-03
2.413978999999999875e+00   4.333748e-01   8.892968e-03
2.418689999999999785e+00   4.272593e-01   8.869096e-03
2.423401000000000138e+00   4.392236e-01   8.872513e-03
2.428112000000000048e+00   4.366446e-01   8.866705e-03
2.432824000000000098e+00   4.222226e-01   8.845500e-03
2.437535000000000007e+00   4.247917e-01   8.844803e-03
2.442245999999999917e+00   4.286177e-01   8.831535e-03
2.446957999999999966e+00   4.157411e-01   8.811272e-03
2.451668999999999876e+00   4.155226e-01   8.795262e-03
2.456379999999999786e+00   4.223638e-01   8.799892e-03
2.461091000000000140e+00   4.239636e-01   8.787463e-03
2.465803000000000189e+00   4.180557e-01   8.782613e-03
2.470514000000000099e+00   4.097772e-01   8.764109e-03
2.475225000000000009e+00   4.090197e-01   8.752326e-03
2.479935999999999918e+00   4.089075e-01   8.734994e-03
2.484647999999999968e+00   4.039079e-01   8.730959e-03
2.489358999999999877e+00   4.016264e-01   8.721437e-03
2.494069999999999787e+00   3.976285e-01   8.708237e-03
2.498781000000000141e+00   4.020167e-01   8.700673e-03
2.503493000000000190e+00   4.055282e-01   8.696232e-03
2.508204000000000100e+00   4.016181e-01   8.687340e-03
2.512915000000000010e+00   3.978812e-01   8.663607e-03
2.517625999999999920e+00   3.964420e-01   8.649847e-03
2.522337999999999969e+00   3.935278e-01   8.625955e-03
2.527048999999999879e+00   3.988753e-01   8.612080e-03
2.531759999999999788e+00   3.889335e-01   8.594708e-03
2.536471000000000142e+00   3.899014e-01   8.589578e-03
2.541183000000000192e+00   3.933232e-01   8.583459e-03
2.545894000000000101e+00   3.954000e-01   8.575063e-03
2.550605000000000011e+00   3.949472e-01   8.561249e-03
2.555315999999999921e+00   3.898381e-01   8.557146e-03
2.560027999999999970e+00   3.801113e-01   8.540047e-03
2.564738999999999880e+00   3.862648e-01   8.545717e-03
2.569449999999999790e+00   3.879180e-01   8.552325e-03
2.574161000000000143e+00   3.907180e-01   8.545235e-03
2.578873000000000193e+00   3.749434e-01   8.534072e-03
2.583584000000000103e+00   3.788172e-01   8.530034e-03
2.588295000000000012e+00   3.768895e-01   8.526546e-03
2.593005999999999922e+00   3.782259e-01   8.514922e-03
2.597717999999999972e+00   3.580777e-01   8.494253e-03
2.602428999999999881e+00   3.612527e-01   8.487150e-03
2.607139999999999791e+00   3.574573e-01   8.477663e-03
2.611851000000000145e+00   3.623939e-01   8.470423e-03
2.616563000000000194e+00   3.698291e-01   8.475042e-03
2.621274000000000104e+00   3.525779e-01   8.451457e-03
2.625985000000000014e+00   3.616788e-01   8.452161e-03
2.630697000000000063e+00   3.544304e-01   8.439069e-03
2.635407999999999973e+00   3.532782e-01   8.433150e-03
2.640118999999999883e+00   3.686407e-01   8.431933e-03
2.644829999999999792e+00   3.510261e-01   8.415076e-03
2.649541999999999842e+00   3.494456e-01   8.398581e-03
2.654253000000000196e+00   3.534291e-01   8.396925e-03
2.658964000000000105e+00   3.538265e-01   8.390319e-03
2.663675000000000015e+00   3.490631e-01   8.379921e-03
2.668387000000000064e+00   3.524055e-01   8.375404e-03
2.673097999999999974e+00   3.520728e-01   8.368421e-03
2.677808999999999884e+00   3.420917e-01   8.356220e-03
2.682519999999999794e+00   3.405657e-01   8.343135e-03
2.687231999999999843e+00   3.360101e-01   8.331080e-03
2.691943000000000197e+00   3.541271e-01   8.328865e-03
2.696654000000000106e+00   3.388489e-01   8.319810e-03
2.701365000000000016e+00   3.395795e-01   8.312341e-03
2.706077000000000066e+00   3.295134e-01   8.299835e-03
2.710787999999999975e+00   3.421807e-01   8.296461e-03
2.715498999999999885e+00   3.409112e-01   8.293544e-03
2.720209999999999795e+00   3.433955e-01   8.286573e-03
2.724921999999999844e+00   3.434234e-01   8.273771e-03
2.729633000000000198e+00   3.250576e-01   8.249051e-03
2.734344000000000108e+00   3.320777e-01   8.252247e-03
2.739055000000000017e+00   3.442926e-01   8.253344e-03
2.743767000000000067e+00   3.352789e-01   8.240065e-03
2.748477999999999977e+00   3.263205e-01   8.225058e-03
2.753188999999999886e+00   3.209603e-01   8.216763e-03
2.757899999999999796e+00   3.322311e-01   8.210115e-03
2.762611999999999846e+00   3.361885e-01   8.200508e-03
2.767323000000000199e+00   3.302023e-01   8.193703e-03
2.772034000000000109e+00   3.292085e-01   8.193273e-03
2.776745000000000019e+00   3.381202e-01   8.187255e-03
2.781457000000000068e+00   3.280930e-01   8.174909e-03
2.786167999999999978e+00   3.266903e-01   8.157891e-03
2.790878999999999888e+00   3.091741e-01   8.147043e-03
2.795589999999999797e+00   3.192355e-01   8.150077e-03
2.800301999999999847e+00   3.234815e-01   8.149854e-03
2.805013000000000201e+00   3.012515e-01   8.175129e-03
2.809724000000000110e+00   3.144014e-01   8.385498e-03
2.814436000000000160e+00   3.177597e-01   8.513818e-03
2.819147000000000070e+00   3.251527e-01   8.634015e-03
2.823857999999999979e+00   3.100496e-01   8.688150e-03
2.828568999999999889e+00   3.186670e-01   8.742028e-03
2.833280999999999938e+00   3.248716e-01   8.774785e-03
2.837991999999999848e+00   3.082591e-01   8.797501e-03
2.842703000000000202e+00   3.134520e-01   8.819189e-03
2.847414000000000112e+00   3.060035e-01   8.836097e-03
2.852126000000000161e+00   3.024650e-01   8.861195e-03
2.856837000000000071e+00   3.105614e-01   8.888386e-03
2.861547999999999981e+00   3.023619e-01   8.891054e-03
2.866258999999999890e+00   3.151807e-01   8.914555e-03
2.870970999999999940e+00   3.163929e-01   8.846603e-03
2.875681999999999849e+00   2.984371e-01   8.615995e-03
2.880393000000000203e+00   3.056994e-01   8.489100e-03
2.885104000000000113e+00   3.013190e-01   8.393197e-03
2.889816000000000162e+00   2.965655e-01   8.328586e-03
2.894527000000000072e+00   3.087060e-01   8.295581e-03
2.899237999999999982e+00   2.913885e-01   8.258452e-03
2.903948999999999891e+00   3.000104e-01   8.249736e-03
2.908660999999999941e+00   3.039264e-01   8.226619e-03
2.913371999999999851e+00   2.882241e-01   8.199387e-03
2.918083000000000204e+00   2.819560e-01   8.176087e-03
2.922794000000000114e+00   2.932099e-01   8.164839e-03
2.927506000000000164e+00   2.886432e-01   8.157677e-03
2.932217000000000073e+00   2.943069e-01   8.158071e-03
2.936927999999999983e+00   2.828076e-01   8.137559e-03
2.941638999999999893e+00   2.789741e-01   8.123961e-03
2.946350999999999942e+00   2.797289e-01   8.107633e-03
2.951061999999999852e+00   2.847712e-01   8.091284e-03
2.955773000000000206e+00   2.852191e-01   8.089386e-03
2.960484000000000115e+00   2.899002e-01   8.078073e-03
2.965196000000000165e+00   2.903785e-01   8.065007e-03
2.969907000000000075e+00   2.883254e-01   8.052691e-03
2.974617999999999984e+00   2.848671e-01   8.047914e-03
2.979328999999999894e+00   2.877220e-01   8.037393e-03
2.984040999999999944e+00   2.944748e-01   8.034828e-03
2.988751999999999853e+00   2.801640e-01   8.004858e-03
2.993463000000000207e+00   2.782699e-01   8.000070e-03
2.998174999999999812e+00   2.755234e-01   7.990776e-03
3.002886000000000166e+00   2.580024e-01   7.980957e-03
3.007597000000000076e+00   2.644299e-01   7.964309e-03
3.012307999999999986e+00   2.654144e-01   7.960885e-03
3.017020000000000035e+00   2.534967e-01   7.945559e-03
3.021730999999999945e+00   2.613122e-01   7.941233e-03
3.026441999999999855e+00   2.723603e-01   7.940649e-03
3.031153000000000208e+00   2.672066e-01   7.927233e-03
3.035864999999999814e+00   2.781047e-01   7.924215e-03
3.040576000000000167e+00   2.674542e-01   7.910170e-03
3.045287000000000077e+00   2.700023e-01   7.905327e-03
3.049997999999999987e+00   2.678841e-01   7.897354e-03
3.054710000000000036e+00   2.678043e-01   7.884857e-03
3.059420999999999946e+00   2.615115e-01   7.875081e-03
3.064131999999999856e+00   2.607668e-01   7.863394e-03
3.068843000000000210e+00   2.677749e-01   7.864595e-03
3.073554999999999815e+00   2.725148e-01   7.855278e-03
3.078266000000000169e+00   2.742621e-01   7.850610e-03
3.082977000000000078e+00   2.722247e-01   7.841065e-03
3.087687999999999988e+00   2.691742e-01   7.833649e-03
3.092400000000000038e+00   2.616754e-01   7.823532e-03
3.097110999999999947e+00   2.560579e-01   7.802918e-03
3.101821999999999857e+00   2.541123e-01   7.796563e-03
3.106533000000000211e+00   2.736251e-01   7.802057e-03
3.111244999999999816e+00   2.598813e-01   7.788884e-03
3.115956000000000170e+00   2.546652e-01   7.777671e-03
3.120667000000000080e+00   2.566013e-01   7.768259e-03
3.125377999999999989e+00   2.493437e-01   7.764569e-03
3.130090000000000039e+00   2.604091e-01   7.768282e-03
3.134800999999999949e+00   2.568032e-01   7.755484e-03
3.139511999999999858e+00   2.440176e-01   7.733912e-03
3.144223000000000212e+00   2.456556e-01   7.732090e-03
3.148934999999999818e+00   2.441030e-01   7.725210e-03
3.153646000000000171e+00   2.485912e-01   7.716316e-03
3.158357000000000081e+00   2.575226e-01   7.715915e-03
3.163067999999999991e+00   2.566579e-01   7.716839e-03
3.167780000000000040e+00   2.561082e-01   7.708449e-03
3.172490999999999950e+00   2.448353e-01   7.694901e-03
3.177201999999999860e+00   2.496364e-01   7.689714e-03
3.181913999999999909e+00   2.524684e-01   7.683867e-03
3.186624999999999819e+00   2.529735e-01   7.672704e-03
3.191336000000000173e+00   2.360530e-01   7.654223e-03
3.196047000000000082e+00   2.438844e-01   7.648959e-03
3.200759000000000132e+00   2.477931e-01   7.630538e-03
3.205470000000000041e+00   2.551051e-01   7.632653e-03
3.210180999999999951e+00   2.374090e-01   7.615005e-03
3.214891999999999861e+00   2.420354e-01   7.603637e-03
3.219603999999999910e+00   2.450319e-01   7.596521e-03
3.224314999999999820e+00   2.359063e-01   7.589425e-03
3.229026000000000174e+00   2.429115e-01   7.589884e-03
3.233737000000000084e+00   2.324869e-01   7.567371e-03
3.238449000000000133e+00   2.453995e-01   7.578794e-03
3.243160000000000043e+00   2.445341e-01   7.575069e-03
3.247870999999999952e+00   2.400767e-01   7.566562e-03
3.252581999999999862e+00   2.366273e-01   7.560723e-03
3.257293999999999912e+00   2.350449e-01   7.573565e-03
3.262004999999999821e+00   2.372812e-01   7.569092e-03
3.266716000000000175e+00   2.241000e-01   7.552661e-03
3.271427000000000085e+00   2.311557e-01   7.549626e-03
3.276139000000000134e+00   2.237088e-01   7.541169e-03
3.280850000000000044e+00   2.198204e-01   7.531140e-03
3.285560999999999954e+00   2.341763e-01   7.537299e-03
3.290271999999999863e+00   2.338005e-01   7.529391e-03
3.294983999999999913e+00   2.250626e-01   7.523168e-03
3.299694999999999823e+00   2.354779e-01   7.518749e-03
3.304406000000000176e+00   2.238175e-01   7.505586e-03
3.309117000000000086e+00   2.244030e-01   7.494983e-03
3.313829000000000136e+00   2.454619e-01   7.501143e-03
3.318540000000000045e+00   2.236287e-01   7.482117e-03
3.323250999999999955e+00   2.167234e-01   7.475760e-03
3.327961999999999865e+00   2.181710e-01   7.475325e-03
3.332673999999999914e+00   2.338469e-01   7.473750e-03
3.337384999999999824e+00   2.260599e-01   7.470880e-03
3.342096000000000178e+00   2.212264e-01   7.458552e-03
3.346807000000000087e+00   2.148088e-01   7.446575e-03
3.351519000000000137e+00   2.225998e-01   7.442615e-03
3.356230000000000047e+00   2.168592e-01   7.437603e-03
3.360940999999999956e+00   2.283549e-01   7.437917e-03
3.365653000000000006e+00   2.333326e-01   7.435859e-03
3.370363999999999916e+00   2.232471e-01   7.423645e-03
3.375074999999999825e+00   2.221188e-01   7.413323e-03
3.379786000000000179e+00   2.208419e-01   7.410476e-03
3.384497999999999784e+00   2.140963e-01   7.403321e-03
3.389209000000000138e+00   2.084701e-01   7.439084e-03
3.393920000000000048e+00   2.176379e-01   7.619738e-03
3.398630999999999958e+00   2.168123e-01   7.731729e-03
3.403343000000000007e+00   2.297719e-01   7.814154e-03
3.408053999999999917e+00   2.239745e-01   7.871441e-03
3.412764999999999826e+00   2.219723e-01   7.889141e-03
3.417476000000000180e+00   2.156799e-01   7.883058e-03
3.422187999999999786e+00   2.088617e-01   7.887634e-03
3.426899000000000139e+00   2.016787e-01   7.891217e-03
3.431610000000000049e+00   1.987495e-01   7.916365e-03
3.436320999999999959e+00   2.026102e-01   7.936172e-03
3.441033000000000008e+00   2.167832e-01   7.956978e-03
3.445743999999999918e+00   2.128248e-01   7.969991e-03
3.450454999999999828e+00   2.102383e-01   7.981673e-03
3.455166000000000182e+00   2.130583e-01   7.995538e-03
3.459877999999999787e+00   2.075300e-01   8.011058e-03
3.464589000000000141e+00   2.052603e-01   8.028128e-03
3.469300000000000050e+00   2.094129e-01   8.040821e-03
3.474010999999999960e+00   2.129845e-01   8.052900e-03
3.478723000000000010e+00   2.087968e-01   8.070031e-03
3.483433999999999919e+00   1.956381e-01   8.073727e-03
3.488144999999999829e+00   2.078474e-01   8.081377e-03
3.492856000000000183e+00   2.156568e-01   8.095486e-03
3.497567999999999788e+00   2.061208e-01   8.099117e-03
3.502279000000000142e+00   2.043466e-01   8.103896e-03
3.506990000000000052e+00   2.108372e-01   8.119268e-03
3.511700999999999961e+00   1.984421e-01   8.123564e-03
3.516413000000000011e+00   1.983825e-01   8.130700e-03
3.521123999999999921e+00   2.032010e-01   8.141100e-03
3.525834999999999830e+00   1.998769e-01   8.153746e-03
3.530546000000000184e+00   2.058267e-01   8.166632e-03
3.535257999999999790e+00   2.062602e-01   8.171214e-03
3.539969000000000143e+00   2.024360e-01   8.175615e-03
3.544680000000000053e+00   1.875781e-01   8.180559e-03
3.549392000000000102e+00   1.932601e-01   8.184335e-03
3.554103000000000012e+00   2.058268e-01   8.200241e-03
3.558813999999999922e+00   1.971890e-01   8.208687e-03
3.563524999999999832e+00   1.948041e-01   8.215710e-03
3.568236999999999881e+00   1.996869e-01   8.217987e-03
3.572947999999999791e+00   1.936288e-01   8.216901e-03
3.577659000000000145e+00   1.922666e-01   8.219132e-03
3.582370000000000054e+00   2.018369e-01   8.229480e-03
3.587082000000000104e+00   2.050179e-01   8.249147e-03
3.591793000000000013e+00   1.960914e-01   8.242536e-03
3.596503999999999923e+00   1.879461e-01   8.234905e-03
3.601214999999999833e+00   1.895793e-01   8.235082e-03
3.605926999999999882e+00   1.864701e-01   8.240376e-03
3.610637999999999792e+00   1.937767e-01   8.400398e-03
3.615349000000000146e+00   1.974098e-01   8.652642e-03
3.620060000000000056e+00   1.924200e-01   8.798039e-03
3.624772000000000105e+00   1.922918e-01   8.901981e-03
3.629483000000000015e+00   1.911823e-01   8.984001e-03
3.634193999999999924e+00   1.895640e-01   9.034061e-03
3.638904999999999834e+00   1.875507e-01   9.091802e-03
3.643616999999999884e+00   1.852109e-01   9.137572e-03
3.648327999999999793e+00   1.850989e-01   9.186662e-03
3.653039000000000147e+00   1.950600e-01   9.237603e-03
3.657750000000000057e+00   1.927843e-01   9.283536e-03
3.662462000000000106e+00   2.039907e-01   9.337832e-03
3.667173000000000016e+00   1.910167e-01   9.374301e-03
3.671883999999999926e+00   1.758455e-01   9.404739e-03
3.676594999999999835e+00   1.777573e-01   9.443526e-03
3.681306999999999885e+00   1.773752e-01   9.484178e-03
3.686017999999999795e+00   1.865678e-01   9.538419e-03
3.690729000000000148e+00   1.709375e-01   9.572316e-03
3.695440000000000058e+00   1.741810e-01   9.614826e-03
3.700152000000000108e+00   1.839009e-01   9.651929e-03
3.704863000000000017e+00   1.665656e-01   9.682124e-03
3.709573999999999927e+00   1.784089e-01   9.734186e-03
3.714284999999999837e+00   1.829312e-01   9.789511e-03
3.718996999999999886e+00   1.771471e-01   9.805521e-03
3.723707999999999796e+00   1.747770e-01   9.842831e-03
3.728419000000000150e+00   1.780215e-01   9.876889e-03
3.733131000000000199e+00   1.905376e-01   9.932300e-03
3.737842000000000109e+00   1.810519e-01   9.964675e-03
3.742553000000000019e+00   1.695023e-01   9.995804e-03
3.747263999999999928e+00   1.665626e-01   1.002477e-02
3.751975999999999978e+00   1.690131e-01   1.006661e-02
3.756686999999999887e+00   1.678282e-01   1.011120e-02
3.761397999999999797e+00   1.767650e-01   1.015141e-02
3.766109000000000151e+00   1.805418e-01   1.019032e-02
3.770821000000000200e+00   1.603184e-01   1.020383e-02
3.775532000000000110e+00   1.859554e-01   1.026398e-02
3.780243000000000020e+00   1.780071e-01   1.029121e-02
3.784953999999999930e+00   1.786494e-01   1.033814e-02
3.789665999999999979e+00   1.761414e-01   1.035598e-02
3.794376999999999889e+00   1.892134e-01   1.041002e-02
3.799087999999999798e+00   1.881501e-01   1.045461e-02
3.803799000000000152e+00   1.767592e-01   1.049149e-02
3.808511000000000202e+00   1.722011e-01   1.051153e-02
3.813222000000000111e+00   1.661811e-01   1.054354e-02
3.817933000000000021e+00   1.706451e-01   1.057441e-02
3.822643999999999931e+00   1.883644e-01   1.063820e-02
3.827355999999999980e+00   1.634594e-01   1.065132e-02
3.832066999999999890e+00   1.669227e-01   1.068826e-02
3.836777999999999800e+00   1.588469e-01   1.071049e-02
3.841489000000000154e+00   1.683561e-01   1.075099e-02
3.846201000000000203e+00   1.692526e-01   1.080742e-02
3.850912000000000113e+00   1.660882e-01   1.083615e-02
3.855623000000000022e+00   1.681520e-01   1.087937e-02
3.860333999999999932e+00   1.407260e-01   1.089396e-02
3.865045999999999982e+00   1.600719e-01   1.093672e-02
3.869756999999999891e+00   1.553345e-01   1.097355e-02
3.874467999999999801e+00   1.539518e-01   1.102418e-02
3.879179000000000155e+00   1.669928e-01   1.106867e-02
3.883891000000000204e+00   1.671216e-01   1.109084e-02
3.888602000000000114e+00   1.798646e-01   1.114912e-02
3.893313000000000024e+00   1.663078e-01   1.118334e-02
3.898023999999999933e+00   1.733234e-01   1.123095e-02
3.902735999999999983e+00   1.769276e-01   1.126424e-02
3.907446999999999893e+00   1.732256e-01   1.129514e-02
3.912157999999999802e+00   1.484181e-01   1.131478e-02
3.916869999999999852e+00   1.544452e-01   1.133718e-02
3.921581000000000206e+00   1.585276e-01   1.133873e-02
3.926292000000000115e+00   1.578946e-01   1.137488e-02
3.931003000000000025e+00   1.549180e-01   1.139516e-02
3.935715000000000074e+00   1.696756e-01   1.143831e-02
3.940425999999999984e+00   1.657394e-01   1.144619e-02
3.945136999999999894e+00   1.515156e-01   1.142804e-02
3.949847999999999804e+00   1.650361e-01   1.146434e-02
3.954559999999999853e+00   1.698931e-01   1.149703e-02
3.959271000000000207e+00   1.488821e-01   1.149712e-02
3.963982000000000117e+00   1.497122e-01   1.151434e-02
3.968693000000000026e+00   1.537010e-01   1.152526e-02
3.973405000000000076e+00   1.693496e-01   1.157272e-02
3.978115999999999985e+00   1.791035e-01   1.162798e-02
3.982826999999999895e+00   1.487599e-01   1.163183e-02
3.987537999999999805e+00   1.387444e-01   1.165622e-02
3.992249999999999854e+00   1.634990e-01   1.171257e-02
3.996961000000000208e+00   1.671432e-01   1.176835e-02
4.001672000000000118e+00   1.518271e-01   1.178732e-02
4.006382999999999583e+00   1.507236e-01   1.182833e-02
4.011095000000000077e+00   1.575495e-01   1.186889e-02
4.015806000000000431e+00   1.534414e-01   1.190868e-02
4.020516999999999896e+00   1.526105e-01   1.194239e-02
4.025228000000000250e+00   1.669187e-01   1.199071e-02
4.029939999999999856e+00   1.646260e-01   1.203357e-02
4.034651000000000209e+00   1.566100e-01   1.205884e-02
4.039361999999999675e+00   1.390430e-01   1.211911e-02
4.044073000000000029e+00   1.389333e-01   1.215481e-02
4.048784999999999634e+00   1.483591e-01   1.219807e-02
4.053495999999999988e+00   1.383882e-01   1.222150e-02
4.058207000000000342e+00   1.521923e-01   1.229264e-02
4.062917999999999807e+00   1.465869e-01   1.230939e-02
4.067630000000000301e+00   1.587248e-01   1.236909e-02
4.072340999999999767e+00   1.525167e-01   1.240333e-02
4.077052000000000120e+00   1.509274e-01   1.244634e-02
4.081762999999999586e+00   1.737348e-01   1.252028e-02
4.086475000000000080e+00   1.762188e-01   1.254833e-02
4.091186000000000433e+00   1.470849e-01   1.255781e-02
4.095896999999999899e+00   1.553878e-01   1.261620e-02
4.100609000000000393e+00   1.461221e-01   1.266137e-02
4.105319999999999858e+00   1.505301e-01   1.272023e-02
4.110031000000000212e+00   1.423689e-01   1.275162e-02
4.114741999999999678e+00   1.550213e-01   1.280150e-02
4.119454000000000171e+00   1.630294e-01   1.287540e-02
4.124164999999999637e+00   1.584756e-01   1.291575e-02
4.128875999999999991e+00   1.305133e-01   1.292987e-02
4.133587000000000344e+00   1.220031e-01   1.297761e-02
4.138298999999999950e+00   1.463784e-01   1.302969e-02
4.143010000000000304e+00   1.449018e-01   1.307520e-02
4.147720999999999769e+00   1.429186e-01   1.313017e-02
4.152432000000000123e+00   1.535692e-01   1.321038e-02
4.157143999999999728e+00   1.467724e-01   1.322748e-02
4.161855000000000082e+00   1.550478e-01   1.328927e-02
4.166566000000000436e+00   1.301030e-01   1.329992e-02
4.171276999999999902e+00   1.457217e-01   1.338312e-02
4.175989000000000395e+00   1.636259e-01   1.345188e-02
4.180699999999999861e+00   1.448497e-01   1.350660e-02
4.185411000000000215e+00   1.396955e-01   1.354080e-02
4.190121999999999680e+00   1.359734e-01   1.355382e-02
4.194834000000000174e+00   1.528693e-01   1.363007e-02
4.199544999999999639e+00   1.545154e-01   1.368827e-02
4.204255999999999993e+00   1.568429e-01   1.376043e-02
4.208967000000000347e+00   1.445322e-01   1.380154e-02
4.213678999999999952e+00   1.365226e-01   1.384861e-02
4.218390000000000306e+00   1.618140e-01   1.391727e-02
4.223100999999999772e+00   1.401629e-01   1.395085e-02
4.227812000000000126e+00   1.425629e-01   1.401900e-02
4.232523999999999731e+00   1.378496e-01   1.406532e-02
4.237235000000000085e+00   1.320521e-01   1.410765e-02
4.241946000000000438e+00   1.416073e-01   1.418643e-02
4.246656999999999904e+00   1.339133e-01   1.423359e-02
4.251369000000000398e+00   1.328424e-01   1.429230e-02
4.256079999999999863e+00   1.353579e-01   1.437915e-02
4.260791000000000217e+00   1.267750e-01   1.436952e-02
4.265501999999999683e+00   1.189876e-01   1.443411e-02
4.270214000000000176e+00   1.131253e-01   1.450701e-02
4.274924999999999642e+00   1.309015e-01   1.460424e-02
4.279635999999999996e+00   1.443473e-01   1.468372e-02
4.284347999999999601e+00   1.420001e-01   1.472915e-02
4.289058999999999955e+00   1.439404e-01   1.476910e-02
4.293770000000000309e+00   1.446136e-01   1.483587e-02
4.298480999999999774e+00   1.358681e-01   1.489159e-02
4.303193000000000268e+00   1.457927e-01   1.498737e-02
4.307903999999999733e+00   1.252911e-01   1.501761e-02
4.312615000000000087e+00   1.141225e-01   1.510120e-02
4.317326000000000441e+00   1.316885e-01   1.517027e-02
4.322038000000000046e+00   1.412091e-01   1.525281e-02
4.326749000000000400e+00   1.532922e-01   1.534470e-02
4.331459999999999866e+00   1.535857e-01   1.538595e-02
4.336171000000000220e+00   1.423161e-01   1.542232e-02
4.340882999999999825e+00   1.175866e-01   1.549790e-02
4.345594000000000179e+00   1.130327e-01   1.554891e-02
4.350304999999999644e+00   1.169216e-01   1.562635e-02
4.355015999999999998e+00   1.343234e-01   1.572146e-02
4.359727999999999604e+00   1.428800e-01   1.580957e-02
4.364438999999999957e+00   1.434550e-01   1.589156e-02
4.369150000000000311e+00   1.472378e-01   1.597177e-02
4.373860999999999777e+00   1.433246e-01   1.605432e-02
4.378573000000000270e+00   1.373583e-01   1.614872e-02
4.383283999999999736e+00   1.195518e-01   1.618086e-02
4.387995000000000090e+00   1.344039e-01   1.627700e-02
4.392706000000000444e+00   1.504485e-01   1.639116e-02
4.397418000000000049e+00   1.608319e-01   1.644688e-02
4.402129000000000403e+00   1.557547e-01   1.646353e-02
4.406839999999999868e+00   1.504729e-01   1.643847e-02
4.411551000000000222e+00   1.417239e-01   1.640511e-02
4.416262999999999828e+00   1.164224e-01   1.641392e-02
4.420974000000000181e+00   1.263501e-01   1.646499e-02
4.425684999999999647e+00   1.250125e-01   1.647021e-02
4.430396000000000001e+00   1.256206e-01   1.650349e-02
4.435107999999999606e+00   1.217545e-01   1.649629e-02
4.439818999999999960e+00   1.233056e-01   1.653810e-02
4.444530000000000314e+00   1.382947e-01   1.664677e-02
4.449240999999999779e+00   1.338609e-01   1.670831e-02
4.453953000000000273e+00   1.399031e-01   1.680063e-02
4.458663999999999739e+00   1.288161e-01   1.688249e-02
4.463375000000000092e+00   1.214813e-01   1.697170e-02
4.468086999999999698e+00   1.182372e-01   1.702431e-02
4.472798000000000052e+00   1.263965e-01   1.712063e-02
4.477509000000000405e+00   1.048285e-01   1.720114e-02
4.482219999999999871e+00   1.274717e-01   1.731440e-02
4.486932000000000365e+00   1.074051e-01   1.738803e-02
4.491642999999999830e+00   1.247321e-01   1.754267e-02
4.496354000000000184e+00   1.324297e-01   1.764245e-02
4.501064999999999650e+00   1.303332e-01   1.775460e-02
4.505777000000000143e+00   1.179874e-01   1.781549e-02
4.510487999999999609e+00   1.077938e-01   1.792432e-02
4.515198999999999963e+00   1.161739e-01   1.800406e-02
4.519910000000000316e+00   1.272669e-01   1.811752e-02
4.524621999999999922e+00   1.459248e-01   1.828547e-02
4.529333000000000276e+00   1.322568e-01   1.835296e-02
4.534043999999999741e+00   1.390640e-01   1.847890e-02
4.538755000000000095e+00   1.181292e-01   1.859680e-02
4.543466999999999700e+00   1.202993e-01   1.869694e-02
4.548178000000000054e+00   1.490420e-01   1.885948e-02
4.552889000000000408e+00   1.345843e-01   1.895432e-02
4.557599999999999874e+00   1.276290e-01   1.906030e-02
4.562312000000000367e+00   1.327543e-01   1.915971e-02
4.567022999999999833e+00   1.343351e-01   1.931407e-02
4.571734000000000187e+00   1.111951e-01   1.937096e-02
4.576444999999999652e+00   1.053544e-01   1.948743e-02
4.581157000000000146e+00   1.188695e-01   1.968236e-02
4.585867999999999611e+00   1.079928e-01   1.984783e-02
4.590578999999999965e+00   1.093868e-01   1.997792e-02
4.595290000000000319e+00   1.339665e-01   2.014161e-02
4.600001999999999924e+00   1.250158e-01   2.025313e-02
4.604713000000000278e+00   1.318945e-01   2.039052e-02
4.609423999999999744e+00   1.153579e-01   2.051159e-02
4.614135000000000097e+00   1.272281e-01   2.071729e-02
4.618846999999999703e+00   1.056261e-01   2.085481e-02
4.623558000000000057e+00   1.348925e-01   2.100174e-02
4.628269000000000410e+00   1.186204e-01   2.115252e-02
4.632979999999999876e+00   8.721029e-02   2.128664e-02
4.637692000000000370e+00   1.170942e-01   2.145273e-02
4.642402999999999835e+00   1.408237e-01   2.167920e-02
4.647114000000000189e+00   1.419836e-01   2.187454e-02
4.651825999999999794e+00   1.046075e-01   2.196745e-02
4.656537000000000148e+00   1.188573e-01   2.224530e-02
4.661247999999999614e+00   9.556670e-02   2.241850e-02
4.665958999999999968e+00   8.730749e-02   2.252525e-02
4.670670999999999573e+00   1.236439e-01   2.274650e-02
4.675381999999999927e+00   1.259095e-01   2.300577e-02
4.680093000000000281e+00   1.194225e-01   2.327505e-02
4.684803999999999746e+00   9.488105e-02   2.342741e-02
4.689516000000000240e+00   1.271594e-01   2.367283e-02
4.694226999999999705e+00   1.302867e-01   2.394052e-02
4.698938000000000059e+00   1.034131e-01   2.412927e-02
4.703649000000000413e+00   1.339912e-01   2.443416e-02
4.708361000000000018e+00   1.167772e-01   2.459078e-02
4.713072000000000372e+00   1.213810e-01   2.482775e-02
4.717782999999999838e+00   1.199215e-01   2.514273e-02
4.722494000000000192e+00   1.063279e-01   2.535265e-02
4.727205999999999797e+00   1.528908e-01   2.573094e-02
4.731917000000000151e+00   1.637178e-01   2.602973e-02
4.736627999999999616e+00   1.113960e-01   2.622879e-02
4.741338999999999970e+00   1.449296e-01   2.665722e-02
4.746050999999999576e+00   1.214472e-01   2.691453e-02
4.750761999999999929e+00   1.319161e-01   2.727066e-02
4.755473000000000283e+00   1.262746e-01   2.762648e-02
4.760183999999999749e+00   1.167104e-01   2.786919e-02
4.764896000000000242e+00   1.240886e-01   2.831712e-02
4.769606999999999708e+00   8.723592e-02   2.859082e-02
4.774318000000000062e+00   8.309311e-02   2.897409e-02
4.779029000000000416e+00   6.606582e-02   2.931837e-02
4.783741000000000021e+00   1.249724e-01   2.990940e-02
4.788452000000000375e+00   1.215193e-01   3.051984e-02
4.793162999999999840e+00   1.195344e-01   3.094765e-02
4.797874000000000194e+00   1.146474e-01   3.143559e-02
4.802585999999999800e+00   8.591447e-02   3.176481e-02
4.807297000000000153e+00   1.046034e-01   3.248588e-02
4.812007999999999619e+00   1.212264e-01   3.302119e-02
4.816718999999999973e+00   1.138373e-01   3.355080e-02
4.821430999999999578e+00   9.265704e-02   3.411835e-02
4.826141999999999932e+00   9.716170e-02   3.483557e-02
4.830853000000000286e+00   1.315644e-01   3.573377e-02
4.835564999999999891e+00   1.373531e-01   3.640755e-02
4.840276000000000245e+00   1.006702e-01   3.716309e-02
4.844986999999999711e+00   4.715629e-02   3.787336e-02
4.849698000000000064e+00   9.400957e-02   3.887896e-02
4.854409999999999670e+00   1.167793e-01   3.985183e-02
4.859121000000000024e+00   1.269474e-01   4.116473e-02
4.863832000000000377e+00   1.350368e-01   4.248683e-02
4.868542999999999843e+00   1.728021e-01   4.377493e-02
4.873255000000000337e+00   1.635272e-01   4.517812e-02
4.877965999999999802e+00   1.017060e-01   4.654640e-02
4.882677000000000156e+00   1.421681e-01   4.839327e-02
4.887387999999999622e+00   1.629135e-01   5.043519e-02
4.892100000000000115e+00   1.695337e-01   5.263989e-02
4.896810999999999581e+00   1.811691e-01   5.508362e-02
4.901521999999999935e+00   1.333106e-01   5.798761e-02
4.906233000000000288e+00   1.521495e-01   6.147156e-02
4.910944999999999894e+00   1.364726e-01   6.535578e-02
4.915656000000000247e+00   6.587274e-02   6.983632e-02
4.920366999999999713e+00   1.332702e-01   7.644853e-02
4.925078000000000067e+00   1.903188e-01   8.470241e-02
4.929789999999999672e+00   2.347172e-03   9.529175e-02
4.934501000000000026e+00   2.354477e-02   1.149196e-01
4.939212000000000380e+00   4.383084e-02   1.504775e-01
4.943922999999999845e+00   1.496323e-01   2.747779e-01