# [2]
# Sample c= 2.4 mg/ml
# Intensity scaled by concentration
# Buffer subtracted data file:
# Protein DatFile = /data/visitor/mx1908/bm29/20161119/giulio/1d/mM300_139_ave.dat
# Buffer DatFile = /data/visitor/mx1908/bm29/20161119/giulio/ednaSub/mM300_139_ave_averbuffer.dat
# 
# AutoRg: Rg   =   0.8166 +/- 0.13 ( 16.0%)
# AutoRg: I(0) =   2.16 +/- 0.0047
# AutoRg: Points   51 to 276 ( 226 total)
# AutoRg: Quality: 88.2%
# 
# 
# Sample Information:
# Storage Temperature (degrees C): 20.0
# Measurement Temperature (degrees C): 20.09
# Concentration: 2.4
# Code: 
3.479420999999999903e-02   9.659946e+00   3.375837e+00
3.950545999999999919e-02   1.020543e+01   1.345893e+00
4.421672000000000102e-02   6.908191e+00   8.782935e-01
4.892798000000000286e-02   6.117955e+00   6.730105e-01
5.363923000000000302e-02   4.976315e+00   5.397374e-01
5.835048999999999791e-02   4.375156e+00   4.423541e-01
6.306174999999999975e-02   3.993104e+00   3.679218e-01
6.777299999999999991e-02   3.544526e+00   3.128033e-01
7.248425999999999481e-02   2.932630e+00   2.707391e-01
7.719552000000000358e-02   3.046604e+00   2.396498e-01
8.190677000000000374e-02   2.892446e+00   2.125151e-01
8.661802999999999864e-02   3.066359e+00   1.915559e-01
9.132928999999999353e-02   2.625473e+00   1.748650e-01
9.604053999999999369e-02   2.466790e+00   1.615749e-01
1.007518000000000025e-01   2.471228e+00   1.498211e-01
1.054631000000000041e-01   2.357559e+00   1.394061e-01
1.101743000000000028e-01   2.381875e+00   1.310555e-01
1.148856000000000044e-01   2.277538e+00   1.234310e-01
1.195968000000000031e-01   2.150027e+00   1.170043e-01
1.243081000000000047e-01   2.313678e+00   1.116677e-01
1.290193000000000034e-01   2.218776e+00   1.066314e-01
1.337306000000000050e-01   2.096402e+00   1.020400e-01
1.384419000000000066e-01   2.250558e+00   9.859247e-02
1.431531000000000053e-01   2.309107e+00   9.507994e-02
1.478644000000000069e-01   2.216752e+00   9.203467e-02
1.525756000000000057e-01   2.178933e+00   8.919652e-02
1.572869000000000073e-01   2.153513e+00   8.662569e-02
1.619981000000000060e-01   2.118621e+00   8.418353e-02
1.667094000000000076e-01   2.232879e+00   8.224519e-02
1.714206000000000063e-01   2.076805e+00   8.013759e-02
1.761319000000000079e-01   2.208331e+00   7.848808e-02
1.808432000000000095e-01   2.032927e+00   7.653569e-02
1.855544000000000082e-01   2.147912e+00   7.511506e-02
1.902657000000000098e-01   2.143318e+00   7.387210e-02
1.949769000000000085e-01   2.082561e+00   7.244873e-02
1.996882000000000101e-01   2.101114e+00   7.108992e-02
2.043994000000000089e-01   2.165365e+00   7.007894e-02
2.091107000000000105e-01   2.140563e+00   6.896476e-02
2.138220000000000121e-01   2.145555e+00   6.790352e-02
2.185332000000000108e-01   2.124869e+00   6.678911e-02
2.232445000000000124e-01   2.124695e+00   6.580730e-02
2.279557000000000111e-01   2.268363e+00   6.514471e-02
2.326670000000000127e-01   2.106008e+00   6.401656e-02
2.373782000000000114e-01   2.039012e+00   6.319439e-02
2.420895000000000130e-01   2.041002e+00   6.238042e-02
2.468007000000000117e-01   2.065020e+00   6.161232e-02
2.515120000000000133e-01   2.108109e+00   6.089987e-02
2.562232999999999872e-01   2.075902e+00   6.016642e-02
2.609345000000000137e-01   2.012261e+00   5.940381e-02
2.656457999999999875e-01   2.065382e+00   5.890695e-02
2.703570000000000140e-01   2.155793e+00   5.840144e-02
2.750682999999999878e-01   2.114256e+00   5.779527e-02
2.797795000000000143e-01   2.073094e+00   5.715397e-02
2.844907999999999881e-01   2.032720e+00   5.648238e-02
2.892021000000000175e-01   2.096078e+00   5.612417e-02
2.939132999999999885e-01   2.147199e+00   5.555837e-02
2.986246000000000178e-01   2.111606e+00   5.499283e-02
3.033357999999999888e-01   2.081266e+00   5.453611e-02
3.080471000000000181e-01   2.123416e+00   5.418217e-02
3.127582999999999891e-01   2.105671e+00   5.364071e-02
3.174696000000000184e-01   2.035933e+00   5.311281e-02
3.221808999999999923e-01   2.079197e+00   5.276240e-02
3.268921000000000188e-01   2.075939e+00   5.227861e-02
3.316033999999999926e-01   2.028949e+00   5.194549e-02
3.363146000000000191e-01   2.066954e+00   5.236125e-02
3.410258999999999929e-01   2.061369e+00   5.278335e-02
3.457371000000000194e-01   2.132689e+00   5.309882e-02
3.504483999999999932e-01   2.135878e+00   5.381293e-02
3.551596000000000197e-01   2.092377e+00   5.487229e-02
3.598708999999999936e-01   2.053756e+00   5.551378e-02
3.645822000000000229e-01   1.998758e+00   5.600784e-02
3.692933999999999939e-01   2.074445e+00   5.644931e-02
3.740047000000000232e-01   2.041826e+00   5.683315e-02
3.787158999999999942e-01   2.097862e+00   5.732336e-02
3.834272000000000236e-01   2.061068e+00   5.757605e-02
3.881383999999999945e-01   2.055678e+00   5.784662e-02
3.928497000000000239e-01   2.052063e+00   5.922646e-02
3.975609999999999977e-01   2.140018e+00   6.113485e-02
4.022722000000000242e-01   2.080380e+00   6.233230e-02
4.069834999999999980e-01   2.073704e+00   6.357545e-02
4.116947000000000245e-01   2.077609e+00   6.458281e-02
4.164059999999999984e-01   2.051093e+00   6.541450e-02
4.211172000000000248e-01   2.031949e+00   6.635751e-02
4.258284999999999987e-01   2.034109e+00   6.743152e-02
4.305397000000000252e-01   2.092902e+00   6.845059e-02
4.352509999999999990e-01   2.098834e+00   6.933868e-02
4.399622999999999728e-01   2.142007e+00   7.031630e-02
4.446734999999999993e-01   2.131475e+00   7.173490e-02
4.493847999999999732e-01   2.143515e+00   7.271445e-02
4.540959999999999996e-01   2.012079e+00   7.305598e-02
4.588072999999999735e-01   2.076500e+00   7.072980e-02
4.635185000000000000e-01   1.962528e+00   6.874580e-02
4.682297999999999738e-01   2.047549e+00   6.792612e-02
4.729411000000000032e-01   2.103947e+00   6.731741e-02
4.776522999999999741e-01   2.114602e+00   6.663031e-02
4.823636000000000035e-01   2.100630e+00   6.612403e-02
4.870747999999999744e-01   2.160315e+00   6.572277e-02
4.917861000000000038e-01   2.017761e+00   6.528478e-02
4.964972999999999748e-01   1.971313e+00   6.475451e-02
5.012086000000000041e-01   1.930653e+00   6.433409e-02
5.059198999999999780e-01   2.059960e+00   6.421200e-02
5.106311000000000044e-01   2.073759e+00   6.397334e-02
5.153423999999999783e-01   2.048188e+00   6.346865e-02
5.200536000000000048e-01   2.047627e+00   6.306881e-02
5.247648999999999786e-01   1.999272e+00   6.261536e-02
5.294761000000000051e-01   2.026361e+00   6.213810e-02
5.341873999999999789e-01   2.058939e+00   6.169248e-02
5.388986000000000054e-01   2.083016e+00   6.138038e-02
5.436098999999999792e-01   2.078325e+00   6.101982e-02
5.483211999999999531e-01   2.017474e+00   6.051051e-02
5.530323999999999796e-01   1.947273e+00   5.991280e-02
5.577436999999999534e-01   1.943567e+00   5.966634e-02
5.624548999999999799e-01   1.960587e+00   5.934739e-02
5.671661999999999537e-01   1.986811e+00   5.912207e-02
5.718773999999999802e-01   1.979554e+00   5.890941e-02
5.765886999999999540e-01   2.024071e+00   5.881426e-02
5.813000000000000389e-01   2.053786e+00   5.881808e-02
5.860111999999999544e-01   1.992461e+00   5.860542e-02
5.907225000000000392e-01   1.969112e+00   5.840916e-02
5.954336999999999547e-01   1.970935e+00   5.820706e-02
6.001450000000000395e-01   2.069775e+00   5.817687e-02
6.048561999999999550e-01   1.996804e+00   5.804957e-02
6.095675000000000399e-01   2.022331e+00   5.798150e-02
6.142788000000000137e-01   2.021921e+00   5.779689e-02
6.189900000000000402e-01   1.942839e+00   5.754223e-02
6.237013000000000140e-01   1.895806e+00   5.729924e-02
6.284125000000000405e-01   1.904432e+00   5.723686e-02
6.331238000000000143e-01   1.961724e+00   5.714200e-02
6.378350000000000408e-01   1.988652e+00   5.705698e-02
6.425463000000000147e-01   1.981118e+00   5.697692e-02
6.472575000000000411e-01   1.932993e+00   5.683749e-02
6.519688000000000150e-01   2.010197e+00   5.670935e-02
6.566800999999999888e-01   2.016356e+00   5.656595e-02
6.613913000000000153e-01   1.957147e+00   5.636673e-02
6.661025999999999891e-01   1.975993e+00   5.625801e-02
6.708138000000000156e-01   1.951058e+00   5.601361e-02
6.755250999999999895e-01   1.907591e+00   5.600418e-02
6.802363000000000159e-01   1.845326e+00   5.573493e-02
6.849475999999999898e-01   1.982879e+00   5.580602e-02
6.896588999999999636e-01   2.035780e+00   5.570638e-02
6.943700999999999901e-01   1.985224e+00   5.547561e-02
6.990813999999999639e-01   1.854072e+00   5.517612e-02
7.037925999999999904e-01   1.914571e+00   5.514902e-02
7.085038999999999643e-01   1.915590e+00   5.509439e-02
7.132150999999999907e-01   1.935811e+00   5.497117e-02
7.179263999999999646e-01   1.934196e+00   5.477125e-02
7.226375999999999911e-01   1.946255e+00   5.468306e-02
7.273488999999999649e-01   1.880636e+00   5.457598e-02
7.320602000000000498e-01   1.964716e+00   5.451567e-02
7.367713999999999652e-01   1.994463e+00   5.443359e-02
7.414827000000000501e-01   1.921513e+00   5.421860e-02
7.461938999999999655e-01   1.946743e+00   5.417220e-02
7.509052000000000504e-01   1.947871e+00   5.403048e-02
7.556163999999999659e-01   1.923853e+00   5.393678e-02
7.603277000000000507e-01   1.932612e+00   5.390495e-02
7.650390000000000246e-01   1.881702e+00   5.367538e-02
7.697502000000000510e-01   1.896568e+00   5.357161e-02
7.744615000000000249e-01   1.897441e+00   5.343755e-02
7.791727000000000514e-01   1.875949e+00   5.327791e-02
7.838840000000000252e-01   1.835183e+00   5.320638e-02
7.885952000000000517e-01   1.804104e+00   5.300957e-02
7.933065000000000255e-01   1.918592e+00   5.308656e-02
7.980177999999999994e-01   1.925421e+00   5.297683e-02
8.027290000000000258e-01   1.867812e+00   5.278898e-02
8.074402999999999997e-01   1.857341e+00   5.268152e-02
8.121515000000000262e-01   1.844052e+00   5.255037e-02
8.168628000000000000e-01   1.790424e+00   5.233226e-02
8.215740000000000265e-01   1.857748e+00   5.236496e-02
8.262853000000000003e-01   1.872934e+00   5.231938e-02
8.309965000000000268e-01   1.864398e+00   5.223603e-02
8.357078000000000007e-01   1.774145e+00   5.197852e-02
8.404190999999999745e-01   1.825038e+00   5.187468e-02
8.451303000000000010e-01   1.909187e+00   5.188275e-02
8.498415999999999748e-01   1.875892e+00   5.174529e-02
8.545528000000000013e-01   1.909282e+00   5.169412e-02
8.592640999999999751e-01   1.854641e+00   5.154426e-02
8.639753000000000016e-01   1.834707e+00   5.143342e-02
8.686865999999999755e-01   1.829108e+00   5.131277e-02
8.733978999999999493e-01   1.815396e+00   5.118173e-02
8.781090999999999758e-01   1.830887e+00   5.104259e-02
8.828203999999999496e-01   1.745471e+00   5.089614e-02
8.875315999999999761e-01   1.782197e+00   5.089419e-02
8.922428999999999499e-01   1.761680e+00   5.079202e-02
8.969540999999999764e-01   1.873537e+00   5.078305e-02
9.016653999999999503e-01   1.772536e+00   5.058219e-02
9.063767000000000351e-01   1.857658e+00   5.058590e-02
9.110878999999999506e-01   1.843366e+00   5.050344e-02
9.157992000000000354e-01   1.799449e+00   5.028339e-02
9.205103999999999509e-01   1.793113e+00   5.017037e-02
9.252217000000000358e-01   1.780327e+00   5.015104e-02
9.299328999999999512e-01   1.789134e+00   5.002501e-02
9.346442000000000361e-01   1.771050e+00   4.988127e-02
9.393553999999999515e-01   1.737615e+00   4.981969e-02
9.440667000000000364e-01   1.806240e+00   4.981739e-02
9.487780000000000102e-01   1.827992e+00   4.971650e-02
9.534892000000000367e-01   1.756302e+00   4.959537e-02
9.582005000000000106e-01   1.702583e+00   4.945846e-02
9.629117000000000370e-01   1.805123e+00   4.941359e-02
9.676230000000000109e-01   1.771668e+00   4.931822e-02
9.723342000000000374e-01   1.746435e+00   4.916134e-02
9.770455000000000112e-01   1.773573e+00   4.912418e-02
9.817567999999999850e-01   1.686727e+00   4.894027e-02
9.864680000000000115e-01   1.719699e+00   4.887807e-02
9.911792999999999854e-01   1.694596e+00   4.878186e-02
9.958905000000000118e-01   1.728734e+00   4.878641e-02
1.000601999999999991e+00   1.740241e+00   4.867348e-02
1.005312999999999901e+00   1.698909e+00   4.856486e-02
1.010024000000000033e+00   1.753533e+00   4.847575e-02
1.014736000000000082e+00   1.765316e+00   4.843682e-02
1.019446999999999992e+00   1.677404e+00   4.825153e-02
1.024157999999999902e+00   1.695893e+00   4.822389e-02
1.028869000000000034e+00   1.728886e+00   4.815143e-02
1.033581000000000083e+00   1.677714e+00   4.802842e-02
1.038291999999999993e+00   1.791241e+00   4.807095e-02
1.043002999999999902e+00   1.733710e+00   4.787913e-02
1.047714000000000034e+00   1.767943e+00   4.786492e-02
1.052426000000000084e+00   1.678206e+00   4.765018e-02
1.057136999999999993e+00   1.619277e+00   4.760451e-02
1.061847999999999903e+00   1.651895e+00   4.757244e-02
1.066559000000000035e+00   1.696687e+00   4.747787e-02
1.071271000000000084e+00   1.669318e+00   4.738650e-02
1.075981999999999994e+00   1.618712e+00   4.725710e-02
1.080692999999999904e+00   1.664168e+00   4.727639e-02
1.085404000000000035e+00   1.672053e+00   4.714453e-02
1.090116000000000085e+00   1.706777e+00   4.706296e-02
1.094826999999999995e+00   1.675987e+00   4.696955e-02
1.099537999999999904e+00   1.687836e+00   4.695421e-02
1.104249000000000036e+00   1.668177e+00   4.689066e-02
1.108961000000000086e+00   1.663930e+00   4.676795e-02
1.113671999999999995e+00   1.607858e+00   4.658919e-02
1.118382999999999905e+00   1.596601e+00   4.653612e-02
1.123094000000000037e+00   1.662313e+00   4.651119e-02
1.127806000000000086e+00   1.593587e+00   4.635712e-02
1.132516999999999996e+00   1.638331e+00   4.632283e-02
1.137227999999999906e+00   1.567622e+00   4.620152e-02
1.141939000000000037e+00   1.610411e+00   4.614686e-02
1.146651000000000087e+00   1.661640e+00   4.613169e-02
1.151361999999999997e+00   1.615925e+00   4.607457e-02
1.156072999999999906e+00   1.575689e+00   4.595638e-02
1.160784000000000038e+00   1.533539e+00   4.592890e-02
1.165496000000000087e+00   1.542503e+00   4.582282e-02
1.170206999999999997e+00   1.607093e+00   4.579472e-02
1.174917999999999907e+00   1.548464e+00   4.564430e-02
1.179629999999999956e+00   1.530726e+00   4.557041e-02
1.184341000000000088e+00   1.591214e+00   4.549526e-02
1.189051999999999998e+00   1.556670e+00   4.545303e-02
1.193762999999999908e+00   1.554138e+00   4.549956e-02
1.198474999999999957e+00   1.554149e+00   4.649064e-02
1.203186000000000089e+00   1.528150e+00   4.769487e-02
1.207896999999999998e+00   1.530930e+00   4.845380e-02
1.212607999999999908e+00   1.571603e+00   4.907431e-02
1.217319999999999958e+00   1.536776e+00   4.958222e-02
1.222031000000000089e+00   1.543190e+00   5.017069e-02
1.226741999999999999e+00   1.537919e+00   5.055900e-02
1.231452999999999909e+00   1.527329e+00   5.099309e-02
1.236164999999999958e+00   1.537031e+00   5.149346e-02
1.240876000000000090e+00   1.520666e+00   5.183949e-02
1.245587000000000000e+00   1.501624e+00   5.198023e-02
1.250297999999999909e+00   1.535841e+00   5.218444e-02
1.255009999999999959e+00   1.526471e+00   5.234929e-02
1.259721000000000091e+00   1.460261e+00   5.233059e-02
1.264432000000000000e+00   1.496062e+00   5.045644e-02
1.269142999999999910e+00   1.519149e+00   4.923716e-02
1.273854999999999960e+00   1.487020e+00   4.843529e-02
1.278566000000000091e+00   1.482314e+00   4.767161e-02
1.283277000000000001e+00   1.503326e+00   4.719915e-02
1.287987999999999911e+00   1.551918e+00   4.685542e-02
1.292699999999999960e+00   1.491744e+00   4.640005e-02
1.297411000000000092e+00   1.449451e+00   4.604925e-02
1.302122000000000002e+00   1.444710e+00   4.563965e-02
1.306832999999999911e+00   1.438600e+00   4.540941e-02
1.311544999999999961e+00   1.471788e+00   4.535549e-02
1.316256000000000093e+00   1.505557e+00   4.520430e-02
1.320967000000000002e+00   1.430880e+00   4.502884e-02
1.325677999999999912e+00   1.463507e+00   4.497233e-02
1.330389999999999961e+00   1.441598e+00   4.487486e-02
1.335101000000000093e+00   1.383486e+00   4.467784e-02
1.339812000000000003e+00   1.428733e+00   4.463464e-02
1.344522999999999913e+00   1.388538e+00   4.452374e-02
1.349234999999999962e+00   1.426358e+00   4.443501e-02
1.353946000000000094e+00   1.348222e+00   4.428719e-02
1.358657000000000004e+00   1.465302e+00   4.433314e-02
1.363369000000000053e+00   1.442014e+00   4.418405e-02
1.368079999999999963e+00   1.417708e+00   4.404441e-02
1.372791000000000095e+00   1.450466e+00   4.400604e-02
1.377502000000000004e+00   1.437186e+00   4.396494e-02
1.382214000000000054e+00   1.416158e+00   4.390772e-02
1.386924999999999963e+00   1.362009e+00   4.376335e-02
1.391636000000000095e+00   1.380646e+00   4.363608e-02
1.396347000000000005e+00   1.408793e+00   4.359981e-02
1.401059000000000054e+00   1.357354e+00   4.350810e-02
1.405769999999999964e+00   1.342711e+00   4.340742e-02
1.410481000000000096e+00   1.402240e+00   4.339417e-02
1.415192000000000005e+00   1.468185e+00   4.339258e-02
1.419904000000000055e+00   1.383021e+00   4.322516e-02
1.424614999999999965e+00   1.363197e+00   4.317988e-02
1.429326000000000096e+00   1.383316e+00   4.307208e-02
1.434037000000000006e+00   1.362562e+00   4.299688e-02
1.438749000000000056e+00   1.342052e+00   4.284071e-02
1.443459999999999965e+00   1.350589e+00   4.278044e-02
1.448171000000000097e+00   1.365372e+00   4.281039e-02
1.452882000000000007e+00   1.326148e+00   4.267822e-02
1.457594000000000056e+00   1.311875e+00   4.258984e-02
1.462304999999999966e+00   1.294057e+00   4.250839e-02
1.467016000000000098e+00   1.337323e+00   4.246150e-02
1.471727000000000007e+00   1.362583e+00   4.243707e-02
1.476439000000000057e+00   1.293762e+00   4.230998e-02
1.481149999999999967e+00   1.232595e+00   4.219866e-02
1.485861000000000098e+00   1.289567e+00   4.221716e-02
1.490572000000000008e+00   1.313289e+00   4.214406e-02
1.495284000000000058e+00   1.322161e+00   4.207480e-02
1.499994999999999967e+00   1.315380e+00   4.200968e-02
1.504706000000000099e+00   1.320714e+00   4.200991e-02
1.509417000000000009e+00   1.306706e+00   4.189659e-02
1.514129000000000058e+00   1.288392e+00   4.197785e-02
1.518839999999999968e+00   1.346984e+00   4.328585e-02
1.523551000000000100e+00   1.316659e+00   4.410154e-02
1.528262999999999927e+00   1.318613e+00   4.479177e-02
1.532974000000000059e+00   1.279816e+00   4.527843e-02
1.537684999999999969e+00   1.245082e+00   4.572580e-02
1.542396000000000100e+00   1.281253e+00   4.576981e-02
1.547107999999999928e+00   1.228753e+00   4.456126e-02
1.551819000000000059e+00   1.280428e+00   4.398584e-02
1.556529999999999969e+00   1.231178e+00   4.343658e-02
1.561241000000000101e+00   1.180821e+00   4.295934e-02
1.565952999999999928e+00   1.301911e+00   4.274256e-02
1.570664000000000060e+00   1.255478e+00   4.222607e-02
1.575374999999999970e+00   1.266188e+00   4.176797e-02
1.580086000000000102e+00   1.222218e+00   4.136882e-02
1.584797999999999929e+00   1.208513e+00   4.116808e-02
1.589509000000000061e+00   1.149164e+00   4.104729e-02
1.594219999999999970e+00   1.156021e+00   4.099746e-02
1.598931000000000102e+00   1.183026e+00   4.106479e-02
1.603642999999999930e+00   1.218784e+00   4.119230e-02
1.608354000000000061e+00   1.226304e+00   4.117609e-02
1.613064999999999971e+00   1.215407e+00   4.110297e-02
1.617776000000000103e+00   1.240282e+00   4.109388e-02
1.622487999999999930e+00   1.213673e+00   4.098240e-02
1.627199000000000062e+00   1.183087e+00   4.093048e-02
1.631909999999999972e+00   1.188701e+00   4.090064e-02
1.636621000000000103e+00   1.172173e+00   4.079012e-02
1.641332999999999931e+00   1.132045e+00   4.069159e-02
1.646044000000000063e+00   1.185592e+00   4.062857e-02
1.650754999999999972e+00   1.228244e+00   4.062190e-02
1.655466000000000104e+00   1.201351e+00   4.054651e-02
1.660177999999999932e+00   1.173057e+00   4.045383e-02
1.664889000000000063e+00   1.148659e+00   4.036624e-02
1.669599999999999973e+00   1.115375e+00   4.022227e-02
1.674311000000000105e+00   1.126602e+00   4.014129e-02
1.679022999999999932e+00   1.141710e+00   4.019255e-02
1.683734000000000064e+00   1.095772e+00   4.009015e-02
1.688444999999999974e+00   1.092495e+00   4.000971e-02
1.693156000000000105e+00   1.182620e+00   4.002380e-02
1.697867999999999933e+00   1.200992e+00   3.997960e-02
1.702579000000000065e+00   1.101298e+00   3.983504e-02
1.707289999999999974e+00   1.099088e+00   3.978507e-02
1.712002000000000024e+00   1.139427e+00   3.970167e-02
1.716712999999999933e+00   1.112818e+00   3.965929e-02
1.721424000000000065e+00   1.086556e+00   3.958392e-02
1.726134999999999975e+00   1.118071e+00   3.955849e-02
1.730847000000000024e+00   1.147639e+00   3.954101e-02
1.735557999999999934e+00   1.106120e+00   3.942185e-02
1.740269000000000066e+00   1.117634e+00   3.942459e-02
1.744979999999999976e+00   1.081984e+00   3.929483e-02
1.749692000000000025e+00   1.060798e+00   3.927554e-02
1.754402999999999935e+00   1.069990e+00   3.916047e-02
1.759114000000000066e+00   1.097641e+00   3.912526e-02
1.763824999999999976e+00   1.082497e+00   3.907752e-02
1.768537000000000026e+00   1.102208e+00   3.905698e-02
1.773247999999999935e+00   1.090355e+00   3.902194e-02
1.777959000000000067e+00   1.032790e+00   3.892023e-02
1.782669999999999977e+00   1.054480e+00   3.888876e-02
1.787382000000000026e+00   1.065446e+00   3.881773e-02
1.792092999999999936e+00   1.066228e+00   3.883518e-02
1.796804000000000068e+00   1.118944e+00   3.876615e-02
1.801514999999999977e+00   1.059187e+00   3.867847e-02
1.806227000000000027e+00   1.047300e+00   3.866182e-02
1.810937999999999937e+00   1.005219e+00   3.857856e-02
1.815649000000000068e+00   1.058215e+00   3.855174e-02
1.820359999999999978e+00   1.092176e+00   3.852342e-02
1.825072000000000028e+00   1.023221e+00   3.838935e-02
1.829782999999999937e+00   1.035423e+00   3.839571e-02
1.834494000000000069e+00   1.036050e+00   3.833953e-02
1.839204999999999979e+00   1.031017e+00   3.830327e-02
1.843917000000000028e+00   9.985824e-01   3.820850e-02
1.848627999999999938e+00   9.865940e-01   3.813098e-02
1.853339000000000070e+00   9.674860e-01   3.806322e-02
1.858049999999999979e+00   9.922238e-01   3.807509e-02
1.862762000000000029e+00   9.834387e-01   3.796618e-02
1.867472999999999939e+00   1.040087e+00   3.795234e-02
1.872184000000000070e+00   9.670771e-01   3.789207e-02
1.876894999999999980e+00   1.028982e+00   3.790162e-02
1.881607000000000030e+00   1.027673e+00   3.784132e-02
1.886317999999999939e+00   1.015678e+00   3.773805e-02
1.891029000000000071e+00   1.011083e+00   3.769960e-02
1.895740999999999898e+00   1.034025e+00   3.768184e-02
1.900452000000000030e+00   9.609884e-01   3.757767e-02
1.905162999999999940e+00   9.432032e-01   3.755523e-02
1.909874000000000072e+00   9.649898e-01   3.748213e-02
1.914585999999999899e+00   9.147929e-01   3.738944e-02
1.919297000000000031e+00   9.408591e-01   3.738888e-02
1.924007999999999940e+00   9.313747e-01   3.736388e-02
1.928719000000000072e+00   9.308727e-01   3.728293e-02
1.933430999999999900e+00   9.433328e-01   3.722953e-02
1.938142000000000031e+00   9.243309e-01   3.712509e-02
1.942852999999999941e+00   9.794103e-01   3.707922e-02
1.947564000000000073e+00   9.681033e-01   3.697570e-02
1.952275999999999900e+00   9.127501e-01   3.685740e-02
1.956987000000000032e+00   9.287067e-01   3.682125e-02
1.961697999999999942e+00   9.365464e-01   3.675816e-02
1.966409000000000074e+00   8.818884e-01   3.669294e-02
1.971120999999999901e+00   8.857237e-01   3.662736e-02
1.975832000000000033e+00   9.259434e-01   3.668318e-02
1.980542999999999942e+00   8.745526e-01   3.668064e-02
1.985254000000000074e+00   9.161767e-01   3.672192e-02
1.989965999999999902e+00   9.054420e-01   3.669964e-02
1.994677000000000033e+00   9.311604e-01   3.669376e-02
1.999387999999999943e+00   8.947692e-01   3.670225e-02
2.004099000000000075e+00   9.292777e-01   3.758792e-02
2.008811000000000124e+00   8.977318e-01   3.838400e-02
2.013522000000000034e+00   8.784613e-01   3.887056e-02
2.018232999999999944e+00   9.195270e-01   3.935842e-02
2.022943999999999853e+00   8.716790e-01   3.971577e-02
2.027655999999999903e+00   9.183676e-01   4.006891e-02
2.032366999999999813e+00   9.311985e-01   4.029262e-02
2.037078000000000166e+00   8.858251e-01   4.033575e-02
2.041789000000000076e+00   8.629774e-01   4.051605e-02
2.046501000000000126e+00   8.617685e-01   4.061991e-02
2.051212000000000035e+00   8.540720e-01   4.070245e-02
2.055922999999999945e+00   8.332857e-01   4.072387e-02
2.060633999999999855e+00   8.208029e-01   4.084248e-02
2.065345999999999904e+00   8.457257e-01   4.078810e-02
2.070056999999999814e+00   8.192894e-01   3.958549e-02
2.074768000000000168e+00   8.656577e-01   3.881317e-02
2.079480000000000217e+00   8.301403e-01   3.828143e-02
2.084191000000000127e+00   8.343692e-01   3.785231e-02
2.088902000000000037e+00   8.342479e-01   3.748429e-02
2.093612999999999946e+00   8.478184e-01   3.728815e-02
2.098324999999999996e+00   8.011040e-01   3.711945e-02
2.103035999999999905e+00   8.498055e-01   3.703170e-02
2.107746999999999815e+00   8.468474e-01   3.692599e-02
2.112458000000000169e+00   7.945252e-01   3.676958e-02
2.117170000000000218e+00   8.024099e-01   3.669607e-02
2.121881000000000128e+00   7.781203e-01   3.663468e-02
2.126592000000000038e+00   8.053426e-01   3.659894e-02
2.131302999999999948e+00   8.665137e-01   3.655056e-02
2.136014999999999997e+00   8.536056e-01   3.648307e-02
2.140725999999999907e+00   7.803010e-01   3.635216e-02
2.145436999999999816e+00   8.293064e-01   3.628710e-02
2.150148000000000170e+00   8.693652e-01   3.628706e-02
2.154860000000000220e+00   8.255280e-01   3.621017e-02
2.159571000000000129e+00   8.589468e-01   3.613333e-02
2.164282000000000039e+00   7.966729e-01   3.603902e-02
2.168992999999999949e+00   7.871401e-01   3.599358e-02
2.173704999999999998e+00   7.551758e-01   3.589531e-02
2.178415999999999908e+00   7.550319e-01   3.582402e-02
2.183126999999999818e+00   7.375691e-01   3.578504e-02
2.187838000000000171e+00   7.676401e-01   3.577785e-02
2.192550000000000221e+00   7.526749e-01   3.570844e-02
2.197261000000000131e+00   7.661495e-01   3.565694e-02
2.201972000000000040e+00   7.752691e-01   3.563959e-02
2.206682999999999950e+00   7.439291e-01   3.553911e-02
2.211395000000000000e+00   7.505251e-01   3.551822e-02
2.216105999999999909e+00   7.847759e-01   3.550264e-02
2.220816999999999819e+00   7.548835e-01   3.543627e-02
2.225528000000000173e+00   7.697382e-01   3.537337e-02
2.230239999999999778e+00   8.166308e-01   3.537015e-02
2.234951000000000132e+00   7.602836e-01   3.529491e-02
2.239662000000000042e+00   7.100122e-01   3.521494e-02
2.244372999999999951e+00   7.230171e-01   3.520197e-02
2.249085000000000001e+00   7.386715e-01   3.517834e-02
2.253795999999999911e+00   7.304654e-01   3.511358e-02
2.258506999999999820e+00   7.195454e-01   3.504956e-02
2.263218999999999870e+00   7.016146e-01   3.500810e-02
2.267929999999999779e+00   7.313744e-01   3.496352e-02
2.272641000000000133e+00   6.982393e-01   3.492050e-02
2.277352000000000043e+00   6.929184e-01   3.484608e-02
2.282064000000000092e+00   6.811576e-01   3.480750e-02
2.286775000000000002e+00   7.441033e-01   3.480216e-02
2.291485999999999912e+00   6.878160e-01   3.473860e-02
2.296196999999999822e+00   6.921661e-01   3.466100e-02
2.300908999999999871e+00   6.562001e-01   3.457605e-02
2.305619999999999781e+00   6.927778e-01   3.462522e-02
2.310331000000000135e+00   7.356111e-01   3.458492e-02
2.315042000000000044e+00   7.274562e-01   3.450592e-02
2.319754000000000094e+00   7.059521e-01   3.443031e-02
2.324465000000000003e+00   6.992826e-01   3.442124e-02
2.329175999999999913e+00   7.327385e-01   3.445778e-02
2.333886999999999823e+00   7.140346e-01   3.438029e-02
2.338598999999999872e+00   6.599367e-01   3.427785e-02
2.343309999999999782e+00   7.258353e-01   3.429571e-02
2.348021000000000136e+00   7.089419e-01   3.424742e-02
2.352732000000000046e+00   6.584373e-01   3.423549e-02
2.357444000000000095e+00   6.564307e-01   3.415230e-02
2.362155000000000005e+00   6.727085e-01   3.408811e-02
2.366865999999999914e+00   6.558429e-01   3.405892e-02
2.371576999999999824e+00   6.695754e-01   3.403433e-02
2.376288999999999874e+00   6.655788e-01   3.401019e-02
2.380999999999999783e+00   7.039958e-01   3.397460e-02
2.385711000000000137e+00   6.565555e-01   3.389629e-02
2.390422000000000047e+00   6.435155e-01   3.386805e-02
2.395134000000000096e+00   6.547500e-01   3.384271e-02
2.399845000000000006e+00   6.597178e-01   3.382215e-02
2.404555999999999916e+00   6.232087e-01   3.374368e-02
2.409266999999999825e+00   6.066985e-01   3.368876e-02
2.413978999999999875e+00   6.595688e-01   3.369311e-02
2.418689999999999785e+00   6.583058e-01   3.363057e-02
2.423401000000000138e+00   6.797321e-01   3.361730e-02
2.428112000000000048e+00   6.245398e-01   3.355397e-02
2.432824000000000098e+00   5.874701e-01   3.353003e-02
2.437535000000000007e+00   6.629016e-01   3.356551e-02
2.442245999999999917e+00   6.442634e-01   3.348154e-02
2.446957999999999966e+00   6.924285e-01   3.347428e-02
2.451668999999999876e+00   6.577693e-01   3.343425e-02
2.456379999999999786e+00   6.383566e-01   3.336398e-02
2.461091000000000140e+00   6.346523e-01   3.332708e-02
2.465803000000000189e+00   6.122936e-01   3.331053e-02
2.470514000000000099e+00   5.928582e-01   3.324088e-02
2.475225000000000009e+00   5.567940e-01   3.318038e-02
2.479935999999999918e+00   5.768305e-01   3.315705e-02
2.484647999999999968e+00   5.539556e-01   3.312004e-02
2.489358999999999877e+00   5.623278e-01   3.306715e-02
2.494069999999999787e+00   6.201393e-01   3.308194e-02
2.498781000000000141e+00   6.100183e-01   3.306197e-02
2.503493000000000190e+00   5.957454e-01   3.300320e-02
2.508204000000000100e+00   6.035912e-01   3.297497e-02
2.512915000000000010e+00   6.254356e-01   3.294449e-02
2.517625999999999920e+00   6.299516e-01   3.287254e-02
2.522337999999999969e+00   6.099072e-01   3.279398e-02
2.527048999999999879e+00   6.087846e-01   3.272768e-02
2.531759999999999788e+00   6.033227e-01   3.267886e-02
2.536471000000000142e+00   5.681841e-01   3.259626e-02
2.541183000000000192e+00   5.674364e-01   3.256687e-02
2.545894000000000101e+00   5.756272e-01   3.254790e-02
2.550605000000000011e+00   5.914132e-01   3.252479e-02
2.555315999999999921e+00   5.914908e-01   3.250072e-02
2.560027999999999970e+00   5.631463e-01   3.247023e-02
2.564738999999999880e+00   5.552631e-01   3.244074e-02
2.569449999999999790e+00   5.797193e-01   3.244313e-02
2.574161000000000143e+00   5.543088e-01   3.244728e-02
2.578873000000000193e+00   5.648152e-01   3.246554e-02
2.583584000000000103e+00   5.776813e-01   3.244351e-02
2.588295000000000012e+00   5.547201e-01   3.238836e-02
2.593005999999999922e+00   5.666562e-01   3.238117e-02
2.597717999999999972e+00   5.157078e-01   3.230956e-02
2.602428999999999881e+00   5.359913e-01   3.228505e-02
2.607139999999999791e+00   5.426642e-01   3.225459e-02
2.611851000000000145e+00   5.129234e-01   3.220193e-02
2.616563000000000194e+00   5.526465e-01   3.219502e-02
2.621274000000000104e+00   5.563714e-01   3.220749e-02
2.625985000000000014e+00   5.680594e-01   3.215967e-02
2.630697000000000063e+00   5.065043e-01   3.207646e-02
2.635407999999999973e+00   5.098518e-01   3.205590e-02
2.640118999999999883e+00   5.503349e-01   3.204344e-02
2.644829999999999792e+00   5.874057e-01   3.207383e-02
2.649541999999999842e+00   5.302406e-01   3.198879e-02
2.654253000000000196e+00   5.430993e-01   3.196086e-02
2.658964000000000105e+00   5.567075e-01   3.196230e-02
2.663675000000000015e+00   5.380718e-01   3.187900e-02
2.668387000000000064e+00   5.305460e-01   3.185260e-02
2.673097999999999974e+00   5.138953e-01   3.182435e-02
2.677808999999999884e+00   5.065591e-01   3.179906e-02
2.682519999999999794e+00   5.420037e-01   3.175994e-02
2.687231999999999843e+00   4.950592e-01   3.170072e-02
2.691943000000000197e+00   5.377968e-01   3.169527e-02
2.696654000000000106e+00   5.135060e-01   3.168333e-02
2.701365000000000016e+00   5.140953e-01   3.166082e-02
2.706077000000000066e+00   5.168330e-01   3.160899e-02
2.710787999999999975e+00   5.044659e-01   3.155028e-02
2.715498999999999885e+00   4.801703e-01   3.151327e-02
2.720209999999999795e+00   4.788922e-01   3.151579e-02
2.724921999999999844e+00   4.875778e-01   3.149361e-02
2.729633000000000198e+00   4.624798e-01   3.142085e-02
2.734344000000000108e+00   4.804559e-01   3.144252e-02
2.739055000000000017e+00   5.180553e-01   3.145195e-02
2.743767000000000067e+00   4.728219e-01   3.137534e-02
2.748477999999999977e+00   4.661350e-01   3.133110e-02
2.753188999999999886e+00   5.020839e-01   3.133070e-02
2.757899999999999796e+00   5.144029e-01   3.131359e-02
2.762611999999999846e+00   5.275412e-01   3.127665e-02
2.767323000000000199e+00   4.915752e-01   3.123495e-02
2.772034000000000109e+00   4.879815e-01   3.117611e-02
2.776745000000000019e+00   4.852619e-01   3.116057e-02
2.781457000000000068e+00   4.509684e-01   3.112806e-02
2.786167999999999978e+00   4.690336e-01   3.111423e-02
2.790878999999999888e+00   5.055886e-01   3.111860e-02
2.795589999999999797e+00   4.938661e-01   3.108400e-02
2.800301999999999847e+00   4.911596e-01   3.108685e-02
2.805013000000000201e+00   5.020124e-01   3.121648e-02
2.809724000000000110e+00   5.203201e-01   3.198841e-02
2.814436000000000160e+00   5.020480e-01   3.247797e-02
2.819147000000000070e+00   4.957370e-01   3.287621e-02
2.823857999999999979e+00   4.331068e-01   3.310610e-02
2.828568999999999889e+00   4.129380e-01   3.327204e-02
2.833280999999999938e+00   4.566961e-01   3.345124e-02
2.837991999999999848e+00   4.442063e-01   3.354028e-02
2.842703000000000202e+00   4.364863e-01   3.361791e-02
2.847414000000000112e+00   4.427890e-01   3.371094e-02
2.852126000000000161e+00   4.417334e-01   3.378787e-02
2.856837000000000071e+00   4.678101e-01   3.387151e-02
2.861547999999999981e+00   4.197944e-01   3.390127e-02
2.866258999999999890e+00   4.093157e-01   3.397233e-02
2.870970999999999940e+00   4.333062e-01   3.373295e-02
2.875681999999999849e+00   4.886576e-01   3.289143e-02
2.880393000000000203e+00   5.036444e-01   3.241260e-02
2.885104000000000113e+00   4.496095e-01   3.204066e-02
2.889816000000000162e+00   4.598878e-01   3.178077e-02
2.894527000000000072e+00   4.292768e-01   3.162655e-02
2.899237999999999982e+00   4.136509e-01   3.152003e-02
2.903948999999999891e+00   4.531065e-01   3.149698e-02
2.908660999999999941e+00   4.742485e-01   3.143061e-02
2.913371999999999851e+00   4.569706e-01   3.135891e-02
2.918083000000000204e+00   4.718089e-01   3.127908e-02
2.922794000000000114e+00   4.091369e-01   3.119871e-02
2.927506000000000164e+00   4.438461e-01   3.121479e-02
2.932217000000000073e+00   4.363440e-01   3.113121e-02
2.936927999999999983e+00   4.213785e-01   3.103333e-02
2.941638999999999893e+00   4.504320e-01   3.102746e-02
2.946350999999999942e+00   4.246233e-01   3.096477e-02
2.951061999999999852e+00   3.987178e-01   3.092963e-02
2.955773000000000206e+00   4.163437e-01   3.086857e-02
2.960484000000000115e+00   4.505386e-01   3.085369e-02
2.965196000000000165e+00   4.329354e-01   3.079885e-02
2.969907000000000075e+00   4.041432e-01   3.077606e-02
2.974617999999999984e+00   4.094296e-01   3.075633e-02
2.979328999999999894e+00   3.920905e-01   3.067311e-02
2.984040999999999944e+00   4.353082e-01   3.065051e-02
2.988751999999999853e+00   4.465156e-01   3.061964e-02
2.993463000000000207e+00   4.308122e-01   3.061317e-02
2.998174999999999812e+00   3.787807e-01   3.053748e-02
3.002886000000000166e+00   4.234426e-01   3.054486e-02
3.007597000000000076e+00   4.037014e-01   3.046877e-02
3.012307999999999986e+00   3.922632e-01   3.044085e-02
3.017020000000000035e+00   3.580464e-01   3.037273e-02
3.021730999999999945e+00   4.483907e-01   3.038322e-02
3.026441999999999855e+00   4.215465e-01   3.036173e-02
3.031153000000000208e+00   4.211009e-01   3.031357e-02
3.035864999999999814e+00   3.786869e-01   3.025250e-02
3.040576000000000167e+00   4.086958e-01   3.024597e-02
3.045287000000000077e+00   3.966033e-01   3.023148e-02
3.049997999999999987e+00   3.514372e-01   3.014283e-02
3.054710000000000036e+00   4.407180e-01   3.019690e-02
3.059420999999999946e+00   4.457877e-01   3.014435e-02
3.064131999999999856e+00   4.322594e-01   3.011050e-02
3.068843000000000210e+00   3.821253e-01   3.007522e-02
3.073554999999999815e+00   3.430030e-01   3.002201e-02
3.078266000000000169e+00   3.590890e-01   2.998343e-02
3.082977000000000078e+00   3.798219e-01   2.996757e-02
3.087687999999999988e+00   3.933778e-01   2.994850e-02
3.092400000000000038e+00   4.045047e-01   2.995909e-02
3.097110999999999947e+00   4.094628e-01   2.992349e-02
3.101821999999999857e+00   3.992815e-01   2.986925e-02
3.106533000000000211e+00   4.087996e-01   2.984042e-02
3.111244999999999816e+00   3.885141e-01   2.978607e-02
3.115956000000000170e+00   3.463048e-01   2.971949e-02
3.120667000000000080e+00   3.699393e-01   2.972367e-02
3.125377999999999989e+00   3.913925e-01   2.970872e-02
3.130090000000000039e+00   3.846145e-01   2.967446e-02
3.134800999999999949e+00   3.661360e-01   2.964168e-02
3.139511999999999858e+00   3.733069e-01   2.959765e-02
3.144223000000000212e+00   3.713944e-01   2.957825e-02
3.148934999999999818e+00   4.019394e-01   2.958367e-02
3.153646000000000171e+00   3.937257e-01   2.956878e-02
3.158357000000000081e+00   3.831162e-01   2.955985e-02
3.163067999999999991e+00   3.808688e-01   2.952824e-02
3.167780000000000040e+00   3.718384e-01   2.949652e-02
3.172490999999999950e+00   3.717021e-01   2.945265e-02
3.177201999999999860e+00   3.561501e-01   2.943948e-02
3.181913999999999909e+00   3.278534e-01   2.937719e-02
3.186624999999999819e+00   3.502115e-01   2.934191e-02
3.191336000000000173e+00   3.139217e-01   2.926683e-02
3.196047000000000082e+00   3.021596e-01   2.922391e-02
3.200759000000000132e+00   3.711561e-01   2.922479e-02
3.205470000000000041e+00   3.736119e-01   2.916534e-02
3.210180999999999951e+00   3.236434e-01   2.912898e-02
3.214891999999999861e+00   3.518658e-01   2.911778e-02
3.219603999999999910e+00   3.273367e-01   2.906165e-02
3.224314999999999820e+00   3.537185e-01   2.908319e-02
3.229026000000000174e+00   3.243526e-01   2.904349e-02
3.233737000000000084e+00   2.953646e-01   2.899967e-02
3.238449000000000133e+00   3.260092e-01   2.900822e-02
3.243160000000000043e+00   3.693420e-01   2.901653e-02
3.247870999999999952e+00   3.503894e-01   2.897522e-02
3.252581999999999862e+00   3.723211e-01   2.898561e-02
3.257293999999999912e+00   3.850779e-01   2.899834e-02
3.262004999999999821e+00   3.792212e-01   2.896661e-02
3.266716000000000175e+00   3.673473e-01   2.895686e-02
3.271427000000000085e+00   3.729100e-01   2.891858e-02
3.276139000000000134e+00   3.595833e-01   2.890677e-02
3.280850000000000044e+00   3.023101e-01   2.883180e-02
3.285560999999999954e+00   3.428508e-01   2.887010e-02
3.290271999999999863e+00   3.438325e-01   2.881935e-02
3.294983999999999913e+00   3.692891e-01   2.881281e-02
3.299694999999999823e+00   3.592189e-01   2.878374e-02
3.304406000000000176e+00   2.937890e-01   2.872015e-02
3.309117000000000086e+00   3.049206e-01   2.869629e-02
3.313829000000000136e+00   3.256704e-01   2.870869e-02
3.318540000000000045e+00   3.349651e-01   2.867316e-02
3.323250999999999955e+00   3.376757e-01   2.867444e-02
3.327961999999999865e+00   3.736478e-01   2.868408e-02
3.332673999999999914e+00   3.380862e-01   2.862086e-02
3.337384999999999824e+00   3.361990e-01   2.859317e-02
3.342096000000000178e+00   3.129622e-01   2.856923e-02
3.346807000000000087e+00   3.181545e-01   2.854100e-02
3.351519000000000137e+00   3.366287e-01   2.851781e-02
3.356230000000000047e+00   3.564035e-01   2.852362e-02
3.360940999999999956e+00   3.160296e-01   2.848449e-02
3.365653000000000006e+00   2.985694e-01   2.844756e-02
3.370363999999999916e+00   3.408725e-01   2.844420e-02
3.375074999999999825e+00   3.498221e-01   2.843105e-02
3.379786000000000179e+00   3.234709e-01   2.841202e-02
3.384497999999999784e+00   3.062779e-01   2.841082e-02
3.389209000000000138e+00   2.800777e-01   2.851942e-02
3.393920000000000048e+00   3.416462e-01   2.920861e-02
3.398630999999999958e+00   3.309628e-01   2.963677e-02
3.403343000000000007e+00   3.376842e-01   2.993140e-02
3.408053999999999917e+00   3.559229e-01   3.017239e-02
3.412764999999999826e+00   3.264440e-01   3.022924e-02
3.417476000000000180e+00   2.928660e-01   3.020882e-02
3.422187999999999786e+00   3.154082e-01   3.024228e-02
3.426899000000000139e+00   3.376596e-01   3.033746e-02
3.431610000000000049e+00   3.330238e-01   3.040969e-02
3.436320999999999959e+00   2.917915e-01   3.045233e-02
3.441033000000000008e+00   2.846315e-01   3.049156e-02
3.445743999999999918e+00   3.141757e-01   3.054722e-02
3.450454999999999828e+00   3.218346e-01   3.061919e-02
3.455166000000000182e+00   3.244318e-01   3.064428e-02
3.459877999999999787e+00   2.868079e-01   3.072134e-02
3.464589000000000141e+00   3.081191e-01   3.076695e-02
3.469300000000000050e+00   3.330285e-01   3.084464e-02
3.474010999999999960e+00   3.250406e-01   3.089775e-02
3.478723000000000010e+00   2.866914e-01   3.093799e-02
3.483433999999999919e+00   2.652098e-01   3.092777e-02
3.488144999999999829e+00   3.029121e-01   3.097649e-02
3.492856000000000183e+00   2.983273e-01   3.104725e-02
3.497567999999999788e+00   3.177943e-01   3.109848e-02
3.502279000000000142e+00   3.061202e-01   3.111748e-02
3.506990000000000052e+00   3.042486e-01   3.114426e-02
3.511700999999999961e+00   3.324544e-01   3.120384e-02
3.516413000000000011e+00   3.239197e-01   3.123404e-02
3.521123999999999921e+00   2.952398e-01   3.124187e-02
3.525834999999999830e+00   2.867020e-01   3.126115e-02
3.530546000000000184e+00   2.265678e-01   3.124256e-02
3.535257999999999790e+00   2.622566e-01   3.129474e-02
3.539969000000000143e+00   2.512475e-01   3.130261e-02
3.544680000000000053e+00   2.825716e-01   3.136916e-02
3.549392000000000102e+00   2.717194e-01   3.142354e-02
3.554103000000000012e+00   3.057116e-01   3.144802e-02
3.558813999999999922e+00   3.076776e-01   3.149962e-02
3.563524999999999832e+00   3.191258e-01   3.153717e-02
3.568236999999999881e+00   3.350532e-01   3.155979e-02
3.572947999999999791e+00   3.024518e-01   3.157081e-02
3.577659000000000145e+00   3.351126e-01   3.162131e-02
3.582370000000000054e+00   3.077809e-01   3.162149e-02
3.587082000000000104e+00   2.740226e-01   3.160026e-02
3.591793000000000013e+00   2.664366e-01   3.160797e-02
3.596503999999999923e+00   2.972289e-01   3.167855e-02
3.601214999999999833e+00   3.143423e-01   3.166730e-02
3.605926999999999882e+00   2.690153e-01   3.163628e-02
3.610637999999999792e+00   3.193967e-01   3.223740e-02
3.615349000000000146e+00   3.258699e-01   3.320713e-02
3.620060000000000056e+00   3.074061e-01   3.377939e-02
3.624772000000000105e+00   2.900486e-01   3.418666e-02
3.629483000000000015e+00   2.983206e-01   3.441996e-02
3.634193999999999924e+00   3.004449e-01   3.466890e-02
3.638904999999999834e+00   2.788174e-01   3.491037e-02
3.643616999999999884e+00   2.818321e-01   3.510957e-02
3.648327999999999793e+00   3.011304e-01   3.529948e-02
3.653039000000000147e+00   2.914616e-01   3.542850e-02
3.657750000000000057e+00   2.931945e-01   3.561510e-02
3.662462000000000106e+00   3.018998e-01   3.580114e-02
3.667173000000000016e+00   2.744187e-01   3.597563e-02
3.671883999999999926e+00   2.608269e-01   3.611112e-02
3.676594999999999835e+00   2.853014e-01   3.633078e-02
3.681306999999999885e+00   2.758093e-01   3.645559e-02
3.686017999999999795e+00   3.112004e-01   3.663761e-02
3.690729000000000148e+00   3.082391e-01   3.678275e-02
3.695440000000000058e+00   3.034172e-01   3.690468e-02
3.700152000000000108e+00   2.605924e-01   3.707506e-02
3.704863000000000017e+00   2.481795e-01   3.725541e-02
3.709573999999999927e+00   2.434660e-01   3.740175e-02
3.714284999999999837e+00   2.149617e-01   3.752427e-02
3.718996999999999886e+00   2.640893e-01   3.771814e-02
3.723707999999999796e+00   2.505361e-01   3.780411e-02
3.728419000000000150e+00   2.651972e-01   3.796827e-02
3.733131000000000199e+00   2.850563e-01   3.812491e-02
3.737842000000000109e+00   2.891567e-01   3.823199e-02
3.742553000000000019e+00   2.645544e-01   3.836215e-02
3.747263999999999928e+00   2.909467e-01   3.852858e-02
3.751975999999999978e+00   2.154093e-01   3.866187e-02
3.756686999999999887e+00   2.218428e-01   3.877571e-02
3.761397999999999797e+00   2.048067e-01   3.888134e-02
3.766109000000000151e+00   2.208205e-01   3.906216e-02
3.770821000000000200e+00   2.575503e-01   3.921375e-02
3.775532000000000110e+00   2.584159e-01   3.939370e-02
3.780243000000000020e+00   2.274771e-01   3.950496e-02
3.784953999999999930e+00   2.594020e-01   3.964809e-02
3.789665999999999979e+00   2.692360e-01   3.982866e-02
3.794376999999999889e+00   2.444819e-01   3.992926e-02
3.799087999999999798e+00   3.098089e-01   4.014655e-02
3.803799000000000152e+00   2.845518e-01   4.024759e-02
3.808511000000000202e+00   2.280514e-01   4.038480e-02
3.813222000000000111e+00   2.306845e-01   4.060787e-02
3.817933000000000021e+00   2.147967e-01   4.066236e-02
3.822643999999999931e+00   2.124948e-01   4.074587e-02
3.827355999999999980e+00   2.324976e-01   4.087057e-02
3.832066999999999890e+00   2.224231e-01   4.102530e-02
3.836777999999999800e+00   2.320449e-01   4.123247e-02
3.841489000000000154e+00   2.621147e-01   4.135651e-02
3.846201000000000203e+00   2.665961e-01   4.154981e-02
3.850912000000000113e+00   1.868901e-01   4.163710e-02
3.855623000000000022e+00   2.314952e-01   4.177885e-02
3.860333999999999932e+00   2.428022e-01   4.189708e-02
3.865045999999999982e+00   2.186156e-01   4.203009e-02
3.869756999999999891e+00   2.191141e-01   4.215787e-02
3.874467999999999801e+00   2.801663e-01   4.237180e-02
3.879179000000000155e+00   2.411958e-01   4.250639e-02
3.883891000000000204e+00   2.429729e-01   4.266852e-02
3.888602000000000114e+00   2.336744e-01   4.279741e-02
3.893313000000000024e+00   2.515179e-01   4.298752e-02
3.898023999999999933e+00   2.584507e-01   4.314380e-02
3.902735999999999983e+00   2.213194e-01   4.327692e-02
3.907446999999999893e+00   2.446591e-01   4.338612e-02
3.912157999999999802e+00   2.961386e-01   4.355632e-02
3.916869999999999852e+00   2.409406e-01   4.357817e-02
3.921581000000000206e+00   2.313829e-01   4.363507e-02
3.926292000000000115e+00   2.177454e-01   4.373453e-02
3.931003000000000025e+00   1.647189e-01   4.384668e-02
3.935715000000000074e+00   1.870929e-01   4.393450e-02
3.940425999999999984e+00   2.401284e-01   4.401129e-02
3.945136999999999894e+00   2.591857e-01   4.404879e-02
3.949847999999999804e+00   2.478067e-01   4.407163e-02
3.954559999999999853e+00   2.170870e-01   4.408238e-02
3.959271000000000207e+00   2.324806e-01   4.419412e-02
3.963982000000000117e+00   2.623368e-01   4.421447e-02
3.968693000000000026e+00   2.319145e-01   4.422563e-02
3.973405000000000076e+00   1.975585e-01   4.435802e-02
3.978115999999999985e+00   1.708097e-01   4.448490e-02
3.982826999999999895e+00   2.051610e-01   4.466355e-02
3.987537999999999805e+00   1.743779e-01   4.475367e-02
3.992249999999999854e+00   1.805965e-01   4.491606e-02
3.996961000000000208e+00   2.661639e-01   4.517429e-02
4.001672000000000118e+00   1.818713e-01   4.523185e-02
4.006382999999999583e+00   2.269390e-01   4.547473e-02
4.011095000000000077e+00   1.752962e-01   4.560083e-02
4.015806000000000431e+00   1.737241e-01   4.573938e-02
4.020516999999999896e+00   2.121063e-01   4.590238e-02
4.025228000000000250e+00   2.728065e-01   4.609333e-02
4.029939999999999856e+00   2.316731e-01   4.625414e-02
4.034651000000000209e+00   2.299878e-01   4.638294e-02
4.039361999999999675e+00   2.186958e-01   4.649274e-02
4.044073000000000029e+00   1.689619e-01   4.664294e-02
4.048784999999999634e+00   2.239571e-01   4.683457e-02
4.053495999999999988e+00   2.450628e-01   4.704658e-02
4.058207000000000342e+00   2.002271e-01   4.719147e-02
4.062917999999999807e+00   2.248193e-01   4.734405e-02
4.067630000000000301e+00   3.117381e-01   4.760662e-02
4.072340999999999767e+00   2.873950e-01   4.775583e-02
4.077052000000000120e+00   2.042392e-01   4.773956e-02
4.081762999999999586e+00   2.195500e-01   4.798540e-02
4.086475000000000080e+00   1.578580e-01   4.817614e-02
4.091186000000000433e+00   1.687039e-01   4.830453e-02
4.095896999999999899e+00   1.931250e-01   4.848167e-02
4.100609000000000393e+00   2.104218e-01   4.869414e-02
4.105319999999999858e+00   2.741128e-01   4.898334e-02
4.110031000000000212e+00   1.940717e-01   4.905588e-02
4.114741999999999678e+00   1.881849e-01   4.920331e-02
4.119454000000000171e+00   2.018861e-01   4.935499e-02
4.124164999999999637e+00   1.830969e-01   4.950750e-02
4.128875999999999991e+00   1.666132e-01   4.970198e-02
4.133587000000000344e+00   1.997238e-01   4.988932e-02
4.138298999999999950e+00   1.928869e-01   5.001762e-02
4.143010000000000304e+00   1.696757e-01   5.019216e-02
4.147720999999999769e+00   1.740499e-01   5.039141e-02
4.152432000000000123e+00   2.077580e-01   5.067682e-02
4.157143999999999728e+00   2.432936e-01   5.089610e-02
4.161855000000000082e+00   2.832957e-01   5.109282e-02
4.166566000000000436e+00   3.135349e-01   5.133522e-02
4.171276999999999902e+00   2.211237e-01   5.142750e-02
4.175989000000000395e+00   2.569933e-01   5.164792e-02
4.180699999999999861e+00   2.089915e-01   5.187072e-02
4.185411000000000215e+00   1.965270e-01   5.192009e-02
4.190121999999999680e+00   2.344941e-01   5.220106e-02
4.194834000000000174e+00   1.550740e-01   5.241382e-02
4.199544999999999639e+00   2.241320e-01   5.266013e-02
4.204255999999999993e+00   2.765352e-01   5.289128e-02
4.208967000000000347e+00   2.236512e-01   5.302299e-02
4.213678999999999952e+00   1.700994e-01   5.326806e-02
4.218390000000000306e+00   1.160364e-01   5.333419e-02
4.223100999999999772e+00   1.991022e-01   5.365230e-02
4.227812000000000126e+00   2.294787e-01   5.382011e-02
4.232523999999999731e+00   2.502023e-01   5.417903e-02
4.237235000000000085e+00   1.892664e-01   5.425987e-02
4.241946000000000438e+00   1.258224e-01   5.447141e-02
4.246656999999999904e+00   1.872308e-01   5.476990e-02
4.251369000000000398e+00   2.506419e-01   5.504107e-02
4.256079999999999863e+00   3.042106e-01   5.534813e-02
4.260791000000000217e+00   2.071596e-01   5.535328e-02
4.265501999999999683e+00   2.084380e-01   5.564863e-02
4.270214000000000176e+00   2.243998e-01   5.589675e-02
4.274924999999999642e+00   2.024235e-01   5.607323e-02
4.279635999999999996e+00   1.384166e-01   5.628660e-02
4.284347999999999601e+00   1.571082e-01   5.654866e-02
4.289058999999999955e+00   1.410882e-01   5.674176e-02
4.293770000000000309e+00   2.308529e-01   5.716671e-02
4.298480999999999774e+00   1.629558e-01   5.725532e-02
4.303193000000000268e+00   1.691787e-01   5.753178e-02
4.307903999999999733e+00   1.601082e-01   5.778048e-02
4.312615000000000087e+00   1.881980e-01   5.811380e-02
4.317326000000000441e+00   1.925539e-01   5.836398e-02
4.322038000000000046e+00   1.772802e-01   5.841609e-02
4.326749000000000400e+00   1.828788e-01   5.877115e-02
4.331459999999999866e+00   2.839975e-01   5.923723e-02
4.336171000000000220e+00   2.285772e-01   5.943119e-02
4.340882999999999825e+00   1.244244e-01   5.951898e-02
4.345594000000000179e+00   1.485707e-01   5.972109e-02
4.350304999999999644e+00   2.296117e-01   6.011886e-02
4.355015999999999998e+00   1.778405e-01   6.045061e-02
4.359727999999999604e+00   8.896074e-02   6.066805e-02
4.364438999999999957e+00   1.600790e-01   6.098812e-02
4.369150000000000311e+00   1.720357e-01   6.127732e-02
4.373860999999999777e+00   2.092822e-01   6.175669e-02
4.378573000000000270e+00   2.251004e-01   6.190980e-02
4.383283999999999736e+00   2.081892e-01   6.215015e-02
4.387995000000000090e+00   1.666150e-01   6.252631e-02
4.392706000000000444e+00   1.282191e-01   6.272284e-02
4.397418000000000049e+00   2.406364e-01   6.309377e-02
4.402129000000000403e+00   1.565290e-01   6.304542e-02
4.406839999999999868e+00   8.735851e-02   6.302143e-02
4.411551000000000222e+00   2.267429e-01   6.329265e-02
4.416262999999999828e+00   2.457430e-01   6.332975e-02
4.420974000000000181e+00   1.194907e-01   6.316725e-02
4.425684999999999647e+00   1.598530e-01   6.326159e-02
4.430396000000000001e+00   1.614351e-01   6.339164e-02
4.435107999999999606e+00   1.873715e-01   6.345441e-02
4.439818999999999960e+00   2.111129e-01   6.359862e-02
4.444530000000000314e+00   1.382143e-01   6.381339e-02
4.449240999999999779e+00   2.261257e-01   6.436057e-02
4.453953000000000273e+00   2.145885e-01   6.460773e-02
4.458663999999999739e+00   8.928244e-02   6.467282e-02
4.463375000000000092e+00   9.926810e-02   6.506690e-02
4.468086999999999698e+00   1.150915e-01   6.546844e-02
4.472798000000000052e+00   1.901331e-01   6.597792e-02
4.477509000000000405e+00   9.271086e-02   6.619338e-02
4.482219999999999871e+00   1.896099e-01   6.668530e-02
4.486932000000000365e+00   2.030643e-01   6.700860e-02
4.491642999999999830e+00   1.679011e-01   6.752986e-02
4.496354000000000184e+00   2.193610e-01   6.779784e-02
4.501064999999999650e+00   2.122149e-01   6.811642e-02
4.505777000000000143e+00   2.439539e-01   6.848729e-02
4.510487999999999609e+00   1.487210e-01   6.887255e-02
4.515198999999999963e+00   1.104909e-01   6.920761e-02
4.519910000000000316e+00   1.751848e-01   6.979590e-02
4.524621999999999922e+00   1.380632e-01   7.002268e-02
4.529333000000000276e+00   1.352948e-01   7.052096e-02
4.534043999999999741e+00   2.258016e-01   7.116871e-02
4.538755000000000095e+00   2.642457e-01   7.157873e-02
4.543466999999999700e+00   1.284529e-01   7.186361e-02
4.548178000000000054e+00   1.291627e-01   7.218780e-02
4.552889000000000408e+00   1.114296e-01   7.266470e-02
4.557599999999999874e+00   2.720436e-01   7.335920e-02
4.562312000000000367e+00   2.877650e-01   7.385299e-02
4.567022999999999833e+00   2.045379e-01   7.435387e-02
4.571734000000000187e+00   2.314591e-01   7.485457e-02
4.576444999999999652e+00   1.739038e-01   7.524179e-02
4.581157000000000146e+00   2.364416e-01   7.565766e-02
4.585867999999999611e+00   1.951556e-01   7.620889e-02
4.590578999999999965e+00   1.896295e-01   7.673282e-02
4.595290000000000319e+00   2.024205e-01   7.713166e-02
4.600001999999999924e+00   1.593004e-01   7.770701e-02
4.604713000000000278e+00   2.498843e-01   7.854130e-02
4.609423999999999744e+00   2.030842e-01   7.897830e-02
4.614135000000000097e+00   1.950987e-01   7.950310e-02
4.618846999999999703e+00   2.592943e-01   8.036121e-02
4.623558000000000057e+00   1.728191e-01   8.077569e-02
4.628269000000000410e+00   1.933917e-01   8.138707e-02
4.632979999999999876e+00   1.951555e-01   8.211481e-02
4.637692000000000370e+00   1.229699e-01   8.262581e-02
4.642402999999999835e+00   9.112393e-02   8.309296e-02
4.647114000000000189e+00   1.701086e-01   8.384122e-02
4.651825999999999794e+00   1.503935e-01   8.474704e-02
4.656537000000000148e+00   1.519779e-01   8.560930e-02
4.661247999999999614e+00   3.021919e-01   8.626638e-02
4.665958999999999968e+00   9.057568e-02   8.671627e-02
4.670670999999999573e+00   1.445270e-01   8.774509e-02
4.675381999999999927e+00   4.867571e-02   8.826398e-02
4.680093000000000281e+00   1.567300e-01   8.921163e-02
4.684803999999999746e+00   1.960323e-01   9.011667e-02
4.689516000000000240e+00   2.113907e-01   9.106355e-02
4.694226999999999705e+00   1.836172e-01   9.175001e-02
4.698938000000000059e+00   1.757515e-01   9.292193e-02
4.703649000000000413e+00   1.237032e-01   9.349307e-02
4.708361000000000018e+00   1.776564e-01   9.448068e-02
4.713072000000000372e+00   1.564302e-01   9.555895e-02
4.717782999999999838e+00   1.153014e-01   9.652041e-02
4.722494000000000192e+00   3.336223e-02   9.746723e-02
4.727205999999999797e+00   8.526943e-02   9.845824e-02
4.731917000000000151e+00   1.420214e-01   9.972759e-02
4.736627999999999616e+00   2.270416e-01   1.011035e-01
4.741338999999999970e+00   1.213694e-01   1.019918e-01
4.746050999999999576e+00   2.142330e-01   1.036082e-01
4.750761999999999929e+00   3.479253e-01   1.052097e-01
4.755473000000000283e+00   7.818467e-02   1.057155e-01
4.760183999999999749e+00   1.102238e-01   1.072793e-01
4.764896000000000242e+00   1.757592e-01   1.085868e-01
4.769606999999999708e+00   2.701957e-01   1.103941e-01
4.774318000000000062e+00   2.942992e-01   1.121771e-01
4.779029000000000416e+00   2.961018e-01   1.138557e-01
4.783741000000000021e+00   2.288505e-01   1.155175e-01
4.788452000000000375e+00   1.780010e-01   1.171114e-01
4.793162999999999840e+00   2.077941e-01   1.185694e-01
4.797874000000000194e+00   3.273084e-01   1.210546e-01
4.802585999999999800e+00   2.187744e-01   1.227677e-01
4.807297000000000153e+00   3.877997e-01   1.256599e-01
4.812007999999999619e+00   4.906925e-01   1.281950e-01
4.816718999999999973e+00   1.789845e-01   1.294723e-01
4.821430999999999578e+00   8.012485e-02   1.313180e-01
4.826141999999999932e+00   2.623764e-01   1.351619e-01
4.830853000000000286e+00   1.475961e-01   1.371322e-01
4.835564999999999891e+00   2.246200e-01   1.402857e-01
4.840276000000000245e+00   1.206811e-01   1.428371e-01
4.844986999999999711e+00   2.465038e-01   1.467186e-01
4.849698000000000064e+00   3.202118e-01   1.507716e-01
4.854409999999999670e+00   5.096113e-02   1.536468e-01
4.859121000000000024e+00   1.541943e-01   1.586260e-01
4.863832000000000377e+00   2.622304e-02   1.625244e-01
4.868542999999999843e+00   6.404295e-02   1.672632e-01
4.873255000000000337e+00  -6.180143e-02   1.724268e-01
4.877965999999999802e+00  -1.715844e-01   1.766478e-01
4.882677000000000156e+00  -3.074798e-02   1.841429e-01
4.887387999999999622e+00  -7.037292e-03   1.910737e-01
4.892100000000000115e+00   2.862189e-01   2.023357e-01
4.896810999999999581e+00   3.288187e-01   2.114310e-01
4.901521999999999935e+00   1.496965e-01   2.214262e-01
4.906233000000000288e+00   4.905339e-01   2.372488e-01
4.910944999999999894e+00   4.252663e-01   2.528498e-01
4.915656000000000247e+00   2.377492e-01   2.721096e-01
4.920366999999999713e+00   2.900677e-01   2.963881e-01
4.925078000000000067e+00   3.883058e-01   3.251796e-01
4.929789999999999672e+00   4.218421e-01   3.719883e-01
4.934501000000000026e+00  -1.586556e-01   4.403025e-01
4.939212000000000380e+00  -1.779364e-01   5.813022e-01
4.943922999999999845e+00  -6.929396e-01   9.923535e-01