# Sample description: primus/qt temporary file
# Sample: primus/qt tempo  c= 2.93 mg/ml  Code: tmp
# Parent(s): /Users/giulio/Downloads/r822_r82/average/sub_001.dat
  3.479420e-02  -2.242321e+00   2.902327e+00
  3.950550e-02  -2.047782e+00   1.143228e+00
  4.421670e-02  -5.324232e-01   7.427276e-01
  4.892800e-02   2.262799e-01   5.669625e-01
  5.363920e-02   1.016724e+00   4.528416e-01
  5.835050e-02   7.293515e-01   3.706734e-01
  6.306170e-02   1.047440e+00   3.071434e-01
  6.777300e-02   1.198294e+00   2.607375e-01
  7.248430e-02   1.275085e+00   2.253717e-01
  7.719550e-02   1.312969e+00   1.982189e-01
  8.190680e-02   1.554266e+00   1.753977e-01
  8.661800e-02   1.333788e+00   1.568628e-01
  9.132930e-02   1.288635e+00   1.421780e-01
  9.604050e-02   1.416860e+00   1.308988e-01
  1.007520e-01   1.613208e+00   1.208275e-01
  1.054630e-01   1.482730e+00   1.119190e-01
  1.101740e-01   1.317816e+00   1.043824e-01
  1.148860e-01   1.340410e+00   9.795212e-02
  1.195970e-01   1.463481e+00   9.236997e-02
  1.243080e-01   1.350307e+00   8.745355e-02
  1.290190e-01   1.408532e+00   8.348894e-02
  1.337310e-01   1.487270e+00   7.974150e-02
  1.384420e-01   1.401092e+00   7.634823e-02
  1.431530e-01   1.530990e+00   7.345082e-02
  1.478640e-01   1.416041e+00   7.104232e-02
  1.525760e-01   1.417952e+00   6.848119e-02
  1.572870e-01   1.411297e+00   6.621078e-02
  1.619980e-01   1.418225e+00   6.423235e-02
  1.667090e-01   1.481263e+00   6.264314e-02
  1.714210e-01   1.415324e+00   6.090256e-02
  1.761320e-01   1.491980e+00   5.938130e-02
  1.808430e-01   1.520580e+00   5.799857e-02
  1.855540e-01   1.508567e+00   5.675782e-02
  1.902660e-01   1.530068e+00   5.566403e-02
  1.949770e-01   1.546143e+00   5.480048e-02
  1.996880e-01   1.528532e+00   5.358891e-02
  2.043990e-01   1.567713e+00   5.264263e-02
  2.091110e-01   1.522594e+00   5.169109e-02
  2.138220e-01   1.574130e+00   5.100406e-02
  2.185330e-01   1.572730e+00   5.005413e-02
  2.232450e-01   1.637372e+00   4.928881e-02
  2.279560e-01   1.588601e+00   4.859092e-02
  2.326670e-01   1.613584e+00   4.803853e-02
  2.373780e-01   1.572355e+00   4.738232e-02
  2.420900e-01   1.591604e+00   4.668375e-02
  2.468010e-01   1.637031e+00   4.614154e-02
  2.515120e-01   1.612150e+00   4.557560e-02
  2.562230e-01   1.633447e+00   4.509826e-02
  2.609350e-01   1.582321e+00   4.447877e-02
  2.656460e-01   1.676143e+00   4.405925e-02
  2.703570e-01   1.625392e+00   4.352038e-02
  2.750680e-01   1.630751e+00   4.314358e-02
  2.797800e-01   1.672014e+00   4.268734e-02
  2.844910e-01   1.682833e+00   4.225515e-02
  2.892020e-01   1.647031e+00   4.178898e-02
  2.939130e-01   1.698874e+00   4.143785e-02
  2.986250e-01   1.686212e+00   4.102635e-02
  3.033360e-01   1.693242e+00   4.064761e-02
  3.080470e-01   1.684334e+00   4.033625e-02
  3.127580e-01   1.667338e+00   3.993174e-02
  3.174700e-01   1.718498e+00   3.966836e-02
  3.221810e-01   1.677577e+00   3.936055e-02
  3.268920e-01   1.761945e+00   3.903447e-02
  3.316030e-01   1.748259e+00   3.878560e-02
  3.363150e-01   1.748908e+00   3.907109e-02
  3.410260e-01   1.743174e+00   3.941840e-02
  3.457370e-01   1.737167e+00   3.956024e-02
  3.504480e-01   1.744096e+00   4.010235e-02
  3.551600e-01   1.734061e+00   4.090099e-02
  3.598710e-01   1.816689e+00   4.145089e-02
  3.645820e-01   1.748874e+00   4.194621e-02
  3.692930e-01   1.724983e+00   4.216881e-02
  3.740050e-01   1.784300e+00   4.250044e-02
  3.787160e-01   1.766075e+00   4.275601e-02
  3.834270e-01   1.802662e+00   4.290389e-02
  3.881380e-01   1.794573e+00   4.314949e-02
  3.928500e-01   1.778089e+00   4.423918e-02
  3.975610e-01   1.843174e+00   4.555587e-02
  4.022720e-01   1.851638e+00   4.652894e-02
  4.069830e-01   1.900171e+00   4.739898e-02
  4.116950e-01   1.837816e+00   4.811986e-02
  4.164060e-01   1.860751e+00   4.887092e-02
  4.211170e-01   1.941638e+00   4.964195e-02
  4.258280e-01   1.954505e+00   5.042154e-02
  4.305400e-01   1.953311e+00   5.108096e-02
  4.352510e-01   1.925563e+00   5.173826e-02
  4.399620e-01   1.868464e+00   5.249836e-02
  4.446730e-01   1.859420e+00   5.339652e-02
  4.493850e-01   1.881945e+00   5.419055e-02
  4.540960e-01   1.931672e+00   5.467618e-02
  4.588070e-01   1.913515e+00   5.286263e-02
  4.635180e-01   1.986860e+00   5.164003e-02
  4.682300e-01   1.982765e+00   5.088713e-02
  4.729410e-01   1.956997e+00   5.027208e-02
  4.776520e-01   1.944744e+00   4.976024e-02
  4.823640e-01   1.944027e+00   4.940242e-02
  4.870750e-01   1.943925e+00   4.902997e-02
  4.917860e-01   1.978976e+00   4.882843e-02
  4.964970e-01   1.985734e+00   4.849604e-02
  5.012090e-01   1.999454e+00   4.819645e-02
  5.059200e-01   1.966280e+00   4.804147e-02
  5.106310e-01   1.979249e+00   4.784246e-02
  5.153420e-01   1.870068e+00   4.753648e-02
  5.200540e-01   1.961570e+00   4.724334e-02
  5.247650e-01   2.028020e+00   4.698123e-02
  5.294760e-01   2.046280e+00   4.663116e-02
  5.341870e-01   2.065290e+00   4.620618e-02
  5.388990e-01   2.047986e+00   4.587734e-02
  5.436100e-01   1.978601e+00   4.557713e-02
  5.483210e-01   2.037099e+00   4.539659e-02
  5.530320e-01   2.043549e+00   4.506758e-02
  5.577440e-01   2.024676e+00   4.479529e-02
  5.624550e-01   2.048020e+00   4.451857e-02
  5.671660e-01   1.988464e+00   4.434454e-02
  5.718770e-01   2.060034e+00   4.416290e-02
  5.765890e-01   2.041502e+00   4.421324e-02
  5.813000e-01   2.050683e+00   4.410887e-02
  5.860110e-01   2.029113e+00   4.396263e-02
  5.907230e-01   2.074061e+00   4.386915e-02
  5.954340e-01   2.074812e+00   4.371727e-02
  6.001450e-01   2.029795e+00   4.356068e-02
  6.048560e-01   2.077099e+00   4.348990e-02
  6.095680e-01   2.046962e+00   4.343706e-02
  6.142790e-01   2.106314e+00   4.333515e-02
  6.189900e-01   2.083447e+00   4.319334e-02
  6.237010e-01   2.112014e+00   4.312044e-02
  6.284130e-01   2.089352e+00   4.304143e-02
  6.331240e-01   2.107543e+00   4.291713e-02
  6.378350e-01   2.103788e+00   4.279256e-02
  6.425460e-01   2.146758e+00   4.279850e-02
  6.472580e-01   2.084369e+00   4.269208e-02
  6.519690e-01   2.094300e+00   4.254648e-02
  6.566800e-01   2.108259e+00   4.247123e-02
  6.613910e-01   2.138089e+00   4.234942e-02
  6.661030e-01   2.154334e+00   4.224863e-02
  6.708140e-01   2.143652e+00   4.218904e-02
  6.755250e-01   2.106655e+00   4.203246e-02
  6.802360e-01   2.096177e+00   4.197283e-02
  6.849480e-01   2.091092e+00   4.189597e-02
  6.896590e-01   2.036348e+00   4.177184e-02
  6.943700e-01   2.087031e+00   4.169775e-02
  6.990810e-01   2.116485e+00   4.160024e-02
  7.037930e-01   2.105051e+00   4.158546e-02
  7.085040e-01   2.051570e+00   4.138652e-02
  7.132150e-01   2.115563e+00   4.139130e-02
  7.179260e-01   2.161672e+00   4.130993e-02
  7.226380e-01   2.166894e+00   4.122000e-02
  7.273490e-01   2.156519e+00   4.110382e-02
  7.320600e-01   2.128532e+00   4.099898e-02
  7.367710e-01   2.161297e+00   4.084850e-02
  7.414830e-01   2.177474e+00   4.082625e-02
  7.461940e-01   2.154573e+00   4.078451e-02
  7.509050e-01   2.126724e+00   4.070710e-02
  7.556160e-01   2.173447e+00   4.060870e-02
  7.603280e-01   2.160512e+00   4.058007e-02
  7.650390e-01   2.204300e+00   4.048710e-02
  7.697500e-01   2.182935e+00   4.032843e-02
  7.744620e-01   2.141536e+00   4.026218e-02
  7.791730e-01   2.152287e+00   4.017775e-02
  7.838840e-01   2.150580e+00   4.008488e-02
  7.885950e-01   2.194539e+00   4.001976e-02
  7.933070e-01   2.168635e+00   3.993085e-02
  7.980180e-01   2.127952e+00   3.991881e-02
  8.027290e-01   2.159249e+00   3.983706e-02
  8.074400e-01   2.095973e+00   3.979437e-02
  8.121520e-01   2.128020e+00   3.970294e-02
  8.168630e-01   2.152560e+00   3.955232e-02
  8.215740e-01   2.156860e+00   3.949232e-02
  8.262850e-01   2.126587e+00   3.938027e-02
  8.309970e-01   2.110683e+00   3.923515e-02
  8.357080e-01   2.149113e+00   3.916577e-02
  8.404190e-01   2.072594e+00   3.910478e-02
  8.451300e-01   2.128020e+00   3.908720e-02
  8.498420e-01   2.106041e+00   3.899826e-02
  8.545530e-01   2.138123e+00   3.889799e-02
  8.592640e-01   2.140512e+00   3.881986e-02
  8.639750e-01   2.163413e+00   3.884863e-02
  8.686870e-01   2.076382e+00   3.866218e-02
  8.733980e-01   2.114334e+00   3.854983e-02
  8.781090e-01   2.079693e+00   3.849819e-02
  8.828200e-01   2.120239e+00   3.839898e-02
  8.875320e-01   2.080205e+00   3.836833e-02
  8.922430e-01   2.075529e+00   3.825345e-02
  8.969540e-01   2.130819e+00   3.824341e-02
  9.016650e-01   2.103345e+00   3.819212e-02
  9.063770e-01   2.096826e+00   3.808270e-02
  9.110880e-01   2.114676e+00   3.798792e-02
  9.157990e-01   2.066997e+00   3.791693e-02
  9.205100e-01   2.074198e+00   3.789928e-02
  9.252220e-01   2.078805e+00   3.780816e-02
  9.299330e-01   2.097270e+00   3.768990e-02
  9.346440e-01   2.100887e+00   3.762498e-02
  9.393550e-01   2.043788e+00   3.756567e-02
  9.440670e-01   2.011502e+00   3.748891e-02
  9.487780e-01   2.029693e+00   3.739577e-02
  9.534890e-01   2.050785e+00   3.739556e-02
  9.582010e-01   2.049898e+00   3.734130e-02
  9.629120e-01   2.074369e+00   3.726580e-02
  9.676230e-01   2.053174e+00   3.715792e-02
  9.723340e-01   2.088840e+00   3.708990e-02
  9.770460e-01   2.086416e+00   3.700959e-02
  9.817570e-01   2.098157e+00   3.690259e-02
  9.864680e-01   2.047201e+00   3.686171e-02
  9.911790e-01   1.999420e+00   3.673355e-02
  9.958910e-01   1.989863e+00   3.666560e-02
  1.000600e+00   2.017031e+00   3.663058e-02
  1.005310e+00   2.013003e+00   3.658345e-02
  1.010020e+00   2.037372e+00   3.652157e-02
  1.014740e+00   2.005495e+00   3.642321e-02
  1.019450e+00   2.052048e+00   3.639908e-02
  1.024160e+00   2.023038e+00   3.631246e-02
  1.028870e+00   1.972116e+00   3.622754e-02
  1.033580e+00   1.948601e+00   3.617321e-02
  1.038290e+00   1.968055e+00   3.617939e-02
  1.043000e+00   2.007031e+00   3.611003e-02
  1.047710e+00   1.943413e+00   3.594768e-02
  1.052430e+00   1.983891e+00   3.596191e-02
  1.057140e+00   1.985461e+00   3.589536e-02
  1.061850e+00   1.958191e+00   3.582737e-02
  1.066560e+00   1.932082e+00   3.572788e-02
  1.071270e+00   1.996689e+00   3.568061e-02
  1.075980e+00   1.953618e+00   3.566587e-02
  1.080690e+00   1.898635e+00   3.560403e-02
  1.085400e+00   1.954096e+00   3.552287e-02
  1.090120e+00   1.955119e+00   3.544099e-02
  1.094830e+00   1.928635e+00   3.537137e-02
  1.099540e+00   1.906485e+00   3.532631e-02
  1.104250e+00   1.906143e+00   3.518065e-02
  1.108960e+00   1.899010e+00   3.516799e-02
  1.113670e+00   1.880887e+00   3.517174e-02
  1.118380e+00   1.880444e+00   3.498341e-02
  1.123090e+00   1.878055e+00   3.498802e-02
  1.127810e+00   1.860819e+00   3.490208e-02
  1.132520e+00   1.914164e+00   3.481720e-02
  1.137230e+00   1.894983e+00   3.476024e-02
  1.141940e+00   1.859863e+00   3.473727e-02
  1.146650e+00   1.882150e+00   3.470747e-02
  1.151360e+00   1.866962e+00   3.463447e-02
  1.156070e+00   1.898259e+00   3.458041e-02
  1.160780e+00   1.849863e+00   3.451901e-02
  1.165500e+00   1.890751e+00   3.449386e-02
  1.170210e+00   1.862901e+00   3.439768e-02
  1.174920e+00   1.803925e+00   3.434457e-02
  1.179630e+00   1.835768e+00   3.426898e-02
  1.184340e+00   1.850137e+00   3.421440e-02
  1.189050e+00   1.815358e+00   3.415816e-02
  1.193760e+00   1.873345e+00   3.420741e-02
  1.198470e+00   1.831126e+00   3.495648e-02
  1.203190e+00   1.831058e+00   3.578437e-02
  1.207900e+00   1.740546e+00   3.637826e-02
  1.212610e+00   1.753072e+00   3.687171e-02
  1.217320e+00   1.797509e+00   3.731433e-02
  1.222030e+00   1.830171e+00   3.768386e-02
  1.226740e+00   1.773823e+00   3.806068e-02
  1.231450e+00   1.781331e+00   3.838867e-02
  1.236160e+00   1.760922e+00   3.866048e-02
  1.240880e+00   1.759727e+00   3.896044e-02
  1.245590e+00   1.790990e+00   3.915106e-02
  1.250300e+00   1.778601e+00   3.927836e-02
  1.255010e+00   1.720341e+00   3.927932e-02
  1.259720e+00   1.740239e+00   3.934782e-02
  1.264430e+00   1.755529e+00   3.796440e-02
  1.269140e+00   1.771297e+00   3.698239e-02
  1.273850e+00   1.727065e+00   3.634891e-02
  1.278570e+00   1.721058e+00   3.591294e-02
  1.283280e+00   1.721536e+00   3.549031e-02
  1.287990e+00   1.720171e+00   3.515546e-02
  1.292700e+00   1.674061e+00   3.487198e-02
  1.297410e+00   1.696553e+00   3.455754e-02
  1.302120e+00   1.662116e+00   3.423891e-02
  1.306830e+00   1.705017e+00   3.413727e-02
  1.311540e+00   1.655563e+00   3.401503e-02
  1.316260e+00   1.681399e+00   3.392466e-02
  1.320970e+00   1.657747e+00   3.379197e-02
  1.325680e+00   1.668703e+00   3.374313e-02
  1.330390e+00   1.657986e+00   3.366444e-02
  1.335100e+00   1.653208e+00   3.361426e-02
  1.339810e+00   1.673174e+00   3.353569e-02
  1.344520e+00   1.645324e+00   3.341426e-02
  1.349230e+00   1.621365e+00   3.336744e-02
  1.353950e+00   1.619625e+00   3.330857e-02
  1.358660e+00   1.683754e+00   3.320567e-02
  1.363370e+00   1.629829e+00   3.312475e-02
  1.368080e+00   1.644539e+00   3.309534e-02
  1.372790e+00   1.594232e+00   3.296657e-02
  1.377500e+00   1.636826e+00   3.295410e-02
  1.382210e+00   1.608840e+00   3.288788e-02
  1.386920e+00   1.619727e+00   3.281555e-02
  1.391640e+00   1.612901e+00   3.276042e-02
  1.396350e+00   1.609522e+00   3.270262e-02
  1.401060e+00   1.578294e+00   3.261884e-02
  1.405770e+00   1.548396e+00   3.254512e-02
  1.410480e+00   1.538191e+00   3.251500e-02
  1.415190e+00   1.535563e+00   3.244144e-02
  1.419900e+00   1.530956e+00   3.237241e-02
  1.424610e+00   1.546758e+00   3.232726e-02
  1.429330e+00   1.552628e+00   3.230369e-02
  1.434040e+00   1.557645e+00   3.223742e-02
  1.438750e+00   1.510887e+00   3.218338e-02
  1.443460e+00   1.515017e+00   3.213573e-02
  1.448170e+00   1.478703e+00   3.205502e-02
  1.452880e+00   1.540956e+00   3.200528e-02
  1.457590e+00   1.476553e+00   3.193093e-02
  1.462300e+00   1.477201e+00   3.188785e-02
  1.467020e+00   1.455666e+00   3.182134e-02
  1.471730e+00   1.484266e+00   3.175951e-02
  1.476440e+00   1.456382e+00   3.171557e-02
  1.481150e+00   1.488669e+00   3.166015e-02
  1.485860e+00   1.453788e+00   3.161169e-02
  1.490570e+00   1.487270e+00   3.162222e-02
  1.495280e+00   1.500717e+00   3.152872e-02
  1.499990e+00   1.393072e+00   3.145943e-02
  1.504710e+00   1.474915e+00   3.142967e-02
  1.509420e+00   1.509249e+00   3.143722e-02
  1.514130e+00   1.435392e+00   3.149997e-02
  1.518840e+00   1.438498e+00   3.238142e-02
  1.523550e+00   1.424164e+00   3.296925e-02
  1.528260e+00   1.407577e+00   3.349574e-02
  1.532970e+00   1.436177e+00   3.384483e-02
  1.537680e+00   1.421877e+00   3.414167e-02
  1.542400e+00   1.462082e+00   3.418512e-02
  1.547110e+00   1.412457e+00   3.331919e-02
  1.551820e+00   1.388635e+00   3.287544e-02
  1.556530e+00   1.356280e+00   3.251464e-02
  1.561240e+00   1.384812e+00   3.222354e-02
  1.565950e+00   1.356655e+00   3.188909e-02
  1.570660e+00   1.407372e+00   3.152501e-02
  1.575370e+00   1.351126e+00   3.121303e-02
  1.580090e+00   1.319420e+00   3.092175e-02
  1.584800e+00   1.342935e+00   3.079885e-02
  1.589510e+00   1.310410e+00   3.069320e-02
  1.594220e+00   1.292014e+00   3.064516e-02
  1.598930e+00   1.348396e+00   3.073355e-02
  1.603640e+00   1.354334e+00   3.077413e-02
  1.608350e+00   1.335461e+00   3.081331e-02
  1.613060e+00   1.305188e+00   3.075626e-02
  1.617780e+00   1.365700e+00   3.074657e-02
  1.622490e+00   1.349113e+00   3.066502e-02
  1.627200e+00   1.299863e+00   3.060134e-02
  1.631910e+00   1.330580e+00   3.056798e-02
  1.636620e+00   1.303584e+00   3.052811e-02
  1.641330e+00   1.322082e+00   3.044599e-02
  1.646040e+00   1.270307e+00   3.034572e-02
  1.650750e+00   1.210956e+00   3.029965e-02
  1.655470e+00   1.296485e+00   3.026349e-02
  1.660180e+00   1.316041e+00   3.024358e-02
  1.664890e+00   1.293584e+00   3.019419e-02
  1.669600e+00   1.279249e+00   3.011024e-02
  1.674310e+00   1.263447e+00   3.007287e-02
  1.679020e+00   1.228225e+00   3.004115e-02
  1.683730e+00   1.212765e+00   2.998437e-02
  1.688440e+00   1.221365e+00   2.998199e-02
  1.693160e+00   1.227201e+00   2.990155e-02
  1.697870e+00   1.196519e+00   2.983435e-02
  1.702580e+00   1.178191e+00   2.977690e-02
  1.707290e+00   1.244130e+00   2.976518e-02
  1.712000e+00   1.208771e+00   2.974696e-02
  1.716710e+00   1.196621e+00   2.968353e-02
  1.721420e+00   1.195461e+00   2.959709e-02
  1.726130e+00   1.215119e+00   2.958266e-02
  1.730850e+00   1.200410e+00   2.954190e-02
  1.735560e+00   1.191195e+00   2.947601e-02
  1.740270e+00   1.157099e+00   2.942559e-02
  1.744980e+00   1.175461e+00   2.934532e-02
  1.749690e+00   1.220512e+00   2.935844e-02
  1.754400e+00   1.181331e+00   2.929269e-02
  1.759110e+00   1.167850e+00   2.924375e-02
  1.763820e+00   1.173038e+00   2.924774e-02
  1.768540e+00   1.197782e+00   2.918355e-02
  1.773250e+00   1.210785e+00   2.918714e-02
  1.777960e+00   1.173652e+00   2.913195e-02
  1.782670e+00   1.162560e+00   2.909069e-02
  1.787380e+00   1.163788e+00   2.903510e-02
  1.792090e+00   1.155188e+00   2.897446e-02
  1.796800e+00   1.167133e+00   2.897465e-02
  1.801510e+00   1.112150e+00   2.891961e-02
  1.806230e+00   1.096621e+00   2.886414e-02
  1.810940e+00   1.069522e+00   2.881606e-02
  1.815650e+00   1.146655e+00   2.877546e-02
  1.820360e+00   1.137952e+00   2.877056e-02
  1.825070e+00   1.101058e+00   2.873503e-02
  1.829780e+00   1.139078e+00   2.868504e-02
  1.834490e+00   1.067577e+00   2.860482e-02
  1.839200e+00   1.069283e+00   2.862446e-02
  1.843920e+00   1.066485e+00   2.858692e-02
  1.848630e+00   1.058294e+00   2.851015e-02
  1.853340e+00   1.059010e+00   2.845371e-02
  1.858050e+00   1.057816e+00   2.839038e-02
  1.862760e+00   1.089829e+00   2.840060e-02
  1.867470e+00   1.032184e+00   2.836393e-02
  1.872180e+00   1.031126e+00   2.830359e-02
  1.876890e+00   1.036382e+00   2.829281e-02
  1.881610e+00   1.021911e+00   2.824745e-02
  1.886320e+00   1.046928e+00   2.820983e-02
  1.891030e+00   9.937543e-01   2.816670e-02
  1.895740e+00   1.038635e+00   2.810583e-02
  1.900450e+00   1.063823e+00   2.811380e-02
  1.905160e+00   1.005495e+00   2.804764e-02
  1.909870e+00   1.004676e+00   2.801951e-02
  1.914590e+00   1.018123e+00   2.798091e-02
  1.919300e+00   1.031263e+00   2.794697e-02
  1.924010e+00   9.921160e-01   2.794023e-02
  1.928720e+00   1.002116e+00   2.790878e-02
  1.933430e+00   1.010444e+00   2.782253e-02
  1.938140e+00   9.515700e-01   2.770001e-02
  1.942850e+00   9.732082e-01   2.770119e-02
  1.947560e+00   1.000102e+00   2.758456e-02
  1.952280e+00   9.578157e-01   2.752123e-02
  1.956990e+00   9.559386e-01   2.747124e-02
  1.961700e+00   9.872696e-01   2.747368e-02
  1.966410e+00   9.940956e-01   2.745319e-02
  1.971120e+00   9.588737e-01   2.741447e-02
  1.975830e+00   9.911945e-01   2.738618e-02
  1.980540e+00   1.002765e+00   2.738867e-02
  1.985250e+00   9.897270e-01   2.736696e-02
  1.989970e+00   9.564505e-01   2.737814e-02
  1.994680e+00   9.439590e-01   2.738914e-02
  1.999390e+00   9.734471e-01   2.745402e-02
  2.004100e+00   9.559044e-01   2.809062e-02
  2.008810e+00   9.131399e-01   2.865567e-02
  2.013520e+00   9.350512e-01   2.904851e-02
  2.018230e+00   8.789761e-01   2.937696e-02
  2.022940e+00   8.971331e-01   2.966797e-02
  2.027660e+00   9.475768e-01   2.994143e-02
  2.032370e+00   9.783276e-01   3.007627e-02
  2.037080e+00   8.981911e-01   3.015169e-02
  2.041790e+00   8.659044e-01   3.023702e-02
  2.046500e+00   8.869283e-01   3.028846e-02
  2.051210e+00   8.646075e-01   3.041285e-02
  2.055920e+00   8.962457e-01   3.047683e-02
  2.060630e+00   8.864164e-01   3.052049e-02
  2.065350e+00   8.866553e-01   3.046334e-02
  2.070060e+00   8.642321e-01   2.954579e-02
  2.074770e+00   8.588396e-01   2.896269e-02
  2.079480e+00   9.007850e-01   2.858288e-02
  2.084190e+00   8.909556e-01   2.825394e-02
  2.088900e+00   8.738225e-01   2.800003e-02
  2.093610e+00   8.720137e-01   2.781922e-02
  2.098320e+00   8.511263e-01   2.769655e-02
  2.103040e+00   8.365188e-01   2.764084e-02
  2.107750e+00   8.238908e-01   2.750943e-02
  2.112460e+00   8.230717e-01   2.746673e-02
  2.117170e+00   8.550853e-01   2.743381e-02
  2.121880e+00   8.258362e-01   2.737670e-02
  2.126590e+00   8.513311e-01   2.729158e-02
  2.131300e+00   8.813652e-01   2.726108e-02
  2.136010e+00   8.628328e-01   2.720413e-02
  2.140730e+00   8.460068e-01   2.718071e-02
  2.145440e+00   8.186689e-01   2.706557e-02
  2.150150e+00   8.196587e-01   2.700962e-02
  2.154860e+00   8.340614e-01   2.701136e-02
  2.159570e+00   8.028328e-01   2.693908e-02
  2.164280e+00   8.108874e-01   2.687934e-02
  2.168990e+00   8.074403e-01   2.684216e-02
  2.173700e+00   7.737543e-01   2.682779e-02
  2.178420e+00   7.644369e-01   2.676114e-02
  2.183130e+00   8.229010e-01   2.672199e-02
  2.187840e+00   8.021160e-01   2.666981e-02
  2.192550e+00   7.539590e-01   2.665924e-02
  2.197260e+00   7.818771e-01   2.662876e-02
  2.201970e+00   7.925939e-01   2.658186e-02
  2.206680e+00   7.459727e-01   2.654472e-02
  2.211390e+00   7.566894e-01   2.647854e-02
  2.216110e+00   7.290102e-01   2.646685e-02
  2.220820e+00   7.321160e-01   2.640575e-02
  2.225530e+00   7.921843e-01   2.638166e-02
  2.230240e+00   7.507167e-01   2.634724e-02
  2.234950e+00   7.464505e-01   2.632102e-02
  2.239660e+00   7.669625e-01   2.628711e-02
  2.244370e+00   7.332082e-01   2.622669e-02
  2.249090e+00   7.603413e-01   2.618621e-02
  2.253800e+00   7.508532e-01   2.616663e-02
  2.258510e+00   7.331741e-01   2.613049e-02
  2.263220e+00   7.305119e-01   2.609800e-02
  2.267930e+00   7.468601e-01   2.605906e-02
  2.272640e+00   7.431058e-01   2.606435e-02
  2.277350e+00   7.312287e-01   2.602654e-02
  2.282060e+00   7.292491e-01   2.597560e-02
  2.286780e+00   7.079863e-01   2.593454e-02
  2.291490e+00   7.201706e-01   2.591157e-02
  2.296200e+00   7.280205e-01   2.588783e-02
  2.300910e+00   7.095563e-01   2.583996e-02
  2.305620e+00   6.841297e-01   2.581861e-02
  2.310330e+00   6.922867e-01   2.579622e-02
  2.315040e+00   6.956997e-01   2.576564e-02
  2.319750e+00   6.545734e-01   2.571230e-02
  2.324470e+00   6.995563e-01   2.568671e-02
  2.329180e+00   7.080887e-01   2.564640e-02
  2.333890e+00   6.759044e-01   2.562273e-02
  2.338600e+00   7.038908e-01   2.561771e-02
  2.343310e+00   7.201365e-01   2.557271e-02
  2.348020e+00   6.911263e-01   2.554346e-02
  2.352730e+00   7.107167e-01   2.550792e-02
  2.357440e+00   6.932423e-01   2.547043e-02
  2.362160e+00   6.707850e-01   2.543760e-02
  2.366870e+00   6.693857e-01   2.539360e-02
  2.371580e+00   6.602389e-01   2.538305e-02
  2.376290e+00   6.965529e-01   2.538424e-02
  2.381000e+00   6.517747e-01   2.534675e-02
  2.385710e+00   6.744369e-01   2.530309e-02
  2.390420e+00   6.240273e-01   2.529078e-02
  2.395130e+00   6.389420e-01   2.522290e-02
  2.399850e+00   6.902048e-01   2.523667e-02
  2.404560e+00   6.556655e-01   2.519848e-02
  2.409270e+00   5.931399e-01   2.513329e-02
  2.413980e+00   6.357338e-01   2.510811e-02
  2.418690e+00   6.690102e-01   2.510079e-02
  2.423400e+00   6.264164e-01   2.507332e-02
  2.428110e+00   6.632082e-01   2.507686e-02
  2.432820e+00   6.255973e-01   2.503527e-02
  2.437540e+00   6.403413e-01   2.500801e-02
  2.442250e+00   6.649829e-01   2.500179e-02
  2.446960e+00   6.432082e-01   2.492822e-02
  2.451670e+00   6.120478e-01   2.487626e-02
  2.456380e+00   6.052901e-01   2.489115e-02
  2.461090e+00   6.304437e-01   2.486717e-02
  2.465800e+00   5.982253e-01   2.483896e-02
  2.470510e+00   6.170990e-01   2.479459e-02
  2.475230e+00   6.121160e-01   2.475780e-02
  2.479940e+00   6.101365e-01   2.474343e-02
  2.484650e+00   6.333447e-01   2.475447e-02
  2.489360e+00   5.872696e-01   2.471929e-02
  2.494070e+00   5.684642e-01   2.467733e-02
  2.498780e+00   6.068259e-01   2.465213e-02
  2.503490e+00   6.089761e-01   2.463252e-02
  2.508200e+00   5.999317e-01   2.458285e-02
  2.512920e+00   5.731399e-01   2.452508e-02
  2.517630e+00   6.228328e-01   2.449943e-02
  2.522340e+00   6.032765e-01   2.443475e-02
  2.527050e+00   5.490785e-01   2.440034e-02
  2.531760e+00   5.525939e-01   2.437630e-02
  2.536470e+00   5.944710e-01   2.434855e-02
  2.541180e+00   5.912969e-01   2.433705e-02
  2.545890e+00   5.819454e-01   2.426738e-02
  2.550610e+00   5.811263e-01   2.424709e-02
  2.555320e+00   5.721843e-01   2.424606e-02
  2.560030e+00   5.645734e-01   2.421566e-02
  2.564740e+00   5.690102e-01   2.419671e-02
  2.569450e+00   5.563140e-01   2.418575e-02
  2.574160e+00   5.602389e-01   2.420011e-02
  2.578870e+00   5.706485e-01   2.421504e-02
  2.583580e+00   5.713652e-01   2.420579e-02
  2.588300e+00   5.476109e-01   2.415484e-02
  2.593010e+00   5.286007e-01   2.415912e-02
  2.597720e+00   5.610922e-01   2.414211e-02
  2.602430e+00   5.629010e-01   2.410528e-02
  2.607140e+00   5.333788e-01   2.406505e-02
  2.611850e+00   5.195222e-01   2.403703e-02
  2.616560e+00   5.151877e-01   2.402592e-02
  2.621270e+00   5.353584e-01   2.403572e-02
  2.625990e+00   5.442662e-01   2.400191e-02
  2.630700e+00   5.265188e-01   2.397403e-02
  2.635410e+00   5.603754e-01   2.394809e-02
  2.640120e+00   5.433447e-01   2.392481e-02
  2.644830e+00   5.211604e-01   2.389926e-02
  2.649540e+00   5.294539e-01   2.386011e-02
  2.654250e+00   5.617747e-01   2.383964e-02
  2.658960e+00   5.398294e-01   2.380998e-02
  2.663680e+00   4.869966e-01   2.378368e-02
  2.668390e+00   4.965529e-01   2.376566e-02
  2.673100e+00   4.994198e-01   2.374087e-02
  2.677810e+00   4.928328e-01   2.373678e-02
  2.682520e+00   5.229010e-01   2.372973e-02
  2.687230e+00   5.086689e-01   2.368070e-02
  2.691940e+00   5.134471e-01   2.364807e-02
  2.696650e+00   5.135495e-01   2.363512e-02
  2.701370e+00   4.994539e-01   2.363230e-02
  2.706080e+00   5.262799e-01   2.360638e-02
  2.710790e+00   5.460068e-01   2.359546e-02
  2.715500e+00   4.848464e-01   2.354172e-02
  2.720210e+00   4.655631e-01   2.353733e-02
  2.724920e+00   4.864164e-01   2.349201e-02
  2.729630e+00   4.847440e-01   2.347978e-02
  2.734340e+00   4.804096e-01   2.343045e-02
  2.739060e+00   4.813993e-01   2.341001e-02
  2.743770e+00   4.907850e-01   2.344418e-02
  2.748480e+00   4.656314e-01   2.341040e-02
  2.753190e+00   4.681570e-01   2.339147e-02
  2.757900e+00   4.879522e-01   2.338229e-02
  2.762610e+00   5.050853e-01   2.335458e-02
  2.767320e+00   4.662116e-01   2.330592e-02
  2.772030e+00   4.782594e-01   2.328820e-02
  2.776750e+00   4.776792e-01   2.325748e-02
  2.781460e+00   4.735836e-01   2.325690e-02
  2.786170e+00   4.469625e-01   2.322365e-02
  2.790880e+00   4.490785e-01   2.320556e-02
  2.795590e+00   4.732082e-01   2.317632e-02
  2.800300e+00   4.644710e-01   2.318404e-02
  2.805010e+00   4.568942e-01   2.327704e-02
  2.809720e+00   4.788055e-01   2.386584e-02
  2.814440e+00   4.617406e-01   2.425316e-02
  2.819150e+00   4.734471e-01   2.455773e-02
  2.823860e+00   4.436519e-01   2.474020e-02
  2.828570e+00   4.578840e-01   2.489729e-02
  2.833280e+00   4.663481e-01   2.500868e-02
  2.837990e+00   4.735836e-01   2.503467e-02
  2.842700e+00   4.385666e-01   2.508987e-02
  2.847410e+00   4.552218e-01   2.517213e-02
  2.852130e+00   4.316041e-01   2.523771e-02
  2.856840e+00   4.419454e-01   2.532470e-02
  2.861550e+00   4.457338e-01   2.532922e-02
  2.866260e+00   4.191468e-01   2.536824e-02
  2.870970e+00   4.354266e-01   2.518429e-02
  2.875680e+00   4.279863e-01   2.456608e-02
  2.880390e+00   4.424232e-01   2.416233e-02
  2.885100e+00   4.568601e-01   2.389097e-02
  2.889820e+00   4.349829e-01   2.370156e-02
  2.894530e+00   4.440614e-01   2.360666e-02
  2.899240e+00   4.396928e-01   2.352657e-02
  2.903950e+00   4.359727e-01   2.352776e-02
  2.908660e+00   4.467577e-01   2.348268e-02
  2.913370e+00   4.379863e-01   2.340495e-02
  2.918080e+00   4.593515e-01   2.336056e-02
  2.922790e+00   4.139590e-01   2.330120e-02
  2.927510e+00   4.486007e-01   2.327576e-02
  2.932220e+00   4.112628e-01   2.324163e-02
  2.936930e+00   3.857679e-01   2.319750e-02
  2.941640e+00   4.187713e-01   2.314722e-02
  2.946350e+00   4.482253e-01   2.314051e-02
  2.951060e+00   4.686689e-01   2.310971e-02
  2.955770e+00   4.149147e-01   2.306175e-02
  2.960480e+00   4.003072e-01   2.304082e-02
  2.965200e+00   4.086689e-01   2.301084e-02
  2.969910e+00   4.261092e-01   2.299360e-02
  2.974620e+00   4.129010e-01   2.294470e-02
  2.979330e+00   4.224232e-01   2.289301e-02
  2.984040e+00   4.152901e-01   2.288843e-02
  2.988750e+00   4.042662e-01   2.285870e-02
  2.993460e+00   3.905119e-01   2.280363e-02
  2.998170e+00   4.157679e-01   2.280740e-02
  3.002890e+00   4.070307e-01   2.281274e-02
  3.007600e+00   3.634471e-01   2.276533e-02
  3.012310e+00   4.056655e-01   2.276470e-02
  3.017020e+00   3.951536e-01   2.273212e-02
  3.021730e+00   4.023891e-01   2.268108e-02
  3.026440e+00   3.747782e-01   2.264718e-02
  3.031150e+00   3.449829e-01   2.262646e-02
  3.035860e+00   3.834130e-01   2.259012e-02
  3.040580e+00   3.837543e-01   2.256907e-02
  3.045290e+00   4.128669e-01   2.258097e-02
  3.050000e+00   4.136177e-01   2.254859e-02
  3.054710e+00   4.056655e-01   2.252267e-02
  3.059420e+00   3.816382e-01   2.248967e-02
  3.064130e+00   3.783618e-01   2.246140e-02
  3.068840e+00   3.551877e-01   2.245702e-02
  3.073550e+00   3.314676e-01   2.243201e-02
  3.078270e+00   3.601365e-01   2.241827e-02
  3.082980e+00   3.802048e-01   2.236795e-02
  3.087690e+00   3.989420e-01   2.236192e-02
  3.092400e+00   3.649488e-01   2.234205e-02
  3.097110e+00   3.565529e-01   2.233371e-02
  3.101820e+00   3.525939e-01   2.231656e-02
  3.106530e+00   3.539932e-01   2.226578e-02
  3.111240e+00   3.630375e-01   2.226089e-02
  3.115960e+00   3.765188e-01   2.224075e-02
  3.120670e+00   3.883618e-01   2.221851e-02
  3.125380e+00   3.830375e-01   2.222351e-02
  3.130090e+00   3.244369e-01   2.218071e-02
  3.134800e+00   3.791809e-01   2.213937e-02
  3.139510e+00   3.551877e-01   2.213507e-02
  3.144220e+00   3.163140e-01   2.211864e-02
  3.148930e+00   3.560751e-01   2.209373e-02
  3.153650e+00   3.664505e-01   2.207064e-02
  3.158360e+00   3.481229e-01   2.207605e-02
  3.163070e+00   3.634130e-01   2.204976e-02
  3.167780e+00   3.669625e-01   2.201606e-02
  3.172490e+00   3.647440e-01   2.199532e-02
  3.177200e+00   3.481911e-01   2.197491e-02
  3.181910e+00   3.879522e-01   2.198569e-02
  3.186620e+00   3.454608e-01   2.195804e-02
  3.191340e+00   3.203754e-01   2.190368e-02
  3.196050e+00   3.226621e-01   2.186245e-02
  3.200760e+00   3.666894e-01   2.183366e-02
  3.205470e+00   3.344369e-01   2.179069e-02
  3.210180e+00   3.664164e-01   2.177725e-02
  3.214890e+00   3.402048e-01   2.177894e-02
  3.219600e+00   3.284300e-01   2.173748e-02
  3.224310e+00   3.533447e-01   2.173452e-02
  3.229030e+00   3.122526e-01   2.172145e-02
  3.233740e+00   3.369625e-01   2.171221e-02
  3.238450e+00   3.515017e-01   2.169836e-02
  3.243160e+00   3.457338e-01   2.169209e-02
  3.247870e+00   3.685324e-01   2.166756e-02
  3.252580e+00   3.626621e-01   2.167912e-02
  3.257290e+00   3.702730e-01   2.166168e-02
  3.262000e+00   3.421160e-01   2.166727e-02
  3.266720e+00   3.477474e-01   2.162068e-02
  3.271430e+00   3.062457e-01   2.159574e-02
  3.276140e+00   3.192833e-01   2.160417e-02
  3.280850e+00   3.437884e-01   2.158595e-02
  3.285560e+00   3.499317e-01   2.158233e-02
  3.290270e+00   3.321160e-01   2.154215e-02
  3.294980e+00   3.436177e-01   2.153391e-02
  3.299690e+00   3.246075e-01   2.152290e-02
  3.304410e+00   2.883618e-01   2.150228e-02
  3.309120e+00   3.046416e-01   2.148867e-02
  3.313830e+00   3.058020e-01   2.147841e-02
  3.318540e+00   3.272696e-01   2.143071e-02
  3.323250e+00   3.297611e-01   2.144798e-02
  3.327960e+00   3.118771e-01   2.141224e-02
  3.332670e+00   3.300341e-01   2.138458e-02
  3.337380e+00   3.200683e-01   2.137728e-02
  3.342100e+00   3.102389e-01   2.138885e-02
  3.346810e+00   3.035836e-01   2.134697e-02
  3.351520e+00   2.952218e-01   2.134442e-02
  3.356230e+00   2.917065e-01   2.132546e-02
  3.360940e+00   2.984983e-01   2.130880e-02
  3.365650e+00   2.902730e-01   2.127800e-02
  3.370360e+00   3.060751e-01   2.127185e-02
  3.375070e+00   2.950853e-01   2.125551e-02
  3.379790e+00   3.038567e-01   2.123487e-02
  3.384500e+00   3.312628e-01   2.124893e-02
  3.389210e+00   2.995904e-01   2.134785e-02
  3.393920e+00   3.025939e-01   2.183434e-02
  3.398630e+00   3.006143e-01   2.215114e-02
  3.403340e+00   2.958020e-01   2.237067e-02
  3.408050e+00   2.895904e-01   2.254787e-02
  3.412760e+00   3.159044e-01   2.259215e-02
  3.417480e+00   3.228328e-01   2.261085e-02
  3.422190e+00   3.050512e-01   2.258944e-02
  3.426900e+00   2.808874e-01   2.266162e-02
  3.431610e+00   2.873720e-01   2.270649e-02
  3.436320e+00   2.845051e-01   2.276212e-02
  3.441030e+00   2.881229e-01   2.281735e-02
  3.445740e+00   2.900683e-01   2.283829e-02
  3.450450e+00   2.922867e-01   2.289546e-02
  3.455170e+00   2.994881e-01   2.294472e-02
  3.459880e+00   2.744710e-01   2.296969e-02
  3.464590e+00   2.749488e-01   2.298987e-02
  3.469300e+00   2.845392e-01   2.300567e-02
  3.474010e+00   2.941297e-01   2.304065e-02
  3.478720e+00   2.751536e-01   2.310096e-02
  3.483430e+00   2.772696e-01   2.314839e-02
  3.488140e+00   2.949488e-01   2.316908e-02
  3.492860e+00   2.875085e-01   2.320720e-02
  3.497570e+00   3.077816e-01   2.323431e-02
  3.502280e+00   2.818430e-01   2.328853e-02
  3.506990e+00   2.729010e-01   2.329864e-02
  3.511700e+00   2.603754e-01   2.331740e-02
  3.516410e+00   2.718771e-01   2.334631e-02
  3.521120e+00   2.685324e-01   2.336353e-02
  3.525830e+00   2.609898e-01   2.340344e-02
  3.530550e+00   2.749829e-01   2.340643e-02
  3.535260e+00   2.762457e-01   2.342669e-02
  3.539970e+00   2.837884e-01   2.347810e-02
  3.544680e+00   2.969966e-01   2.348189e-02
  3.549390e+00   2.808874e-01   2.349481e-02
  3.554100e+00   2.604096e-01   2.353036e-02
  3.558810e+00   2.216041e-01   2.352472e-02
  3.563520e+00   2.665529e-01   2.357283e-02
  3.568240e+00   2.759386e-01   2.358432e-02
  3.572950e+00   2.445734e-01   2.361567e-02
  3.577660e+00   2.446416e-01   2.363574e-02
  3.582370e+00   2.883276e-01   2.364247e-02
  3.587080e+00   2.770990e-01   2.363438e-02
  3.591790e+00   2.579863e-01   2.365659e-02
  3.596500e+00   2.761092e-01   2.366595e-02
  3.601210e+00   2.641297e-01   2.365374e-02
  3.605930e+00   2.529693e-01   2.369597e-02
  3.610640e+00   2.477133e-01   2.414339e-02
  3.615350e+00   3.080887e-01   2.487055e-02
  3.620060e+00   2.998976e-01   2.525199e-02
  3.624770e+00   2.796587e-01   2.555535e-02
  3.629480e+00   2.593857e-01   2.576789e-02
  3.634190e+00   2.202730e-01   2.594819e-02
  3.638900e+00   2.769625e-01   2.612323e-02
  3.643620e+00   2.249147e-01   2.629325e-02
  3.648330e+00   2.548464e-01   2.640702e-02
  3.653040e+00   2.620819e-01   2.651931e-02
  3.657750e+00   2.444027e-01   2.666686e-02
  3.662460e+00   2.382253e-01   2.676608e-02
  3.667170e+00   2.411263e-01   2.689766e-02
  3.671880e+00   2.837884e-01   2.706441e-02
  3.676590e+00   2.360410e-01   2.717916e-02
  3.681310e+00   2.302730e-01   2.728145e-02
  3.686020e+00   2.682594e-01   2.741467e-02
  3.690730e+00   2.409556e-01   2.748201e-02
  3.695440e+00   2.443686e-01   2.762483e-02
  3.700150e+00   2.717065e-01   2.775412e-02
  3.704860e+00   2.769966e-01   2.787568e-02
  3.709570e+00   2.594539e-01   2.798028e-02
  3.714280e+00   2.495904e-01   2.805202e-02
  3.719000e+00   2.464505e-01   2.819190e-02
  3.723710e+00   2.184300e-01   2.825927e-02
  3.728420e+00   2.409898e-01   2.840981e-02
  3.733130e+00   2.139932e-01   2.852856e-02
  3.737840e+00   2.317065e-01   2.863396e-02
  3.742550e+00   2.538225e-01   2.872626e-02
  3.747260e+00   2.358703e-01   2.882402e-02
  3.751980e+00   1.663481e-01   2.892919e-02
  3.756690e+00   2.639249e-01   2.908116e-02
  3.761400e+00   2.704096e-01   2.917835e-02
  3.766110e+00   2.456997e-01   2.929559e-02
  3.770820e+00   2.216382e-01   2.935212e-02
  3.775530e+00   2.182594e-01   2.947773e-02
  3.780240e+00   2.214334e-01   2.955752e-02
  3.784950e+00   2.186348e-01   2.970142e-02
  3.789670e+00   2.785324e-01   2.980915e-02
  3.794380e+00   2.484983e-01   2.992190e-02
  3.799090e+00   2.410239e-01   3.002574e-02
  3.803800e+00   2.729693e-01   3.015663e-02
  3.808510e+00   1.997611e-01   3.023031e-02
  3.813220e+00   2.036519e-01   3.034710e-02
  3.817930e+00   2.605119e-01   3.044653e-02
  3.822640e+00   2.325256e-01   3.053968e-02
  3.827360e+00   2.012287e-01   3.062546e-02
  3.832070e+00   2.276451e-01   3.072881e-02
  3.836780e+00   2.642321e-01   3.087123e-02
  3.841490e+00   2.584300e-01   3.098346e-02
  3.846200e+00   2.687031e-01   3.108633e-02
  3.850910e+00   2.417065e-01   3.122769e-02
  3.855620e+00   2.160751e-01   3.134716e-02
  3.860330e+00   2.431058e-01   3.145798e-02
  3.865050e+00   2.464164e-01   3.153667e-02
  3.869760e+00   2.576451e-01   3.167409e-02
  3.874470e+00   2.745392e-01   3.174428e-02
  3.879180e+00   2.445734e-01   3.185978e-02
  3.883890e+00   2.170990e-01   3.196467e-02
  3.888600e+00   2.626962e-01   3.209775e-02
  3.893310e+00   2.150512e-01   3.211851e-02
  3.898020e+00   2.327986e-01   3.222763e-02
  3.902740e+00   2.185666e-01   3.235717e-02
  3.907450e+00   2.282935e-01   3.252012e-02
  3.912160e+00   2.093515e-01   3.259186e-02
  3.916870e+00   2.169283e-01   3.262746e-02
  3.921580e+00   2.218430e-01   3.263802e-02
  3.926290e+00   2.276109e-01   3.268161e-02
  3.931000e+00   2.548123e-01   3.279335e-02
  3.935720e+00   2.280205e-01   3.295135e-02
  3.940430e+00   2.333106e-01   3.298449e-02
  3.945140e+00   1.854266e-01   3.306099e-02
  3.949850e+00   2.037884e-01   3.305251e-02
  3.954560e+00   1.998976e-01   3.309232e-02
  3.959270e+00   1.819795e-01   3.310005e-02
  3.963980e+00   1.674403e-01   3.313925e-02
  3.968690e+00   1.726962e-01   3.319089e-02
  3.973410e+00   2.026280e-01   3.329174e-02
  3.978120e+00   2.284983e-01   3.342477e-02
  3.982830e+00   1.894881e-01   3.349872e-02
  3.987540e+00   1.908532e-01   3.361571e-02
  3.992250e+00   1.976792e-01   3.373862e-02
  3.996960e+00   2.089078e-01   3.385164e-02
  4.001670e+00   2.150853e-01   3.394734e-02
  4.006380e+00   2.053242e-01   3.407366e-02
  4.011100e+00   1.952901e-01   3.417573e-02
  4.015810e+00   2.057338e-01   3.433993e-02
  4.020520e+00   2.349829e-01   3.446775e-02
  4.025230e+00   1.668259e-01   3.454809e-02
  4.029940e+00   2.108191e-01   3.470229e-02
  4.034650e+00   2.325256e-01   3.478099e-02
  4.039360e+00   2.288055e-01   3.489283e-02
  4.044070e+00   1.894198e-01   3.503655e-02
  4.048780e+00   2.097611e-01   3.515270e-02
  4.053500e+00   2.317406e-01   3.526659e-02
  4.058210e+00   1.941980e-01   3.539307e-02
  4.062920e+00   1.805802e-01   3.550498e-02
  4.067630e+00   2.106143e-01   3.562276e-02
  4.072340e+00   2.440956e-01   3.577986e-02
  4.077050e+00   2.058020e-01   3.590962e-02
  4.081760e+00   1.642662e-01   3.602584e-02
  4.086480e+00   1.793857e-01   3.616266e-02
  4.091190e+00   1.294198e-01   3.624915e-02
  4.095900e+00   2.018771e-01   3.639055e-02
  4.100610e+00   2.274403e-01   3.654427e-02
  4.105320e+00   1.700341e-01   3.665188e-02
  4.110030e+00   1.971331e-01   3.675433e-02
  4.114740e+00   2.315017e-01   3.691717e-02
  4.119450e+00   2.425256e-01   3.701778e-02
  4.124160e+00   1.859727e-01   3.721727e-02
  4.128880e+00   2.168259e-01   3.734406e-02
  4.133590e+00   2.304096e-01   3.750386e-02
  4.138300e+00   2.352901e-01   3.757536e-02
  4.143010e+00   2.503754e-01   3.772375e-02
  4.147720e+00   2.372355e-01   3.787331e-02
  4.152430e+00   1.810922e-01   3.807352e-02
  4.157140e+00   2.081911e-01   3.821526e-02
  4.161860e+00   1.995904e-01   3.832263e-02
  4.166570e+00   2.133788e-01   3.844833e-02
  4.171280e+00   1.956655e-01   3.860031e-02
  4.175990e+00   1.466894e-01   3.872137e-02
  4.180700e+00   1.874744e-01   3.887737e-02
  4.185410e+00   1.724915e-01   3.909348e-02
  4.190120e+00   1.692150e-01   3.917577e-02
  4.194830e+00   1.902730e-01   3.930044e-02
  4.199540e+00   2.004778e-01   3.949430e-02
  4.204260e+00   2.175427e-01   3.966256e-02
  4.208970e+00   2.030375e-01   3.980747e-02
  4.213680e+00   1.777816e-01   3.990386e-02
  4.218390e+00   1.808191e-01   4.001157e-02
  4.223100e+00   1.990444e-01   4.021696e-02
  4.227810e+00   1.912287e-01   4.045007e-02
  4.232520e+00   1.080205e-01   4.058601e-02
  4.237240e+00   1.384300e-01   4.074580e-02
  4.241950e+00   1.642662e-01   4.093000e-02
  4.246660e+00   1.814676e-01   4.102283e-02
  4.251370e+00   1.663823e-01   4.130338e-02
  4.256080e+00   1.883959e-01   4.149536e-02
  4.260790e+00   2.460751e-01   4.166201e-02
  4.265500e+00   1.729010e-01   4.173423e-02
  4.270210e+00   1.748123e-01   4.196051e-02
  4.274920e+00   1.964505e-01   4.215041e-02
  4.279640e+00   1.943003e-01   4.239246e-02
  4.284350e+00   2.055973e-01   4.246396e-02
  4.289060e+00   2.439590e-01   4.268082e-02
  4.293770e+00   1.671672e-01   4.288549e-02
  4.298480e+00   1.596928e-01   4.308563e-02
  4.303190e+00   2.068601e-01   4.324969e-02
  4.307900e+00   1.794198e-01   4.343614e-02
  4.312620e+00   1.329693e-01   4.355454e-02
  4.317330e+00   1.692491e-01   4.376689e-02
  4.322040e+00   2.051536e-01   4.397686e-02
  4.326750e+00   2.567235e-01   4.425580e-02
  4.331460e+00   1.805461e-01   4.437164e-02
  4.336170e+00   1.044710e-01   4.455724e-02
  4.340880e+00   1.015700e-01   4.468799e-02
  4.345590e+00   1.841638e-01   4.498959e-02
  4.350300e+00   2.201706e-01   4.524123e-02
  4.355020e+00   1.966553e-01   4.542256e-02
  4.359730e+00   2.123891e-01   4.581553e-02
  4.364440e+00   1.513652e-01   4.592642e-02
  4.369150e+00   9.962457e-02   4.611669e-02
  4.373860e+00   1.641980e-01   4.637577e-02
  4.378570e+00   1.438225e-01   4.666495e-02
  4.383280e+00   1.050171e-01   4.682522e-02
  4.388000e+00   1.210580e-01   4.701447e-02
  4.392710e+00   1.637884e-01   4.729379e-02
  4.397420e+00   2.298976e-01   4.743345e-02
  4.402130e+00   1.734130e-01   4.735314e-02
  4.406840e+00   1.907850e-01   4.750539e-02
  4.411550e+00   1.180546e-01   4.757543e-02
  4.416260e+00   1.616382e-01   4.753355e-02
  4.420970e+00   1.162457e-01   4.746481e-02
  4.425680e+00   1.588055e-01   4.756922e-02
  4.430400e+00   1.517747e-01   4.759853e-02
  4.435110e+00   1.238225e-01   4.770765e-02
  4.439820e+00   1.348805e-01   4.783212e-02
  4.444530e+00   1.532765e-01   4.808590e-02
  4.449240e+00   1.870307e-01   4.828485e-02
  4.453950e+00   1.409898e-01   4.850348e-02
  4.458660e+00   1.306485e-01   4.873027e-02
  4.463380e+00   2.102730e-01   4.895584e-02
  4.468090e+00   1.997270e-01   4.937358e-02
  4.472800e+00   1.911263e-01   4.950396e-02
  4.477510e+00   1.815358e-01   4.984587e-02
  4.482220e+00   1.242321e-01   5.016590e-02
  4.486930e+00   1.851877e-01   5.038867e-02
  4.491640e+00   2.144710e-01   5.064509e-02
  4.496350e+00   1.503072e-01   5.092655e-02
  4.501060e+00   1.646416e-01   5.125754e-02
  4.505780e+00   1.589420e-01   5.159099e-02
  4.510490e+00   1.978498e-01   5.197843e-02
  4.515200e+00   1.309556e-01   5.221372e-02
  4.519910e+00   1.525597e-01   5.252457e-02
  4.524620e+00   1.310922e-01   5.267321e-02
  4.529330e+00   1.047440e-01   5.299918e-02
  4.534040e+00   1.287372e-01   5.335160e-02
  4.538760e+00   1.733106e-01   5.369382e-02
  4.543470e+00   1.776451e-01   5.404898e-02
  4.548180e+00   1.395563e-01   5.443072e-02
  4.552890e+00   7.747440e-02   5.474341e-02
  4.557600e+00   1.225939e-01   5.503297e-02
  4.562310e+00   1.721843e-01   5.557860e-02
  4.567020e+00   1.590444e-01   5.576232e-02
  4.571730e+00   1.815358e-01   5.610539e-02
  4.576440e+00   1.298976e-01   5.658126e-02
  4.581160e+00   1.245734e-01   5.676358e-02
  4.585870e+00   1.318089e-01   5.742160e-02
  4.590580e+00   1.134812e-01   5.775116e-02
  4.595290e+00   1.692491e-01   5.813846e-02
  4.600000e+00   9.447099e-02   5.845560e-02
  4.604710e+00   1.166894e-01   5.890621e-02
  4.609420e+00   7.017065e-02   5.932382e-02
  4.614140e+00   9.324232e-02   5.989024e-02
  4.618850e+00   1.087372e-01   6.028819e-02
  4.623560e+00   1.079863e-01   6.071631e-02
  4.628270e+00   1.740956e-01   6.141369e-02
  4.632980e+00   2.105461e-01   6.179474e-02
  4.637690e+00   2.202730e-01   6.225174e-02
  4.642400e+00   2.433788e-01   6.282034e-02
  4.647110e+00   1.767235e-01   6.329304e-02
  4.651830e+00   1.109898e-01   6.377201e-02
  4.656540e+00   1.821843e-01   6.435805e-02
  4.661250e+00   1.580887e-01   6.487355e-02
  4.665960e+00   1.699317e-01   6.559570e-02
  4.670670e+00   1.664164e-01   6.609433e-02
  4.675380e+00   2.633447e-01   6.660611e-02
  4.680090e+00   1.723891e-01   6.732457e-02
  4.684800e+00   1.649829e-01   6.782809e-02
  4.689520e+00   9.890785e-02   6.835608e-02
  4.694230e+00   6.249147e-02   6.916744e-02
  4.698940e+00   2.358362e-02   6.991833e-02
  4.703650e+00   8.484642e-02   7.058396e-02
  4.708360e+00   7.511945e-02   7.129539e-02
  4.713070e+00   1.441980e-01   7.198474e-02
  4.717780e+00   1.664164e-01   7.293396e-02
  4.722490e+00   1.109898e-01   7.354966e-02
  4.727210e+00  -2.460751e-02   7.427922e-02
  4.731920e+00   7.044369e-02   7.516881e-02
  4.736630e+00   3.870307e-02   7.602683e-02
  4.741340e+00  -3.037543e-03   7.685188e-02
  4.746050e+00   4.675768e-03   7.793263e-02
  4.750760e+00   1.941980e-01   7.870133e-02
  4.755470e+00   4.682594e-02   7.947102e-02
  4.760180e+00   1.331058e-01   8.070485e-02
  4.764900e+00  -2.569966e-02   8.202044e-02
  4.769610e+00   9.266212e-02   8.327369e-02
  4.774320e+00   1.096587e-01   8.445672e-02
  4.779030e+00   1.279863e-02   8.552137e-02
  4.783740e+00   1.226621e-01   8.671474e-02
  4.788450e+00   1.746075e-01   8.790628e-02
  4.793160e+00   3.549488e-02   8.933396e-02
  4.797870e+00   1.067235e-01   9.076683e-02
  4.802590e+00   1.221160e-01   9.201799e-02
  4.807300e+00   1.015358e-01   9.395693e-02
  4.812010e+00   1.774744e-01   9.550915e-02
  4.816720e+00   3.167918e-01   9.735853e-02
  4.821430e+00   8.078498e-02   9.912451e-02
  4.826140e+00  -3.590444e-02   1.012218e-01
  4.830850e+00   3.689420e-02   1.034984e-01
  4.835560e+00   1.494198e-01   1.050834e-01
  4.840280e+00   1.194881e-01   1.072299e-01
  4.844990e+00   8.484642e-02   1.100790e-01
  4.849700e+00   1.336177e-01   1.130482e-01
  4.854410e+00   1.670990e-01   1.160361e-01
  4.859120e+00   2.242321e-01   1.192652e-01
  4.863830e+00   1.156655e-01   1.225698e-01
  4.868540e+00   2.054949e-01   1.257334e-01
  4.873260e+00   2.120137e-01   1.305185e-01
  4.877970e+00   2.592150e-01   1.351385e-01
  4.882680e+00   8.225256e-02   1.398730e-01
  4.887390e+00   5.146758e-02   1.450432e-01
  4.892100e+00   9.494881e-02   1.514336e-01
  4.896810e+00   2.775427e-01   1.595527e-01
  4.901520e+00   2.636860e-01   1.675823e-01
  4.906230e+00   1.837201e-01   1.764049e-01
  4.910940e+00   1.273720e-01   1.884648e-01
  4.915660e+00   1.091126e-01   2.030538e-01
  4.920370e+00   1.369966e-01   2.218988e-01
  4.925080e+00   2.104778e-01   2.445515e-01
  4.929790e+00   4.994881e-01   2.823081e-01
  4.934500e+00  -1.290102e-01   3.335427e-01
  4.939210e+00  -3.649147e-01   4.297529e-01
  4.943920e+00  -2.812287e-02   7.730239e-01
# Parent(s): /var/folders/pn/2bhcrbl54bz_rm31rsqp3gph0000gn/T/qt_temp.JL2990 /var/folders/pn/2bhcrbl54bz_rm31rsqp3gph0000gn/T/qt_temp.ux2990
# Parent(s): /Users/giulio/Downloads/r822_r82/average/2.93_mgml_mM25_029_ave.dat
# range-from: 1
# range-to: 1043
# datop-operation: /var/folders/pn/2bhcrbl54bz_rm31rsqp3gph0000gn/T/qt_temp.JL2990 SUB /var/folders/pn/2bhcrbl54bz_rm31rsqp3gph0000gn/T/qt_temp.ux2990
# parent: /Users/giulio/Downloads/r822_r82/average/sub_001.dat
# creator: datop
# creator-version: v0.4 (r4556)
# datop-operation: /Users/giulio/Downloads/r822_r82/average/sub_001.dat DIV 2.93
