# [1]
# Sample c= 19.87 mg/ml
# Intensity scaled by concentration
# Buffer subtracted data file:
# Protein DatFile = /data/visitor/mx1908/bm29/20161119/giulio/1d/mM150_101_ave.dat
# Buffer DatFile = /data/visitor/mx1908/bm29/20161119/giulio/ednaSub/mM150_101_ave_averbuffer.dat
# 
# AutoRg: Rg   =   0.8196 +/- 0.24 ( 29.8%)
# AutoRg: I(0) =   3.03 +/- 0.0053
# AutoRg: Points   213 to 299 ( 87 total)
# AutoRg: Quality: 64.0%
# 
# 
# Sample Information:
# Storage Temperature (degrees C): 20.0
# Measurement Temperature (degrees C): 19.95
# Concentration: 19.87
# Code: 
3.479420999999999903e-02   2.431813e+00   4.329298e-01
3.950545999999999919e-02   2.786631e+00   1.726452e-01
4.421672000000000102e-02   2.856442e+00   1.133366e-01
4.892798000000000286e-02   2.751991e+00   8.741688e-02
5.363923000000000302e-02   2.645398e+00   7.058334e-02
5.835048999999999791e-02   2.598117e+00   5.853406e-02
6.306174999999999975e-02   2.522373e+00   4.914086e-02
6.777299999999999991e-02   2.672724e+00   4.255339e-02
7.248425999999999481e-02   2.645950e+00   3.744584e-02
7.719552000000000358e-02   2.675044e+00   3.360276e-02
8.190677000000000374e-02   2.678840e+00   3.035672e-02
8.661802999999999864e-02   2.704068e+00   2.783886e-02
9.132928999999999353e-02   2.677376e+00   2.579719e-02
9.604053999999999369e-02   2.680014e+00   2.421762e-02
1.007518000000000025e-01   2.677344e+00   2.279468e-02
1.054631000000000041e-01   2.689537e+00   2.156892e-02
1.101743000000000028e-01   2.689100e+00   2.052295e-02
1.148856000000000044e-01   2.691743e+00   1.962311e-02
1.195968000000000031e-01   2.667459e+00   1.881127e-02
1.243081000000000047e-01   2.705335e+00   1.813586e-02
1.290193000000000034e-01   2.700923e+00   1.753977e-02
1.337306000000000050e-01   2.676543e+00   1.696361e-02
1.384419000000000066e-01   2.649704e+00   1.644212e-02
1.431531000000000053e-01   2.680823e+00   1.598983e-02
1.478644000000000069e-01   2.669482e+00   1.556047e-02
1.525756000000000057e-01   2.684281e+00   1.522221e-02
1.572869000000000073e-01   2.659028e+00   1.483816e-02
1.619981000000000060e-01   2.659980e+00   1.449932e-02
1.667094000000000076e-01   2.652625e+00   1.419868e-02
1.714206000000000063e-01   2.658206e+00   1.393893e-02
1.761319000000000079e-01   2.669193e+00   1.370294e-02
1.808432000000000095e-01   2.665446e+00   1.342269e-02
1.855544000000000082e-01   2.663174e+00   1.321116e-02
1.902657000000000098e-01   2.666064e+00   1.301893e-02
1.949769000000000085e-01   2.686166e+00   1.284674e-02
1.996882000000000101e-01   2.667632e+00   1.260981e-02
2.043994000000000089e-01   2.664578e+00   1.242242e-02
2.091107000000000105e-01   2.658715e+00   1.225152e-02
2.138220000000000121e-01   2.682858e+00   1.213620e-02
2.185332000000000108e-01   2.678116e+00   1.196165e-02
2.232445000000000124e-01   2.683105e+00   1.180306e-02
2.279557000000000111e-01   2.658477e+00   1.164149e-02
2.326670000000000127e-01   2.668808e+00   1.151242e-02
2.373782000000000114e-01   2.661738e+00   1.137584e-02
2.420895000000000130e-01   2.656217e+00   1.122635e-02
2.468007000000000117e-01   2.650794e+00   1.110602e-02
2.515120000000000133e-01   2.668092e+00   1.101343e-02
2.562232999999999872e-01   2.660894e+00   1.088824e-02
2.609345000000000137e-01   2.652916e+00   1.075923e-02
2.656457999999999875e-01   2.667408e+00   1.066804e-02
2.703570000000000140e-01   2.675421e+00   1.058628e-02
2.750682999999999878e-01   2.670134e+00   1.049040e-02
2.797795000000000143e-01   2.665598e+00   1.036561e-02
2.844907999999999881e-01   2.668652e+00   1.027613e-02
2.892021000000000175e-01   2.657678e+00   1.018029e-02
2.939132999999999885e-01   2.672396e+00   1.011216e-02
2.986246000000000178e-01   2.675297e+00   1.001906e-02
3.033357999999999888e-01   2.679930e+00   9.937512e-03
3.080471000000000181e-01   2.670352e+00   9.855155e-03
3.127582999999999891e-01   2.672462e+00   9.775580e-03
3.174696000000000184e-01   2.676668e+00   9.691039e-03
3.221808999999999923e-01   2.660918e+00   9.602696e-03
3.268921000000000188e-01   2.659395e+00   9.535617e-03
3.316033999999999926e-01   2.663057e+00   9.477649e-03
3.363146000000000191e-01   2.676142e+00   9.564459e-03
3.410258999999999929e-01   2.672478e+00   9.653237e-03
3.457371000000000194e-01   2.680831e+00   9.697904e-03
3.504483999999999932e-01   2.683938e+00   9.829121e-03
3.551596000000000197e-01   2.674112e+00   1.003228e-02
3.598708999999999936e-01   2.667308e+00   1.015209e-02
3.645822000000000229e-01   2.676580e+00   1.026744e-02
3.692933999999999939e-01   2.680904e+00   1.035041e-02
3.740047000000000232e-01   2.683403e+00   1.043257e-02
3.787158999999999942e-01   2.678855e+00   1.048572e-02
3.834272000000000236e-01   2.666644e+00   1.053162e-02
3.881383999999999945e-01   2.685338e+00   1.059854e-02
3.928497000000000239e-01   2.701040e+00   1.086794e-02
3.975609999999999977e-01   2.676042e+00   1.116448e-02
4.022722000000000242e-01   2.670359e+00   1.141084e-02
4.069834999999999980e-01   2.675113e+00   1.163157e-02
4.116947000000000245e-01   2.666979e+00   1.180538e-02
4.164059999999999984e-01   2.672767e+00   1.199188e-02
4.211172000000000248e-01   2.669062e+00   1.217291e-02
4.258284999999999987e-01   2.672306e+00   1.235839e-02
4.305397000000000252e-01   2.665672e+00   1.253060e-02
4.352509999999999990e-01   2.683521e+00   1.272611e-02
4.399622999999999728e-01   2.674021e+00   1.289645e-02
4.446734999999999993e-01   2.689135e+00   1.314508e-02
4.493847999999999732e-01   2.676662e+00   1.331975e-02
4.540959999999999996e-01   2.673250e+00   1.342976e-02
4.588072999999999735e-01   2.685661e+00   1.296575e-02
4.635185000000000000e-01   2.684612e+00   1.265203e-02
4.682297999999999738e-01   2.667635e+00   1.244947e-02
4.729411000000000032e-01   2.661934e+00   1.231320e-02
4.776522999999999741e-01   2.678670e+00   1.222039e-02
4.823636000000000035e-01   2.670034e+00   1.212992e-02
4.870747999999999744e-01   2.669780e+00   1.204431e-02
4.917861000000000038e-01   2.664409e+00   1.197787e-02
4.964972999999999748e-01   2.658031e+00   1.188379e-02
5.012086000000000041e-01   2.656566e+00   1.182707e-02
5.059198999999999780e-01   2.645816e+00   1.176636e-02
5.106311000000000044e-01   2.664136e+00   1.173495e-02
5.153423999999999783e-01   2.650290e+00   1.164314e-02
5.200536000000000048e-01   2.655868e+00   1.157232e-02
5.247648999999999786e-01   2.672677e+00   1.151157e-02
5.294761000000000051e-01   2.668775e+00   1.143718e-02
5.341873999999999789e-01   2.650524e+00   1.132399e-02
5.388986000000000054e-01   2.649537e+00   1.125180e-02
5.436098999999999792e-01   2.647704e+00   1.117440e-02
5.483211999999999531e-01   2.644352e+00   1.109782e-02
5.530323999999999796e-01   2.637758e+00   1.102541e-02
5.577436999999999534e-01   2.641714e+00   1.096739e-02
5.624548999999999799e-01   2.635834e+00   1.089858e-02
5.671661999999999537e-01   2.625374e+00   1.084081e-02
5.718773999999999802e-01   2.642936e+00   1.082794e-02
5.765886999999999540e-01   2.642902e+00   1.079755e-02
5.813000000000000389e-01   2.635416e+00   1.076727e-02
5.860111999999999544e-01   2.640599e+00   1.074485e-02
5.907225000000000392e-01   2.649619e+00   1.072846e-02
5.954336999999999547e-01   2.638681e+00   1.069224e-02
6.001450000000000395e-01   2.627334e+00   1.066077e-02
6.048561999999999550e-01   2.621249e+00   1.062220e-02
6.095675000000000399e-01   2.619065e+00   1.060839e-02
6.142788000000000137e-01   2.627076e+00   1.058402e-02
6.189900000000000402e-01   2.635782e+00   1.055865e-02
6.237013000000000140e-01   2.654376e+00   1.056970e-02
6.284125000000000405e-01   2.649817e+00   1.054194e-02
6.331238000000000143e-01   2.619583e+00   1.047301e-02
6.378350000000000408e-01   2.634669e+00   1.046310e-02
6.425463000000000147e-01   2.632310e+00   1.044094e-02
6.472575000000000411e-01   2.606727e+00   1.039140e-02
6.519688000000000150e-01   2.604894e+00   1.036333e-02
6.566800999999999888e-01   2.608350e+00   1.034764e-02
6.613913000000000153e-01   2.608360e+00   1.032118e-02
6.661025999999999891e-01   2.612111e+00   1.030755e-02
6.708138000000000156e-01   2.629729e+00   1.029973e-02
6.755250999999999895e-01   2.608074e+00   1.025216e-02
6.802363000000000159e-01   2.622384e+00   1.024440e-02
6.849475999999999898e-01   2.600551e+00   1.020093e-02
6.896588999999999636e-01   2.591744e+00   1.016632e-02
6.943700999999999901e-01   2.602391e+00   1.015338e-02
6.990813999999999639e-01   2.600752e+00   1.013492e-02
7.037925999999999904e-01   2.595892e+00   1.010630e-02
7.085038999999999643e-01   2.599166e+00   1.008881e-02
7.132150999999999907e-01   2.602882e+00   1.006846e-02
7.179263999999999646e-01   2.593759e+00   1.004618e-02
7.226375999999999911e-01   2.589757e+00   1.002345e-02
7.273488999999999649e-01   2.590102e+00   1.000280e-02
7.320602000000000498e-01   2.585826e+00   9.959840e-03
7.367713999999999652e-01   2.580695e+00   9.942215e-03
7.414827000000000501e-01   2.580345e+00   9.926555e-03
7.461938999999999655e-01   2.580314e+00   9.905174e-03
7.509052000000000504e-01   2.584295e+00   9.886146e-03
7.556163999999999659e-01   2.578867e+00   9.861358e-03
7.603277000000000507e-01   2.572357e+00   9.838275e-03
7.650390000000000246e-01   2.581295e+00   9.827641e-03
7.697502000000000510e-01   2.585781e+00   9.811622e-03
7.744615000000000249e-01   2.568741e+00   9.773610e-03
7.791727000000000514e-01   2.565539e+00   9.747899e-03
7.838840000000000252e-01   2.561760e+00   9.727422e-03
7.885952000000000517e-01   2.545605e+00   9.682060e-03
7.933065000000000255e-01   2.552534e+00   9.685017e-03
7.980177999999999994e-01   2.562133e+00   9.678090e-03
8.027290000000000258e-01   2.563917e+00   9.652650e-03
8.074402999999999997e-01   2.546005e+00   9.623655e-03
8.121515000000000262e-01   2.534154e+00   9.579835e-03
8.168628000000000000e-01   2.537823e+00   9.562703e-03
8.215740000000000265e-01   2.531728e+00   9.544173e-03
8.262853000000000003e-01   2.541777e+00   9.538606e-03
8.309965000000000268e-01   2.545299e+00   9.521900e-03
8.357078000000000007e-01   2.538958e+00   9.494756e-03
8.404190999999999745e-01   2.529210e+00   9.466254e-03
8.451303000000000010e-01   2.528264e+00   9.451951e-03
8.498415999999999748e-01   2.529842e+00   9.426304e-03
8.545528000000000013e-01   2.526749e+00   9.405133e-03
8.592640999999999751e-01   2.524226e+00   9.391928e-03
8.639753000000000016e-01   2.519252e+00   9.364246e-03
8.686865999999999755e-01   2.512301e+00   9.338112e-03
8.733978999999999493e-01   2.502444e+00   9.314828e-03
8.781090999999999758e-01   2.494527e+00   9.291278e-03
8.828203999999999496e-01   2.516584e+00   9.296777e-03
8.875315999999999761e-01   2.490686e+00   9.246546e-03
8.922428999999999499e-01   2.484221e+00   9.226372e-03
8.969540999999999764e-01   2.483626e+00   9.210899e-03
9.016653999999999503e-01   2.477243e+00   9.185736e-03
9.063767000000000351e-01   2.496632e+00   9.181601e-03
9.110878999999999506e-01   2.476747e+00   9.145851e-03
9.157992000000000354e-01   2.464590e+00   9.118978e-03
9.205103999999999509e-01   2.477817e+00   9.116609e-03
9.252217000000000358e-01   2.473876e+00   9.098836e-03
9.299328999999999512e-01   2.454325e+00   9.060417e-03
9.346442000000000361e-01   2.453125e+00   9.041662e-03
9.393553999999999515e-01   2.472759e+00   9.044239e-03
9.440667000000000364e-01   2.445781e+00   9.003591e-03
9.487780000000000102e-01   2.433800e+00   8.971879e-03
9.534892000000000367e-01   2.433280e+00   8.956121e-03
9.582005000000000106e-01   2.453118e+00   8.963572e-03
9.629117000000000370e-01   2.442105e+00   8.940222e-03
9.676230000000000109e-01   2.442937e+00   8.917453e-03
9.723342000000000374e-01   2.430757e+00   8.887563e-03
9.770455000000000112e-01   2.426292e+00   8.866515e-03
9.817567999999999850e-01   2.416196e+00   8.848617e-03
9.864680000000000115e-01   2.404022e+00   8.818068e-03
9.911792999999999854e-01   2.414170e+00   8.811704e-03
9.958905000000000118e-01   2.409282e+00   8.799780e-03
1.000601999999999991e+00   2.404672e+00   8.776094e-03
1.005312999999999901e+00   2.397526e+00   8.749634e-03
1.010024000000000033e+00   2.407971e+00   8.744739e-03
1.014736000000000082e+00   2.383014e+00   8.708477e-03
1.019446999999999992e+00   2.376713e+00   8.689510e-03
1.024157999999999902e+00   2.376652e+00   8.670498e-03
1.028869000000000034e+00   2.374949e+00   8.654150e-03
1.033581000000000083e+00   2.386660e+00   8.653453e-03
1.038291999999999993e+00   2.381102e+00   8.631772e-03
1.043002999999999902e+00   2.357819e+00   8.593563e-03
1.047714000000000034e+00   2.360824e+00   8.578019e-03
1.052426000000000084e+00   2.353976e+00   8.565275e-03
1.057136999999999993e+00   2.354093e+00   8.551335e-03
1.061847999999999903e+00   2.345098e+00   8.520619e-03
1.066559000000000035e+00   2.338422e+00   8.497321e-03
1.071271000000000084e+00   2.345470e+00   8.496162e-03
1.075981999999999994e+00   2.334886e+00   8.472591e-03
1.080692999999999904e+00   2.321830e+00   8.448656e-03
1.085404000000000035e+00   2.327447e+00   8.433579e-03
1.090116000000000085e+00   2.306300e+00   8.399148e-03
1.094826999999999995e+00   2.313588e+00   8.398743e-03
1.099537999999999904e+00   2.317723e+00   8.388343e-03
1.104249000000000036e+00   2.295379e+00   8.346777e-03
1.108961000000000086e+00   2.287339e+00   8.330859e-03
1.113671999999999995e+00   2.292232e+00   8.324025e-03
1.118382999999999905e+00   2.280027e+00   8.300964e-03
1.123094000000000037e+00   2.284321e+00   8.289001e-03
1.127806000000000086e+00   2.277711e+00   8.265991e-03
1.132516999999999996e+00   2.277054e+00   8.248365e-03
1.137227999999999906e+00   2.265823e+00   8.229486e-03
1.141939000000000037e+00   2.266802e+00   8.217242e-03
1.146651000000000087e+00   2.256326e+00   8.196136e-03
1.151361999999999997e+00   2.241975e+00   8.168441e-03
1.156072999999999906e+00   2.243226e+00   8.164050e-03
1.160784000000000038e+00   2.239894e+00   8.148165e-03
1.165496000000000087e+00   2.220883e+00   8.110032e-03
1.170206999999999997e+00   2.226893e+00   8.097613e-03
1.174917999999999907e+00   2.225390e+00   8.087666e-03
1.179629999999999956e+00   2.209285e+00   8.057540e-03
1.184341000000000088e+00   2.204501e+00   8.036091e-03
1.189051999999999998e+00   2.199698e+00   8.021673e-03
1.193762999999999908e+00   2.202427e+00   8.022301e-03
1.198474999999999957e+00   2.206843e+00   8.199115e-03
1.203186000000000089e+00   2.194564e+00   8.401637e-03
1.207896999999999998e+00   2.180449e+00   8.533666e-03
1.212607999999999908e+00   2.176595e+00   8.645676e-03
1.217319999999999958e+00   2.172679e+00   8.737875e-03
1.222031000000000089e+00   2.165028e+00   8.814533e-03
1.226741999999999999e+00   2.168708e+00   8.902866e-03
1.231452999999999909e+00   2.162663e+00   8.977846e-03
1.236164999999999958e+00   2.153545e+00   9.042805e-03
1.240876000000000090e+00   2.150487e+00   9.104113e-03
1.245587000000000000e+00   2.140044e+00   9.136513e-03
1.250297999999999909e+00   2.138377e+00   9.153751e-03
1.255009999999999959e+00   2.137873e+00   9.176286e-03
1.259721000000000091e+00   2.126272e+00   9.171631e-03
1.264432000000000000e+00   2.141386e+00   8.853637e-03
1.269142999999999910e+00   2.112655e+00   8.604200e-03
1.273854999999999960e+00   2.113242e+00   8.463223e-03
1.278566000000000091e+00   2.094722e+00   8.330376e-03
1.283277000000000001e+00   2.101345e+00   8.250305e-03
1.287987999999999911e+00   2.088335e+00   8.161567e-03
1.292699999999999960e+00   2.081969e+00   8.084657e-03
1.297411000000000092e+00   2.086814e+00   8.022082e-03
1.302122000000000002e+00   2.072161e+00   7.951004e-03
1.306832999999999911e+00   2.070976e+00   7.910092e-03
1.311544999999999961e+00   2.072623e+00   7.888227e-03
1.316256000000000093e+00   2.059933e+00   7.858563e-03
1.320967000000000002e+00   2.043701e+00   7.819495e-03
1.325677999999999912e+00   2.030553e+00   7.787854e-03
1.330389999999999961e+00   2.037746e+00   7.775675e-03
1.335101000000000093e+00   2.035951e+00   7.755677e-03
1.339812000000000003e+00   2.018566e+00   7.724054e-03
1.344522999999999913e+00   2.006199e+00   7.699848e-03
1.349234999999999962e+00   2.012053e+00   7.686324e-03
1.353946000000000094e+00   2.007504e+00   7.665260e-03
1.358657000000000004e+00   2.003470e+00   7.641867e-03
1.363369000000000053e+00   1.992031e+00   7.622007e-03
1.368079999999999963e+00   1.990727e+00   7.602341e-03
1.372791000000000095e+00   1.986903e+00   7.583937e-03
1.377502000000000004e+00   1.974562e+00   7.564171e-03
1.382214000000000054e+00   1.970040e+00   7.541966e-03
1.386924999999999963e+00   1.959889e+00   7.520262e-03
1.391636000000000095e+00   1.967162e+00   7.516626e-03
1.396347000000000005e+00   1.952396e+00   7.487981e-03
1.401059000000000054e+00   1.949595e+00   7.465910e-03
1.405769999999999964e+00   1.948511e+00   7.453940e-03
1.410481000000000096e+00   1.929646e+00   7.428029e-03
1.415192000000000005e+00   1.931671e+00   7.411586e-03
1.419904000000000055e+00   1.921861e+00   7.390590e-03
1.424614999999999965e+00   1.913978e+00   7.370862e-03
1.429326000000000096e+00   1.910186e+00   7.357494e-03
1.434037000000000006e+00   1.901748e+00   7.337135e-03
1.438749000000000056e+00   1.894892e+00   7.320270e-03
1.443459999999999965e+00   1.875717e+00   7.293644e-03
1.448171000000000097e+00   1.874724e+00   7.277860e-03
1.452882000000000007e+00   1.878912e+00   7.269727e-03
1.457594000000000056e+00   1.866153e+00   7.244567e-03
1.462304999999999966e+00   1.865147e+00   7.232249e-03
1.467016000000000098e+00   1.855864e+00   7.211498e-03
1.471727000000000007e+00   1.847495e+00   7.186498e-03
1.476439000000000057e+00   1.853877e+00   7.188581e-03
1.481149999999999967e+00   1.838531e+00   7.162866e-03
1.485861000000000098e+00   1.818527e+00   7.131653e-03
1.490572000000000008e+00   1.819497e+00   7.120496e-03
1.495284000000000058e+00   1.818395e+00   7.111924e-03
1.499994999999999967e+00   1.807004e+00   7.087159e-03
1.504706000000000099e+00   1.805922e+00   7.073000e-03
1.509417000000000009e+00   1.806740e+00   7.068942e-03
1.514129000000000058e+00   1.799197e+00   7.072398e-03
1.518839999999999968e+00   1.800933e+00   7.279620e-03
1.523551000000000100e+00   1.785738e+00   7.417910e-03
1.528262999999999927e+00   1.777460e+00   7.514537e-03
1.532974000000000059e+00   1.768591e+00   7.594458e-03
1.537684999999999969e+00   1.778722e+00   7.682588e-03
1.542396000000000100e+00   1.769833e+00   7.671946e-03
1.547107999999999928e+00   1.769732e+00   7.471000e-03
1.551819000000000059e+00   1.756148e+00   7.362988e-03
1.556529999999999969e+00   1.744493e+00   7.279801e-03
1.561241000000000101e+00   1.738279e+00   7.198280e-03
1.565952999999999928e+00   1.734603e+00   7.128176e-03
1.570664000000000060e+00   1.724361e+00   7.042160e-03
1.575374999999999970e+00   1.737024e+00   6.981529e-03
1.580086000000000102e+00   1.721526e+00   6.903609e-03
1.584797999999999929e+00   1.706976e+00   6.857710e-03
1.589509000000000061e+00   1.688073e+00   6.819051e-03
1.594219999999999970e+00   1.683059e+00   6.812975e-03
1.598931000000000102e+00   1.683702e+00   6.823721e-03
1.603642999999999930e+00   1.666417e+00   6.817755e-03
1.608354000000000061e+00   1.661054e+00   6.820349e-03
1.613064999999999971e+00   1.660953e+00   6.806759e-03
1.617776000000000103e+00   1.648653e+00   6.787626e-03
1.622487999999999930e+00   1.656146e+00   6.778913e-03
1.627199000000000062e+00   1.637957e+00   6.753051e-03
1.631909999999999972e+00   1.630627e+00   6.733093e-03
1.636621000000000103e+00   1.633309e+00   6.725225e-03
1.641332999999999931e+00   1.623373e+00   6.704768e-03
1.646044000000000063e+00   1.623468e+00   6.695256e-03
1.650754999999999972e+00   1.612186e+00   6.673690e-03
1.655466000000000104e+00   1.601670e+00   6.656033e-03
1.660177999999999932e+00   1.602947e+00   6.643447e-03
1.664889000000000063e+00   1.597089e+00   6.629094e-03
1.669599999999999973e+00   1.589362e+00   6.613674e-03
1.674311000000000105e+00   1.576779e+00   6.588542e-03
1.679022999999999932e+00   1.581176e+00   6.583008e-03
1.683734000000000064e+00   1.571562e+00   6.562209e-03
1.688444999999999974e+00   1.554834e+00   6.540421e-03
1.693156000000000105e+00   1.560804e+00   6.538606e-03
1.697867999999999933e+00   1.555538e+00   6.522424e-03
1.702579000000000065e+00   1.554275e+00   6.509527e-03
1.707289999999999974e+00   1.539080e+00   6.487506e-03
1.712002000000000024e+00   1.534990e+00   6.472138e-03
1.716712999999999933e+00   1.531154e+00   6.460792e-03
1.721424000000000065e+00   1.526884e+00   6.449729e-03
1.726134999999999975e+00   1.509875e+00   6.423177e-03
1.730847000000000024e+00   1.509555e+00   6.413178e-03
1.735557999999999934e+00   1.502099e+00   6.397498e-03
1.740269000000000066e+00   1.497282e+00   6.381296e-03
1.744979999999999976e+00   1.488984e+00   6.370077e-03
1.749692000000000025e+00   1.490472e+00   6.358641e-03
1.754402999999999935e+00   1.483450e+00   6.344373e-03
1.759114000000000066e+00   1.472836e+00   6.327113e-03
1.763824999999999976e+00   1.463326e+00   6.307338e-03
1.768537000000000026e+00   1.458146e+00   6.296922e-03
1.773247999999999935e+00   1.452248e+00   6.283786e-03
1.777959000000000067e+00   1.452634e+00   6.273467e-03
1.782669999999999977e+00   1.439975e+00   6.255715e-03
1.787382000000000026e+00   1.442214e+00   6.249705e-03
1.792092999999999936e+00   1.428199e+00   6.228897e-03
1.796804000000000068e+00   1.417347e+00   6.206925e-03
1.801514999999999977e+00   1.417707e+00   6.202256e-03
1.806227000000000027e+00   1.402023e+00   6.179590e-03
1.810937999999999937e+00   1.411887e+00   6.176840e-03
1.815649000000000068e+00   1.398661e+00   6.159669e-03
1.820359999999999978e+00   1.398032e+00   6.148546e-03
1.825072000000000028e+00   1.393719e+00   6.139929e-03
1.829782999999999937e+00   1.388338e+00   6.124475e-03
1.834494000000000069e+00   1.370235e+00   6.095696e-03
1.839204999999999979e+00   1.364367e+00   6.091331e-03
1.843917000000000028e+00   1.367796e+00   6.084511e-03
1.848627999999999938e+00   1.363726e+00   6.069008e-03
1.853339000000000070e+00   1.348984e+00   6.051542e-03
1.858049999999999979e+00   1.352274e+00   6.045237e-03
1.862762000000000029e+00   1.342858e+00   6.028981e-03
1.867472999999999939e+00   1.331119e+00   6.011093e-03
1.872184000000000070e+00   1.328233e+00   6.001916e-03
1.876894999999999980e+00   1.327415e+00   5.988035e-03
1.881607000000000030e+00   1.319830e+00   5.974983e-03
1.886317999999999939e+00   1.313137e+00   5.964124e-03
1.891029000000000071e+00   1.304904e+00   5.948666e-03
1.895740999999999898e+00   1.315084e+00   5.951737e-03
1.900452000000000030e+00   1.302436e+00   5.932475e-03
1.905162999999999940e+00   1.291844e+00   5.913793e-03
1.909874000000000072e+00   1.285859e+00   5.901434e-03
1.914585999999999899e+00   1.269448e+00   5.884162e-03
1.919297000000000031e+00   1.278866e+00   5.884105e-03
1.924007999999999940e+00   1.279534e+00   5.875144e-03
1.928719000000000072e+00   1.258548e+00   5.846707e-03
1.933430999999999900e+00   1.248164e+00   5.826855e-03
1.938142000000000031e+00   1.248738e+00   5.816808e-03
1.942852999999999941e+00   1.253162e+00   5.801191e-03
1.947564000000000073e+00   1.245146e+00   5.783591e-03
1.952275999999999900e+00   1.236830e+00   5.759087e-03
1.956987000000000032e+00   1.240304e+00   5.756564e-03
1.961697999999999942e+00   1.233203e+00   5.742596e-03
1.966409000000000074e+00   1.223311e+00   5.721326e-03
1.971120999999999901e+00   1.222484e+00   5.718780e-03
1.975832000000000033e+00   1.212862e+00   5.708399e-03
1.980542999999999942e+00   1.200677e+00   5.700750e-03
1.985254000000000074e+00   1.194460e+00   5.694633e-03
1.989965999999999902e+00   1.198705e+00   5.703599e-03
1.994677000000000033e+00   1.193519e+00   5.697532e-03
1.999387999999999943e+00   1.200663e+00   5.702191e-03
2.004099000000000075e+00   1.190063e+00   5.823361e-03
2.008811000000000124e+00   1.182161e+00   5.939702e-03
2.013522000000000034e+00   1.173787e+00   6.015736e-03
2.018232999999999944e+00   1.172405e+00   6.083079e-03
2.022943999999999853e+00   1.167222e+00   6.143554e-03
2.027655999999999903e+00   1.157383e+00   6.189277e-03
2.032366999999999813e+00   1.162358e+00   6.217058e-03
2.037078000000000166e+00   1.144376e+00   6.217949e-03
2.041789000000000076e+00   1.138893e+00   6.233212e-03
2.046501000000000126e+00   1.127074e+00   6.236947e-03
2.051212000000000035e+00   1.126891e+00   6.251259e-03
2.055922999999999945e+00   1.128125e+00   6.267432e-03
2.060633999999999855e+00   1.120005e+00   6.269596e-03
2.065345999999999904e+00   1.119709e+00   6.259814e-03
2.070056999999999814e+00   1.126895e+00   6.078009e-03
2.074768000000000168e+00   1.113007e+00   5.945885e-03
2.079480000000000217e+00   1.103133e+00   5.852548e-03
2.084191000000000127e+00   1.107200e+00   5.792602e-03
2.088902000000000037e+00   1.101500e+00   5.738859e-03
2.093612999999999946e+00   1.091298e+00   5.686806e-03
2.098324999999999996e+00   1.080267e+00   5.661752e-03
2.103035999999999905e+00   1.079352e+00   5.642512e-03
2.107746999999999815e+00   1.072877e+00   5.618434e-03
2.112458000000000169e+00   1.071123e+00   5.605830e-03
2.117170000000000218e+00   1.071634e+00   5.591814e-03
2.121881000000000128e+00   1.062070e+00   5.573090e-03
2.126592000000000038e+00   1.057927e+00   5.558808e-03
2.131302999999999948e+00   1.049329e+00   5.542367e-03
2.136014999999999997e+00   1.046560e+00   5.529685e-03
2.140725999999999907e+00   1.039626e+00   5.510268e-03
2.145436999999999816e+00   1.034308e+00   5.494084e-03
2.150148000000000170e+00   1.032387e+00   5.483211e-03
2.154860000000000220e+00   1.022022e+00   5.465161e-03
2.159571000000000129e+00   1.025665e+00   5.456604e-03
2.164282000000000039e+00   1.025080e+00   5.450310e-03
2.168992999999999949e+00   1.016728e+00   5.431473e-03
2.173704999999999998e+00   1.013884e+00   5.420526e-03
2.178415999999999908e+00   1.010155e+00   5.407242e-03
2.183126999999999818e+00   1.003770e+00   5.394490e-03
2.187838000000000171e+00   1.003540e+00   5.388806e-03
2.192550000000000221e+00   9.921047e-01   5.369637e-03
2.197261000000000131e+00   9.902218e-01   5.362554e-03
2.201972000000000040e+00   9.833191e-01   5.346035e-03
2.206682999999999950e+00   9.838815e-01   5.340259e-03
2.211395000000000000e+00   9.767224e-01   5.326720e-03
2.216105999999999909e+00   9.724272e-01   5.314462e-03
2.220816999999999819e+00   9.634371e-01   5.300508e-03
2.225528000000000173e+00   9.664205e-01   5.292996e-03
2.230239999999999778e+00   9.592940e-01   5.279675e-03
2.234951000000000132e+00   9.581322e-01   5.272939e-03
2.239662000000000042e+00   9.491551e-01   5.258437e-03
2.244372999999999951e+00   9.531628e-01   5.253856e-03
2.249085000000000001e+00   9.358365e-01   5.234253e-03
2.253795999999999911e+00   9.379263e-01   5.229529e-03
2.258506999999999820e+00   9.304573e-01   5.211464e-03
2.263218999999999870e+00   9.321639e-01   5.207490e-03
2.267929999999999779e+00   9.309368e-01   5.202267e-03
2.272641000000000133e+00   9.150186e-01   5.181225e-03
2.277352000000000043e+00   9.160114e-01   5.176157e-03
2.282064000000000092e+00   9.024748e-01   5.156405e-03
2.286775000000000002e+00   9.068641e-01   5.152847e-03
2.291485999999999912e+00   9.119977e-01   5.152370e-03
2.296196999999999822e+00   9.074570e-01   5.139949e-03
2.300908999999999871e+00   8.949398e-01   5.124754e-03
2.305619999999999781e+00   8.964271e-01   5.118192e-03
2.310331000000000135e+00   8.875361e-01   5.106036e-03
2.315042000000000044e+00   8.884782e-01   5.100340e-03
2.319754000000000094e+00   8.759418e-01   5.081774e-03
2.324465000000000003e+00   8.721842e-01   5.073116e-03
2.329175999999999913e+00   8.759169e-01   5.071117e-03
2.333886999999999823e+00   8.754132e-01   5.063178e-03
2.338598999999999872e+00   8.677332e-01   5.052352e-03
2.343309999999999782e+00   8.665767e-01   5.046435e-03
2.348021000000000136e+00   8.577272e-01   5.032292e-03
2.352732000000000046e+00   8.630966e-01   5.030487e-03
2.357444000000000095e+00   8.583609e-01   5.019323e-03
2.362155000000000005e+00   8.554161e-01   5.011160e-03
2.366865999999999914e+00   8.475914e-01   5.000329e-03
2.371576999999999824e+00   8.440323e-01   4.992471e-03
2.376288999999999874e+00   8.361663e-01   4.979779e-03
2.380999999999999783e+00   8.329442e-01   4.968464e-03
2.385711000000000137e+00   8.297053e-01   4.963426e-03
2.390422000000000047e+00   8.273696e-01   4.951502e-03
2.395134000000000096e+00   8.188942e-01   4.939641e-03
2.399845000000000006e+00   8.106614e-01   4.929870e-03
2.404555999999999916e+00   8.137670e-01   4.923857e-03
2.409266999999999825e+00   8.108432e-01   4.917432e-03
2.413978999999999875e+00   8.035402e-01   4.905024e-03
2.418689999999999785e+00   8.105154e-01   4.902237e-03
2.423401000000000138e+00   8.044786e-01   4.895948e-03
2.428112000000000048e+00   8.027351e-01   4.890495e-03
2.432824000000000098e+00   8.011992e-01   4.878423e-03
2.437535000000000007e+00   7.946592e-01   4.874057e-03
2.442245999999999917e+00   7.906620e-01   4.865798e-03
2.446957999999999966e+00   7.905398e-01   4.856582e-03
2.451668999999999876e+00   7.807946e-01   4.843383e-03
2.456379999999999786e+00   7.784645e-01   4.833033e-03
2.461091000000000140e+00   7.716433e-01   4.823537e-03
2.465803000000000189e+00   7.702291e-01   4.817567e-03
2.470514000000000099e+00   7.767914e-01   4.818002e-03
2.475225000000000009e+00   7.679899e-01   4.804547e-03
2.479935999999999918e+00   7.662173e-01   4.795048e-03
2.484647999999999968e+00   7.618559e-01   4.791034e-03
2.489358999999999877e+00   7.599525e-01   4.783552e-03
2.494069999999999787e+00   7.524840e-01   4.772279e-03
2.498781000000000141e+00   7.514839e-01   4.762618e-03
2.503493000000000190e+00   7.475657e-01   4.756019e-03
2.508204000000000100e+00   7.406832e-01   4.747273e-03
2.512915000000000010e+00   7.452780e-01   4.742216e-03
2.517625999999999920e+00   7.333997e-01   4.721722e-03
2.522337999999999969e+00   7.260840e-01   4.705639e-03
2.527048999999999879e+00   7.277850e-01   4.695503e-03
2.531759999999999788e+00   7.216419e-01   4.688342e-03
2.536471000000000142e+00   7.208699e-01   4.681021e-03
2.541183000000000192e+00   7.116522e-01   4.668526e-03
2.545894000000000101e+00   7.150383e-01   4.663376e-03
2.550605000000000011e+00   7.169681e-01   4.662848e-03
2.555315999999999921e+00   7.135535e-01   4.654290e-03
2.560027999999999970e+00   7.130627e-01   4.648703e-03
2.564738999999999880e+00   7.073619e-01   4.642651e-03
2.569449999999999790e+00   7.085871e-01   4.642740e-03
2.574161000000000143e+00   7.097294e-01   4.643971e-03
2.578873000000000193e+00   6.942048e-01   4.636603e-03
2.583584000000000103e+00   6.973627e-01   4.627840e-03
2.588295000000000012e+00   6.907308e-01   4.619939e-03
2.593005999999999922e+00   6.855952e-01   4.614439e-03
2.597717999999999972e+00   6.881469e-01   4.613057e-03
2.602428999999999881e+00   6.776169e-01   4.598917e-03
2.607139999999999791e+00   6.755151e-01   4.590823e-03
2.611851000000000145e+00   6.744246e-01   4.584247e-03
2.616563000000000194e+00   6.724459e-01   4.574242e-03
2.621274000000000104e+00   6.736723e-01   4.573673e-03
2.625985000000000014e+00   6.691933e-01   4.567205e-03
2.630697000000000063e+00   6.635451e-01   4.555281e-03
2.635407999999999973e+00   6.636149e-01   4.553443e-03
2.640118999999999883e+00   6.562879e-01   4.543145e-03
2.644829999999999792e+00   6.581499e-01   4.539155e-03
2.649541999999999842e+00   6.497367e-01   4.526408e-03
2.654253000000000196e+00   6.554465e-01   4.525758e-03
2.658964000000000105e+00   6.475627e-01   4.518308e-03
2.663675000000000015e+00   6.471519e-01   4.513986e-03
2.668387000000000064e+00   6.463002e-01   4.506524e-03
2.673097999999999974e+00   6.455909e-01   4.498973e-03
2.677808999999999884e+00   6.394174e-01   4.493982e-03
2.682519999999999794e+00   6.323351e-01   4.482956e-03
2.687231999999999843e+00   6.369881e-01   4.478933e-03
2.691943000000000197e+00   6.290291e-01   4.467052e-03
2.696654000000000106e+00   6.279845e-01   4.466625e-03
2.701365000000000016e+00   6.315871e-01   4.467292e-03
2.706077000000000066e+00   6.232310e-01   4.453900e-03
2.710787999999999975e+00   6.192804e-01   4.445825e-03
2.715498999999999885e+00   6.210874e-01   4.443928e-03
2.720209999999999795e+00   6.157436e-01   4.434117e-03
2.724921999999999844e+00   6.123778e-01   4.429281e-03
2.729633000000000198e+00   6.162784e-01   4.424419e-03
2.734344000000000108e+00   6.087172e-01   4.416094e-03
2.739055000000000017e+00   6.041052e-01   4.410640e-03
2.743767000000000067e+00   5.978757e-01   4.399610e-03
2.748477999999999977e+00   5.969365e-01   4.387246e-03
2.753188999999999886e+00   6.012424e-01   4.389893e-03
2.757899999999999796e+00   6.002686e-01   4.388269e-03
2.762611999999999846e+00   5.994608e-01   4.382487e-03
2.767323000000000199e+00   5.973674e-01   4.375873e-03
2.772034000000000109e+00   5.889037e-01   4.367084e-03
2.776745000000000019e+00   5.829394e-01   4.355634e-03
2.781457000000000068e+00   5.936081e-01   4.359499e-03
2.786167999999999978e+00   5.823419e-01   4.346562e-03
2.790878999999999888e+00   5.770580e-01   4.340291e-03
2.795589999999999797e+00   5.744476e-01   4.335951e-03
2.800301999999999847e+00   5.798994e-01   4.337640e-03
2.805013000000000201e+00   5.769271e-01   4.348270e-03
2.809724000000000110e+00   5.726987e-01   4.454990e-03
2.814436000000000160e+00   5.710738e-01   4.523958e-03
2.819147000000000070e+00   5.642352e-01   4.574442e-03
2.823857999999999979e+00   5.681735e-01   4.618935e-03
2.828568999999999889e+00   5.656161e-01   4.643379e-03
2.833280999999999938e+00   5.629705e-01   4.651501e-03
2.837991999999999848e+00   5.605082e-01   4.665696e-03
2.842703000000000202e+00   5.614052e-01   4.679001e-03
2.847414000000000112e+00   5.497107e-01   4.679830e-03
2.852126000000000161e+00   5.610601e-01   4.706748e-03
2.856837000000000071e+00   5.617276e-01   4.712464e-03
2.861547999999999981e+00   5.471344e-01   4.707136e-03
2.866258999999999890e+00   5.368321e-01   4.709469e-03
2.870970999999999940e+00   5.398220e-01   4.675462e-03
2.875681999999999849e+00   5.478671e-01   4.560664e-03
2.880393000000000203e+00   5.478592e-01   4.492110e-03
2.885104000000000113e+00   5.351928e-01   4.433123e-03
2.889816000000000162e+00   5.371371e-01   4.401249e-03
2.894527000000000072e+00   5.324884e-01   4.378836e-03
2.899237999999999982e+00   5.286276e-01   4.358517e-03
2.903948999999999891e+00   5.263137e-01   4.345770e-03
2.908660999999999941e+00   5.227805e-01   4.335626e-03
2.913371999999999851e+00   5.252515e-01   4.326441e-03
2.918083000000000204e+00   5.219322e-01   4.315660e-03
2.922794000000000114e+00   5.157333e-01   4.301162e-03
2.927506000000000164e+00   5.130429e-01   4.291980e-03
2.932217000000000073e+00   5.153112e-01   4.288073e-03
2.936927999999999983e+00   5.105015e-01   4.275962e-03
2.941638999999999893e+00   5.131205e-01   4.273737e-03
2.946350999999999942e+00   5.147089e-01   4.272660e-03
2.951061999999999852e+00   5.079633e-01   4.259435e-03
2.955773000000000206e+00   5.064508e-01   4.252324e-03
2.960484000000000115e+00   5.077764e-01   4.244635e-03
2.965196000000000165e+00   4.997649e-01   4.235227e-03
2.969907000000000075e+00   4.970927e-01   4.227996e-03
2.974617999999999984e+00   5.030622e-01   4.222852e-03
2.979328999999999894e+00   5.003800e-01   4.216853e-03
2.984040999999999944e+00   4.940631e-01   4.204557e-03
2.988751999999999853e+00   4.963264e-01   4.202496e-03
2.993463000000000207e+00   4.919052e-01   4.195247e-03
2.998174999999999812e+00   4.914890e-01   4.189127e-03
3.002886000000000166e+00   4.912108e-01   4.184695e-03
3.007597000000000076e+00   4.821699e-01   4.171577e-03
3.012307999999999986e+00   4.824154e-01   4.166530e-03
3.017020000000000035e+00   4.857470e-01   4.165335e-03
3.021730999999999945e+00   4.777231e-01   4.153582e-03
3.026441999999999855e+00   4.800660e-01   4.151285e-03
3.031153000000000208e+00   4.754943e-01   4.144438e-03
3.035864999999999814e+00   4.791136e-01   4.144289e-03
3.040576000000000167e+00   4.767599e-01   4.135686e-03
3.045287000000000077e+00   4.702842e-01   4.124557e-03
3.049997999999999987e+00   4.706184e-01   4.124414e-03
3.054710000000000036e+00   4.645205e-01   4.112477e-03
3.059420999999999946e+00   4.719529e-01   4.111597e-03
3.064131999999999856e+00   4.698616e-01   4.107217e-03
3.068843000000000210e+00   4.616262e-01   4.098831e-03
3.073554999999999815e+00   4.649093e-01   4.097495e-03
3.078266000000000169e+00   4.595273e-01   4.083267e-03
3.082977000000000078e+00   4.621541e-01   4.082549e-03
3.087687999999999988e+00   4.607368e-01   4.081570e-03
3.092400000000000038e+00   4.528662e-01   4.070814e-03
3.097110999999999947e+00   4.498322e-01   4.063576e-03
3.101821999999999857e+00   4.476008e-01   4.058848e-03
3.106533000000000211e+00   4.486119e-01   4.053358e-03
3.111244999999999816e+00   4.487739e-01   4.051428e-03
3.115956000000000170e+00   4.456024e-01   4.043919e-03
3.120667000000000080e+00   4.503682e-01   4.041729e-03
3.125377999999999989e+00   4.483983e-01   4.038796e-03
3.130090000000000039e+00   4.427894e-01   4.033709e-03
3.134800999999999949e+00   4.359597e-01   4.019851e-03
3.139511999999999858e+00   4.372467e-01   4.017108e-03
3.144223000000000212e+00   4.361043e-01   4.014226e-03
3.148934999999999818e+00   4.377369e-01   4.011855e-03
3.153646000000000171e+00   4.395714e-01   4.005909e-03
3.158357000000000081e+00   4.386751e-01   4.004114e-03
3.163067999999999991e+00   4.279363e-01   3.995971e-03
3.167780000000000040e+00   4.250747e-01   3.989201e-03
3.172490999999999950e+00   4.252150e-01   3.983148e-03
3.177201999999999860e+00   4.253665e-01   3.982611e-03
3.181913999999999909e+00   4.224499e-01   3.980077e-03
3.186624999999999819e+00   4.268719e-01   3.974199e-03
3.191336000000000173e+00   4.264332e-01   3.967679e-03
3.196047000000000082e+00   4.222147e-01   3.958261e-03
3.200759000000000132e+00   4.143627e-01   3.944597e-03
3.205470000000000041e+00   4.128892e-01   3.938425e-03
3.210180999999999951e+00   4.136709e-01   3.934808e-03
3.214891999999999861e+00   4.167261e-01   3.932938e-03
3.219603999999999910e+00   4.181578e-01   3.932830e-03
3.224314999999999820e+00   4.093060e-01   3.921465e-03
3.229026000000000174e+00   4.100245e-01   3.916417e-03
3.233737000000000084e+00   4.139349e-01   3.916341e-03
3.238449000000000133e+00   4.059751e-01   3.909723e-03
3.243160000000000043e+00   4.101853e-01   3.909323e-03
3.247870999999999952e+00   4.048362e-01   3.902510e-03
3.252581999999999862e+00   4.053364e-01   3.905443e-03
3.257293999999999912e+00   4.014376e-01   3.904942e-03
3.262004999999999821e+00   4.001875e-01   3.901047e-03
3.266716000000000175e+00   3.993225e-01   3.895284e-03
3.271427000000000085e+00   4.027496e-01   3.890651e-03
3.276139000000000134e+00   4.029108e-01   3.885133e-03
3.280850000000000044e+00   3.996211e-01   3.884665e-03
3.285560999999999954e+00   3.929286e-01   3.874354e-03
3.290271999999999863e+00   3.942234e-01   3.872307e-03
3.294983999999999913e+00   3.931203e-01   3.870666e-03
3.299694999999999823e+00   3.875894e-01   3.863327e-03
3.304406000000000176e+00   3.873828e-01   3.861003e-03
3.309117000000000086e+00   3.883425e-01   3.861181e-03
3.313829000000000136e+00   3.865235e-01   3.854045e-03
3.318540000000000045e+00   3.851227e-01   3.848453e-03
3.323250999999999955e+00   3.757844e-01   3.839695e-03
3.327961999999999865e+00   3.747172e-01   3.835412e-03
3.332673999999999914e+00   3.814888e-01   3.833926e-03
3.337384999999999824e+00   3.797749e-01   3.829660e-03
3.342096000000000178e+00   3.808015e-01   3.828846e-03
3.346807000000000087e+00   3.795110e-01   3.826977e-03
3.351519000000000137e+00   3.754977e-01   3.821268e-03
3.356230000000000047e+00   3.723424e-01   3.812722e-03
3.360940999999999956e+00   3.792417e-01   3.814217e-03
3.365653000000000006e+00   3.680051e-01   3.802951e-03
3.370363999999999916e+00   3.715226e-01   3.804398e-03
3.375074999999999825e+00   3.690690e-01   3.799045e-03
3.379786000000000179e+00   3.684466e-01   3.797532e-03
3.384497999999999784e+00   3.677091e-01   3.796152e-03
3.389209000000000138e+00   3.670132e-01   3.810232e-03
3.393920000000000048e+00   3.655472e-01   3.895586e-03
3.398630999999999958e+00   3.632581e-01   3.951143e-03
3.403343000000000007e+00   3.596248e-01   3.992983e-03
3.408053999999999917e+00   3.629859e-01   4.027499e-03
3.412764999999999826e+00   3.632253e-01   4.035426e-03
3.417476000000000180e+00   3.609023e-01   4.034822e-03
3.422187999999999786e+00   3.561800e-01   4.032795e-03
3.426899000000000139e+00   3.568206e-01   4.040410e-03
3.431610000000000049e+00   3.499144e-01   4.043594e-03
3.436320999999999959e+00   3.532947e-01   4.059131e-03
3.441033000000000008e+00   3.609857e-01   4.072356e-03
3.445743999999999918e+00   3.523935e-01   4.073622e-03
3.450454999999999828e+00   3.515323e-01   4.080818e-03
3.455166000000000182e+00   3.467955e-01   4.083396e-03
3.459877999999999787e+00   3.462366e-01   4.085774e-03
3.464589000000000141e+00   3.449125e-01   4.092553e-03
3.469300000000000050e+00   3.429725e-01   4.097067e-03
3.474010999999999960e+00   3.404753e-01   4.101588e-03
3.478723000000000010e+00   3.429639e-01   4.114158e-03
3.483433999999999919e+00   3.404697e-01   4.114918e-03
3.488144999999999829e+00   3.413572e-01   4.115475e-03
3.492856000000000183e+00   3.396089e-01   4.122789e-03
3.497567999999999788e+00   3.347069e-01   4.122219e-03
3.502279000000000142e+00   3.359366e-01   4.127525e-03
3.506990000000000052e+00   3.346056e-01   4.134006e-03
3.511700999999999961e+00   3.330468e-01   4.135262e-03
3.516413000000000011e+00   3.328041e-01   4.139392e-03
3.521123999999999921e+00   3.343382e-01   4.144429e-03
3.525834999999999830e+00   3.345195e-01   4.146606e-03
3.530546000000000184e+00   3.274945e-01   4.149956e-03
3.535257999999999790e+00   3.338676e-01   4.157883e-03
3.539969000000000143e+00   3.322048e-01   4.156357e-03
3.544680000000000053e+00   3.308069e-01   4.158791e-03
3.549392000000000102e+00   3.328396e-01   4.162122e-03
3.554103000000000012e+00   3.309441e-01   4.168278e-03
3.558813999999999922e+00   3.216296e-01   4.165267e-03
3.563524999999999832e+00   3.299099e-01   4.179164e-03
3.568236999999999881e+00   3.301096e-01   4.178951e-03
3.572947999999999791e+00   3.207534e-01   4.175860e-03
3.577659000000000145e+00   3.172063e-01   4.175716e-03
3.582370000000000054e+00   3.207748e-01   4.181540e-03
3.587082000000000104e+00   3.212979e-01   4.184846e-03
3.591793000000000013e+00   3.199623e-01   4.185581e-03
3.596503999999999923e+00   3.188344e-01   4.184966e-03
3.601214999999999833e+00   3.129477e-01   4.179003e-03
3.605926999999999882e+00   3.191400e-01   4.188057e-03
3.610637999999999792e+00   3.216329e-01   4.263195e-03
3.615349000000000146e+00   3.214447e-01   4.393820e-03
3.620060000000000056e+00   3.169671e-01   4.464637e-03
3.624772000000000105e+00   3.137797e-01   4.513356e-03
3.629483000000000015e+00   3.085414e-01   4.541810e-03
3.634193999999999924e+00   3.096093e-01   4.577258e-03
3.638904999999999834e+00   3.081228e-01   4.604215e-03
3.643616999999999884e+00   3.089390e-01   4.632529e-03
3.648327999999999793e+00   3.058904e-01   4.650267e-03
3.653039000000000147e+00   3.037947e-01   4.669910e-03
3.657750000000000057e+00   3.061080e-01   4.696160e-03
3.662462000000000106e+00   3.101178e-01   4.721097e-03
3.667173000000000016e+00   3.038543e-01   4.738654e-03
3.671883999999999926e+00   3.027770e-01   4.760085e-03
3.676594999999999835e+00   2.978076e-01   4.778904e-03
3.681306999999999885e+00   2.997722e-01   4.800301e-03
3.686017999999999795e+00   2.972579e-01   4.818909e-03
3.690729000000000148e+00   3.006818e-01   4.842009e-03
3.695440000000000058e+00   2.980669e-01   4.855519e-03
3.700152000000000108e+00   3.016044e-01   4.878715e-03
3.704863000000000017e+00   2.977637e-01   4.897308e-03
3.709573999999999927e+00   2.942693e-01   4.915039e-03
3.714284999999999837e+00   3.030100e-01   4.942150e-03
3.718996999999999886e+00   2.927237e-01   4.953633e-03
3.723707999999999796e+00   2.877657e-01   4.969391e-03
3.728419000000000150e+00   2.848583e-01   4.983568e-03
3.733131000000000199e+00   2.868003e-01   5.001912e-03
3.737842000000000109e+00   2.921174e-01   5.023330e-03
3.742553000000000019e+00   2.921620e-01   5.040048e-03
3.747263999999999928e+00   2.916145e-01   5.063796e-03
3.751975999999999978e+00   2.887427e-01   5.081236e-03
3.756686999999999887e+00   2.884939e-01   5.097330e-03
3.761397999999999797e+00   2.889144e-01   5.117476e-03
3.766109000000000151e+00   2.825151e-01   5.132613e-03
3.770821000000000200e+00   2.863556e-01   5.156320e-03
3.775532000000000110e+00   2.816934e-01   5.164182e-03
3.780243000000000020e+00   2.908936e-01   5.194040e-03
3.784953999999999930e+00   2.809691e-01   5.201565e-03
3.789665999999999979e+00   2.788500e-01   5.214295e-03
3.794376999999999889e+00   2.797647e-01   5.234167e-03
3.799087999999999798e+00   2.742096e-01   5.248079e-03
3.803799000000000152e+00   2.769270e-01   5.272510e-03
3.808511000000000202e+00   2.784585e-01   5.293375e-03
3.813222000000000111e+00   2.780510e-01   5.308787e-03
3.817933000000000021e+00   2.764463e-01   5.320578e-03
3.822643999999999931e+00   2.802954e-01   5.348598e-03
3.827355999999999980e+00   2.838070e-01   5.370262e-03
3.832066999999999890e+00   2.758061e-01   5.380991e-03
3.836777999999999800e+00   2.750532e-01   5.402667e-03
3.841489000000000154e+00   2.702515e-01   5.411662e-03
3.846201000000000203e+00   2.647263e-01   5.421095e-03
3.850912000000000113e+00   2.748571e-01   5.455322e-03
3.855623000000000022e+00   2.786041e-01   5.475881e-03
3.860333999999999932e+00   2.756026e-01   5.497303e-03
3.865045999999999982e+00   2.657234e-01   5.500642e-03
3.869756999999999891e+00   2.614059e-01   5.508180e-03
3.874467999999999801e+00   2.694722e-01   5.530863e-03
3.879179000000000155e+00   2.656930e-01   5.551310e-03
3.883891000000000204e+00   2.699938e-01   5.574491e-03
3.888602000000000114e+00   2.654743e-01   5.586331e-03
3.893313000000000024e+00   2.700852e-01   5.614187e-03
3.898023999999999933e+00   2.691156e-01   5.628925e-03
3.902735999999999983e+00   2.657748e-01   5.643461e-03
3.907446999999999893e+00   2.603031e-01   5.661375e-03
3.912157999999999802e+00   2.622155e-01   5.681676e-03
3.916869999999999852e+00   2.666499e-01   5.693157e-03
3.921581000000000206e+00   2.586952e-01   5.690323e-03
3.926292000000000115e+00   2.626527e-01   5.701931e-03
3.931003000000000025e+00   2.588388e-01   5.719944e-03
3.935715000000000074e+00   2.560443e-01   5.737392e-03
3.940425999999999984e+00   2.564471e-01   5.743859e-03
3.945136999999999894e+00   2.568005e-01   5.746423e-03
3.949847999999999804e+00   2.511317e-01   5.740072e-03
3.954559999999999853e+00   2.497514e-01   5.750915e-03
3.959271000000000207e+00   2.498615e-01   5.755435e-03
3.963982000000000117e+00   2.408211e-01   5.750453e-03
3.968693000000000026e+00   2.509981e-01   5.766829e-03
3.973405000000000076e+00   2.527457e-01   5.778175e-03
3.978115999999999985e+00   2.570924e-01   5.803287e-03
3.982826999999999895e+00   2.558273e-01   5.826032e-03
3.987537999999999805e+00   2.542008e-01   5.846397e-03
3.992249999999999854e+00   2.483991e-01   5.863221e-03
3.996961000000000208e+00   2.453581e-01   5.878302e-03
4.001672000000000118e+00   2.457395e-01   5.898633e-03
4.006382999999999583e+00   2.488746e-01   5.923889e-03
4.011095000000000077e+00   2.480556e-01   5.933314e-03
4.015806000000000431e+00   2.520099e-01   5.956229e-03
4.020516999999999896e+00   2.474031e-01   5.973454e-03
4.025228000000000250e+00   2.519705e-01   6.003455e-03
4.029939999999999856e+00   2.479467e-01   6.017857e-03
4.034651000000000209e+00   2.469075e-01   6.037516e-03
4.039361999999999675e+00   2.444205e-01   6.056712e-03
4.044073000000000029e+00   2.427501e-01   6.074425e-03
4.048784999999999634e+00   2.323887e-01   6.075064e-03
4.053495999999999988e+00   2.421240e-01   6.108944e-03
4.058207000000000342e+00   2.470600e-01   6.144301e-03
4.062917999999999807e+00   2.406490e-01   6.153657e-03
4.067630000000000301e+00   2.409644e-01   6.175374e-03
4.072340999999999767e+00   2.426345e-01   6.200030e-03
4.077052000000000120e+00   2.359504e-01   6.210071e-03
4.081762999999999586e+00   2.388920e-01   6.231785e-03
4.086475000000000080e+00   2.438808e-01   6.264229e-03
4.091186000000000433e+00   2.404760e-01   6.275499e-03
4.095896999999999899e+00   2.302045e-01   6.288188e-03
4.100609000000000393e+00   2.359696e-01   6.326659e-03
4.105319999999999858e+00   2.322383e-01   6.340789e-03
4.110031000000000212e+00   2.298152e-01   6.368171e-03
4.114741999999999678e+00   2.343326e-01   6.385450e-03
4.119454000000000171e+00   2.270507e-01   6.396018e-03
4.124164999999999637e+00   2.259252e-01   6.422103e-03
4.128875999999999991e+00   2.291776e-01   6.446240e-03
4.133587000000000344e+00   2.334998e-01   6.472152e-03
4.138298999999999950e+00   2.233818e-01   6.487661e-03
4.143010000000000304e+00   2.212223e-01   6.509113e-03
4.147720999999999769e+00   2.306723e-01   6.548246e-03
4.152432000000000123e+00   2.219887e-01   6.557637e-03
4.157143999999999728e+00   2.175899e-01   6.559256e-03
4.161855000000000082e+00   2.268721e-01   6.611621e-03
4.166566000000000436e+00   2.311352e-01   6.644180e-03
4.171276999999999902e+00   2.285108e-01   6.669182e-03
4.175989000000000395e+00   2.305545e-01   6.699093e-03
4.180699999999999861e+00   2.255903e-01   6.719930e-03
4.185411000000000215e+00   2.361584e-01   6.747248e-03
4.190121999999999680e+00   2.343065e-01   6.765806e-03
4.194834000000000174e+00   2.310353e-01   6.791672e-03
4.199544999999999639e+00   2.282383e-01   6.818928e-03
4.204255999999999993e+00   2.234635e-01   6.837612e-03
4.208967000000000347e+00   2.190872e-01   6.854444e-03
4.213678999999999952e+00   2.230806e-01   6.884150e-03
4.218390000000000306e+00   2.197678e-01   6.911221e-03
4.223100999999999772e+00   2.273129e-01   6.935046e-03
4.227812000000000126e+00   2.219453e-01   6.960259e-03
4.232523999999999731e+00   2.281180e-01   7.003798e-03
4.237235000000000085e+00   2.251286e-01   7.034961e-03
4.241946000000000438e+00   2.104486e-01   7.045858e-03
4.246656999999999904e+00   2.185242e-01   7.078801e-03
4.251369000000000398e+00   2.176894e-01   7.104842e-03
4.256079999999999863e+00   2.337900e-01   7.165865e-03
4.260791000000000217e+00   2.150033e-01   7.153143e-03
4.265501999999999683e+00   2.075507e-01   7.181140e-03
4.270214000000000176e+00   2.124353e-01   7.205842e-03
4.274924999999999642e+00   2.091499e-01   7.238829e-03
4.279635999999999996e+00   2.149564e-01   7.277430e-03
4.284347999999999601e+00   2.251975e-01   7.318109e-03
4.289058999999999955e+00   2.155077e-01   7.332760e-03
4.293770000000000309e+00   2.159182e-01   7.366861e-03
4.298480999999999774e+00   2.170457e-01   7.400954e-03
4.303193000000000268e+00   2.153548e-01   7.446507e-03
4.307903999999999733e+00   2.153725e-01   7.475147e-03
4.312615000000000087e+00   2.104478e-01   7.503346e-03
4.317326000000000441e+00   2.051926e-01   7.522454e-03
4.322038000000000046e+00   1.994114e-01   7.548467e-03
4.326749000000000400e+00   1.993479e-01   7.592074e-03
4.331459999999999866e+00   2.143566e-01   7.644522e-03
4.336171000000000220e+00   2.145510e-01   7.664996e-03
4.340882999999999825e+00   2.069604e-01   7.679145e-03
4.345594000000000179e+00   2.088110e-01   7.732243e-03
4.350304999999999644e+00   2.081318e-01   7.776749e-03
4.355015999999999998e+00   2.123974e-01   7.803327e-03
4.359727999999999604e+00   2.080487e-01   7.843010e-03
4.364438999999999957e+00   2.146820e-01   7.887454e-03
4.369150000000000311e+00   2.103666e-01   7.907057e-03
4.373860999999999777e+00   2.082928e-01   7.940656e-03
4.378573000000000270e+00   1.942597e-01   7.954211e-03
4.383283999999999736e+00   2.030862e-01   8.006285e-03
4.387995000000000090e+00   2.056011e-01   8.077450e-03
4.392706000000000444e+00   1.997460e-01   8.098573e-03
4.397418000000000049e+00   2.085490e-01   8.128334e-03
4.402129000000000403e+00   1.976889e-01   8.114499e-03
4.406839999999999868e+00   2.038418e-01   8.145475e-03
4.411551000000000222e+00   2.071394e-01   8.146326e-03
4.416262999999999828e+00   2.048947e-01   8.156062e-03
4.420974000000000181e+00   2.019579e-01   8.154673e-03
4.425684999999999647e+00   2.057638e-01   8.159822e-03
4.430396000000000001e+00   2.049528e-01   8.157657e-03
4.435107999999999606e+00   1.931394e-01   8.156010e-03
4.439818999999999960e+00   2.047761e-01   8.203132e-03
4.444530000000000314e+00   1.948555e-01   8.211578e-03
4.449240999999999779e+00   1.979300e-01   8.265657e-03
4.453953000000000273e+00   1.921607e-01   8.300983e-03
4.458663999999999739e+00   1.980679e-01   8.349303e-03
4.463375000000000092e+00   1.937014e-01   8.397882e-03
4.468086999999999698e+00   1.889212e-01   8.421816e-03
4.472798000000000052e+00   1.922588e-01   8.458776e-03
4.477509000000000405e+00   1.896368e-01   8.502905e-03
4.482219999999999871e+00   1.854831e-01   8.557146e-03
4.486932000000000365e+00   1.808205e-01   8.586063e-03
4.491642999999999830e+00   1.851010e-01   8.647650e-03
4.496354000000000184e+00   2.016093e-01   8.731520e-03
4.501064999999999650e+00   1.955665e-01   8.777899e-03
4.505777000000000143e+00   1.892044e-01   8.819202e-03
4.510487999999999609e+00   1.862082e-01   8.856454e-03
4.515198999999999963e+00   1.903775e-01   8.912038e-03
4.519910000000000316e+00   1.988561e-01   8.961975e-03
4.524621999999999922e+00   1.862545e-01   9.008283e-03
4.529333000000000276e+00   1.811936e-01   9.052319e-03
4.534043999999999741e+00   1.828695e-01   9.111659e-03
4.538755000000000095e+00   1.877407e-01   9.182346e-03
4.543466999999999700e+00   1.957529e-01   9.238506e-03
4.548178000000000054e+00   2.032476e-01   9.321821e-03
4.552889000000000408e+00   2.064451e-01   9.386148e-03
4.557599999999999874e+00   1.805393e-01   9.390121e-03
4.562312000000000367e+00   1.912056e-01   9.472397e-03
4.567022999999999833e+00   1.941746e-01   9.535043e-03
4.571734000000000187e+00   1.709844e-01   9.537506e-03
4.576444999999999652e+00   1.792286e-01   9.635680e-03
4.581157000000000146e+00   1.795464e-01   9.715427e-03
4.585867999999999611e+00   1.969928e-01   9.811783e-03
4.590578999999999965e+00   2.018269e-01   9.895593e-03
4.595290000000000319e+00   1.987575e-01   9.970402e-03
4.600001999999999924e+00   1.887692e-01   1.001299e-02
4.604713000000000278e+00   1.818473e-01   1.006213e-02
4.609423999999999744e+00   1.783241e-01   1.012793e-02
4.614135000000000097e+00   1.755923e-01   1.018908e-02
4.618846999999999703e+00   1.760783e-01   1.026356e-02
4.623558000000000057e+00   1.856192e-01   1.036519e-02
4.628269000000000410e+00   1.772322e-01   1.043354e-02
4.632979999999999876e+00   1.876180e-01   1.056343e-02
4.637692000000000370e+00   1.837977e-01   1.061658e-02
4.642402999999999835e+00   1.880248e-01   1.069084e-02
4.647114000000000189e+00   1.928190e-01   1.081389e-02
4.651825999999999794e+00   1.780365e-01   1.086965e-02
4.656537000000000148e+00   1.716505e-01   1.093597e-02
4.661247999999999614e+00   1.773526e-01   1.103258e-02
4.665958999999999968e+00   1.718615e-01   1.111404e-02
4.670670999999999573e+00   1.799650e-01   1.123129e-02
4.675381999999999927e+00   1.818761e-01   1.131912e-02
4.680093000000000281e+00   1.639322e-01   1.140963e-02
4.684803999999999746e+00   1.781683e-01   1.152458e-02
4.689516000000000240e+00   1.745375e-01   1.163761e-02
4.694226999999999705e+00   1.779561e-01   1.174860e-02
4.698938000000000059e+00   1.715621e-01   1.185633e-02
4.703649000000000413e+00   1.838667e-01   1.200290e-02
4.708361000000000018e+00   1.815059e-01   1.214071e-02
4.713072000000000372e+00   1.932710e-01   1.229147e-02
4.717782999999999838e+00   1.983918e-01   1.242102e-02
4.722494000000000192e+00   1.863004e-01   1.254400e-02
4.727205999999999797e+00   1.830628e-01   1.263170e-02
4.731917000000000151e+00   1.880928e-01   1.280948e-02
4.736627999999999616e+00   1.854049e-01   1.294911e-02
4.741338999999999970e+00   1.703594e-01   1.305283e-02
4.746050999999999576e+00   1.640133e-01   1.317996e-02
4.750761999999999929e+00   1.687183e-01   1.338703e-02
4.755473000000000283e+00   1.857194e-01   1.360039e-02
4.760183999999999749e+00   1.723229e-01   1.378216e-02
4.764896000000000242e+00   1.953225e-01   1.401205e-02
4.769606999999999708e+00   1.690457e-01   1.411831e-02
4.774318000000000062e+00   1.785422e-01   1.434546e-02
4.779029000000000416e+00   1.625456e-01   1.450007e-02
4.783741000000000021e+00   1.680289e-01   1.472800e-02
4.788452000000000375e+00   1.854054e-01   1.498183e-02
4.793162999999999840e+00   1.795137e-01   1.521931e-02
4.797874000000000194e+00   1.734012e-01   1.545551e-02
4.802585999999999800e+00   1.577549e-01   1.562218e-02
4.807297000000000153e+00   1.560156e-01   1.586743e-02
4.812007999999999619e+00   1.590561e-01   1.619827e-02
4.816718999999999973e+00   1.630783e-01   1.652183e-02
4.821430999999999578e+00   1.612738e-01   1.679273e-02
4.826141999999999932e+00   1.763795e-01   1.718509e-02
4.830853000000000286e+00   1.852865e-01   1.753871e-02
4.835564999999999891e+00   1.874097e-01   1.796097e-02
4.840276000000000245e+00   1.808811e-01   1.839183e-02
4.844986999999999711e+00   1.646858e-01   1.875541e-02
4.849698000000000064e+00   1.756504e-01   1.919756e-02
4.854409999999999670e+00   1.600051e-01   1.957938e-02
4.859121000000000024e+00   1.634909e-01   2.010965e-02
4.863832000000000377e+00   1.771162e-01   2.078302e-02
4.868542999999999843e+00   1.818618e-01   2.148071e-02
4.873255000000000337e+00   1.309330e-01   2.185793e-02
4.877965999999999802e+00   1.422508e-01   2.276926e-02
4.882677000000000156e+00   1.545962e-01   2.369117e-02
4.887387999999999622e+00   1.693843e-01   2.466677e-02
4.892100000000000115e+00   1.941577e-01   2.580824e-02
4.896810999999999581e+00   1.720794e-01   2.708414e-02
4.901521999999999935e+00   1.633555e-01   2.836910e-02
4.906233000000000288e+00   1.643572e-01   3.003298e-02
4.910944999999999894e+00   1.472368e-01   3.173882e-02
4.915656000000000247e+00   1.605062e-01   3.442975e-02
4.920366999999999713e+00   1.498481e-01   3.766425e-02
4.925078000000000067e+00   1.897132e-01   4.155102e-02
4.929789999999999672e+00   1.704628e-01   4.746891e-02
4.934501000000000026e+00   1.496062e-01   5.616893e-02
4.939212000000000380e+00   1.113559e-01   7.280655e-02
4.943922999999999845e+00   2.808210e-01   1.339224e-01