# [3]
# Sample c= 2.1 mg/ml
# Intensity scaled by concentration
# Buffer subtracted data file:
# Protein DatFile = /data/visitor/mx1908/bm29/20161119/giulio/1d/mM25_036_ave.dat
# Buffer DatFile = /data/visitor/mx1908/bm29/20161119/giulio/ednaSub/mM25_036_ave_averbuffer.dat
# 
# AutoRg: Rg   =   0.8843 +/- 0.11 ( 12.0%)
# AutoRg: I(0) =   3.98 +/- 0.0145
# AutoRg: Points   144 to 269 ( 126 total)
# AutoRg: Quality: 71.1%
# 
# 
# Sample Information:
# Storage Temperature (degrees C): 20.0
# Measurement Temperature (degrees C): 19.98
# Concentration: 2.1
# Code: 
3.479420999999999903e-02   1.082286e+00   3.555098e+00
3.950545999999999919e-02   7.129762e-02   1.398544e+00
4.421672000000000102e-02   1.421571e+00   9.099633e-01
4.892798000000000286e-02   2.476452e+00   6.955747e-01
5.363923000000000302e-02   2.650461e+00   5.565334e-01
5.835048999999999791e-02   3.235326e+00   4.555149e-01
6.306174999999999975e-02   3.487062e+00   3.777175e-01
6.777299999999999991e-02   3.162271e+00   3.204047e-01
7.248425999999999481e-02   3.310535e+00   2.774828e-01
7.719552000000000358e-02   2.910237e+00   2.438576e-01
8.190677000000000374e-02   3.303121e+00   2.161138e-01
8.661802999999999864e-02   3.351257e+00   1.939878e-01
9.132928999999999353e-02   3.406943e+00   1.765254e-01
9.604053999999999369e-02   3.480535e+00   1.626929e-01
1.007518000000000025e-01   3.168233e+00   1.497639e-01
1.054631000000000041e-01   3.267648e+00   1.393227e-01
1.101743000000000028e-01   3.274110e+00   1.305404e-01
1.148856000000000044e-01   3.305250e+00   1.229109e-01
1.195968000000000031e-01   3.256580e+00   1.159815e-01
1.243081000000000047e-01   3.353526e+00   1.100673e-01
1.290193000000000034e-01   3.305437e+00   1.049501e-01
1.337306000000000050e-01   3.238042e+00   1.004341e-01
1.384419000000000066e-01   3.394538e+00   9.652115e-02
1.431531000000000053e-01   3.317655e+00   9.293628e-02
1.478644000000000069e-01   3.218877e+00   8.955283e-02
1.525756000000000057e-01   3.254035e+00   8.676900e-02
1.572869000000000073e-01   3.343414e+00   8.446070e-02
1.619981000000000060e-01   3.283859e+00   8.174142e-02
1.667094000000000076e-01   3.332423e+00   7.978291e-02
1.714206000000000063e-01   3.371591e+00   7.783368e-02
1.761319000000000079e-01   3.349898e+00   7.578854e-02
1.808432000000000095e-01   3.295769e+00   7.404675e-02
1.855544000000000082e-01   3.324271e+00   7.263959e-02
1.902657000000000098e-01   3.219876e+00   7.109449e-02
1.949769000000000085e-01   3.229055e+00   6.994461e-02
1.996882000000000101e-01   3.329675e+00   6.869106e-02
2.043994000000000089e-01   3.387236e+00   6.747958e-02
2.091107000000000105e-01   3.340700e+00   6.627661e-02
2.138220000000000121e-01   3.365190e+00   6.530985e-02
2.185332000000000108e-01   3.445507e+00   6.439509e-02
2.232445000000000124e-01   3.414972e+00   6.328118e-02
2.279557000000000111e-01   3.329850e+00   6.241355e-02
2.326670000000000127e-01   3.337970e+00   6.165151e-02
2.373782000000000114e-01   3.342385e+00   6.077410e-02
2.420895000000000130e-01   3.418124e+00   6.008169e-02
2.468007000000000117e-01   3.365673e+00   5.936628e-02
2.515120000000000133e-01   3.421069e+00   5.868323e-02
2.562232999999999872e-01   3.435860e+00   5.791815e-02
2.609345000000000137e-01   3.443677e+00   5.723746e-02
2.656457999999999875e-01   3.423582e+00   5.660713e-02
2.703570000000000140e-01   3.432699e+00   5.612866e-02
2.750682999999999878e-01   3.407628e+00   5.555033e-02
2.797795000000000143e-01   3.393363e+00   5.486731e-02
2.844907999999999881e-01   3.429137e+00   5.443578e-02
2.892021000000000175e-01   3.411572e+00   5.384806e-02
2.939132999999999885e-01   3.441384e+00   5.338562e-02
2.986246000000000178e-01   3.437785e+00   5.279883e-02
3.033357999999999888e-01   3.437579e+00   5.236890e-02
3.080471000000000181e-01   3.457984e+00   5.191279e-02
3.127582999999999891e-01   3.448207e+00   5.150656e-02
3.174696000000000184e-01   3.475644e+00   5.106268e-02
3.221808999999999923e-01   3.411514e+00   5.054118e-02
3.268921000000000188e-01   3.461170e+00   5.023232e-02
3.316033999999999926e-01   3.539258e+00   4.999473e-02
3.363146000000000191e-01   3.519913e+00   5.035429e-02
3.410258999999999929e-01   3.560878e+00   5.083793e-02
3.457371000000000194e-01   3.502834e+00   5.096523e-02
3.504483999999999932e-01   3.552355e+00   5.170657e-02
3.551596000000000197e-01   3.555574e+00   5.281489e-02
3.598708999999999936e-01   3.535901e+00   5.340644e-02
3.645822000000000229e-01   3.492520e+00   5.387436e-02
3.692933999999999939e-01   3.486153e+00   5.428587e-02
3.740047000000000232e-01   3.473136e+00   5.462935e-02
3.787158999999999942e-01   3.503274e+00   5.502559e-02
3.834272000000000236e-01   3.497792e+00   5.535129e-02
3.881383999999999945e-01   3.411400e+00   5.552387e-02
3.928497000000000239e-01   3.507467e+00   5.691507e-02
3.975609999999999977e-01   3.660430e+00   5.880710e-02
4.022722000000000242e-01   3.528387e+00   5.991454e-02
4.069834999999999980e-01   3.474838e+00   6.092184e-02
4.116947000000000245e-01   3.477933e+00   6.190026e-02
4.164059999999999984e-01   3.475720e+00   6.291082e-02
4.211172000000000248e-01   3.517892e+00   6.380041e-02
4.258284999999999987e-01   3.562204e+00   6.479719e-02
4.305397000000000252e-01   3.559544e+00   6.568707e-02
4.352509999999999990e-01   3.538441e+00   6.656027e-02
4.399622999999999728e-01   3.443137e+00   6.746048e-02
4.446734999999999993e-01   3.413426e+00   6.856673e-02
4.493847999999999732e-01   3.575587e+00   6.980678e-02
4.540959999999999996e-01   3.579318e+00   7.042364e-02
4.588072999999999735e-01   3.597455e+00   6.803075e-02
4.635185000000000000e-01   3.575285e+00   6.639158e-02
4.682297999999999738e-01   3.573270e+00   6.536930e-02
4.729411000000000032e-01   3.581942e+00   6.458968e-02
4.776522999999999741e-01   3.517023e+00   6.386794e-02
4.823636000000000035e-01   3.486188e+00   6.337869e-02
4.870747999999999744e-01   3.521999e+00   6.307128e-02
4.917861000000000038e-01   3.629415e+00   6.279054e-02
4.964972999999999748e-01   3.530571e+00   6.225388e-02
5.012086000000000041e-01   3.502267e+00   6.197883e-02
5.059198999999999780e-01   3.544386e+00   6.176993e-02
5.106311000000000044e-01   3.491768e+00   6.142048e-02
5.153423999999999783e-01   3.515899e+00   6.099891e-02
5.200536000000000048e-01   3.490849e+00   6.054598e-02
5.247648999999999786e-01   3.490581e+00   6.011168e-02
5.294761000000000051e-01   3.530578e+00   5.974627e-02
5.341873999999999789e-01   3.518876e+00   5.934744e-02
5.388986000000000054e-01   3.580065e+00   5.899896e-02
5.436098999999999792e-01   3.559923e+00   5.851522e-02
5.483211999999999531e-01   3.619714e+00   5.824822e-02
5.530323999999999796e-01   3.572740e+00   5.780386e-02
5.577436999999999534e-01   3.537277e+00   5.743131e-02
5.624548999999999799e-01   3.453741e+00   5.705399e-02
5.671661999999999537e-01   3.492665e+00   5.684418e-02
5.718773999999999802e-01   3.520555e+00   5.664850e-02
5.765886999999999540e-01   3.508200e+00   5.645491e-02
5.813000000000000389e-01   3.547795e+00   5.639124e-02
5.860111999999999544e-01   3.569754e+00   5.625409e-02
5.907225000000000392e-01   3.468313e+00   5.607213e-02
5.954336999999999547e-01   3.479525e+00   5.597716e-02
6.001450000000000395e-01   3.537799e+00   5.579468e-02
6.048561999999999550e-01   3.500606e+00   5.571213e-02
6.095675000000000399e-01   3.608243e+00   5.570821e-02
6.142788000000000137e-01   3.573811e+00   5.555154e-02
6.189900000000000402e-01   3.468595e+00   5.522524e-02
6.237013000000000140e-01   3.466477e+00   5.509526e-02
6.284125000000000405e-01   3.537109e+00   5.509729e-02
6.331238000000000143e-01   3.538464e+00   5.490792e-02
6.378350000000000408e-01   3.550488e+00   5.478522e-02
6.425463000000000147e-01   3.570971e+00   5.468143e-02
6.472575000000000411e-01   3.508642e+00   5.449924e-02
6.519688000000000150e-01   3.422452e+00   5.427427e-02
6.566800999999999888e-01   3.425820e+00   5.412917e-02
6.613913000000000153e-01   3.473764e+00   5.410265e-02
6.661025999999999891e-01   3.402652e+00   5.393991e-02
6.708138000000000156e-01   3.502377e+00   5.385915e-02
6.755250999999999895e-01   3.496682e+00   5.371945e-02
6.802363000000000159e-01   3.424114e+00   5.359379e-02
6.849475999999999898e-01   3.477025e+00   5.352524e-02
6.896588999999999636e-01   3.566812e+00   5.346110e-02
6.943700999999999901e-01   3.515441e+00   5.325622e-02
6.990813999999999639e-01   3.471430e+00   5.309619e-02
7.037925999999999904e-01   3.378521e+00   5.298607e-02
7.085038999999999643e-01   3.475789e+00   5.290715e-02
7.132150999999999907e-01   3.476918e+00   5.271406e-02
7.179263999999999646e-01   3.469996e+00   5.273549e-02
7.226375999999999911e-01   3.448092e+00   5.256573e-02
7.273488999999999649e-01   3.395728e+00   5.238580e-02
7.320602000000000498e-01   3.446923e+00   5.226465e-02
7.367713999999999652e-01   3.418557e+00   5.215105e-02
7.414827000000000501e-01   3.357080e+00   5.196618e-02
7.461938999999999655e-01   3.442135e+00   5.195212e-02
7.509052000000000504e-01   3.489861e+00   5.186733e-02
7.556163999999999659e-01   3.347182e+00   5.162095e-02
7.603277000000000507e-01   3.405217e+00   5.162718e-02
7.650390000000000246e-01   3.331525e+00   5.143809e-02
7.697502000000000510e-01   3.367545e+00   5.135629e-02
7.744615000000000249e-01   3.463057e+00   5.134566e-02
7.791727000000000514e-01   3.377649e+00   5.121543e-02
7.838840000000000252e-01   3.318478e+00   5.102819e-02
7.885952000000000517e-01   3.348353e+00   5.093380e-02
7.933065000000000255e-01   3.408541e+00   5.089714e-02
7.980177999999999994e-01   3.406608e+00   5.079113e-02
8.027290000000000258e-01   3.387556e+00   5.062922e-02
8.074402999999999997e-01   3.362393e+00   5.057761e-02
8.121515000000000262e-01   3.399866e+00   5.051281e-02
8.168628000000000000e-01   3.347041e+00   5.030406e-02
8.215740000000000265e-01   3.296428e+00   5.014939e-02
8.262853000000000003e-01   3.305192e+00   5.011453e-02
8.309965000000000268e-01   3.343252e+00   5.000952e-02
8.357078000000000007e-01   3.283651e+00   4.984551e-02
8.404190999999999745e-01   3.215493e+00   4.970081e-02
8.451303000000000010e-01   3.278988e+00   4.968448e-02
8.498415999999999748e-01   3.312954e+00   4.955612e-02
8.545528000000000013e-01   3.410182e+00   4.949041e-02
8.592640999999999751e-01   3.321095e+00   4.940087e-02
8.639753000000000016e-01   3.308256e+00   4.932889e-02
8.686865999999999755e-01   3.309232e+00   4.914672e-02
8.733978999999999493e-01   3.371467e+00   4.910504e-02
8.781090999999999758e-01   3.233596e+00   4.894043e-02
8.828203999999999496e-01   3.269181e+00   4.889284e-02
8.875315999999999761e-01   3.288220e+00   4.879475e-02
8.922428999999999499e-01   3.310839e+00   4.874815e-02
8.969540999999999764e-01   3.233831e+00   4.860288e-02
9.016653999999999503e-01   3.200943e+00   4.844900e-02
9.063767000000000351e-01   3.226449e+00   4.834570e-02
9.110878999999999506e-01   3.200368e+00   4.825358e-02
9.157992000000000354e-01   3.200485e+00   4.817946e-02
9.205103999999999509e-01   3.183881e+00   4.807860e-02
9.252217000000000358e-01   3.232025e+00   4.804798e-02
9.299328999999999512e-01   3.218503e+00   4.787871e-02
9.346442000000000361e-01   3.179007e+00   4.775654e-02
9.393553999999999515e-01   3.155317e+00   4.767192e-02
9.440667000000000364e-01   3.146674e+00   4.754970e-02
9.487780000000000102e-01   3.099207e+00   4.751234e-02
9.534892000000000367e-01   3.151890e+00   4.737537e-02
9.582005000000000106e-01   3.158365e+00   4.727564e-02
9.629117000000000370e-01   3.119521e+00   4.715926e-02
9.676230000000000109e-01   3.083187e+00   4.704315e-02
9.723342000000000374e-01   3.151103e+00   4.704037e-02
9.770455000000000112e-01   3.049641e+00   4.686397e-02
9.817567999999999850e-01   2.999096e+00   4.672576e-02
9.864680000000000115e-01   3.075860e+00   4.671538e-02
9.911792999999999854e-01   3.137743e+00   4.672784e-02
9.958905000000000118e-01   3.077950e+00   4.658714e-02
1.000601999999999991e+00   3.164588e+00   4.655211e-02
1.005312999999999901e+00   3.130874e+00   4.642996e-02
1.010024000000000033e+00   3.059256e+00   4.629870e-02
1.014736000000000082e+00   3.046267e+00   4.621594e-02
1.019446999999999992e+00   3.041465e+00   4.610432e-02
1.024157999999999902e+00   3.026907e+00   4.601689e-02
1.028869000000000034e+00   2.940894e+00   4.590422e-02
1.033581000000000083e+00   2.989908e+00   4.587751e-02
1.038291999999999993e+00   2.992496e+00   4.581714e-02
1.043002999999999902e+00   3.019900e+00   4.574509e-02
1.047714000000000034e+00   3.026296e+00   4.561686e-02
1.052426000000000084e+00   3.003187e+00   4.555697e-02
1.057136999999999993e+00   3.013395e+00   4.551716e-02
1.061847999999999903e+00   2.965843e+00   4.538388e-02
1.066559000000000035e+00   2.944544e+00   4.523313e-02
1.071271000000000084e+00   2.900087e+00   4.517328e-02
1.075981999999999994e+00   2.941355e+00   4.509426e-02
1.080692999999999904e+00   2.948022e+00   4.508478e-02
1.085404000000000035e+00   2.906374e+00   4.493236e-02
1.090116000000000085e+00   2.917562e+00   4.488857e-02
1.094826999999999995e+00   2.860469e+00   4.471433e-02
1.099537999999999904e+00   2.903562e+00   4.476967e-02
1.104249000000000036e+00   2.848654e+00   4.460796e-02
1.108961000000000086e+00   2.879880e+00   4.450934e-02
1.113671999999999995e+00   2.837357e+00   4.442458e-02
1.118382999999999905e+00   2.853179e+00   4.438089e-02
1.123094000000000037e+00   2.845770e+00   4.430449e-02
1.127806000000000086e+00   2.842758e+00   4.421742e-02
1.132516999999999996e+00   2.804617e+00   4.411251e-02
1.137227999999999906e+00   2.910463e+00   4.411938e-02
1.141939000000000037e+00   2.849933e+00   4.397211e-02
1.146651000000000087e+00   2.756516e+00   4.385321e-02
1.151361999999999997e+00   2.795356e+00   4.380028e-02
1.156072999999999906e+00   2.852005e+00   4.377463e-02
1.160784000000000038e+00   2.780666e+00   4.367585e-02
1.165496000000000087e+00   2.806087e+00   4.357024e-02
1.170206999999999997e+00   2.769334e+00   4.345745e-02
1.174917999999999907e+00   2.773068e+00   4.346416e-02
1.179629999999999956e+00   2.748627e+00   4.329418e-02
1.184341000000000088e+00   2.757057e+00   4.325303e-02
1.189051999999999998e+00   2.717215e+00   4.318120e-02
1.193762999999999908e+00   2.711824e+00   4.325148e-02
1.198474999999999957e+00   2.775692e+00   4.417135e-02
1.203186000000000089e+00   2.774567e+00   4.531057e-02
1.207896999999999998e+00   2.769487e+00   4.606964e-02
1.212607999999999908e+00   2.678914e+00   4.652011e-02
1.217319999999999958e+00   2.674463e+00   4.710046e-02
1.222031000000000089e+00   2.726830e+00   4.765439e-02
1.226741999999999999e+00   2.634836e+00   4.804071e-02
1.231452999999999909e+00   2.707369e+00   4.851610e-02
1.236164999999999958e+00   2.723376e+00   4.895528e-02
1.240876000000000090e+00   2.696752e+00   4.926810e-02
1.245587000000000000e+00   2.632131e+00   4.946693e-02
1.250297999999999909e+00   2.640864e+00   4.953800e-02
1.255009999999999959e+00   2.682118e+00   4.968265e-02
1.259721000000000091e+00   2.655696e+00   4.971237e-02
1.264432000000000000e+00   2.665786e+00   4.800023e-02
1.269142999999999910e+00   2.642538e+00   4.677075e-02
1.273854999999999960e+00   2.555707e+00   4.593864e-02
1.278566000000000091e+00   2.553285e+00   4.526620e-02
1.283277000000000001e+00   2.588755e+00   4.481797e-02
1.287987999999999911e+00   2.552879e+00   4.440901e-02
1.292699999999999960e+00   2.546726e+00   4.403242e-02
1.297411000000000092e+00   2.541591e+00   4.368858e-02
1.302122000000000002e+00   2.620655e+00   4.337521e-02
1.306832999999999911e+00   2.584706e+00   4.310464e-02
1.311544999999999961e+00   2.473825e+00   4.291855e-02
1.316256000000000093e+00   2.474868e+00   4.282009e-02
1.320967000000000002e+00   2.508937e+00   4.268725e-02
1.325677999999999912e+00   2.504435e+00   4.263734e-02
1.330389999999999961e+00   2.450658e+00   4.250656e-02
1.335101000000000093e+00   2.525385e+00   4.240912e-02
1.339812000000000003e+00   2.501574e+00   4.225968e-02
1.344522999999999913e+00   2.450449e+00   4.216746e-02
1.349234999999999962e+00   2.511533e+00   4.218287e-02
1.353946000000000094e+00   2.455476e+00   4.204626e-02
1.358657000000000004e+00   2.331856e+00   4.186272e-02
1.363369000000000053e+00   2.387788e+00   4.181378e-02
1.368079999999999963e+00   2.480800e+00   4.175474e-02
1.372791000000000095e+00   2.418905e+00   4.163859e-02
1.377502000000000004e+00   2.395929e+00   4.158206e-02
1.382214000000000054e+00   2.429126e+00   4.148855e-02
1.386924999999999963e+00   2.406859e+00   4.142436e-02
1.391636000000000095e+00   2.351706e+00   4.131917e-02
1.396347000000000005e+00   2.405200e+00   4.125556e-02
1.401059000000000054e+00   2.359933e+00   4.114143e-02
1.405769999999999964e+00   2.370360e+00   4.110286e-02
1.410481000000000096e+00   2.342460e+00   4.100796e-02
1.415192000000000005e+00   2.312569e+00   4.092284e-02
1.419904000000000055e+00   2.308440e+00   4.083300e-02
1.424614999999999965e+00   2.283645e+00   4.074354e-02
1.429326000000000096e+00   2.288355e+00   4.072347e-02
1.434037000000000006e+00   2.272960e+00   4.060140e-02
1.438749000000000056e+00   2.252224e+00   4.051064e-02
1.443459999999999965e+00   2.301415e+00   4.050745e-02
1.448171000000000097e+00   2.284248e+00   4.041386e-02
1.452882000000000007e+00   2.226734e+00   4.035783e-02
1.457594000000000056e+00   2.235317e+00   4.024157e-02
1.462304999999999966e+00   2.240007e+00   4.019563e-02
1.467016000000000098e+00   2.187708e+00   4.011638e-02
1.471727000000000007e+00   2.195982e+00   4.003852e-02
1.476439000000000057e+00   2.183105e+00   3.998003e-02
1.481149999999999967e+00   2.229945e+00   3.990913e-02
1.485861000000000098e+00   2.157374e+00   3.983845e-02
1.490572000000000008e+00   2.152929e+00   3.975326e-02
1.495284000000000058e+00   2.137805e+00   3.964807e-02
1.499994999999999967e+00   2.140600e+00   3.962936e-02
1.504706000000000099e+00   2.189645e+00   3.959311e-02
1.509417000000000009e+00   2.175771e+00   3.958018e-02
1.514129000000000058e+00   2.142009e+00   3.961440e-02
1.518839999999999968e+00   2.125115e+00   4.073796e-02
1.523551000000000100e+00   2.124695e+00   4.158063e-02
1.528262999999999927e+00   2.146333e+00   4.218819e-02
1.532974000000000059e+00   2.157680e+00   4.268716e-02
1.537684999999999969e+00   2.118957e+00   4.310086e-02
1.542396000000000100e+00   2.155183e+00   4.315140e-02
1.547107999999999928e+00   2.138509e+00   4.202387e-02
1.551819000000000059e+00   2.129130e+00   4.149262e-02
1.556529999999999969e+00   2.116419e+00   4.101436e-02
1.561241000000000101e+00   2.052478e+00   4.054461e-02
1.565952999999999928e+00   2.033905e+00   4.014031e-02
1.570664000000000060e+00   2.094383e+00   3.979528e-02
1.575374999999999970e+00   2.071148e+00   3.935497e-02
1.580086000000000102e+00   2.012088e+00   3.897072e-02
1.584797999999999929e+00   1.971000e+00   3.872773e-02
1.589509000000000061e+00   2.007627e+00   3.867589e-02
1.594219999999999970e+00   1.980197e+00   3.863677e-02
1.598931000000000102e+00   1.947267e+00   3.866902e-02
1.603642999999999930e+00   1.942503e+00   3.868977e-02
1.608354000000000061e+00   1.967533e+00   3.874241e-02
1.613064999999999971e+00   1.943960e+00   3.872856e-02
1.617776000000000103e+00   1.964824e+00   3.858709e-02
1.622487999999999930e+00   1.963504e+00   3.854992e-02
1.627199000000000062e+00   1.959432e+00   3.845779e-02
1.631909999999999972e+00   1.967838e+00   3.842049e-02
1.636621000000000103e+00   1.958772e+00   3.834806e-02
1.641332999999999931e+00   1.936762e+00   3.829016e-02
1.646044000000000063e+00   1.972598e+00   3.826808e-02
1.650754999999999972e+00   1.899538e+00   3.814242e-02
1.655466000000000104e+00   1.909962e+00   3.810852e-02
1.660177999999999932e+00   1.950227e+00   3.805037e-02
1.664889000000000063e+00   1.903618e+00   3.790449e-02
1.669599999999999973e+00   1.878413e+00   3.785080e-02
1.674311000000000105e+00   1.936863e+00   3.787113e-02
1.679022999999999932e+00   1.866286e+00   3.776443e-02
1.683734000000000064e+00   1.859746e+00   3.774677e-02
1.688444999999999974e+00   1.835060e+00   3.765013e-02
1.693156000000000105e+00   1.890542e+00   3.758970e-02
1.697867999999999933e+00   1.841709e+00   3.752371e-02
1.702579000000000065e+00   1.786580e+00   3.744808e-02
1.707289999999999974e+00   1.829244e+00   3.738636e-02
1.712002000000000024e+00   1.853375e+00   3.737345e-02
1.716712999999999933e+00   1.854771e+00   3.730404e-02
1.721424000000000065e+00   1.775578e+00   3.720082e-02
1.726134999999999975e+00   1.785438e+00   3.718564e-02
1.730847000000000024e+00   1.788379e+00   3.708331e-02
1.735557999999999934e+00   1.753448e+00   3.701930e-02
1.740269000000000066e+00   1.780982e+00   3.699794e-02
1.744979999999999976e+00   1.724554e+00   3.695024e-02
1.749692000000000025e+00   1.745581e+00   3.689520e-02
1.754402999999999935e+00   1.780600e+00   3.683662e-02
1.759114000000000066e+00   1.733365e+00   3.677326e-02
1.763824999999999976e+00   1.730172e+00   3.672909e-02
1.768537000000000026e+00   1.724357e+00   3.664258e-02
1.773247999999999935e+00   1.729452e+00   3.657509e-02
1.777959000000000067e+00   1.737803e+00   3.654577e-02
1.782669999999999977e+00   1.739558e+00   3.652541e-02
1.787382000000000026e+00   1.710358e+00   3.644966e-02
1.792092999999999936e+00   1.675509e+00   3.639140e-02
1.796804000000000068e+00   1.647241e+00   3.633997e-02
1.801514999999999977e+00   1.769595e+00   3.638560e-02
1.806227000000000027e+00   1.679150e+00   3.622398e-02
1.810937999999999937e+00   1.654720e+00   3.615497e-02
1.815649000000000068e+00   1.659780e+00   3.613516e-02
1.820359999999999978e+00   1.653012e+00   3.608138e-02
1.825072000000000028e+00   1.663271e+00   3.605344e-02
1.829782999999999937e+00   1.611756e+00   3.597505e-02
1.834494000000000069e+00   1.622117e+00   3.591979e-02
1.839204999999999979e+00   1.619479e+00   3.591057e-02
1.843917000000000028e+00   1.593345e+00   3.584984e-02
1.848627999999999938e+00   1.568110e+00   3.570442e-02
1.853339000000000070e+00   1.585192e+00   3.567265e-02
1.858049999999999979e+00   1.617833e+00   3.566293e-02
1.862762000000000029e+00   1.504544e+00   3.554433e-02
1.867472999999999939e+00   1.534735e+00   3.555608e-02
1.872184000000000070e+00   1.589836e+00   3.555846e-02
1.876894999999999980e+00   1.565227e+00   3.548925e-02
1.881607000000000030e+00   1.532437e+00   3.540523e-02
1.886317999999999939e+00   1.529703e+00   3.537970e-02
1.891029000000000071e+00   1.545648e+00   3.533561e-02
1.895740999999999898e+00   1.570931e+00   3.529367e-02
1.900452000000000030e+00   1.537082e+00   3.525277e-02
1.905162999999999940e+00   1.529062e+00   3.518129e-02
1.909874000000000072e+00   1.486217e+00   3.506512e-02
1.914585999999999899e+00   1.501426e+00   3.508984e-02
1.919297000000000031e+00   1.489520e+00   3.503732e-02
1.924007999999999940e+00   1.474885e+00   3.497034e-02
1.928719000000000072e+00   1.508698e+00   3.497528e-02
1.933430999999999900e+00   1.480974e+00   3.486728e-02
1.938142000000000031e+00   1.496456e+00   3.478349e-02
1.942852999999999941e+00   1.454870e+00   3.468505e-02
1.947564000000000073e+00   1.470232e+00   3.455448e-02
1.952275999999999900e+00   1.482051e+00   3.453319e-02
1.956987000000000032e+00   1.498391e+00   3.450243e-02
1.961697999999999942e+00   1.462042e+00   3.443711e-02
1.966409000000000074e+00   1.494430e+00   3.435632e-02
1.971120999999999901e+00   1.401715e+00   3.427335e-02
1.975832000000000033e+00   1.407058e+00   3.426733e-02
1.980542999999999942e+00   1.439016e+00   3.433096e-02
1.985254000000000074e+00   1.444107e+00   3.435444e-02
1.989965999999999902e+00   1.382178e+00   3.427694e-02
1.994677000000000033e+00   1.441613e+00   3.432066e-02
1.999387999999999943e+00   1.451038e+00   3.438146e-02
2.004099000000000075e+00   1.441097e+00   3.515319e-02
2.008811000000000124e+00   1.383517e+00   3.591059e-02
2.013522000000000034e+00   1.373118e+00   3.638633e-02
2.018232999999999944e+00   1.386729e+00   3.679491e-02
2.022943999999999853e+00   1.374718e+00   3.716607e-02
2.027655999999999903e+00   1.337782e+00   3.742152e-02
2.032366999999999813e+00   1.351409e+00   3.767812e-02
2.037078000000000166e+00   1.364074e+00   3.775575e-02
2.041789000000000076e+00   1.363442e+00   3.785161e-02
2.046501000000000126e+00   1.365069e+00   3.798851e-02
2.051212000000000035e+00   1.283351e+00   3.801515e-02
2.055922999999999945e+00   1.317153e+00   3.810599e-02
2.060633999999999855e+00   1.320634e+00   3.821064e-02
2.065345999999999904e+00   1.336707e+00   3.815103e-02
2.070056999999999814e+00   1.347939e+00   3.703174e-02
2.074768000000000168e+00   1.349865e+00   3.628524e-02
2.079480000000000217e+00   1.322871e+00   3.579077e-02
2.084191000000000127e+00   1.306091e+00   3.537955e-02
2.088902000000000037e+00   1.287737e+00   3.505534e-02
2.093612999999999946e+00   1.315140e+00   3.479586e-02
2.098324999999999996e+00   1.323717e+00   3.469256e-02
2.103035999999999905e+00   1.294756e+00   3.459436e-02
2.107746999999999815e+00   1.258075e+00   3.445899e-02
2.112458000000000169e+00   1.270588e+00   3.439814e-02
2.117170000000000218e+00   1.299613e+00   3.436449e-02
2.121881000000000128e+00   1.229910e+00   3.419929e-02
2.126592000000000038e+00   1.189861e+00   3.413500e-02
2.131302999999999948e+00   1.242483e+00   3.410875e-02
2.136014999999999997e+00   1.262370e+00   3.403117e-02
2.140725999999999907e+00   1.262194e+00   3.397997e-02
2.145436999999999816e+00   1.212696e+00   3.391670e-02
2.150148000000000170e+00   1.195261e+00   3.383578e-02
2.154860000000000220e+00   1.214535e+00   3.378940e-02
2.159571000000000129e+00   1.241491e+00   3.373267e-02
2.164282000000000039e+00   1.241217e+00   3.366295e-02
2.168992999999999949e+00   1.215138e+00   3.360400e-02
2.173704999999999998e+00   1.213254e+00   3.358579e-02
2.178415999999999908e+00   1.189950e+00   3.350253e-02
2.183126999999999818e+00   1.176444e+00   3.342059e-02
2.187838000000000171e+00   1.186890e+00   3.337955e-02
2.192550000000000221e+00   1.188803e+00   3.337503e-02
2.197261000000000131e+00   1.206648e+00   3.333362e-02
2.201972000000000040e+00   1.208257e+00   3.327248e-02
2.206682999999999950e+00   1.196850e+00   3.320568e-02
2.211395000000000000e+00   1.115231e+00   3.314868e-02
2.216105999999999909e+00   1.175714e+00   3.310638e-02
2.220816999999999819e+00   1.214283e+00   3.307348e-02
2.225528000000000173e+00   1.165964e+00   3.298161e-02
2.230239999999999778e+00   1.160240e+00   3.295559e-02
2.234951000000000132e+00   1.146390e+00   3.292229e-02
2.239662000000000042e+00   1.093021e+00   3.286531e-02
2.244372999999999951e+00   1.099459e+00   3.280970e-02
2.249085000000000001e+00   1.117020e+00   3.280305e-02
2.253795999999999911e+00   1.142823e+00   3.273939e-02
2.258506999999999820e+00   1.169060e+00   3.268195e-02
2.263218999999999870e+00   1.088042e+00   3.261686e-02
2.267929999999999779e+00   1.105519e+00   3.260680e-02
2.272641000000000133e+00   1.158690e+00   3.257005e-02
2.277352000000000043e+00   1.118524e+00   3.250902e-02
2.282064000000000092e+00   1.093568e+00   3.245315e-02
2.286775000000000002e+00   1.081104e+00   3.241656e-02
2.291485999999999912e+00   1.077027e+00   3.241158e-02
2.296196999999999822e+00   1.031298e+00   3.232977e-02
2.300908999999999871e+00   1.011238e+00   3.228733e-02
2.305619999999999781e+00   1.039586e+00   3.225363e-02
2.310331000000000135e+00   1.060941e+00   3.221787e-02
2.315042000000000044e+00   1.051129e+00   3.217982e-02
2.319754000000000094e+00   1.033003e+00   3.210502e-02
2.324465000000000003e+00   1.033146e+00   3.207422e-02
2.329175999999999913e+00   1.037469e+00   3.207364e-02
2.333886999999999823e+00   1.082025e+00   3.204972e-02
2.338598999999999872e+00   1.018329e+00   3.195698e-02
2.343309999999999782e+00   9.925227e-01   3.192667e-02
2.348021000000000136e+00   9.843700e-01   3.187176e-02
2.352732000000000046e+00   1.035217e+00   3.186319e-02
2.357444000000000095e+00   1.040308e+00   3.185003e-02
2.362155000000000005e+00   1.045471e+00   3.179357e-02
2.366865999999999914e+00   1.045049e+00   3.178292e-02
2.371576999999999824e+00   1.010504e+00   3.170027e-02
2.376288999999999874e+00   1.012361e+00   3.167326e-02
2.380999999999999783e+00   1.012497e+00   3.165327e-02
2.385711000000000137e+00   1.023424e+00   3.160838e-02
2.390422000000000047e+00   9.909448e-01   3.155406e-02
2.395134000000000096e+00   9.329927e-01   3.146232e-02
2.399845000000000006e+00   9.179523e-01   3.142966e-02
2.404555999999999916e+00   9.741940e-01   3.144551e-02
2.409266999999999825e+00   9.413295e-01   3.139980e-02
2.413978999999999875e+00   9.720258e-01   3.139627e-02
2.418689999999999785e+00   9.615404e-01   3.135238e-02
2.423401000000000138e+00   9.680115e-01   3.133022e-02
2.428112000000000048e+00   9.444486e-01   3.126546e-02
2.432824000000000098e+00   9.430755e-01   3.123122e-02
2.437535000000000007e+00   9.629033e-01   3.121622e-02
2.442245999999999917e+00   9.386790e-01   3.118072e-02
2.446957999999999966e+00   9.176446e-01   3.112825e-02
2.451668999999999876e+00   9.303057e-01   3.108227e-02
2.456379999999999786e+00   9.289352e-01   3.102244e-02
2.461091000000000140e+00   9.893132e-01   3.102656e-02
2.465803000000000189e+00   9.182357e-01   3.098470e-02
2.470514000000000099e+00   9.014849e-01   3.095707e-02
2.475225000000000009e+00   9.404501e-01   3.096117e-02
2.479935999999999918e+00   8.830952e-01   3.089288e-02
2.484647999999999968e+00   8.907061e-01   3.086183e-02
2.489358999999999877e+00   8.923929e-01   3.081142e-02
2.494069999999999787e+00   8.886588e-01   3.076013e-02
2.498781000000000141e+00   8.743231e-01   3.074209e-02
2.503493000000000190e+00   8.679138e-01   3.072406e-02
2.508204000000000100e+00   8.559054e-01   3.068730e-02
2.512915000000000010e+00   8.766381e-01   3.065351e-02
2.517625999999999920e+00   8.670900e-01   3.057563e-02
2.522337999999999969e+00   8.768632e-01   3.048967e-02
2.527048999999999879e+00   8.814308e-01   3.044312e-02
2.531759999999999788e+00   8.263167e-01   3.040570e-02
2.536471000000000142e+00   8.405524e-01   3.037602e-02
2.541183000000000192e+00   8.414049e-01   3.034201e-02
2.545894000000000101e+00   8.231251e-01   3.029961e-02
2.550605000000000011e+00   8.362017e-01   3.025578e-02
2.555315999999999921e+00   8.352576e-01   3.024373e-02
2.560027999999999970e+00   8.428781e-01   3.023511e-02
2.564738999999999880e+00   8.585930e-01   3.022052e-02
2.569449999999999790e+00   8.463973e-01   3.020063e-02
2.574161000000000143e+00   8.594571e-01   3.023240e-02
2.578873000000000193e+00   8.164058e-01   3.020244e-02
2.583584000000000103e+00   8.072383e-01   3.016444e-02
2.588295000000000012e+00   8.474477e-01   3.015835e-02
2.593005999999999922e+00   8.129433e-01   3.009473e-02
2.597717999999999972e+00   7.930410e-01   3.006111e-02
2.602428999999999881e+00   8.044490e-01   3.004867e-02
2.607139999999999791e+00   8.308131e-01   3.003432e-02
2.611851000000000145e+00   7.946837e-01   2.999157e-02
2.616563000000000194e+00   8.221486e-01   2.999215e-02
2.621274000000000104e+00   8.568299e-01   2.998306e-02
2.625985000000000014e+00   8.264865e-01   2.993177e-02
2.630697000000000063e+00   7.869979e-01   2.985936e-02
2.635407999999999973e+00   7.524496e-01   2.981159e-02
2.640118999999999883e+00   7.984160e-01   2.985621e-02
2.644829999999999792e+00   7.663877e-01   2.980723e-02
2.649541999999999842e+00   7.944773e-01   2.975025e-02
2.654253000000000196e+00   7.985152e-01   2.974291e-02
2.658964000000000105e+00   7.791399e-01   2.971793e-02
2.663675000000000015e+00   7.454871e-01   2.967308e-02
2.668387000000000064e+00   7.482833e-01   2.963790e-02
2.673097999999999974e+00   7.740650e-01   2.962610e-02
2.677808999999999884e+00   7.342365e-01   2.955622e-02
2.682519999999999794e+00   7.775548e-01   2.955496e-02
2.687231999999999843e+00   7.577080e-01   2.951911e-02
2.691943000000000197e+00   7.650377e-01   2.950348e-02
2.696654000000000106e+00   7.367505e-01   2.947414e-02
2.701365000000000016e+00   7.428573e-01   2.945313e-02
2.706077000000000066e+00   7.360564e-01   2.941588e-02
2.710787999999999975e+00   7.685920e-01   2.940422e-02
2.715498999999999885e+00   7.091054e-01   2.935255e-02
2.720209999999999795e+00   7.750201e-01   2.937057e-02
2.724921999999999844e+00   7.812173e-01   2.930876e-02
2.729633000000000198e+00   6.946342e-01   2.926054e-02
2.734344000000000108e+00   7.049408e-01   2.924121e-02
2.739055000000000017e+00   7.033210e-01   2.919786e-02
2.743767000000000067e+00   7.939761e-01   2.924098e-02
2.748477999999999977e+00   7.430992e-01   2.915400e-02
2.753188999999999886e+00   7.263848e-01   2.912067e-02
2.757899999999999796e+00   7.458213e-01   2.912672e-02
2.762611999999999846e+00   7.414700e-01   2.909584e-02
2.767323000000000199e+00   6.959339e-01   2.905668e-02
2.772034000000000109e+00   7.414393e-01   2.904100e-02
2.776745000000000019e+00   7.762744e-01   2.905273e-02
2.781457000000000068e+00   6.996613e-01   2.896405e-02
2.786167999999999978e+00   7.097606e-01   2.894560e-02
2.790878999999999888e+00   6.645504e-01   2.888379e-02
2.795589999999999797e+00   6.918207e-01   2.889040e-02
2.800301999999999847e+00   6.967517e-01   2.890207e-02
2.805013000000000201e+00   6.912711e-01   2.900390e-02
2.809724000000000110e+00   7.288730e-01   2.974579e-02
2.814436000000000160e+00   6.826150e-01   3.018712e-02
2.819147000000000070e+00   6.722352e-01   3.055383e-02
2.823857999999999979e+00   6.361330e-01   3.082073e-02
2.828568999999999889e+00   6.527030e-01   3.099783e-02
2.833280999999999938e+00   7.282323e-01   3.116084e-02
2.837991999999999848e+00   6.769208e-01   3.119556e-02
2.842703000000000202e+00   6.453924e-01   3.123802e-02
2.847414000000000112e+00   6.271546e-01   3.134362e-02
2.852126000000000161e+00   6.496651e-01   3.143533e-02
2.856837000000000071e+00   6.751788e-01   3.151552e-02
2.861547999999999981e+00   6.763564e-01   3.158709e-02
2.866258999999999890e+00   6.713898e-01   3.164144e-02
2.870970999999999940e+00   6.187949e-01   3.137359e-02
2.875681999999999849e+00   6.217487e-01   3.053842e-02
2.880393000000000203e+00   6.194652e-01   3.009035e-02
2.885104000000000113e+00   6.421170e-01   2.980491e-02
2.889816000000000162e+00   6.368406e-01   2.955374e-02
2.894527000000000072e+00   6.162649e-01   2.939425e-02
2.899237999999999982e+00   6.144829e-01   2.931539e-02
2.903948999999999891e+00   6.270229e-01   2.926645e-02
2.908660999999999941e+00   6.605004e-01   2.922026e-02
2.913371999999999851e+00   6.254776e-01   2.912518e-02
2.918083000000000204e+00   6.744826e-01   2.910934e-02
2.922794000000000114e+00   6.712243e-01   2.905775e-02
2.927506000000000164e+00   6.041276e-01   2.896744e-02
2.932217000000000073e+00   6.325911e-01   2.894467e-02
2.936927999999999983e+00   6.221294e-01   2.888002e-02
2.941638999999999893e+00   6.172330e-01   2.882766e-02
2.946350999999999942e+00   6.141124e-01   2.880820e-02
2.951061999999999852e+00   6.001038e-01   2.874930e-02
2.955773000000000206e+00   5.991371e-01   2.873827e-02
2.960484000000000115e+00   5.929152e-01   2.865325e-02
2.965196000000000165e+00   6.374230e-01   2.866087e-02
2.969907000000000075e+00   6.086679e-01   2.858578e-02
2.974617999999999984e+00   6.083071e-01   2.856688e-02
2.979328999999999894e+00   5.722485e-01   2.848660e-02
2.984040999999999944e+00   5.711163e-01   2.846928e-02
2.988751999999999853e+00   5.912071e-01   2.847497e-02
2.993463000000000207e+00   6.290931e-01   2.846129e-02
2.998174999999999812e+00   5.468494e-01   2.838246e-02
3.002886000000000166e+00   5.570035e-01   2.839496e-02
3.007597000000000076e+00   5.845918e-01   2.835393e-02
3.012307999999999986e+00   5.628945e-01   2.831145e-02
3.017020000000000035e+00   5.677055e-01   2.824436e-02
3.021730999999999945e+00   5.138696e-01   2.820218e-02
3.026441999999999855e+00   5.569804e-01   2.819819e-02
3.031153000000000208e+00   5.505913e-01   2.818532e-02
3.035864999999999814e+00   5.550463e-01   2.812103e-02
3.040576000000000167e+00   5.259377e-01   2.807590e-02
3.045287000000000077e+00   5.847429e-01   2.807122e-02
3.049997999999999987e+00   5.738394e-01   2.806006e-02
3.054710000000000036e+00   5.549527e-01   2.802439e-02
3.059420999999999946e+00   5.831457e-01   2.800752e-02
3.064131999999999856e+00   6.143435e-01   2.798974e-02
3.068843000000000210e+00   5.499638e-01   2.793931e-02
3.073554999999999815e+00   5.895652e-01   2.793452e-02
3.078266000000000169e+00   5.809975e-01   2.789199e-02
3.082977000000000078e+00   5.706662e-01   2.785571e-02
3.087687999999999988e+00   5.526739e-01   2.783556e-02
3.092400000000000038e+00   5.390695e-01   2.780187e-02
3.097110999999999947e+00   5.399881e-01   2.776902e-02
3.101821999999999857e+00   5.476656e-01   2.775108e-02
3.106533000000000211e+00   5.597137e-01   2.774783e-02
3.111244999999999816e+00   5.537194e-01   2.770925e-02
3.115956000000000170e+00   5.431071e-01   2.767316e-02
3.120667000000000080e+00   5.134136e-01   2.763089e-02
3.125377999999999989e+00   5.648727e-01   2.762778e-02
3.130090000000000039e+00   5.333868e-01   2.759992e-02
3.134800999999999949e+00   5.102711e-01   2.753597e-02
3.139511999999999858e+00   4.807932e-01   2.749940e-02
3.144223000000000212e+00   4.778989e-01   2.750907e-02
3.148934999999999818e+00   4.879399e-01   2.747859e-02
3.153646000000000171e+00   5.186338e-01   2.746598e-02
3.158357000000000081e+00   4.950638e-01   2.744149e-02
3.163067999999999991e+00   5.238500e-01   2.743593e-02
3.167780000000000040e+00   5.349498e-01   2.742687e-02
3.172490999999999950e+00   5.259379e-01   2.738521e-02
3.177201999999999860e+00   4.996485e-01   2.735936e-02
3.181913999999999909e+00   4.826660e-01   2.732511e-02
3.186624999999999819e+00   4.961373e-01   2.727626e-02
3.191336000000000173e+00   5.137608e-01   2.724774e-02
3.196047000000000082e+00   5.027701e-01   2.718918e-02
3.200759000000000132e+00   5.069777e-01   2.716501e-02
3.205470000000000041e+00   5.067289e-01   2.712851e-02
3.210180999999999951e+00   4.959881e-01   2.710515e-02
3.214891999999999861e+00   5.479383e-01   2.710553e-02
3.219603999999999910e+00   5.204476e-01   2.706777e-02
3.224314999999999820e+00   5.246999e-01   2.702192e-02
3.229026000000000174e+00   4.904838e-01   2.698235e-02
3.233737000000000084e+00   4.782237e-01   2.696697e-02
3.238449000000000133e+00   5.012289e-01   2.698256e-02
3.243160000000000043e+00   5.139987e-01   2.696391e-02
3.247870999999999952e+00   4.559210e-01   2.692364e-02
3.252581999999999862e+00   4.511239e-01   2.691551e-02
3.257293999999999912e+00   4.692996e-01   2.693549e-02
3.262004999999999821e+00   4.606129e-01   2.692790e-02
3.266716000000000175e+00   4.480100e-01   2.689581e-02
3.271427000000000085e+00   4.386281e-01   2.686885e-02
3.276139000000000134e+00   4.890076e-01   2.686996e-02
3.280850000000000044e+00   4.507369e-01   2.683045e-02
3.285560999999999954e+00   4.431993e-01   2.681159e-02
3.290271999999999863e+00   4.739674e-01   2.678259e-02
3.294983999999999913e+00   4.679726e-01   2.677123e-02
3.299694999999999823e+00   4.515689e-01   2.673706e-02
3.304406000000000176e+00   4.491051e-01   2.673297e-02
3.309117000000000086e+00   4.438164e-01   2.671330e-02
3.313829000000000136e+00   4.529845e-01   2.670233e-02
3.318540000000000045e+00   4.663646e-01   2.669233e-02
3.323250999999999955e+00   4.337399e-01   2.664705e-02
3.327961999999999865e+00   4.593168e-01   2.663104e-02
3.332673999999999914e+00   4.769083e-01   2.662264e-02
3.337384999999999824e+00   4.867740e-01   2.659529e-02
3.342096000000000178e+00   4.442769e-01   2.654955e-02
3.346807000000000087e+00   4.415161e-01   2.652835e-02
3.351519000000000137e+00   4.549724e-01   2.653022e-02
3.356230000000000047e+00   4.312396e-01   2.650163e-02
3.360940999999999956e+00   4.222402e-01   2.647812e-02
3.365653000000000006e+00   4.316699e-01   2.644940e-02
3.370363999999999916e+00   4.383952e-01   2.643153e-02
3.375074999999999825e+00   4.136133e-01   2.639506e-02
3.379786000000000179e+00   4.405179e-01   2.640174e-02
3.384497999999999784e+00   4.489768e-01   2.638856e-02
3.389209000000000138e+00   4.636704e-01   2.655266e-02
3.393920000000000048e+00   4.485080e-01   2.715479e-02
3.398630999999999958e+00   4.351842e-01   2.750955e-02
3.403343000000000007e+00   4.300480e-01   2.779427e-02
3.408053999999999917e+00   4.462894e-01   2.801057e-02
3.412764999999999826e+00   4.432125e-01   2.809107e-02
3.417476000000000180e+00   4.058033e-01   2.808604e-02
3.422187999999999786e+00   4.823077e-01   2.813626e-02
3.426899000000000139e+00   4.704474e-01   2.820648e-02
3.431610000000000049e+00   4.499401e-01   2.823960e-02
3.436320999999999959e+00   3.863054e-01   2.827953e-02
3.441033000000000008e+00   4.319529e-01   2.833684e-02
3.445743999999999918e+00   4.031692e-01   2.838515e-02
3.450454999999999828e+00   4.270736e-01   2.846368e-02
3.455166000000000182e+00   4.610556e-01   2.852612e-02
3.459877999999999787e+00   4.251951e-01   2.856435e-02
3.464589000000000141e+00   4.297221e-01   2.860600e-02
3.469300000000000050e+00   4.500971e-01   2.865340e-02
3.474010999999999960e+00   4.455279e-01   2.868936e-02
3.478723000000000010e+00   4.367121e-01   2.872388e-02
3.483433999999999919e+00   4.037624e-01   2.875368e-02
3.488144999999999829e+00   3.821756e-01   2.878443e-02
3.492856000000000183e+00   3.605639e-01   2.880250e-02
3.497567999999999788e+00   4.052711e-01   2.885395e-02
3.502279000000000142e+00   4.133156e-01   2.890760e-02
3.506990000000000052e+00   3.884870e-01   2.892917e-02
3.511700999999999961e+00   4.083621e-01   2.896324e-02
3.516413000000000011e+00   3.993407e-01   2.902031e-02
3.521123999999999921e+00   4.217377e-01   2.905360e-02
3.525834999999999830e+00   4.373573e-01   2.910672e-02
3.530546000000000184e+00   4.238339e-01   2.911594e-02
3.535257999999999790e+00   4.089989e-01   2.913138e-02
3.539969000000000143e+00   4.058618e-01   2.916764e-02
3.544680000000000053e+00   4.305356e-01   2.920140e-02
3.549392000000000102e+00   4.351124e-01   2.923028e-02
3.554103000000000012e+00   3.760937e-01   2.919934e-02
3.558813999999999922e+00   3.993045e-01   2.927198e-02
3.563524999999999832e+00   4.168592e-01   2.932092e-02
3.568236999999999881e+00   3.924220e-01   2.930811e-02
3.572947999999999791e+00   3.940674e-01   2.936158e-02
3.577659000000000145e+00   3.795715e-01   2.935812e-02
3.582370000000000054e+00   3.792468e-01   2.938592e-02
3.587082000000000104e+00   3.841849e-01   2.941387e-02
3.591793000000000013e+00   3.308112e-01   2.939489e-02
3.596503999999999923e+00   3.660281e-01   2.940308e-02
3.601214999999999833e+00   3.984358e-01   2.940576e-02
3.605926999999999882e+00   3.890112e-01   2.941953e-02
3.610637999999999792e+00   3.792995e-01   2.997382e-02
3.615349000000000146e+00   3.756312e-01   3.086216e-02
3.620060000000000056e+00   3.602004e-01   3.136875e-02
3.624772000000000105e+00   4.001987e-01   3.177758e-02
3.629483000000000015e+00   3.842951e-01   3.200978e-02
3.634193999999999924e+00   3.689949e-01   3.224827e-02
3.638904999999999834e+00   3.856912e-01   3.243803e-02
3.643616999999999884e+00   3.721140e-01   3.260368e-02
3.648327999999999793e+00   3.413517e-01   3.275391e-02
3.653039000000000147e+00   3.337855e-01   3.292487e-02
3.657750000000000057e+00   3.666821e-01   3.313326e-02
3.662462000000000106e+00   3.735640e-01   3.331654e-02
3.667173000000000016e+00   3.768679e-01   3.344923e-02
3.671883999999999926e+00   3.859555e-01   3.362598e-02
3.676594999999999835e+00   3.656721e-01   3.376191e-02
3.681306999999999885e+00   3.292475e-01   3.388038e-02
3.686017999999999795e+00   3.288929e-01   3.402090e-02
3.690729000000000148e+00   3.549539e-01   3.420680e-02
3.695440000000000058e+00   3.740736e-01   3.436712e-02
3.700152000000000108e+00   3.519707e-01   3.447764e-02
3.704863000000000017e+00   3.606126e-01   3.460425e-02
3.709573999999999927e+00   3.908921e-01   3.478164e-02
3.714284999999999837e+00   4.211361e-01   3.495208e-02
3.718996999999999886e+00   3.878902e-01   3.504619e-02
3.723707999999999796e+00   3.879201e-01   3.518729e-02
3.728419000000000150e+00   3.670021e-01   3.531762e-02
3.733131000000000199e+00   4.089133e-01   3.547150e-02
3.737842000000000109e+00   3.824969e-01   3.561570e-02
3.742553000000000019e+00   3.458985e-01   3.573337e-02
3.747263999999999928e+00   2.954293e-01   3.579335e-02
3.751975999999999978e+00   3.439637e-01   3.600346e-02
3.756686999999999887e+00   3.181735e-01   3.614818e-02
3.761397999999999797e+00   3.498656e-01   3.626191e-02
3.766109000000000151e+00   3.829562e-01   3.639511e-02
3.770821000000000200e+00   3.479586e-01   3.649100e-02
3.775532000000000110e+00   3.275299e-01   3.661030e-02
3.780243000000000020e+00   3.840223e-01   3.679963e-02
3.784953999999999930e+00   3.282787e-01   3.690653e-02
3.789665999999999979e+00   2.877713e-01   3.698580e-02
3.794376999999999889e+00   3.670562e-01   3.712679e-02
3.799087999999999798e+00   3.473298e-01   3.725454e-02
3.803799000000000152e+00   3.204325e-01   3.733898e-02
3.808511000000000202e+00   3.063126e-01   3.751759e-02
3.813222000000000111e+00   3.337163e-01   3.768518e-02
3.817933000000000021e+00   3.535195e-01   3.779367e-02
3.822643999999999931e+00   3.267090e-01   3.794229e-02
3.827355999999999980e+00   3.912426e-01   3.812469e-02
3.832066999999999890e+00   3.332394e-01   3.820593e-02
3.836777999999999800e+00   2.946370e-01   3.831944e-02
3.841489000000000154e+00   3.888473e-01   3.850590e-02
3.846201000000000203e+00   3.285895e-01   3.863026e-02
3.850912000000000113e+00   3.006207e-01   3.874043e-02
3.855623000000000022e+00   3.600432e-01   3.890946e-02
3.860333999999999932e+00   3.365557e-01   3.904330e-02
3.865045999999999982e+00   3.037074e-01   3.910983e-02
3.869756999999999891e+00   3.534111e-01   3.927321e-02
3.874467999999999801e+00   3.224762e-01   3.940827e-02
3.879179000000000155e+00   3.251575e-01   3.951407e-02
3.883891000000000204e+00   3.338881e-01   3.962491e-02
3.888602000000000114e+00   3.119695e-01   3.978805e-02
3.893313000000000024e+00   4.128817e-01   3.999580e-02
3.898023999999999933e+00   3.907551e-01   4.012366e-02
3.902735999999999983e+00   3.181048e-01   4.022556e-02
3.907446999999999893e+00   3.055187e-01   4.036981e-02
3.912157999999999802e+00   3.259521e-01   4.049868e-02
3.916869999999999852e+00   2.835742e-01   4.049744e-02
3.921581000000000206e+00   2.897905e-01   4.056336e-02
3.926292000000000115e+00   3.333408e-01   4.066444e-02
3.931003000000000025e+00   3.352893e-01   4.082365e-02
3.935715000000000074e+00   3.098030e-01   4.090514e-02
3.940425999999999984e+00   3.013421e-01   4.091881e-02
3.945136999999999894e+00   3.024064e-01   4.094784e-02
3.949847999999999804e+00   2.485677e-01   4.089482e-02
3.954559999999999853e+00   2.717501e-01   4.105537e-02
3.959271000000000207e+00   3.443536e-01   4.116397e-02
3.963982000000000117e+00   3.845356e-01   4.120463e-02
3.968693000000000026e+00   3.524760e-01   4.122938e-02
3.973405000000000076e+00   3.182611e-01   4.130121e-02
3.978115999999999985e+00   3.424079e-01   4.150578e-02
3.982826999999999895e+00   3.114558e-01   4.163971e-02
3.987537999999999805e+00   2.950004e-01   4.174727e-02
3.992249999999999854e+00   3.282940e-01   4.191208e-02
3.996961000000000208e+00   3.511971e-01   4.203117e-02
4.001672000000000118e+00   3.123874e-01   4.218619e-02
4.006382999999999583e+00   2.930446e-01   4.230744e-02
4.011095000000000077e+00   3.010999e-01   4.250330e-02
4.015806000000000431e+00   2.500815e-01   4.262124e-02
4.020516999999999896e+00   2.538221e-01   4.272982e-02
4.025228000000000250e+00   2.769540e-01   4.286757e-02
4.029939999999999856e+00   3.260832e-01   4.309496e-02
4.034651000000000209e+00   3.129307e-01   4.316335e-02
4.039361999999999675e+00   2.802021e-01   4.330452e-02
4.044073000000000029e+00   3.041882e-01   4.351616e-02
4.048784999999999634e+00   3.430773e-01   4.368545e-02
4.053495999999999988e+00   2.951094e-01   4.378587e-02
4.058207000000000342e+00   2.661593e-01   4.394902e-02
4.062917999999999807e+00   2.942424e-01   4.412243e-02
4.067630000000000301e+00   3.353333e-01   4.428571e-02
4.072340999999999767e+00   3.202013e-01   4.440613e-02
4.077052000000000120e+00   3.113019e-01   4.455561e-02
4.081762999999999586e+00   2.728010e-01   4.472205e-02
4.086475000000000080e+00   2.501688e-01   4.489719e-02
4.091186000000000433e+00   2.122085e-01   4.499897e-02
4.095896999999999899e+00   3.208529e-01   4.524233e-02
4.100609000000000393e+00   2.930580e-01   4.534049e-02
4.105319999999999858e+00   3.407027e-01   4.554689e-02
4.110031000000000212e+00   3.634389e-01   4.574837e-02
4.114741999999999678e+00   3.173129e-01   4.589882e-02
4.119454000000000171e+00   2.874801e-01   4.602689e-02
4.124164999999999637e+00   2.776536e-01   4.621145e-02
4.128875999999999991e+00   2.380865e-01   4.630022e-02
4.133587000000000344e+00   2.858482e-01   4.654096e-02
4.138298999999999950e+00   3.580769e-01   4.675263e-02
4.143010000000000304e+00   3.518668e-01   4.690760e-02
4.147720999999999769e+00   2.992519e-01   4.698783e-02
4.152432000000000123e+00   2.940832e-01   4.717757e-02
4.157143999999999728e+00   2.691013e-01   4.737936e-02
4.161855000000000082e+00   3.042338e-01   4.758722e-02
4.166566000000000436e+00   2.404817e-01   4.768883e-02
4.171276999999999902e+00   3.299988e-01   4.797191e-02
4.175989000000000395e+00   2.686995e-01   4.814503e-02
4.180699999999999861e+00   2.949190e-01   4.840218e-02
4.185411000000000215e+00   2.952002e-01   4.852177e-02
4.190121999999999680e+00   2.581787e-01   4.864256e-02
4.194834000000000174e+00   2.503460e-01   4.882329e-02
4.199544999999999639e+00   3.185629e-01   4.910450e-02
4.204255999999999993e+00   3.030240e-01   4.922028e-02
4.208967000000000347e+00   3.125230e-01   4.936411e-02
4.213678999999999952e+00   3.314683e-01   4.958553e-02
4.218390000000000306e+00   2.225363e-01   4.978982e-02
4.223100999999999772e+00   2.681057e-01   5.000409e-02
4.227812000000000126e+00   3.109308e-01   5.025118e-02
4.232523999999999731e+00   3.180115e-01   5.045591e-02
4.237235000000000085e+00   2.569770e-01   5.061357e-02
4.241946000000000438e+00   2.272932e-01   5.072287e-02
4.246656999999999904e+00   3.288000e-01   5.112135e-02
4.251369000000000398e+00   3.181473e-01   5.133629e-02
4.256079999999999863e+00   2.100294e-01   5.149212e-02
4.260791000000000217e+00   2.764273e-01   5.162839e-02
4.265501999999999683e+00   2.580895e-01   5.187216e-02
4.270214000000000176e+00   2.354087e-01   5.210738e-02
4.274924999999999642e+00   2.532838e-01   5.231529e-02
4.279635999999999996e+00   3.468705e-01   5.261389e-02
4.284347999999999601e+00   3.380979e-01   5.282959e-02
4.289058999999999955e+00   2.902648e-01   5.300472e-02
4.293770000000000309e+00   2.392781e-01   5.313028e-02
4.298480999999999774e+00   2.790862e-01   5.339761e-02
4.303193000000000268e+00   2.239171e-01   5.352892e-02
4.307903999999999733e+00   2.823430e-01   5.387290e-02
4.312615000000000087e+00   2.891270e-01   5.423138e-02
4.317326000000000441e+00   2.294469e-01   5.435735e-02
4.322038000000000046e+00   2.747070e-01   5.469629e-02
4.326749000000000400e+00   2.124987e-01   5.487577e-02
4.331459999999999866e+00   1.955345e-01   5.500296e-02
4.336171000000000220e+00   2.566232e-01   5.537293e-02
4.340882999999999825e+00   2.508919e-01   5.560066e-02
4.345594000000000179e+00   3.164012e-01   5.595082e-02
4.350304999999999644e+00   2.823763e-01   5.619819e-02
4.355015999999999998e+00   3.765145e-01   5.651797e-02
4.359727999999999604e+00   2.793342e-01   5.668854e-02
4.364438999999999957e+00   2.998107e-01   5.701585e-02
4.369150000000000311e+00   3.435233e-01   5.737420e-02
4.373860999999999777e+00   2.316344e-01   5.755534e-02
4.378573000000000270e+00   2.329973e-01   5.782253e-02
4.383283999999999736e+00   3.133604e-01   5.813829e-02
4.387995000000000090e+00   2.528770e-01   5.834723e-02
4.392706000000000444e+00   1.967700e-01   5.868688e-02
4.397418000000000049e+00   2.348337e-01   5.883959e-02
4.402129000000000403e+00   2.530764e-01   5.891513e-02
4.406839999999999868e+00   2.085550e-01   5.895445e-02
4.411551000000000222e+00   2.114408e-01   5.892657e-02
4.416262999999999828e+00   2.838074e-01   5.907494e-02
4.420974000000000181e+00   2.543080e-01   5.908114e-02
4.425684999999999647e+00   2.425542e-01   5.911721e-02
4.430396000000000001e+00   2.217975e-01   5.914584e-02
4.435107999999999606e+00   2.769407e-01   5.924259e-02
4.439818999999999960e+00   2.264230e-01   5.928198e-02
4.444530000000000314e+00   2.451004e-01   5.965435e-02
4.449240999999999779e+00   2.481719e-01   5.993982e-02
4.453953000000000273e+00   2.327773e-01   6.030051e-02
4.458663999999999739e+00   1.615723e-01   6.046542e-02
4.463375000000000092e+00   1.615245e-01   6.080395e-02
4.468086999999999698e+00   2.778668e-01   6.122904e-02
4.472798000000000052e+00   2.302012e-01   6.152807e-02
4.477509000000000405e+00   2.376457e-01   6.193734e-02
4.482219999999999871e+00   1.937650e-01   6.218688e-02
4.486932000000000365e+00   2.618083e-01   6.256630e-02
4.491642999999999830e+00   2.663463e-01   6.290845e-02
4.496354000000000184e+00   1.919140e-01   6.325419e-02
4.501064999999999650e+00   1.804352e-01   6.356110e-02
4.505777000000000143e+00   2.476196e-01   6.385145e-02
4.510487999999999609e+00   3.264799e-01   6.442500e-02
4.515198999999999963e+00   2.016975e-01   6.475945e-02
4.519910000000000316e+00   1.738523e-01   6.505403e-02
4.524621999999999922e+00   1.791292e-01   6.550913e-02
4.529333000000000276e+00   2.448887e-01   6.589089e-02
4.534043999999999741e+00   2.782939e-01   6.625500e-02
4.538755000000000095e+00   3.130099e-01   6.669325e-02
4.543466999999999700e+00   2.885068e-01   6.712854e-02
4.548178000000000054e+00   2.605198e-01   6.755843e-02
4.552889000000000408e+00   1.653938e-01   6.797405e-02
4.557599999999999874e+00   2.491819e-01   6.842269e-02
4.562312000000000367e+00   2.175337e-01   6.886728e-02
4.567022999999999833e+00   1.888443e-01   6.923171e-02
4.571734000000000187e+00   2.042445e-01   6.961152e-02
4.576444999999999652e+00   3.532674e-01   7.022284e-02
4.581157000000000146e+00   2.883002e-01   7.072788e-02
4.585867999999999611e+00   2.765985e-01   7.119015e-02
4.590578999999999965e+00   2.491974e-01   7.171146e-02
4.595290000000000319e+00   2.651152e-01   7.214159e-02
4.600001999999999924e+00   2.620633e-01   7.279528e-02
4.604713000000000278e+00   2.713619e-01   7.347822e-02
4.609423999999999744e+00   3.329404e-01   7.390089e-02
4.614135000000000097e+00   3.067314e-01   7.442347e-02
4.618846999999999703e+00   1.376692e-01   7.473489e-02
4.623558000000000057e+00   2.362968e-01   7.546694e-02
4.628269000000000410e+00   2.822543e-01   7.605042e-02
4.632979999999999876e+00   2.725985e-01   7.662527e-02
4.637692000000000370e+00   2.402662e-01   7.739063e-02
4.642402999999999835e+00   2.024699e-01   7.799920e-02
4.647114000000000189e+00   2.469265e-01   7.859050e-02
4.651825999999999794e+00   1.450439e-01   7.902467e-02
4.656537000000000148e+00   1.346535e-01   7.973418e-02
4.661247999999999614e+00   1.108989e-01   8.028216e-02
4.665958999999999968e+00   2.490123e-01   8.145773e-02
4.670670999999999573e+00   2.000532e-01   8.185287e-02
4.675381999999999927e+00   1.510960e-01   8.273254e-02
4.680093000000000281e+00   2.052230e-01   8.377924e-02
4.684803999999999746e+00   2.552757e-01   8.449441e-02
4.689516000000000240e+00   3.113805e-01   8.521054e-02
4.694226999999999705e+00   1.702149e-01   8.584423e-02
4.698938000000000059e+00   1.611730e-01   8.667303e-02
4.703649000000000413e+00   1.115050e-01   8.717655e-02
4.708361000000000018e+00   2.642132e-01   8.856340e-02
4.713072000000000372e+00   2.014601e-01   8.930554e-02
4.717782999999999838e+00   2.526865e-01   9.047275e-02
4.722494000000000192e+00   1.999730e-01   9.142878e-02
4.727205999999999797e+00   2.575014e-01   9.238052e-02
4.731917000000000151e+00   3.743380e-01   9.341419e-02
4.736627999999999616e+00   1.836720e-01   9.442888e-02
4.741338999999999970e+00   1.944561e-01   9.544238e-02
4.746050999999999576e+00   1.267100e-01   9.668522e-02
4.750761999999999929e+00   1.960636e-01   9.775626e-02
4.755473000000000283e+00   1.211329e-01   9.904735e-02
4.760183999999999749e+00   2.092149e-01   1.002735e-01
4.764896000000000242e+00   2.619393e-01   1.017014e-01
4.769606999999999708e+00   2.871343e-01   1.030564e-01
4.774318000000000062e+00   3.889818e-01   1.050137e-01
4.779029000000000416e+00   1.942215e-01   1.061562e-01
4.783741000000000021e+00   3.760568e-01   1.081235e-01
4.788452000000000375e+00   1.902375e-01   1.094702e-01
4.793162999999999840e+00   1.419768e-01   1.107601e-01
4.797874000000000194e+00   1.504293e-01   1.125606e-01
4.802585999999999800e+00   2.546150e-01   1.141429e-01
4.807297000000000153e+00   2.737799e-01   1.169814e-01
4.812007999999999619e+00   2.574032e-01   1.191372e-01
4.816718999999999973e+00   1.646923e-01   1.209052e-01
4.821430999999999578e+00   1.456386e-01   1.231066e-01
4.826141999999999932e+00   3.763454e-01   1.256644e-01
4.830853000000000286e+00   2.184485e-01   1.282149e-01
4.835564999999999891e+00   1.572570e-01   1.307190e-01
4.840276000000000245e+00   3.315029e-01   1.339978e-01
4.844986999999999711e+00   3.709298e-01   1.372199e-01
4.849698000000000064e+00   2.372912e-01   1.403155e-01
4.854409999999999670e+00   4.301489e-01   1.442337e-01
4.859121000000000024e+00   3.544404e-01   1.475099e-01
4.863832000000000377e+00   1.842790e-01   1.517860e-01
4.868542999999999843e+00   1.872418e-01   1.563370e-01
4.873255000000000337e+00   1.614101e-01   1.620645e-01
4.877965999999999802e+00   3.112256e-01   1.685496e-01
4.882677000000000156e+00   1.674869e-02   1.735023e-01
4.887387999999999622e+00  -2.341526e-01   1.789522e-01
4.892100000000000115e+00   6.773286e-02   1.886365e-01
4.896810999999999581e+00  -1.028173e-01   1.964108e-01
4.901521999999999935e+00  -8.115714e-03   2.073849e-01
4.906233000000000288e+00   1.092975e-01   2.189167e-01
4.910944999999999894e+00   3.045479e-01   2.340205e-01
4.915656000000000247e+00   2.308731e-01   2.524387e-01
4.920366999999999713e+00  -1.940726e-02   2.741873e-01
4.925078000000000067e+00  -6.771107e-02   3.009349e-01
4.929789999999999672e+00   2.389055e-01   3.464952e-01
4.934501000000000026e+00   1.343074e-01   4.143738e-01
4.939212000000000380e+00   3.498730e-01   5.465570e-01
4.943922999999999845e+00   9.525685e-01   9.686302e-01