# [4]
# Sample c= 2.1 mg/ml
# Intensity scaled by concentration
# Buffer subtracted data file:
# Protein DatFile = /data/visitor/mx1908/bm29/20161119/giulio/1d/mM25_038_ave.dat
# Buffer DatFile = /data/visitor/mx1908/bm29/20161119/giulio/ednaSub/mM25_038_ave_averbuffer.dat
# 
# AutoRg: Rg   =   0.8885 +/- 0.11 ( 12.6%)
# AutoRg: I(0) =   3.99 +/- 0.0142
# AutoRg: Points   145 to 272 ( 128 total)
# AutoRg: Quality: 70.9%
# 
# 
# Sample Information:
# Storage Temperature (degrees C): 20.0
# Measurement Temperature (degrees C): 19.98
# Concentration: 2.1
# Code: 
3.479420999999999903e-02  -2.827568e+00   3.691141e+00
3.950545999999999919e-02  -8.863299e-01   1.455961e+00
4.421672000000000102e-02   2.108559e+00   9.489722e-01
4.892798000000000286e-02   3.213945e+00   7.254063e-01
5.363923000000000302e-02   2.351454e+00   5.797780e-01
5.835048999999999791e-02   2.873532e+00   4.741248e-01
6.306174999999999975e-02   3.042751e+00   3.932521e-01
6.777299999999999991e-02   2.860639e+00   3.338869e-01
7.248425999999999481e-02   2.900037e+00   2.890905e-01
7.719552000000000358e-02   2.879784e+00   2.541362e-01
8.190677000000000374e-02   2.898751e+00   2.251652e-01
8.661802999999999864e-02   3.147358e+00   2.021969e-01
9.132928999999999353e-02   3.200796e+00   1.839290e-01
9.604053999999999369e-02   3.223171e+00   1.695327e-01
1.007518000000000025e-01   3.216156e+00   1.565086e-01
1.054631000000000041e-01   3.557996e+00   1.459567e-01
1.101743000000000028e-01   3.285924e+00   1.364687e-01
1.148856000000000044e-01   3.179855e+00   1.283643e-01
1.195968000000000031e-01   3.474712e+00   1.217206e-01
1.243081000000000047e-01   3.367452e+00   1.152436e-01
1.290193000000000034e-01   3.219694e+00   1.097965e-01
1.337306000000000050e-01   3.133516e+00   1.049913e-01
1.384419000000000066e-01   3.298879e+00   1.009972e-01
1.431531000000000053e-01   3.249917e+00   9.723365e-02
1.478644000000000069e-01   3.262593e+00   9.393469e-02
1.525756000000000057e-01   3.299239e+00   9.090370e-02
1.572869000000000073e-01   3.285293e+00   8.844443e-02
1.619981000000000060e-01   3.259437e+00   8.567984e-02
1.667094000000000076e-01   3.267387e+00   8.348150e-02
1.714206000000000063e-01   3.421177e+00   8.164041e-02
1.761319000000000079e-01   3.455328e+00   7.967536e-02
1.808432000000000095e-01   3.302800e+00   7.772009e-02
1.855544000000000082e-01   3.372201e+00   7.632380e-02
1.902657000000000098e-01   3.368674e+00   7.489021e-02
1.949769000000000085e-01   3.303967e+00   7.351416e-02
1.996882000000000101e-01   3.371611e+00   7.215166e-02
2.043994000000000089e-01   3.313731e+00   7.076306e-02
2.091107000000000105e-01   3.465706e+00   6.985555e-02
2.138220000000000121e-01   3.386071e+00   6.873271e-02
2.185332000000000108e-01   3.365888e+00   6.757446e-02
2.232445000000000124e-01   3.435963e+00   6.663305e-02
2.279557000000000111e-01   3.307958e+00   6.558401e-02
2.326670000000000127e-01   3.412791e+00   6.486560e-02
2.373782000000000114e-01   3.380770e+00   6.394126e-02
2.420895000000000130e-01   3.379650e+00   6.304144e-02
2.468007000000000117e-01   3.385350e+00   6.237625e-02
2.515120000000000133e-01   3.409239e+00   6.169873e-02
2.562232999999999872e-01   3.394062e+00   6.089601e-02
2.609345000000000137e-01   3.494026e+00   6.022080e-02
2.656457999999999875e-01   3.420980e+00   5.951384e-02
2.703570000000000140e-01   3.465467e+00   5.902608e-02
2.750682999999999878e-01   3.402846e+00   5.837554e-02
2.797795000000000143e-01   3.414509e+00   5.770394e-02
2.844907999999999881e-01   3.398439e+00   5.715168e-02
2.892021000000000175e-01   3.400311e+00   5.663533e-02
2.939132999999999885e-01   3.322352e+00   5.607299e-02
2.986246000000000178e-01   3.364263e+00   5.556587e-02
3.033357999999999888e-01   3.452993e+00   5.513684e-02
3.080471000000000181e-01   3.473166e+00   5.463370e-02
3.127582999999999891e-01   3.469916e+00   5.422708e-02
3.174696000000000184e-01   3.517061e+00   5.374909e-02
3.221808999999999923e-01   3.423682e+00   5.317517e-02
3.268921000000000188e-01   3.440152e+00   5.282686e-02
3.316033999999999926e-01   3.435156e+00   5.246044e-02
3.363146000000000191e-01   3.470780e+00   5.290461e-02
3.410258999999999929e-01   3.535907e+00   5.346640e-02
3.457371000000000194e-01   3.472776e+00   5.362731e-02
3.504483999999999932e-01   3.456851e+00   5.434717e-02
3.551596000000000197e-01   3.387810e+00   5.537048e-02
3.598708999999999936e-01   3.430883e+00   5.607067e-02
3.645822000000000229e-01   3.398229e+00   5.655340e-02
3.692933999999999939e-01   3.473745e+00   5.709186e-02
3.740047000000000232e-01   3.543545e+00   5.756517e-02
3.787158999999999942e-01   3.498546e+00   5.790252e-02
3.834272000000000236e-01   3.512519e+00   5.819847e-02
3.881383999999999945e-01   3.535374e+00   5.851720e-02
3.928497000000000239e-01   3.564668e+00   5.999290e-02
3.975609999999999977e-01   3.506450e+00   6.167846e-02
4.022722000000000242e-01   3.465071e+00   6.291824e-02
4.069834999999999980e-01   3.539624e+00   6.415427e-02
4.116947000000000245e-01   3.540494e+00   6.521339e-02
4.164059999999999984e-01   3.447601e+00   6.611138e-02
4.211172000000000248e-01   3.445149e+00   6.706131e-02
4.258284999999999987e-01   3.549304e+00   6.821332e-02
4.305397000000000252e-01   3.550221e+00   6.917290e-02
4.352509999999999990e-01   3.603394e+00   7.022907e-02
4.399622999999999728e-01   3.533451e+00   7.122906e-02
4.446734999999999993e-01   3.459672e+00   7.230252e-02
4.493847999999999732e-01   3.512633e+00   7.344861e-02
4.540959999999999996e-01   3.474051e+00   7.378973e-02
4.588072999999999735e-01   3.539257e+00   7.134124e-02
4.635185000000000000e-01   3.574659e+00   6.973723e-02
4.682297999999999738e-01   3.554480e+00   6.872058e-02
4.729411000000000032e-01   3.559023e+00   6.800262e-02
4.776522999999999741e-01   3.543043e+00   6.728625e-02
4.823636000000000035e-01   3.542466e+00   6.670794e-02
4.870747999999999744e-01   3.646392e+00   6.647513e-02
4.917861000000000038e-01   3.543959e+00   6.600877e-02
4.964972999999999748e-01   3.508382e+00   6.552376e-02
5.012086000000000041e-01   3.511848e+00   6.529454e-02
5.059198999999999780e-01   3.567685e+00   6.501597e-02
5.106311000000000044e-01   3.493525e+00   6.466046e-02
5.153423999999999783e-01   3.471549e+00   6.417197e-02
5.200536000000000048e-01   3.455127e+00   6.370556e-02
5.247648999999999786e-01   3.525114e+00   6.336166e-02
5.294761000000000051e-01   3.554102e+00   6.294378e-02
5.341873999999999789e-01   3.424068e+00   6.235718e-02
5.388986000000000054e-01   3.404357e+00   6.181649e-02
5.436098999999999792e-01   3.526865e+00   6.160954e-02
5.483211999999999531e-01   3.555972e+00   6.123472e-02
5.530323999999999796e-01   3.519211e+00   6.076947e-02
5.577436999999999534e-01   3.506268e+00   6.042552e-02
5.624548999999999799e-01   3.521480e+00   6.013111e-02
5.671661999999999537e-01   3.539532e+00   5.991208e-02
5.718773999999999802e-01   3.450336e+00   5.959691e-02
5.765886999999999540e-01   3.464963e+00   5.936568e-02
5.813000000000000389e-01   3.480810e+00   5.921678e-02
5.860111999999999544e-01   3.548424e+00   5.921902e-02
5.907225000000000392e-01   3.535719e+00   5.918854e-02
5.954336999999999547e-01   3.457002e+00   5.883997e-02
6.001450000000000395e-01   3.483206e+00   5.870990e-02
6.048561999999999550e-01   3.456004e+00   5.862553e-02
6.095675000000000399e-01   3.491216e+00   5.849559e-02
6.142788000000000137e-01   3.416591e+00   5.822816e-02
6.189900000000000402e-01   3.397183e+00   5.805226e-02
6.237013000000000140e-01   3.500317e+00   5.805356e-02
6.284125000000000405e-01   3.583197e+00   5.808660e-02
6.331238000000000143e-01   3.485518e+00   5.773706e-02
6.378350000000000408e-01   3.535723e+00   5.760641e-02
6.425463000000000147e-01   3.515262e+00   5.749491e-02
6.472575000000000411e-01   3.510914e+00   5.738618e-02
6.519688000000000150e-01   3.510200e+00   5.727872e-02
6.566800999999999888e-01   3.526151e+00   5.718509e-02
6.613913000000000153e-01   3.548798e+00   5.703272e-02
6.661025999999999891e-01   3.501631e+00   5.689741e-02
6.708138000000000156e-01   3.434790e+00   5.660185e-02
6.755250999999999895e-01   3.344574e+00   5.639318e-02
6.802363000000000159e-01   3.439014e+00   5.642983e-02
6.849475999999999898e-01   3.548445e+00   5.638603e-02
6.896588999999999636e-01   3.453881e+00   5.616011e-02
6.943700999999999901e-01   3.548695e+00   5.613195e-02
6.990813999999999639e-01   3.555182e+00   5.609840e-02
7.037925999999999904e-01   3.442217e+00   5.583196e-02
7.085038999999999643e-01   3.399157e+00   5.564639e-02
7.132150999999999907e-01   3.480580e+00   5.556937e-02
7.179263999999999646e-01   3.431773e+00   5.549489e-02
7.226375999999999911e-01   3.482509e+00   5.539690e-02
7.273488999999999649e-01   3.496134e+00   5.530374e-02
7.320602000000000498e-01   3.442458e+00   5.504126e-02
7.367713999999999652e-01   3.431635e+00   5.496429e-02
7.414827000000000501e-01   3.430865e+00   5.482260e-02
7.461938999999999655e-01   3.464205e+00   5.473316e-02
7.509052000000000504e-01   3.463333e+00   5.461842e-02
7.556163999999999659e-01   3.295065e+00   5.430325e-02
7.603277000000000507e-01   3.389110e+00   5.434206e-02
7.650390000000000246e-01   3.396758e+00   5.423624e-02
7.697502000000000510e-01   3.382280e+00   5.411634e-02
7.744615000000000249e-01   3.394566e+00   5.396106e-02
7.791727000000000514e-01   3.382150e+00   5.391148e-02
7.838840000000000252e-01   3.449108e+00   5.384893e-02
7.885952000000000517e-01   3.406593e+00   5.370272e-02
7.933065000000000255e-01   3.388150e+00   5.351828e-02
7.980177999999999994e-01   3.332315e+00   5.341111e-02
8.027290000000000258e-01   3.285010e+00   5.318955e-02
8.074402999999999997e-01   3.335225e+00   5.320846e-02
8.121515000000000262e-01   3.403026e+00   5.317876e-02
8.168628000000000000e-01   3.290515e+00   5.288298e-02
8.215740000000000265e-01   3.323736e+00   5.280526e-02
8.262853000000000003e-01   3.351662e+00   5.274746e-02
8.309965000000000268e-01   3.359305e+00   5.264117e-02
8.357078000000000007e-01   3.333082e+00   5.254173e-02
8.404190999999999745e-01   3.297342e+00   5.235805e-02
8.451303000000000010e-01   3.414258e+00   5.237178e-02
8.498415999999999748e-01   3.305530e+00   5.216700e-02
8.545528000000000013e-01   3.376450e+00   5.207302e-02
8.592640999999999751e-01   3.295392e+00   5.195734e-02
8.639753000000000016e-01   3.282901e+00   5.186888e-02
8.686865999999999755e-01   3.245545e+00   5.168937e-02
8.733978999999999493e-01   3.299914e+00   5.167509e-02
8.781090999999999758e-01   3.200404e+00   5.146953e-02
8.828203999999999496e-01   3.255806e+00   5.144377e-02
8.875315999999999761e-01   3.303680e+00   5.136467e-02
8.922428999999999499e-01   3.238114e+00   5.124334e-02
8.969540999999999764e-01   3.219238e+00   5.114508e-02
9.016653999999999503e-01   3.195071e+00   5.099596e-02
9.063767000000000351e-01   3.280034e+00   5.095634e-02
9.110878999999999506e-01   3.237399e+00   5.080781e-02
9.157992000000000354e-01   3.154468e+00   5.066277e-02
9.205103999999999509e-01   3.160225e+00   5.060060e-02
9.252217000000000358e-01   3.205823e+00   5.053691e-02
9.299328999999999512e-01   3.187863e+00   5.036066e-02
9.346442000000000361e-01   3.135762e+00   5.022919e-02
9.393553999999999515e-01   3.158226e+00   5.019230e-02
9.440667000000000364e-01   3.128807e+00   5.005442e-02
9.487780000000000102e-01   3.095826e+00   4.997147e-02
9.534892000000000367e-01   3.166860e+00   4.988705e-02
9.582005000000000106e-01   3.184383e+00   4.979073e-02
9.629117000000000370e-01   3.169210e+00   4.970592e-02
9.676230000000000109e-01   3.113104e+00   4.952035e-02
9.723342000000000374e-01   3.117068e+00   4.945903e-02
9.770455000000000112e-01   3.159735e+00   4.945513e-02
9.817567999999999850e-01   3.177976e+00   4.940977e-02
9.864680000000000115e-01   3.166293e+00   4.924742e-02
9.911792999999999854e-01   3.078592e+00   4.910323e-02
9.958905000000000118e-01   3.003655e+00   4.893501e-02
1.000601999999999991e+00   3.048172e+00   4.890838e-02
1.005312999999999901e+00   3.113611e+00   4.886086e-02
1.010024000000000033e+00   3.021593e+00   4.872567e-02
1.014736000000000082e+00   3.033256e+00   4.863785e-02
1.019446999999999992e+00   3.075560e+00   4.859802e-02
1.024157999999999902e+00   3.020076e+00   4.848602e-02
1.028869000000000034e+00   3.079122e+00   4.841678e-02
1.033581000000000083e+00   3.035448e+00   4.827319e-02
1.038291999999999993e+00   2.987154e+00   4.818091e-02
1.043002999999999902e+00   2.969058e+00   4.809190e-02
1.047714000000000034e+00   2.995556e+00   4.799597e-02
1.052426000000000084e+00   2.903680e+00   4.782597e-02
1.057136999999999993e+00   2.949203e+00   4.781627e-02
1.061847999999999903e+00   2.908734e+00   4.768045e-02
1.066559000000000035e+00   2.893801e+00   4.750746e-02
1.071271000000000084e+00   2.989551e+00   4.758353e-02
1.075981999999999994e+00   2.980604e+00   4.754315e-02
1.080692999999999904e+00   2.911386e+00   4.743676e-02
1.085404000000000035e+00   2.914155e+00   4.725413e-02
1.090116000000000085e+00   2.902121e+00   4.721927e-02
1.094826999999999995e+00   2.923756e+00   4.712746e-02
1.099537999999999904e+00   2.864833e+00   4.705019e-02
1.104249000000000036e+00   2.893671e+00   4.699469e-02
1.108961000000000086e+00   2.888847e+00   4.685135e-02
1.113671999999999995e+00   2.876578e+00   4.676634e-02
1.118382999999999905e+00   2.782908e+00   4.661426e-02
1.123094000000000037e+00   2.826982e+00   4.657189e-02
1.127806000000000086e+00   2.843264e+00   4.652673e-02
1.132516999999999996e+00   2.819501e+00   4.638618e-02
1.137227999999999906e+00   2.824142e+00   4.631496e-02
1.141939000000000037e+00   2.796261e+00   4.618002e-02
1.146651000000000087e+00   2.794580e+00   4.617113e-02
1.151361999999999997e+00   2.784499e+00   4.609312e-02
1.156072999999999906e+00   2.759853e+00   4.600494e-02
1.160784000000000038e+00   2.703092e+00   4.588978e-02
1.165496000000000087e+00   2.813979e+00   4.590630e-02
1.170206999999999997e+00   2.827138e+00   4.583633e-02
1.174917999999999907e+00   2.769141e+00   4.571602e-02
1.179629999999999956e+00   2.805376e+00   4.564746e-02
1.184341000000000088e+00   2.818626e+00   4.557972e-02
1.189051999999999998e+00   2.809186e+00   4.555158e-02
1.193762999999999908e+00   2.770045e+00   4.556242e-02
1.198474999999999957e+00   2.720257e+00   4.643492e-02
1.203186000000000089e+00   2.713186e+00   4.758520e-02
1.207896999999999998e+00   2.720718e+00   4.839560e-02
1.212607999999999908e+00   2.718579e+00   4.905882e-02
1.217319999999999958e+00   2.679625e+00   4.959203e-02
1.222031000000000089e+00   2.705912e+00   5.009401e-02
1.226741999999999999e+00   2.611632e+00   5.049699e-02
1.231452999999999909e+00   2.648045e+00   5.100644e-02
1.236164999999999958e+00   2.696508e+00   5.148334e-02
1.240876000000000090e+00   2.687025e+00   5.179159e-02
1.245587000000000000e+00   2.652345e+00   5.196911e-02
1.250297999999999909e+00   2.621516e+00   5.207686e-02
1.255009999999999959e+00   2.590610e+00   5.219796e-02
1.259721000000000091e+00   2.714740e+00   5.239597e-02
1.264432000000000000e+00   2.681213e+00   5.054612e-02
1.269142999999999910e+00   2.632594e+00   4.917089e-02
1.273854999999999960e+00   2.616172e+00   4.834235e-02
1.278566000000000091e+00   2.620449e+00   4.772118e-02
1.283277000000000001e+00   2.585779e+00   4.720208e-02
1.287987999999999911e+00   2.559075e+00   4.670889e-02
1.292699999999999960e+00   2.546329e+00   4.628450e-02
1.297411000000000092e+00   2.575969e+00   4.596012e-02
1.302122000000000002e+00   2.514373e+00   4.556564e-02
1.306832999999999911e+00   2.509714e+00   4.534048e-02
1.311544999999999961e+00   2.537309e+00   4.522360e-02
1.316256000000000093e+00   2.486915e+00   4.506962e-02
1.320967000000000002e+00   2.455443e+00   4.487371e-02
1.325677999999999912e+00   2.430458e+00   4.475683e-02
1.330389999999999961e+00   2.467637e+00   4.470630e-02
1.335101000000000093e+00   2.467155e+00   4.457544e-02
1.339812000000000003e+00   2.509068e+00   4.450230e-02
1.344522999999999913e+00   2.445646e+00   4.438417e-02
1.349234999999999962e+00   2.468629e+00   4.431609e-02
1.353946000000000094e+00   2.448929e+00   4.421439e-02
1.358657000000000004e+00   2.355291e+00   4.404957e-02
1.363369000000000053e+00   2.393827e+00   4.400629e-02
1.368079999999999963e+00   2.403449e+00   4.387143e-02
1.372791000000000095e+00   2.447495e+00   4.382562e-02
1.377502000000000004e+00   2.366223e+00   4.368779e-02
1.382214000000000054e+00   2.379813e+00   4.357518e-02
1.386924999999999963e+00   2.320911e+00   4.347809e-02
1.391636000000000095e+00   2.334217e+00   4.344560e-02
1.396347000000000005e+00   2.358661e+00   4.336985e-02
1.401059000000000054e+00   2.392511e+00   4.329984e-02
1.405769999999999964e+00   2.386721e+00   4.323773e-02
1.410481000000000096e+00   2.371067e+00   4.313635e-02
1.415192000000000005e+00   2.324549e+00   4.304253e-02
1.419904000000000055e+00   2.251284e+00   4.289067e-02
1.424614999999999965e+00   2.283162e+00   4.286369e-02
1.429326000000000096e+00   2.289558e+00   4.277608e-02
1.434037000000000006e+00   2.297526e+00   4.273500e-02
1.438749000000000056e+00   2.356157e+00   4.270942e-02
1.443459999999999965e+00   2.228926e+00   4.252943e-02
1.448171000000000097e+00   2.235688e+00   4.247152e-02
1.452882000000000007e+00   2.231419e+00   4.240774e-02
1.457594000000000056e+00   2.206602e+00   4.230405e-02
1.462304999999999966e+00   2.195331e+00   4.221835e-02
1.467016000000000098e+00   2.247153e+00   4.224924e-02
1.471727000000000007e+00   2.251532e+00   4.217764e-02
1.476439000000000057e+00   2.190721e+00   4.206557e-02
1.481149999999999967e+00   2.198066e+00   4.198172e-02
1.485861000000000098e+00   2.184361e+00   4.190016e-02
1.490572000000000008e+00   2.186307e+00   4.184513e-02
1.495284000000000058e+00   2.205126e+00   4.174629e-02
1.499994999999999967e+00   2.171478e+00   4.169768e-02
1.504706000000000099e+00   2.204993e+00   4.164664e-02
1.509417000000000009e+00   2.204545e+00   4.162208e-02
1.514129000000000058e+00   2.200436e+00   4.169762e-02
1.518839999999999968e+00   2.135245e+00   4.287606e-02
1.523551000000000100e+00   2.224679e+00   4.380802e-02
1.528262999999999927e+00   2.198461e+00   4.435959e-02
1.532974000000000059e+00   2.218712e+00   4.490521e-02
1.537684999999999969e+00   2.142179e+00   4.532422e-02
1.542396000000000100e+00   2.105387e+00   4.531462e-02
1.547107999999999928e+00   2.103184e+00   4.419832e-02
1.551819000000000059e+00   2.052646e+00   4.350857e-02
1.556529999999999969e+00   2.115519e+00   4.309901e-02
1.561241000000000101e+00   2.060073e+00   4.263898e-02
1.565952999999999928e+00   2.019168e+00   4.225261e-02
1.570664000000000060e+00   2.013677e+00   4.178599e-02
1.575374999999999970e+00   1.971588e+00   4.131472e-02
1.580086000000000102e+00   2.012048e+00   4.097625e-02
1.584797999999999929e+00   2.032441e+00   4.077566e-02
1.589509000000000061e+00   1.981590e+00   4.068196e-02
1.594219999999999970e+00   2.019810e+00   4.067726e-02
1.598931000000000102e+00   1.963316e+00   4.066432e-02
1.603642999999999930e+00   2.020421e+00   4.076910e-02
1.608354000000000061e+00   2.024214e+00   4.075742e-02
1.613064999999999971e+00   1.979797e+00   4.072251e-02
1.617776000000000103e+00   1.953928e+00   4.059575e-02
1.622487999999999930e+00   1.962778e+00   4.053107e-02
1.627199000000000062e+00   1.961633e+00   4.044437e-02
1.631909999999999972e+00   1.983855e+00   4.042477e-02
1.636621000000000103e+00   1.990236e+00   4.033222e-02
1.641332999999999931e+00   1.971860e+00   4.028042e-02
1.646044000000000063e+00   1.955049e+00   4.022584e-02
1.650754999999999972e+00   1.889486e+00   4.008448e-02
1.655466000000000104e+00   1.888354e+00   4.000509e-02
1.660177999999999932e+00   1.936450e+00   3.998512e-02
1.664889000000000063e+00   1.887626e+00   3.985799e-02
1.669599999999999973e+00   1.894919e+00   3.981169e-02
1.674311000000000105e+00   1.881958e+00   3.976220e-02
1.679022999999999932e+00   1.914670e+00   3.974163e-02
1.683734000000000064e+00   1.891412e+00   3.969025e-02
1.688444999999999974e+00   1.890038e+00   3.962599e-02
1.693156000000000105e+00   1.856757e+00   3.949558e-02
1.697867999999999933e+00   1.857540e+00   3.947332e-02
1.702579000000000065e+00   1.786343e+00   3.935673e-02
1.707289999999999974e+00   1.856927e+00   3.935809e-02
1.712002000000000024e+00   1.786924e+00   3.921432e-02
1.716712999999999933e+00   1.787845e+00   3.915915e-02
1.721424000000000065e+00   1.818012e+00   3.912936e-02
1.726134999999999975e+00   1.767476e+00   3.908039e-02
1.730847000000000024e+00   1.769757e+00   3.899469e-02
1.735557999999999934e+00   1.835743e+00   3.902172e-02
1.740269000000000066e+00   1.785780e+00   3.889069e-02
1.744979999999999976e+00   1.803421e+00   3.888695e-02
1.749692000000000025e+00   1.774260e+00   3.882407e-02
1.754402999999999935e+00   1.814196e+00   3.876248e-02
1.759114000000000066e+00   1.747259e+00   3.865860e-02
1.763824999999999976e+00   1.694678e+00   3.855904e-02
1.768537000000000026e+00   1.720977e+00   3.854985e-02
1.773247999999999935e+00   1.730987e+00   3.850776e-02
1.777959000000000067e+00   1.706605e+00   3.845847e-02
1.782669999999999977e+00   1.742620e+00   3.839798e-02
1.787382000000000026e+00   1.700990e+00   3.831624e-02
1.792092999999999936e+00   1.673983e+00   3.824397e-02
1.796804000000000068e+00   1.696167e+00   3.823012e-02
1.801514999999999977e+00   1.698651e+00   3.818034e-02
1.806227000000000027e+00   1.664418e+00   3.811835e-02
1.810937999999999937e+00   1.702376e+00   3.809890e-02
1.815649000000000068e+00   1.640055e+00   3.795280e-02
1.820359999999999978e+00   1.693700e+00   3.795939e-02
1.825072000000000028e+00   1.668822e+00   3.790225e-02
1.829782999999999937e+00   1.619016e+00   3.777539e-02
1.834494000000000069e+00   1.629556e+00   3.775654e-02
1.839204999999999979e+00   1.593438e+00   3.771621e-02
1.843917000000000028e+00   1.605361e+00   3.764351e-02
1.848627999999999938e+00   1.632116e+00   3.758554e-02
1.853339000000000070e+00   1.616079e+00   3.754332e-02
1.858049999999999979e+00   1.648219e+00   3.753851e-02
1.862762000000000029e+00   1.653352e+00   3.749529e-02
1.867472999999999939e+00   1.601390e+00   3.744357e-02
1.872184000000000070e+00   1.599260e+00   3.737682e-02
1.876894999999999980e+00   1.608399e+00   3.732737e-02
1.881607000000000030e+00   1.593942e+00   3.727555e-02
1.886317999999999939e+00   1.524811e+00   3.720172e-02
1.891029000000000071e+00   1.527898e+00   3.712085e-02
1.895740999999999898e+00   1.563800e+00   3.711157e-02
1.900452000000000030e+00   1.543522e+00   3.705966e-02
1.905162999999999940e+00   1.491177e+00   3.697020e-02
1.909874000000000072e+00   1.578299e+00   3.696550e-02
1.914585999999999899e+00   1.520753e+00   3.686194e-02
1.919297000000000031e+00   1.550882e+00   3.681729e-02
1.924007999999999940e+00   1.524686e+00   3.678692e-02
1.928719000000000072e+00   1.483920e+00   3.674459e-02
1.933430999999999900e+00   1.459473e+00   3.663890e-02
1.938142000000000031e+00   1.507273e+00   3.656641e-02
1.942852999999999941e+00   1.425009e+00   3.641568e-02
1.947564000000000073e+00   1.520725e+00   3.637036e-02
1.952275999999999900e+00   1.524369e+00   3.629554e-02
1.956987000000000032e+00   1.496075e+00   3.625799e-02
1.961697999999999942e+00   1.435900e+00   3.615935e-02
1.966409000000000074e+00   1.471207e+00   3.612514e-02
1.971120999999999901e+00   1.459468e+00   3.607143e-02
1.975832000000000033e+00   1.475021e+00   3.609051e-02
1.980542999999999942e+00   1.439164e+00   3.607349e-02
1.985254000000000074e+00   1.420428e+00   3.605587e-02
1.989965999999999902e+00   1.445571e+00   3.607268e-02
1.994677000000000033e+00   1.427545e+00   3.602346e-02
1.999387999999999943e+00   1.458852e+00   3.610985e-02
2.004099000000000075e+00   1.454375e+00   3.699310e-02
2.008811000000000124e+00   1.413127e+00   3.777967e-02
2.013522000000000034e+00   1.372250e+00   3.822447e-02
2.018232999999999944e+00   1.417861e+00   3.869647e-02
2.022943999999999853e+00   1.428384e+00   3.910303e-02
2.027655999999999903e+00   1.369412e+00   3.934522e-02
2.032366999999999813e+00   1.343207e+00   3.955041e-02
2.037078000000000166e+00   1.373762e+00   3.968886e-02
2.041789000000000076e+00   1.375889e+00   3.978543e-02
2.046501000000000126e+00   1.366201e+00   3.992225e-02
2.051212000000000035e+00   1.330498e+00   4.003900e-02
2.055922999999999945e+00   1.377284e+00   4.011524e-02
2.060633999999999855e+00   1.367586e+00   4.019189e-02
2.065345999999999904e+00   1.387719e+00   4.013438e-02
2.070056999999999814e+00   1.388212e+00   3.894183e-02
2.074768000000000168e+00   1.350853e+00   3.814172e-02
2.079480000000000217e+00   1.361693e+00   3.765771e-02
2.084191000000000127e+00   1.270573e+00   3.713787e-02
2.088902000000000037e+00   1.305211e+00   3.683101e-02
2.093612999999999946e+00   1.321223e+00   3.656316e-02
2.098324999999999996e+00   1.317577e+00   3.647406e-02
2.103035999999999905e+00   1.308698e+00   3.639595e-02
2.107746999999999815e+00   1.326541e+00   3.628463e-02
2.112458000000000169e+00   1.279518e+00   3.615260e-02
2.117170000000000218e+00   1.244347e+00   3.605578e-02
2.121881000000000128e+00   1.274476e+00   3.597832e-02
2.126592000000000038e+00   1.230898e+00   3.590646e-02
2.131302999999999948e+00   1.239286e+00   3.585565e-02
2.136014999999999997e+00   1.211177e+00   3.572536e-02
2.140725999999999907e+00   1.231234e+00   3.568826e-02
2.145436999999999816e+00   1.272072e+00   3.567354e-02
2.150148000000000170e+00   1.255702e+00   3.560178e-02
2.154860000000000220e+00   1.256506e+00   3.553523e-02
2.159571000000000129e+00   1.200024e+00   3.541217e-02
2.164282000000000039e+00   1.172897e+00   3.532053e-02
2.168992999999999949e+00   1.245950e+00   3.534107e-02
2.173704999999999998e+00   1.212901e+00   3.525055e-02
2.178415999999999908e+00   1.223066e+00   3.522194e-02
2.183126999999999818e+00   1.233292e+00   3.516290e-02
2.187838000000000171e+00   1.232283e+00   3.513207e-02
2.192550000000000221e+00   1.203005e+00   3.506905e-02
2.197261000000000131e+00   1.187268e+00   3.498723e-02
2.201972000000000040e+00   1.148828e+00   3.488363e-02
2.206682999999999950e+00   1.172698e+00   3.486747e-02
2.211395000000000000e+00   1.169899e+00   3.483711e-02
2.216105999999999909e+00   1.172929e+00   3.480212e-02
2.220816999999999819e+00   1.136949e+00   3.472525e-02
2.225528000000000173e+00   1.128311e+00   3.464522e-02
2.230239999999999778e+00   1.091163e+00   3.457666e-02
2.234951000000000132e+00   1.124817e+00   3.455671e-02
2.239662000000000042e+00   1.123869e+00   3.454048e-02
2.244372999999999951e+00   1.099529e+00   3.447218e-02
2.249085000000000001e+00   1.118594e+00   3.444601e-02
2.253795999999999911e+00   1.143211e+00   3.439077e-02
2.258506999999999820e+00   1.179899e+00   3.435694e-02
2.263218999999999870e+00   1.114852e+00   3.431557e-02
2.267929999999999779e+00   1.119815e+00   3.427235e-02
2.272641000000000133e+00   1.101650e+00   3.419485e-02
2.277352000000000043e+00   1.124293e+00   3.415608e-02
2.282064000000000092e+00   1.114049e+00   3.412963e-02
2.286775000000000002e+00   1.054077e+00   3.406595e-02
2.291485999999999912e+00   1.003298e+00   3.399068e-02
2.296196999999999822e+00   1.034190e+00   3.394268e-02
2.300908999999999871e+00   1.065935e+00   3.392462e-02
2.305619999999999781e+00   1.049767e+00   3.388879e-02
2.310331000000000135e+00   1.056512e+00   3.384621e-02
2.315042000000000044e+00   1.069035e+00   3.382385e-02
2.319754000000000094e+00   1.049446e+00   3.375660e-02
2.324465000000000003e+00   1.063201e+00   3.373525e-02
2.329175999999999913e+00   1.078616e+00   3.370928e-02
2.333886999999999823e+00   1.053160e+00   3.362269e-02
2.338598999999999872e+00   1.072834e+00   3.361250e-02
2.343309999999999782e+00   9.898201e-01   3.352902e-02
2.348021000000000136e+00   1.041095e+00   3.350261e-02
2.352732000000000046e+00   1.036641e+00   3.348658e-02
2.357444000000000095e+00   1.012785e+00   3.343984e-02
2.362155000000000005e+00   1.009957e+00   3.336872e-02
2.366865999999999914e+00   1.012209e+00   3.336031e-02
2.371576999999999824e+00   1.036996e+00   3.333081e-02
2.376288999999999874e+00   1.003887e+00   3.327801e-02
2.380999999999999783e+00   9.666916e-01   3.320362e-02
2.385711000000000137e+00   9.982189e-01   3.321556e-02
2.390422000000000047e+00   9.668320e-01   3.313206e-02
2.395134000000000096e+00   9.822912e-01   3.310274e-02
2.399845000000000006e+00   9.234377e-01   3.301319e-02
2.404555999999999916e+00   9.765731e-01   3.302241e-02
2.409266999999999825e+00   9.508576e-01   3.299898e-02
2.413978999999999875e+00   9.703171e-01   3.300653e-02
2.418689999999999785e+00   9.781246e-01   3.293548e-02
2.423401000000000138e+00   1.001489e+00   3.293029e-02
2.428112000000000048e+00   9.480303e-01   3.285757e-02
2.432824000000000098e+00   9.454888e-01   3.281997e-02
2.437535000000000007e+00   9.720434e-01   3.278187e-02
2.442245999999999917e+00   9.207387e-01   3.272977e-02
2.446957999999999966e+00   9.028463e-01   3.267891e-02
2.451668999999999876e+00   9.026969e-01   3.262550e-02
2.456379999999999786e+00   9.624020e-01   3.264013e-02
2.461091000000000140e+00   9.438855e-01   3.257024e-02
2.465803000000000189e+00   8.738811e-01   3.253190e-02
2.470514000000000099e+00   9.296363e-01   3.255137e-02
2.475225000000000009e+00   9.536546e-01   3.252270e-02
2.479935999999999918e+00   9.185884e-01   3.247231e-02
2.484647999999999968e+00   9.400601e-01   3.245715e-02
2.489358999999999877e+00   9.186243e-01   3.237117e-02
2.494069999999999787e+00   9.315226e-01   3.233545e-02
2.498781000000000141e+00   9.056431e-01   3.228971e-02
2.503493000000000190e+00   8.736279e-01   3.226500e-02
2.508204000000000100e+00   8.880066e-01   3.225686e-02
2.512915000000000010e+00   8.625723e-01   3.217508e-02
2.517625999999999920e+00   8.662260e-01   3.210239e-02
2.522337999999999969e+00   8.906523e-01   3.204926e-02
2.527048999999999879e+00   8.741441e-01   3.197653e-02
2.531759999999999788e+00   8.428741e-01   3.191682e-02
2.536471000000000142e+00   8.405211e-01   3.189255e-02
2.541183000000000192e+00   8.228817e-01   3.184489e-02
2.545894000000000101e+00   8.714692e-01   3.183636e-02
2.550605000000000011e+00   8.795068e-01   3.180865e-02
2.555315999999999921e+00   8.371172e-01   3.176662e-02
2.560027999999999970e+00   8.372739e-01   3.174662e-02
2.564738999999999880e+00   8.190947e-01   3.169910e-02
2.569449999999999790e+00   8.435678e-01   3.171276e-02
2.574161000000000143e+00   8.286224e-01   3.173540e-02
2.578873000000000193e+00   8.013399e-01   3.170169e-02
2.583584000000000103e+00   8.644281e-01   3.172612e-02
2.588295000000000012e+00   8.370320e-01   3.164727e-02
2.593005999999999922e+00   8.174905e-01   3.163422e-02
2.597717999999999972e+00   8.528818e-01   3.162521e-02
2.602428999999999881e+00   8.530038e-01   3.157613e-02
2.607139999999999791e+00   7.973418e-01   3.149455e-02
2.611851000000000145e+00   8.111652e-01   3.150194e-02
2.616563000000000194e+00   8.226865e-01   3.148363e-02
2.621274000000000104e+00   8.087310e-01   3.141559e-02
2.625985000000000014e+00   8.015072e-01   3.141518e-02
2.630697000000000063e+00   8.347264e-01   3.138534e-02
2.635407999999999973e+00   7.776998e-01   3.133433e-02
2.640118999999999883e+00   7.904889e-01   3.133843e-02
2.644829999999999792e+00   7.771639e-01   3.130733e-02
2.649541999999999842e+00   7.827195e-01   3.126014e-02
2.654253000000000196e+00   7.712810e-01   3.121733e-02
2.658964000000000105e+00   7.996960e-01   3.121123e-02
2.663675000000000015e+00   7.627848e-01   3.115558e-02
2.668387000000000064e+00   7.951433e-01   3.115010e-02
2.673097999999999974e+00   7.867864e-01   3.109876e-02
2.677808999999999884e+00   7.492973e-01   3.103845e-02
2.682519999999999794e+00   7.651909e-01   3.103838e-02
2.687231999999999843e+00   7.716829e-01   3.102626e-02
2.691943000000000197e+00   7.520385e-01   3.099003e-02
2.696654000000000106e+00   7.427301e-01   3.096184e-02
2.701365000000000016e+00   7.191996e-01   3.091215e-02
2.706077000000000066e+00   7.234277e-01   3.087344e-02
2.710787999999999975e+00   7.499676e-01   3.085465e-02
2.715498999999999885e+00   7.505360e-01   3.085708e-02
2.720209999999999795e+00   7.687228e-01   3.082586e-02
2.724921999999999844e+00   7.667111e-01   3.078199e-02
2.729633000000000198e+00   7.313222e-01   3.073485e-02
2.734344000000000108e+00   6.989348e-01   3.069757e-02
2.739055000000000017e+00   7.302144e-01   3.069815e-02
2.743767000000000067e+00   7.497449e-01   3.067634e-02
2.748477999999999977e+00   7.511677e-01   3.065568e-02
2.753188999999999886e+00   7.327058e-01   3.059001e-02
2.757899999999999796e+00   7.129409e-01   3.053966e-02
2.762611999999999846e+00   6.857521e-01   3.049591e-02
2.767323000000000199e+00   6.784316e-01   3.048458e-02
2.772034000000000109e+00   7.141130e-01   3.049408e-02
2.776745000000000019e+00   6.955830e-01   3.043623e-02
2.781457000000000068e+00   7.782180e-01   3.050660e-02
2.786167999999999978e+00   7.453687e-01   3.042609e-02
2.790878999999999888e+00   6.850652e-01   3.034092e-02
2.795589999999999797e+00   6.737986e-01   3.031897e-02
2.800301999999999847e+00   6.438984e-01   3.029688e-02
2.805013000000000201e+00   6.653932e-01   3.043877e-02
2.809724000000000110e+00   6.938415e-01   3.120880e-02
2.814436000000000160e+00   6.918372e-01   3.169639e-02
2.819147000000000070e+00   6.479871e-01   3.206423e-02
2.823857999999999979e+00   6.512159e-01   3.237262e-02
2.828568999999999889e+00   6.553673e-01   3.251486e-02
2.833280999999999938e+00   6.441590e-01   3.262597e-02
2.837991999999999848e+00   6.081703e-01   3.270620e-02
2.842703000000000202e+00   6.210134e-01   3.278338e-02
2.847414000000000112e+00   6.874961e-01   3.293061e-02
2.852126000000000161e+00   6.509227e-01   3.297549e-02
2.856837000000000071e+00   6.797265e-01   3.309836e-02
2.861547999999999981e+00   6.932909e-01   3.317321e-02
2.866258999999999890e+00   6.552653e-01   3.321230e-02
2.870970999999999940e+00   6.223355e-01   3.293774e-02
2.875681999999999849e+00   6.759084e-01   3.213445e-02
2.880393000000000203e+00   6.410376e-01   3.163156e-02
2.885104000000000113e+00   6.705319e-01   3.129876e-02
2.889816000000000162e+00   6.487230e-01   3.104138e-02
2.894527000000000072e+00   6.774838e-01   3.089660e-02
2.899237999999999982e+00   6.944300e-01   3.082779e-02
2.903948999999999891e+00   5.935127e-01   3.071448e-02
2.908660999999999941e+00   6.353885e-01   3.067555e-02
2.913371999999999851e+00   6.373534e-01   3.059615e-02
2.918083000000000204e+00   6.188412e-01   3.051836e-02
2.922794000000000114e+00   6.094823e-01   3.046048e-02
2.927506000000000164e+00   5.857696e-01   3.039762e-02
2.932217000000000073e+00   6.110344e-01   3.038144e-02
2.936927999999999983e+00   5.968190e-01   3.032528e-02
2.941638999999999893e+00   5.919939e-01   3.027161e-02
2.946350999999999942e+00   6.096300e-01   3.024496e-02
2.951061999999999852e+00   6.272780e-01   3.022436e-02
2.955773000000000206e+00   5.967686e-01   3.017641e-02
2.960484000000000115e+00   6.292586e-01   3.012302e-02
2.965196000000000165e+00   6.397275e-01   3.007254e-02
2.969907000000000075e+00   5.927166e-01   2.999376e-02
2.974617999999999984e+00   5.621911e-01   2.998298e-02
2.979328999999999894e+00   5.682981e-01   2.993397e-02
2.984040999999999944e+00   5.872047e-01   2.992578e-02
2.988751999999999853e+00   6.033110e-01   2.989142e-02
2.993463000000000207e+00   6.206892e-01   2.987999e-02
2.998174999999999812e+00   5.908412e-01   2.983283e-02
3.002886000000000166e+00   5.738770e-01   2.980006e-02
3.007597000000000076e+00   5.669103e-01   2.975982e-02
3.012307999999999986e+00   5.736872e-01   2.973440e-02
3.017020000000000035e+00   5.408616e-01   2.962669e-02
3.021730999999999945e+00   5.578529e-01   2.963372e-02
3.026441999999999855e+00   5.366868e-01   2.960162e-02
3.031153000000000208e+00   5.518475e-01   2.959499e-02
3.035864999999999814e+00   5.540772e-01   2.951747e-02
3.040576000000000167e+00   5.012533e-01   2.947381e-02
3.045287000000000077e+00   5.614471e-01   2.946772e-02
3.049997999999999987e+00   5.642982e-01   2.945223e-02
3.054710000000000036e+00   5.956243e-01   2.944503e-02
3.059420999999999946e+00   5.544895e-01   2.938918e-02
3.064131999999999856e+00   5.638223e-01   2.936429e-02
3.068843000000000210e+00   5.587494e-01   2.934584e-02
3.073554999999999815e+00   5.381633e-01   2.930768e-02
3.078266000000000169e+00   5.965262e-01   2.930092e-02
3.082977000000000078e+00   5.583321e-01   2.924760e-02
3.087687999999999988e+00   5.706622e-01   2.925057e-02
3.092400000000000038e+00   5.297866e-01   2.918478e-02
3.097110999999999947e+00   5.312766e-01   2.913739e-02
3.101821999999999857e+00   5.599466e-01   2.913929e-02
3.106533000000000211e+00   5.389833e-01   2.911915e-02
3.111244999999999816e+00   5.336362e-01   2.908901e-02
3.115956000000000170e+00   5.272156e-01   2.903545e-02
3.120667000000000080e+00   5.757156e-01   2.903793e-02
3.125377999999999989e+00   5.662804e-01   2.900527e-02
3.130090000000000039e+00   5.250463e-01   2.896180e-02
3.134800999999999949e+00   5.556714e-01   2.895532e-02
3.139511999999999858e+00   5.543920e-01   2.892703e-02
3.144223000000000212e+00   5.228031e-01   2.890975e-02
3.148934999999999818e+00   5.542764e-01   2.888231e-02
3.153646000000000171e+00   5.505637e-01   2.885827e-02
3.158357000000000081e+00   5.177894e-01   2.882592e-02
3.163067999999999991e+00   5.125321e-01   2.879052e-02
3.167780000000000040e+00   5.367362e-01   2.877990e-02
3.172490999999999950e+00   5.273585e-01   2.873739e-02
3.177201999999999860e+00   5.262132e-01   2.871127e-02
3.181913999999999909e+00   5.435304e-01   2.872205e-02
3.186624999999999819e+00   5.378803e-01   2.867149e-02
3.191336000000000173e+00   4.984939e-01   2.859926e-02
3.196047000000000082e+00   5.291428e-01   2.856870e-02
3.200759000000000132e+00   5.262665e-01   2.853343e-02
3.205470000000000041e+00   5.025117e-01   2.847736e-02
3.210180999999999951e+00   5.153997e-01   2.845306e-02
3.214891999999999861e+00   5.104551e-01   2.841795e-02
3.219603999999999910e+00   5.022574e-01   2.840050e-02
3.224314999999999820e+00   5.002460e-01   2.835489e-02
3.229026000000000174e+00   5.065437e-01   2.834859e-02
3.233737000000000084e+00   4.933213e-01   2.832202e-02
3.238449000000000133e+00   4.990031e-01   2.832561e-02
3.243160000000000043e+00   5.160920e-01   2.832650e-02
3.247870999999999952e+00   4.764755e-01   2.828616e-02
3.252581999999999862e+00   4.380780e-01   2.827426e-02
3.257293999999999912e+00   4.731212e-01   2.827339e-02
3.262004999999999821e+00   4.601500e-01   2.827504e-02
3.266716000000000175e+00   4.613440e-01   2.824922e-02
3.271427000000000085e+00   4.496169e-01   2.819713e-02
3.276139000000000134e+00   4.745664e-01   2.819126e-02
3.280850000000000044e+00   4.855097e-01   2.817927e-02
3.285560999999999954e+00   4.436856e-01   2.814380e-02
3.290271999999999863e+00   4.929057e-01   2.815531e-02
3.294983999999999913e+00   5.071599e-01   2.812087e-02
3.299694999999999823e+00   4.543583e-01   2.809064e-02
3.304406000000000176e+00   4.368778e-01   2.805281e-02
3.309117000000000086e+00   4.523134e-01   2.804861e-02
3.313829000000000136e+00   4.220841e-01   2.800602e-02
3.318540000000000045e+00   4.268879e-01   2.798095e-02
3.323250999999999955e+00   4.657457e-01   2.799473e-02
3.327961999999999865e+00   4.433500e-01   2.794463e-02
3.332673999999999914e+00   4.422012e-01   2.793059e-02
3.337384999999999824e+00   4.486995e-01   2.790240e-02
3.342096000000000178e+00   4.398754e-01   2.787660e-02
3.346807000000000087e+00   4.857824e-01   2.787216e-02
3.351519000000000137e+00   5.032333e-01   2.787109e-02
3.356230000000000047e+00   4.636094e-01   2.783342e-02
3.360940999999999956e+00   4.938449e-01   2.782721e-02
3.365653000000000006e+00   4.435203e-01   2.776592e-02
3.370363999999999916e+00   4.089333e-01   2.774843e-02
3.375074999999999825e+00   4.406316e-01   2.774131e-02
3.379786000000000179e+00   4.252114e-01   2.771409e-02
3.384497999999999784e+00   4.506745e-01   2.769921e-02
3.389209000000000138e+00   4.120112e-01   2.784271e-02
3.393920000000000048e+00   4.057947e-01   2.848135e-02
3.398630999999999958e+00   4.633591e-01   2.891872e-02
3.403343000000000007e+00   4.428869e-01   2.920240e-02
3.408053999999999917e+00   4.304774e-01   2.939839e-02
3.412764999999999826e+00   4.601816e-01   2.950683e-02
3.417476000000000180e+00   4.373023e-01   2.949952e-02
3.422187999999999786e+00   4.111611e-01   2.949250e-02
3.426899000000000139e+00   4.044105e-01   2.956016e-02
3.431610000000000049e+00   4.053143e-01   2.962230e-02
3.436320999999999959e+00   4.449200e-01   2.975172e-02
3.441033000000000008e+00   4.173518e-01   2.979131e-02
3.445743999999999918e+00   4.209114e-01   2.984716e-02
3.450454999999999828e+00   4.388372e-01   2.989114e-02
3.455166000000000182e+00   4.124761e-01   2.991646e-02
3.459877999999999787e+00   4.004789e-01   3.000007e-02
3.464589000000000141e+00   4.023092e-01   3.003067e-02
3.469300000000000050e+00   4.406926e-01   3.007800e-02
3.474010999999999960e+00   4.548657e-01   3.014751e-02
3.478723000000000010e+00   4.461194e-01   3.019831e-02
3.483433999999999919e+00   4.263415e-01   3.023414e-02
3.488144999999999829e+00   4.448867e-01   3.028619e-02
3.492856000000000183e+00   4.039026e-01   3.026324e-02
3.497567999999999788e+00   4.076622e-01   3.031075e-02
3.502279000000000142e+00   4.356200e-01   3.035190e-02
3.506990000000000052e+00   4.403530e-01   3.039444e-02
3.511700999999999961e+00   4.446209e-01   3.044378e-02
3.516413000000000011e+00   4.416913e-01   3.048465e-02
3.521123999999999921e+00   4.415007e-01   3.050249e-02
3.525834999999999830e+00   4.060694e-01   3.050306e-02
3.530546000000000184e+00   3.738109e-01   3.052862e-02
3.535257999999999790e+00   4.186242e-01   3.060673e-02
3.539969000000000143e+00   3.837953e-01   3.061754e-02
3.544680000000000053e+00   3.700283e-01   3.062740e-02
3.549392000000000102e+00   3.584314e-01   3.064024e-02
3.554103000000000012e+00   4.143067e-01   3.069529e-02
3.558813999999999922e+00   3.929374e-01   3.072466e-02
3.563524999999999832e+00   4.075555e-01   3.075601e-02
3.568236999999999881e+00   3.865848e-01   3.075369e-02
3.572947999999999791e+00   3.836763e-01   3.080178e-02
3.577659000000000145e+00   3.315302e-01   3.074839e-02
3.582370000000000054e+00   3.820961e-01   3.082340e-02
3.587082000000000104e+00   3.687276e-01   3.086135e-02
3.591793000000000013e+00   4.207012e-01   3.092338e-02
3.596503999999999923e+00   4.152061e-01   3.090577e-02
3.601214999999999833e+00   3.853577e-01   3.086445e-02
3.605926999999999882e+00   4.040071e-01   3.090372e-02
3.610637999999999792e+00   3.932204e-01   3.147264e-02
3.615349000000000146e+00   4.307298e-01   3.243000e-02
3.620060000000000056e+00   4.000485e-01   3.296345e-02
3.624772000000000105e+00   3.506384e-01   3.332651e-02
3.629483000000000015e+00   3.338753e-01   3.356438e-02
3.634193999999999924e+00   3.416295e-01   3.383659e-02
3.638904999999999834e+00   3.907963e-01   3.406391e-02
3.643616999999999884e+00   3.966191e-01   3.428052e-02
3.648327999999999793e+00   3.242720e-01   3.438996e-02
3.653039000000000147e+00   3.244078e-01   3.456252e-02
3.657750000000000057e+00   3.682716e-01   3.476764e-02
3.662462000000000106e+00   3.196722e-01   3.491375e-02
3.667173000000000016e+00   3.444438e-01   3.508567e-02
3.671883999999999926e+00   3.038307e-01   3.521427e-02
3.676594999999999835e+00   3.707051e-01   3.544530e-02
3.681306999999999885e+00   3.382913e-01   3.557688e-02
3.686017999999999795e+00   3.379251e-01   3.574227e-02
3.690729000000000148e+00   3.544116e-01   3.586939e-02
3.695440000000000058e+00   3.370307e-01   3.606987e-02
3.700152000000000108e+00   3.444582e-01   3.619203e-02
3.704863000000000017e+00   4.055634e-01   3.634821e-02
3.709573999999999927e+00   3.749416e-01   3.649007e-02
3.714284999999999837e+00   4.104857e-01   3.666937e-02
3.718996999999999886e+00   3.523862e-01   3.676188e-02
3.723707999999999796e+00   3.244278e-01   3.685424e-02
3.728419000000000150e+00   2.643154e-01   3.697290e-02
3.733131000000000199e+00   3.418344e-01   3.718314e-02
3.737842000000000109e+00   3.525130e-01   3.733729e-02
3.742553000000000019e+00   3.246636e-01   3.744648e-02
3.747263999999999928e+00   3.544560e-01   3.760857e-02
3.751975999999999978e+00   3.436397e-01   3.776088e-02
3.756686999999999887e+00   3.205096e-01   3.791624e-02
3.761397999999999797e+00   3.116627e-01   3.802366e-02
3.766109000000000151e+00   3.793208e-01   3.821050e-02
3.770821000000000200e+00   3.510912e-01   3.830590e-02
3.775532000000000110e+00   3.771763e-01   3.847575e-02
3.780243000000000020e+00   3.463993e-01   3.856337e-02
3.784953999999999930e+00   3.608003e-01   3.876337e-02
3.789665999999999979e+00   3.937844e-01   3.891835e-02
3.794376999999999889e+00   3.029348e-01   3.894719e-02
3.799087999999999798e+00   3.584631e-01   3.913643e-02
3.803799000000000152e+00   4.193483e-01   3.929509e-02
3.808511000000000202e+00   3.853930e-01   3.945619e-02
3.813222000000000111e+00   3.621651e-01   3.958393e-02
3.817933000000000021e+00   4.107264e-01   3.976821e-02
3.822643999999999931e+00   3.983876e-01   3.989959e-02
3.827355999999999980e+00   3.886472e-01   4.004467e-02
3.832066999999999890e+00   3.301399e-01   4.010849e-02
3.836777999999999800e+00   3.108325e-01   4.022708e-02
3.841489000000000154e+00   3.710366e-01   4.040571e-02
3.846201000000000203e+00   3.872396e-01   4.059645e-02
3.850912000000000113e+00   3.104452e-01   4.069832e-02
3.855623000000000022e+00   2.879869e-01   4.078818e-02
3.860333999999999932e+00   2.903138e-01   4.093549e-02
3.865045999999999982e+00   2.992141e-01   4.105859e-02
3.869756999999999891e+00   3.714726e-01   4.125498e-02
3.874467999999999801e+00   2.980631e-01   4.133692e-02
3.879179000000000155e+00   3.293748e-01   4.151548e-02
3.883891000000000204e+00   3.309657e-01   4.167630e-02
3.888602000000000114e+00   3.589489e-01   4.184421e-02
3.893313000000000024e+00   3.444697e-01   4.188394e-02
3.898023999999999933e+00   3.487255e-01   4.206965e-02
3.902735999999999983e+00   2.892219e-01   4.221893e-02
3.907446999999999893e+00   2.388271e-01   4.228383e-02
3.912157999999999802e+00   3.416538e-01   4.249219e-02
3.916869999999999852e+00   3.647433e-01   4.259713e-02
3.921581000000000206e+00   2.707281e-01   4.253861e-02
3.926292000000000115e+00   3.072409e-01   4.263904e-02
3.931003000000000025e+00   3.464041e-01   4.285845e-02
3.935715000000000074e+00   3.389065e-01   4.296558e-02
3.940425999999999984e+00   3.585598e-01   4.300898e-02
3.945136999999999894e+00   3.581108e-01   4.303909e-02
3.949847999999999804e+00   3.324307e-01   4.306638e-02
3.954559999999999853e+00   2.865114e-01   4.311314e-02
3.959271000000000207e+00   2.928428e-01   4.316798e-02
3.963982000000000117e+00   2.421182e-01   4.309799e-02
3.968693000000000026e+00   3.484718e-01   4.328664e-02
3.973405000000000076e+00   3.532470e-01   4.343308e-02
3.978115999999999985e+00   3.278619e-01   4.355264e-02
3.982826999999999895e+00   2.939509e-01   4.368563e-02
3.987537999999999805e+00   3.036101e-01   4.391735e-02
3.992249999999999854e+00   3.507557e-01   4.400889e-02
3.996961000000000208e+00   2.856847e-01   4.404106e-02
4.001672000000000118e+00   2.494526e-01   4.421141e-02
4.006382999999999583e+00   2.482083e-01   4.436839e-02
4.011095000000000077e+00   3.652326e-01   4.468981e-02
4.015806000000000431e+00   3.240890e-01   4.479970e-02
4.020516999999999896e+00   2.775333e-01   4.490139e-02
4.025228000000000250e+00   2.915604e-01   4.501514e-02
4.029939999999999856e+00   3.154792e-01   4.521574e-02
4.034651000000000209e+00   3.431579e-01   4.534840e-02
4.039361999999999675e+00   3.382523e-01   4.552069e-02
4.044073000000000029e+00   2.855637e-01   4.562072e-02
4.048784999999999634e+00   2.854123e-01   4.574648e-02
4.053495999999999988e+00   2.934871e-01   4.595278e-02
4.058207000000000342e+00   3.130405e-01   4.617488e-02
4.062917999999999807e+00   3.184220e-01   4.630794e-02
4.067630000000000301e+00   3.736738e-01   4.649877e-02
4.072340999999999767e+00   3.392466e-01   4.660524e-02
4.077052000000000120e+00   2.795133e-01   4.670927e-02
4.081762999999999586e+00   2.290493e-01   4.686940e-02
4.086475000000000080e+00   2.462380e-01   4.710953e-02
4.091186000000000433e+00   3.071849e-01   4.737690e-02
4.095896999999999899e+00   2.762590e-01   4.744693e-02
4.100609000000000393e+00   3.397774e-01   4.765342e-02
4.105319999999999858e+00   3.034841e-01   4.779824e-02
4.110031000000000212e+00   3.237911e-01   4.796166e-02
4.114741999999999678e+00   3.131819e-01   4.817377e-02
4.119454000000000171e+00   2.665281e-01   4.828332e-02
4.124164999999999637e+00   2.601006e-01   4.840118e-02
4.128875999999999991e+00   2.313946e-01   4.856583e-02
4.133587000000000344e+00   2.408853e-01   4.880210e-02
4.138298999999999950e+00   3.533129e-01   4.916200e-02
4.143010000000000304e+00   3.114101e-01   4.928228e-02
4.147720999999999769e+00   3.034403e-01   4.930200e-02
4.152432000000000123e+00   2.734682e-01   4.953331e-02
4.157143999999999728e+00   2.322135e-01   4.971662e-02
4.161855000000000082e+00   2.538485e-01   4.991916e-02
4.166566000000000436e+00   3.107106e-01   5.012880e-02
4.171276999999999902e+00   2.483731e-01   5.025180e-02
4.175989000000000395e+00   2.440415e-01   5.047527e-02
4.180699999999999861e+00   2.179661e-01   5.067918e-02
4.185411000000000215e+00   2.524071e-01   5.083823e-02
4.190121999999999680e+00   2.901461e-01   5.106022e-02
4.194834000000000174e+00   2.319322e-01   5.120876e-02
4.199544999999999639e+00   2.568923e-01   5.139969e-02
4.204255999999999993e+00   2.614621e-01   5.156518e-02
4.208967000000000347e+00   2.653535e-01   5.182549e-02
4.213678999999999952e+00   2.592119e-01   5.200192e-02
4.218390000000000306e+00   2.475827e-01   5.228294e-02
4.223100999999999772e+00   2.795309e-01   5.247107e-02
4.227812000000000126e+00   2.689918e-01   5.266894e-02
4.232523999999999731e+00   2.829622e-01   5.287850e-02
4.237235000000000085e+00   2.325321e-01   5.311992e-02
4.241946000000000438e+00   2.580993e-01   5.329223e-02
4.246656999999999904e+00   2.170638e-01   5.344071e-02
4.251369000000000398e+00   3.270421e-01   5.387607e-02
4.256079999999999863e+00   2.402012e-01   5.403215e-02
4.260791000000000217e+00   2.524632e-01   5.410886e-02
4.265501999999999683e+00   2.822120e-01   5.439874e-02
4.270214000000000176e+00   3.231893e-01   5.469791e-02
4.274924999999999642e+00   1.960600e-01   5.483837e-02
4.279635999999999996e+00   2.279546e-01   5.509599e-02
4.284347999999999601e+00   2.584420e-01   5.530541e-02
4.289058999999999955e+00   2.434838e-01   5.550144e-02
4.293770000000000309e+00   2.797488e-01   5.580351e-02
4.298480999999999774e+00   3.275720e-01   5.616621e-02
4.303193000000000268e+00   3.307428e-01   5.642864e-02
4.307903999999999733e+00   2.731150e-01   5.654524e-02
4.312615000000000087e+00   2.016141e-01   5.678369e-02
4.317326000000000441e+00   2.361188e-01   5.702492e-02
4.322038000000000046e+00   2.707355e-01   5.740426e-02
4.326749000000000400e+00   2.598807e-01   5.765129e-02
4.331459999999999866e+00   2.081422e-01   5.777403e-02
4.336171000000000220e+00   2.951436e-01   5.815738e-02
4.340882999999999825e+00   2.610509e-01   5.829063e-02
4.345594000000000179e+00   2.408129e-01   5.865651e-02
4.350304999999999644e+00   1.851912e-01   5.890546e-02
4.355015999999999998e+00   2.410119e-01   5.914424e-02
4.359727999999999604e+00   2.795943e-01   5.945285e-02
4.364438999999999957e+00   2.421772e-01   5.977997e-02
4.369150000000000311e+00   2.576913e-01   6.009439e-02
4.373860999999999777e+00   3.068467e-01   6.041931e-02
4.378573000000000270e+00   2.287961e-01   6.070061e-02
4.383283999999999736e+00   1.537650e-01   6.090705e-02
4.387995000000000090e+00   2.305118e-01   6.128048e-02
4.392706000000000444e+00   2.581766e-01   6.171928e-02
4.397418000000000049e+00   2.922760e-01   6.185263e-02
4.402129000000000403e+00   2.209688e-01   6.172230e-02
4.406839999999999868e+00   1.364306e-01   6.180318e-02
4.411551000000000222e+00   3.102068e-01   6.210710e-02
4.416262999999999828e+00   3.244884e-01   6.209568e-02
4.420974000000000181e+00   2.562399e-01   6.207601e-02
4.425684999999999647e+00   1.847696e-01   6.189372e-02
4.430396000000000001e+00   1.879073e-01   6.207503e-02
4.435107999999999606e+00   2.752027e-01   6.216149e-02
4.439818999999999960e+00   2.808540e-01   6.222772e-02
4.444530000000000314e+00   2.119842e-01   6.245117e-02
4.449240999999999779e+00   1.831397e-01   6.271126e-02
4.453953000000000273e+00   2.584773e-01   6.320275e-02
4.458663999999999739e+00   2.199664e-01   6.347900e-02
4.463375000000000092e+00   2.318015e-01   6.393435e-02
4.468086999999999698e+00   2.286567e-01   6.421077e-02
4.472798000000000052e+00   2.059248e-01   6.452919e-02
4.477509000000000405e+00   2.325261e-01   6.483431e-02
4.482219999999999871e+00   1.517319e-01   6.512513e-02
4.486932000000000365e+00   2.288574e-01   6.566151e-02
4.491642999999999830e+00   2.897603e-01   6.608097e-02
4.496354000000000184e+00   2.074433e-01   6.630907e-02
4.501064999999999650e+00   2.249793e-01   6.673726e-02
4.505777000000000143e+00   2.397325e-01   6.708923e-02
4.510487999999999609e+00   2.763430e-01   6.759044e-02
4.515198999999999963e+00   2.098217e-01   6.791370e-02
4.519910000000000316e+00   2.185144e-01   6.829505e-02
4.524621999999999922e+00   1.331370e-01   6.858344e-02
4.529333000000000276e+00   2.154634e-01   6.912452e-02
4.534043999999999741e+00   2.697064e-01   6.964599e-02
4.538755000000000095e+00   1.705141e-01   6.987269e-02
4.543466999999999700e+00   2.732617e-01   7.040980e-02
4.548178000000000054e+00   2.134769e-01   7.074891e-02
4.552889000000000408e+00   1.888920e-01   7.131697e-02
4.557599999999999874e+00   2.493423e-01   7.162174e-02
4.562312000000000367e+00   2.717408e-01   7.217596e-02
4.567022999999999833e+00   2.162617e-01   7.272096e-02
4.571734000000000187e+00   8.760571e-02   7.282541e-02
4.576444999999999652e+00   2.513678e-01   7.356151e-02
4.581157000000000146e+00   3.922541e-01   7.436061e-02
4.585867999999999611e+00   3.173454e-01   7.479420e-02
4.590578999999999965e+00   2.198448e-01   7.516347e-02
4.595290000000000319e+00   2.156876e-01   7.568767e-02
4.600001999999999924e+00   1.925272e-01   7.628300e-02
4.604713000000000278e+00   1.525533e-01   7.669307e-02
4.609423999999999744e+00   3.235254e-01   7.752850e-02
4.614135000000000097e+00   3.230526e-01   7.804709e-02
4.618846999999999703e+00   2.082488e-01   7.857147e-02
4.623558000000000057e+00   2.112347e-01   7.910724e-02
4.628269000000000410e+00   1.800274e-01   7.961004e-02
4.632979999999999876e+00   2.580894e-01   8.033256e-02
4.637692000000000370e+00   2.715978e-01   8.119546e-02
4.642402999999999835e+00   2.794298e-01   8.181332e-02
4.647114000000000189e+00   1.655980e-01   8.227714e-02
4.651825999999999794e+00   1.824518e-01   8.306225e-02
4.656537000000000148e+00   2.162420e-01   8.392662e-02
4.661247999999999614e+00   1.755347e-01   8.457950e-02
4.665958999999999968e+00   2.084203e-01   8.535187e-02
4.670670999999999573e+00   1.881173e-01   8.588354e-02
4.675381999999999927e+00   1.884886e-01   8.705552e-02
4.680093000000000281e+00   1.514652e-01   8.764894e-02
4.684803999999999746e+00   1.212057e-01   8.820956e-02
4.689516000000000240e+00   2.617303e-01   8.917575e-02
4.694226999999999705e+00   1.226439e-01   8.987213e-02
4.698938000000000059e+00   2.679945e-01   9.110512e-02
4.703649000000000413e+00   2.158114e-01   9.180781e-02
4.708361000000000018e+00   1.485433e-01   9.253060e-02
4.713072000000000372e+00   2.881044e-01   9.395174e-02
4.717782999999999838e+00   2.171840e-01   9.498121e-02
4.722494000000000192e+00   1.368077e-01   9.587672e-02
4.727205999999999797e+00   1.298100e-01   9.674130e-02
4.731917000000000151e+00   2.375073e-01   9.779655e-02
4.736627999999999616e+00   1.018725e-01   9.875202e-02
4.741338999999999970e+00   5.569014e-02   1.000971e-01
4.746050999999999576e+00   2.542396e-01   1.017217e-01
4.750761999999999929e+00   2.343716e-01   1.027985e-01
4.755473000000000283e+00   1.213159e-01   1.038452e-01
4.760183999999999749e+00   2.367811e-01   1.052884e-01
4.764896000000000242e+00   1.963453e-01   1.063324e-01
4.769606999999999708e+00   2.321343e-01   1.081459e-01
4.774318000000000062e+00   2.694860e-01   1.099984e-01
4.779029000000000416e+00   3.443974e-01   1.114806e-01
4.783741000000000021e+00   1.513115e-01   1.125840e-01
4.788452000000000375e+00   1.576512e-01   1.148663e-01
4.793162999999999840e+00   1.466215e-01   1.165895e-01
4.797874000000000194e+00   2.036247e-01   1.180255e-01
4.802585999999999800e+00   2.945914e-01   1.199774e-01
4.807297000000000153e+00   2.020307e-01   1.220736e-01
4.812007999999999619e+00   8.058976e-02   1.244213e-01
4.816718999999999973e+00  -6.053037e-02   1.264977e-01
4.821430999999999578e+00   2.053174e-01   1.298445e-01
4.826141999999999932e+00   2.409075e-01   1.319660e-01
4.830853000000000286e+00   2.017054e-01   1.344163e-01
4.835564999999999891e+00   2.257322e-01   1.376907e-01
4.840276000000000245e+00   2.516422e-01   1.404142e-01
4.844986999999999711e+00   2.164268e-01   1.436263e-01
4.849698000000000064e+00   3.406299e-01   1.477693e-01
4.854409999999999670e+00   5.042368e-01   1.525034e-01
4.859121000000000024e+00   2.687112e-01   1.552277e-01
4.863832000000000377e+00   8.450888e-02   1.593540e-01
4.868542999999999843e+00   1.357355e-01   1.642945e-01
4.873255000000000337e+00   3.370065e-01   1.708930e-01
4.877965999999999802e+00   9.671871e-02   1.755512e-01
4.882677000000000156e+00  -4.142935e-02   1.821243e-01
4.887387999999999622e+00   7.742633e-02   1.893008e-01
4.892100000000000115e+00   1.313814e-01   1.982519e-01
4.896810999999999581e+00   2.160297e-01   2.077217e-01
4.901521999999999935e+00   4.218394e-01   2.204188e-01
4.906233000000000288e+00   4.792805e-01   2.334165e-01
4.910944999999999894e+00   2.437630e-01   2.468346e-01
4.915656000000000247e+00   1.846653e-01   2.652550e-01
4.920366999999999713e+00  -1.468807e-01   2.880512e-01
4.925078000000000067e+00   2.367900e-01   3.161588e-01
4.929789999999999672e+00  -1.220145e-01   3.587073e-01
4.934501000000000026e+00   7.899602e-02   4.321363e-01
4.939212000000000380e+00   6.112297e-01   5.695861e-01
4.943922999999999845e+00  -6.893789e-02   9.915946e-01