# [3]
# Sample c= 4.97 mg/ml
# Intensity scaled by concentration
# Buffer subtracted data file:
# Protein DatFile = /data/visitor/mx1908/bm29/20161119/giulio/1d/mM300_108_ave.dat
# Buffer DatFile = /data/visitor/mx1908/bm29/20161119/giulio/ednaSub/mM300_108_ave_averbuffer.dat
# 
# AutoRg: Rg   =   0.7269 +/- 0.10 ( 13.9%)
# AutoRg: I(0) =   1.15 +/- 0.0035
# AutoRg: Points   115 to 292 ( 178 total)
# AutoRg: Quality: 77.6%
# 
# 
# Sample Information:
# Storage Temperature (degrees C): 20.0
# Measurement Temperature (degrees C): 19.96
# Concentration: 4.97
# Code: 
3.479420999999999903e-02  -6.932948e-01   1.526187e+00
3.950545999999999919e-02  -7.807495e-01   6.083694e-01
4.421672000000000102e-02   7.984618e-01   3.982716e-01
4.892798000000000286e-02   6.633405e-01   3.054453e-01
5.363923000000000302e-02   9.526222e-01   2.450492e-01
5.835048999999999791e-02   9.583013e-01   2.008916e-01
6.306174999999999975e-02   8.381026e-01   1.667629e-01
6.777299999999999991e-02   9.701102e-01   1.417754e-01
7.248425999999999481e-02   9.410880e-01   1.228373e-01
7.719552000000000358e-02   6.721640e-01   1.082283e-01
8.190677000000000374e-02   8.363737e-01   9.630644e-02
8.661802999999999864e-02   1.074469e+00   8.679487e-02
9.132928999999999353e-02   1.051914e+00   7.926196e-02
9.604053999999999369e-02   9.748336e-01   7.327891e-02
1.007518000000000025e-01   1.130043e+00   6.815223e-02
1.054631000000000041e-01   1.097030e+00   6.352678e-02
1.101743000000000028e-01   1.073558e+00   5.948788e-02
1.148856000000000044e-01   1.116838e+00   5.623494e-02
1.195968000000000031e-01   1.107702e+00   5.334789e-02
1.243081000000000047e-01   1.114392e+00   5.077281e-02
1.290193000000000034e-01   1.069535e+00   4.848523e-02
1.337306000000000050e-01   1.038280e+00   4.648680e-02
1.384419000000000066e-01   1.101957e+00   4.481153e-02
1.431531000000000053e-01   1.048194e+00   4.316220e-02
1.478644000000000069e-01   1.117875e+00   4.190988e-02
1.525756000000000057e-01   1.114739e+00   4.064304e-02
1.572869000000000073e-01   1.138857e+00   3.958792e-02
1.619981000000000060e-01   1.112608e+00   3.844135e-02
1.667094000000000076e-01   1.102484e+00   3.744054e-02
1.714206000000000063e-01   1.137828e+00   3.656652e-02
1.761319000000000079e-01   1.125435e+00   3.572281e-02
1.808432000000000095e-01   1.082860e+00   3.491804e-02
1.855544000000000082e-01   1.082133e+00   3.429124e-02
1.902657000000000098e-01   1.095455e+00   3.363596e-02
1.949769000000000085e-01   1.098064e+00   3.307896e-02
1.996882000000000101e-01   1.094826e+00   3.245348e-02
2.043994000000000089e-01   1.060658e+00   3.187574e-02
2.091107000000000105e-01   1.081077e+00   3.137132e-02
2.138220000000000121e-01   1.077331e+00   3.093321e-02
2.185332000000000108e-01   1.066576e+00   3.044128e-02
2.232445000000000124e-01   1.076044e+00   3.001929e-02
2.279557000000000111e-01   1.086444e+00   2.960318e-02
2.326670000000000127e-01   1.072298e+00   2.918455e-02
2.373782000000000114e-01   1.153389e+00   2.886605e-02
2.420895000000000130e-01   1.114189e+00   2.850851e-02
2.468007000000000117e-01   1.106509e+00   2.815201e-02
2.515120000000000133e-01   1.077287e+00   2.778497e-02
2.562232999999999872e-01   1.062663e+00   2.741428e-02
2.609345000000000137e-01   1.094954e+00   2.716702e-02
2.656457999999999875e-01   1.127330e+00   2.690144e-02
2.703570000000000140e-01   1.124651e+00   2.664567e-02
2.750682999999999878e-01   1.095234e+00   2.637245e-02
2.797795000000000143e-01   1.081532e+00   2.606225e-02
2.844907999999999881e-01   1.084254e+00   2.581911e-02
2.892021000000000175e-01   1.111546e+00   2.556854e-02
2.939132999999999885e-01   1.088007e+00   2.534987e-02
2.986246000000000178e-01   1.051955e+00   2.505809e-02
3.033357999999999888e-01   1.106719e+00   2.489364e-02
3.080471000000000181e-01   1.089807e+00   2.463605e-02
3.127582999999999891e-01   1.076061e+00   2.441949e-02
3.174696000000000184e-01   1.085356e+00   2.424488e-02
3.221808999999999923e-01   1.077787e+00   2.406725e-02
3.268921000000000188e-01   1.100056e+00   2.387940e-02
3.316033999999999926e-01   1.107614e+00   2.372260e-02
3.363146000000000191e-01   1.080299e+00   2.389936e-02
3.410258999999999929e-01   1.092032e+00   2.411016e-02
3.457371000000000194e-01   1.062664e+00   2.419930e-02
3.504483999999999932e-01   1.087467e+00   2.454206e-02
3.551596000000000197e-01   1.071767e+00   2.502674e-02
3.598708999999999936e-01   1.071234e+00   2.528684e-02
3.645822000000000229e-01   1.081895e+00   2.557498e-02
3.692933999999999939e-01   1.104790e+00   2.583829e-02
3.740047000000000232e-01   1.100821e+00   2.597963e-02
3.787158999999999942e-01   1.084347e+00   2.609269e-02
3.834272000000000236e-01   1.054345e+00   2.621812e-02
3.881383999999999945e-01   1.093824e+00   2.643215e-02
3.928497000000000239e-01   1.085751e+00   2.704746e-02
3.975609999999999977e-01   1.066483e+00   2.782480e-02
4.022722000000000242e-01   1.113256e+00   2.847444e-02
4.069834999999999980e-01   1.072664e+00   2.896890e-02
4.116947000000000245e-01   1.126317e+00   2.944999e-02
4.164059999999999984e-01   1.084985e+00   2.983089e-02
4.211172000000000248e-01   1.061539e+00   3.025046e-02
4.258284999999999987e-01   1.105517e+00   3.078384e-02
4.305397000000000252e-01   1.087188e+00   3.127751e-02
4.352509999999999990e-01   1.109696e+00   3.171373e-02
4.399622999999999728e-01   1.110422e+00   3.213446e-02
4.446734999999999993e-01   1.144108e+00   3.277307e-02
4.493847999999999732e-01   1.097976e+00   3.317817e-02
4.540959999999999996e-01   1.099543e+00   3.343983e-02
4.588072999999999735e-01   1.129233e+00   3.233026e-02
4.635185000000000000e-01   1.085599e+00   3.147845e-02
4.682297999999999738e-01   1.091856e+00   3.098841e-02
4.729411000000000032e-01   1.074522e+00   3.064803e-02
4.776522999999999741e-01   1.094664e+00   3.043103e-02
4.823636000000000035e-01   1.093706e+00   3.018593e-02
4.870747999999999744e-01   1.038473e+00   2.989305e-02
4.917861000000000038e-01   1.086805e+00   2.977750e-02
4.964972999999999748e-01   1.058335e+00   2.960192e-02
5.012086000000000041e-01   1.030719e+00   2.942881e-02
5.059198999999999780e-01   1.048354e+00   2.926640e-02
5.106311000000000044e-01   1.074324e+00   2.916356e-02
5.153423999999999783e-01   1.072623e+00   2.901267e-02
5.200536000000000048e-01   1.050082e+00   2.877022e-02
5.247648999999999786e-01   1.050677e+00   2.856252e-02
5.294761000000000051e-01   1.075770e+00   2.839736e-02
5.341873999999999789e-01   1.061025e+00   2.815396e-02
5.388986000000000054e-01   1.048223e+00   2.797387e-02
5.436098999999999792e-01   1.072097e+00   2.782696e-02
5.483211999999999531e-01   1.061981e+00   2.764183e-02
5.530323999999999796e-01   1.053964e+00   2.743684e-02
5.577436999999999534e-01   1.045928e+00   2.728407e-02
5.624548999999999799e-01   1.051469e+00   2.713164e-02
5.671661999999999537e-01   1.031178e+00   2.698207e-02
5.718773999999999802e-01   1.094869e+00   2.699883e-02
5.765886999999999540e-01   1.096727e+00   2.689676e-02
5.813000000000000389e-01   1.075958e+00   2.680930e-02
5.860111999999999544e-01   1.073334e+00   2.674125e-02
5.907225000000000392e-01   1.053830e+00   2.668160e-02
5.954336999999999547e-01   1.070011e+00   2.664998e-02
6.001450000000000395e-01   1.044799e+00   2.652606e-02
6.048561999999999550e-01   1.058752e+00   2.645250e-02
6.095675000000000399e-01   1.067369e+00   2.644950e-02
6.142788000000000137e-01   1.083198e+00   2.637999e-02
6.189900000000000402e-01   1.038419e+00   2.626161e-02
6.237013000000000140e-01   1.051743e+00   2.624579e-02
6.284125000000000405e-01   1.052187e+00   2.621447e-02
6.331238000000000143e-01   1.060485e+00   2.611805e-02
6.378350000000000408e-01   1.059582e+00   2.604352e-02
6.425463000000000147e-01   1.073048e+00   2.600244e-02
6.472575000000000411e-01   1.072027e+00   2.591733e-02
6.519688000000000150e-01   1.049102e+00   2.582896e-02
6.566800999999999888e-01   1.066960e+00   2.583190e-02
6.613913000000000153e-01   1.095540e+00   2.578296e-02
6.661025999999999891e-01   1.042138e+00   2.569221e-02
6.708138000000000156e-01   1.057093e+00   2.566027e-02
6.755250999999999895e-01   1.047859e+00   2.558826e-02
6.802363000000000159e-01   1.066565e+00   2.556129e-02
6.849475999999999898e-01   1.050915e+00   2.548429e-02
6.896588999999999636e-01   1.061354e+00   2.540460e-02
6.943700999999999901e-01   1.039121e+00   2.530734e-02
6.990813999999999639e-01   1.061493e+00   2.528419e-02
7.037925999999999904e-01   1.033178e+00   2.523914e-02
7.085038999999999643e-01   1.025937e+00   2.516849e-02
7.132150999999999907e-01   1.060145e+00   2.516318e-02
7.179263999999999646e-01   1.025324e+00   2.508090e-02
7.226375999999999911e-01   1.059220e+00   2.505041e-02
7.273488999999999649e-01   1.022157e+00   2.496853e-02
7.320602000000000498e-01   1.052916e+00   2.492639e-02
7.367713999999999652e-01   1.052931e+00   2.484567e-02
7.414827000000000501e-01   9.983487e-01   2.474920e-02
7.461938999999999655e-01   1.011175e+00   2.473350e-02
7.509052000000000504e-01   1.039852e+00   2.473282e-02
7.556163999999999659e-01   1.062896e+00   2.466252e-02
7.603277000000000507e-01   1.028864e+00   2.460955e-02
7.650390000000000246e-01   1.002683e+00   2.453764e-02
7.697502000000000510e-01   1.016190e+00   2.451396e-02
7.744615000000000249e-01   1.020573e+00   2.444558e-02
7.791727000000000514e-01   1.063461e+00   2.444198e-02
7.838840000000000252e-01   1.041476e+00   2.438031e-02
7.885952000000000517e-01   1.021708e+00   2.429167e-02
7.933065000000000255e-01   1.016711e+00   2.425707e-02
7.980177999999999994e-01   1.051527e+00   2.426492e-02
8.027290000000000258e-01   1.021191e+00   2.420245e-02
8.074402999999999997e-01   1.034629e+00   2.414607e-02
8.121515000000000262e-01   1.047151e+00   2.408264e-02
8.168628000000000000e-01   1.030834e+00   2.400410e-02
8.215740000000000265e-01   1.022831e+00   2.396169e-02
8.262853000000000003e-01   1.017293e+00   2.393776e-02
8.309965000000000268e-01   1.000350e+00   2.384275e-02
8.357078000000000007e-01   1.004360e+00   2.379317e-02
8.404190999999999745e-01   1.030654e+00   2.381952e-02
8.451303000000000010e-01   1.029675e+00   2.374756e-02
8.498415999999999748e-01   1.017455e+00   2.369544e-02
8.545528000000000013e-01   9.691595e-01   2.358001e-02
8.592640999999999751e-01   1.018167e+00   2.357298e-02
8.639753000000000016e-01   9.813837e-01   2.350725e-02
8.686865999999999755e-01   9.857092e-01   2.346388e-02
8.733978999999999493e-01   9.761775e-01   2.342396e-02
8.781090999999999758e-01   1.036770e+00   2.341786e-02
8.828203999999999496e-01   1.002883e+00   2.334333e-02
8.875315999999999761e-01   9.983798e-01   2.328192e-02
8.922428999999999499e-01   1.004782e+00   2.325891e-02
8.969540999999999764e-01   1.012073e+00   2.323930e-02
9.016653999999999503e-01   9.996538e-01   2.319168e-02
9.063767000000000351e-01   9.769557e-01   2.311618e-02
9.110878999999999506e-01   1.003701e+00   2.309034e-02
9.157992000000000354e-01   1.031118e+00   2.308074e-02
9.205103999999999509e-01   1.013103e+00   2.306359e-02
9.252217000000000358e-01   1.014008e+00   2.299834e-02
9.299328999999999512e-01   1.017240e+00   2.294147e-02
9.346442000000000361e-01   9.945207e-01   2.286587e-02
9.393553999999999515e-01   9.929906e-01   2.285275e-02
9.440667000000000364e-01   9.662153e-01   2.279469e-02
9.487780000000000102e-01   9.640010e-01   2.272706e-02
9.534892000000000367e-01   9.752887e-01   2.267705e-02
9.582005000000000106e-01   9.493008e-01   2.263166e-02
9.629117000000000370e-01   9.514245e-01   2.261343e-02
9.676230000000000109e-01   9.824296e-01   2.257927e-02
9.723342000000000374e-01   9.696074e-01   2.255031e-02
9.770455000000000112e-01   9.721845e-01   2.252440e-02
9.817567999999999850e-01   9.636813e-01   2.247437e-02
9.864680000000000115e-01   9.591224e-01   2.240229e-02
9.911792999999999854e-01   9.695707e-01   2.236226e-02
9.958905000000000118e-01   9.521203e-01   2.229429e-02
1.000601999999999991e+00   9.833657e-01   2.229842e-02
1.005312999999999901e+00   9.745245e-01   2.226861e-02
1.010024000000000033e+00   9.637954e-01   2.219652e-02
1.014736000000000082e+00   9.990659e-01   2.219783e-02
1.019446999999999992e+00   9.547161e-01   2.213311e-02
1.024157999999999902e+00   9.289097e-01   2.206340e-02
1.028869000000000034e+00   9.395382e-01   2.203882e-02
1.033581000000000083e+00   9.414472e-01   2.201149e-02
1.038291999999999993e+00   9.465988e-01   2.198006e-02
1.043002999999999902e+00   9.369825e-01   2.191260e-02
1.047714000000000034e+00   9.359886e-01   2.187265e-02
1.052426000000000084e+00   9.645129e-01   2.188859e-02
1.057136999999999993e+00   9.472277e-01   2.182743e-02
1.061847999999999903e+00   9.283291e-01   2.176967e-02
1.066559000000000035e+00   9.349518e-01   2.175086e-02
1.071271000000000084e+00   9.477571e-01   2.172196e-02
1.075981999999999994e+00   9.656883e-01   2.167474e-02
1.080692999999999904e+00   9.866036e-01   2.168742e-02
1.085404000000000035e+00   9.635026e-01   2.162720e-02
1.090116000000000085e+00   9.221553e-01   2.156271e-02
1.094826999999999995e+00   9.165008e-01   2.152482e-02
1.099537999999999904e+00   9.220519e-01   2.147736e-02
1.104249000000000036e+00   9.153947e-01   2.144198e-02
1.108961000000000086e+00   9.463743e-01   2.144297e-02
1.113671999999999995e+00   9.213542e-01   2.137536e-02
1.118382999999999905e+00   9.171091e-01   2.134423e-02
1.123094000000000037e+00   9.471984e-01   2.132739e-02
1.127806000000000086e+00   9.246451e-01   2.127682e-02
1.132516999999999996e+00   9.275989e-01   2.125427e-02
1.137227999999999906e+00   9.019289e-01   2.121754e-02
1.141939000000000037e+00   8.987027e-01   2.118265e-02
1.146651000000000087e+00   9.523952e-01   2.117004e-02
1.151361999999999997e+00   9.210246e-01   2.112456e-02
1.156072999999999906e+00   9.111499e-01   2.108522e-02
1.160784000000000038e+00   9.291893e-01   2.105861e-02
1.165496000000000087e+00   9.161393e-01   2.103563e-02
1.170206999999999997e+00   9.240905e-01   2.096815e-02
1.174917999999999907e+00   9.221398e-01   2.094669e-02
1.179629999999999956e+00   9.042294e-01   2.088313e-02
1.184341000000000088e+00   9.030993e-01   2.085293e-02
1.189051999999999998e+00   8.903033e-01   2.083436e-02
1.193762999999999908e+00   9.067192e-01   2.083704e-02
1.198474999999999957e+00   9.019674e-01   2.129314e-02
1.203186000000000089e+00   9.026142e-01   2.186191e-02
1.207896999999999998e+00   8.889653e-01   2.222444e-02
1.212607999999999908e+00   8.856455e-01   2.249226e-02
1.217319999999999958e+00   8.753213e-01   2.273445e-02
1.222031000000000089e+00   8.593198e-01   2.296978e-02
1.226741999999999999e+00   8.753835e-01   2.318737e-02
1.231452999999999909e+00   8.774614e-01   2.341508e-02
1.236164999999999958e+00   8.842750e-01   2.359756e-02
1.240876000000000090e+00   8.959963e-01   2.375406e-02
1.245587000000000000e+00   8.575386e-01   2.381922e-02
1.250297999999999909e+00   8.738883e-01   2.389774e-02
1.255009999999999959e+00   8.270743e-01   2.392546e-02
1.259721000000000091e+00   8.683160e-01   2.396489e-02
1.264432000000000000e+00   8.753301e-01   2.316670e-02
1.269142999999999910e+00   8.317784e-01   2.253168e-02
1.273854999999999960e+00   8.688608e-01   2.218171e-02
1.278566000000000091e+00   8.593261e-01   2.189577e-02
1.283277000000000001e+00   8.782384e-01   2.166397e-02
1.287987999999999911e+00   8.614441e-01   2.147272e-02
1.292699999999999960e+00   8.752841e-01   2.127244e-02
1.297411000000000092e+00   8.592996e-01   2.112922e-02
1.302122000000000002e+00   8.395002e-01   2.095209e-02
1.306832999999999911e+00   8.572103e-01   2.084179e-02
1.311544999999999961e+00   8.317016e-01   2.074218e-02
1.316256000000000093e+00   8.487345e-01   2.073130e-02
1.320967000000000002e+00   8.189335e-01   2.064015e-02
1.325677999999999912e+00   8.208121e-01   2.061192e-02
1.330389999999999961e+00   8.461584e-01   2.059058e-02
1.335101000000000093e+00   8.251026e-01   2.052619e-02
1.339812000000000003e+00   8.277965e-01   2.046062e-02
1.344522999999999913e+00   8.251373e-01   2.041747e-02
1.349234999999999962e+00   8.072954e-01   2.036812e-02
1.353946000000000094e+00   8.174626e-01   2.032931e-02
1.358657000000000004e+00   8.222973e-01   2.028603e-02
1.363369000000000053e+00   8.221786e-01   2.025334e-02
1.368079999999999963e+00   8.087418e-01   2.021972e-02
1.372791000000000095e+00   8.048512e-01   2.016323e-02
1.377502000000000004e+00   8.042258e-01   2.012505e-02
1.382214000000000054e+00   8.116225e-01   2.008781e-02
1.386924999999999963e+00   8.031150e-01   2.004020e-02
1.391636000000000095e+00   8.014907e-01   2.001126e-02
1.396347000000000005e+00   8.302721e-01   2.001186e-02
1.401059000000000054e+00   8.130685e-01   1.994957e-02
1.405769999999999964e+00   7.999109e-01   1.989407e-02
1.410481000000000096e+00   7.740864e-01   1.984806e-02
1.415192000000000005e+00   7.960960e-01   1.983603e-02
1.419904000000000055e+00   7.895825e-01   1.977553e-02
1.424614999999999965e+00   8.063663e-01   1.977955e-02
1.429326000000000096e+00   7.866457e-01   1.972042e-02
1.434037000000000006e+00   7.684680e-01   1.968309e-02
1.438749000000000056e+00   7.675507e-01   1.965542e-02
1.443459999999999965e+00   8.030689e-01   1.966512e-02
1.448171000000000097e+00   7.731204e-01   1.958087e-02
1.452882000000000007e+00   7.731009e-01   1.954305e-02
1.457594000000000056e+00   7.759055e-01   1.952324e-02
1.462304999999999966e+00   8.130209e-01   1.952905e-02
1.467016000000000098e+00   8.175929e-01   1.950440e-02
1.471727000000000007e+00   7.748627e-01   1.947710e-02
1.476439000000000057e+00   7.555058e-01   1.940293e-02
1.481149999999999967e+00   7.718523e-01   1.937895e-02
1.485861000000000098e+00   7.901828e-01   1.936032e-02
1.490572000000000008e+00   7.726426e-01   1.933511e-02
1.495284000000000058e+00   7.639617e-01   1.928146e-02
1.499994999999999967e+00   7.751315e-01   1.926738e-02
1.504706000000000099e+00   7.697770e-01   1.923951e-02
1.509417000000000009e+00   7.338760e-01   1.917491e-02
1.514129000000000058e+00   7.579260e-01   1.924343e-02
1.518839999999999968e+00   7.586280e-01   1.981274e-02
1.523551000000000100e+00   7.667290e-01   2.022086e-02
1.528262999999999927e+00   7.813934e-01   2.051505e-02
1.532974000000000059e+00   7.224034e-01   2.072452e-02
1.537684999999999969e+00   7.573267e-01   2.097219e-02
1.542396000000000100e+00   7.178240e-01   2.093753e-02
1.547107999999999928e+00   7.620790e-01   2.044303e-02
1.551819000000000059e+00   7.377858e-01   2.014478e-02
1.556529999999999969e+00   7.359320e-01   1.993925e-02
1.561241000000000101e+00   7.285044e-01   1.971168e-02
1.565952999999999928e+00   7.203403e-01   1.954411e-02
1.570664000000000060e+00   7.501915e-01   1.936037e-02
1.575374999999999970e+00   7.381655e-01   1.913934e-02
1.580086000000000102e+00   7.307961e-01   1.899620e-02
1.584797999999999929e+00   6.920426e-01   1.885304e-02
1.589509000000000061e+00   7.176288e-01   1.881352e-02
1.594219999999999970e+00   7.112074e-01   1.879030e-02
1.598931000000000102e+00   7.023200e-01   1.881273e-02
1.603642999999999930e+00   7.008632e-01   1.882824e-02
1.608354000000000061e+00   7.038605e-01   1.885262e-02
1.613064999999999971e+00   7.054318e-01   1.883843e-02
1.617776000000000103e+00   6.992153e-01   1.879062e-02
1.622487999999999930e+00   7.127875e-01   1.879909e-02
1.627199000000000062e+00   6.994489e-01   1.875187e-02
1.631909999999999972e+00   7.009236e-01   1.871367e-02
1.636621000000000103e+00   6.743329e-01   1.866259e-02
1.641332999999999931e+00   6.896609e-01   1.863617e-02
1.646044000000000063e+00   7.110622e-01   1.862627e-02
1.650754999999999972e+00   6.902650e-01   1.859024e-02
1.655466000000000104e+00   6.861534e-01   1.855579e-02
1.660177999999999932e+00   6.757286e-01   1.851696e-02
1.664889000000000063e+00   6.989472e-01   1.847647e-02
1.669599999999999973e+00   6.861839e-01   1.846960e-02
1.674311000000000105e+00   7.021585e-01   1.846142e-02
1.679022999999999932e+00   6.835479e-01   1.841312e-02
1.683734000000000064e+00   6.833750e-01   1.838416e-02
1.688444999999999974e+00   6.810587e-01   1.834888e-02
1.693156000000000105e+00   6.770633e-01   1.832921e-02
1.697867999999999933e+00   6.760812e-01   1.828402e-02
1.702579000000000065e+00   6.637028e-01   1.825257e-02
1.707289999999999974e+00   6.732257e-01   1.823962e-02
1.712002000000000024e+00   6.679580e-01   1.820833e-02
1.716712999999999933e+00   6.697976e-01   1.817230e-02
1.721424000000000065e+00   6.658866e-01   1.816278e-02
1.726134999999999975e+00   6.800080e-01   1.815380e-02
1.730847000000000024e+00   6.804728e-01   1.810979e-02
1.735557999999999934e+00   6.383295e-01   1.805887e-02
1.740269000000000066e+00   6.604673e-01   1.806286e-02
1.744979999999999976e+00   6.662425e-01   1.803145e-02
1.749692000000000025e+00   6.400972e-01   1.798431e-02
1.754402999999999935e+00   6.321016e-01   1.795371e-02
1.759114000000000066e+00   6.392903e-01   1.795478e-02
1.763824999999999976e+00   6.411359e-01   1.792813e-02
1.768537000000000026e+00   6.388111e-01   1.790497e-02
1.773247999999999935e+00   6.425160e-01   1.787088e-02
1.777959000000000067e+00   6.447103e-01   1.785215e-02
1.782669999999999977e+00   6.227022e-01   1.780216e-02
1.787382000000000026e+00   6.202134e-01   1.780264e-02
1.792092999999999936e+00   6.338375e-01   1.778309e-02
1.796804000000000068e+00   6.483448e-01   1.775401e-02
1.801514999999999977e+00   6.246484e-01   1.772723e-02
1.806227000000000027e+00   6.214769e-01   1.770133e-02
1.810937999999999937e+00   6.061250e-01   1.765296e-02
1.815649000000000068e+00   6.108858e-01   1.763206e-02
1.820359999999999978e+00   6.113840e-01   1.761867e-02
1.825072000000000028e+00   6.127785e-01   1.760220e-02
1.829782999999999937e+00   6.014633e-01   1.758230e-02
1.834494000000000069e+00   5.897429e-01   1.753527e-02
1.839204999999999979e+00   5.817634e-01   1.753924e-02
1.843917000000000028e+00   5.980562e-01   1.750833e-02
1.848627999999999938e+00   6.345600e-01   1.750342e-02
1.853339000000000070e+00   6.131055e-01   1.746911e-02
1.858049999999999979e+00   6.040814e-01   1.744251e-02
1.862762000000000029e+00   6.020355e-01   1.740928e-02
1.867472999999999939e+00   5.817998e-01   1.739548e-02
1.872184000000000070e+00   5.979941e-01   1.735575e-02
1.876894999999999980e+00   5.810681e-01   1.731391e-02
1.881607000000000030e+00   6.052352e-01   1.731904e-02
1.886317999999999939e+00   5.630174e-01   1.728707e-02
1.891029000000000071e+00   5.663989e-01   1.727388e-02
1.895740999999999898e+00   5.544540e-01   1.723273e-02
1.900452000000000030e+00   6.035412e-01   1.725205e-02
1.905162999999999940e+00   6.009355e-01   1.722313e-02
1.909874000000000072e+00   5.722013e-01   1.717891e-02
1.914585999999999899e+00   5.935844e-01   1.715930e-02
1.919297000000000031e+00   5.678374e-01   1.712191e-02
1.924007999999999940e+00   5.635686e-01   1.711261e-02
1.928719000000000072e+00   5.627457e-01   1.710869e-02
1.933430999999999900e+00   5.668510e-01   1.706202e-02
1.938142000000000031e+00   5.761939e-01   1.700675e-02
1.942852999999999941e+00   5.685344e-01   1.697030e-02
1.947564000000000073e+00   5.578420e-01   1.692383e-02
1.952275999999999900e+00   5.662488e-01   1.689645e-02
1.956987000000000032e+00   5.838108e-01   1.688607e-02
1.961697999999999942e+00   5.563072e-01   1.684372e-02
1.966409000000000074e+00   5.398348e-01   1.679947e-02
1.971120999999999901e+00   5.490731e-01   1.679742e-02
1.975832000000000033e+00   5.210235e-01   1.677227e-02
1.980542999999999942e+00   5.451995e-01   1.678505e-02
1.985254000000000074e+00   5.560559e-01   1.680641e-02
1.989965999999999902e+00   5.538050e-01   1.681338e-02
1.994677000000000033e+00   5.348070e-01   1.679361e-02
1.999387999999999943e+00   5.671199e-01   1.683760e-02
2.004099000000000075e+00   5.264253e-01   1.718783e-02
2.008811000000000124e+00   5.402330e-01   1.758958e-02
2.013522000000000034e+00   5.168539e-01   1.780238e-02
2.018232999999999944e+00   5.507506e-01   1.801383e-02
2.022943999999999853e+00   5.242068e-01   1.816322e-02
2.027655999999999903e+00   5.111579e-01   1.832757e-02
2.032366999999999813e+00   5.224468e-01   1.842760e-02
2.037078000000000166e+00   5.404524e-01   1.848581e-02
2.041789000000000076e+00   5.111245e-01   1.853324e-02
2.046501000000000126e+00   5.338930e-01   1.858941e-02
2.051212000000000035e+00   4.987292e-01   1.863010e-02
2.055922999999999945e+00   4.889317e-01   1.865822e-02
2.060633999999999855e+00   5.093010e-01   1.869529e-02
2.065345999999999904e+00   4.978269e-01   1.866194e-02
2.070056999999999814e+00   5.172777e-01   1.813247e-02
2.074768000000000168e+00   5.271184e-01   1.778461e-02
2.079480000000000217e+00   4.903579e-01   1.751393e-02
2.084191000000000127e+00   5.071876e-01   1.734463e-02
2.088902000000000037e+00   5.154110e-01   1.717737e-02
2.093612999999999946e+00   4.989411e-01   1.705243e-02
2.098324999999999996e+00   5.099449e-01   1.700651e-02
2.103035999999999905e+00   5.054502e-01   1.694275e-02
2.107746999999999815e+00   5.056411e-01   1.687891e-02
2.112458000000000169e+00   4.934823e-01   1.684269e-02
2.117170000000000218e+00   4.598034e-01   1.679671e-02
2.121881000000000128e+00   4.793209e-01   1.676046e-02
2.126592000000000038e+00   4.543349e-01   1.672728e-02
2.131302999999999948e+00   4.782544e-01   1.670155e-02
2.136014999999999997e+00   4.981668e-01   1.668491e-02
2.140725999999999907e+00   4.707900e-01   1.663504e-02
2.145436999999999816e+00   4.746580e-01   1.661463e-02
2.150148000000000170e+00   4.803489e-01   1.659150e-02
2.154860000000000220e+00   4.755997e-01   1.656258e-02
2.159571000000000129e+00   4.536160e-01   1.650257e-02
2.164282000000000039e+00   4.474488e-01   1.646710e-02
2.168992999999999949e+00   4.765454e-01   1.647658e-02
2.173704999999999998e+00   4.573498e-01   1.643695e-02
2.178415999999999908e+00   4.600955e-01   1.640521e-02
2.183126999999999818e+00   4.389778e-01   1.637446e-02
2.187838000000000171e+00   4.544726e-01   1.637300e-02
2.192550000000000221e+00   4.587312e-01   1.633522e-02
2.197261000000000131e+00   4.542239e-01   1.630898e-02
2.201972000000000040e+00   4.636446e-01   1.630712e-02
2.206682999999999950e+00   4.471217e-01   1.627412e-02
2.211395000000000000e+00   4.570674e-01   1.626835e-02
2.216105999999999909e+00   4.618783e-01   1.625527e-02
2.220816999999999819e+00   4.683450e-01   1.620993e-02
2.225528000000000173e+00   4.618970e-01   1.618512e-02
2.230239999999999778e+00   4.643486e-01   1.618035e-02
2.234951000000000132e+00   4.376741e-01   1.613777e-02
2.239662000000000042e+00   4.401199e-01   1.612175e-02
2.244372999999999951e+00   4.622199e-01   1.610638e-02
2.249085000000000001e+00   4.125451e-01   1.606063e-02
2.253795999999999911e+00   4.099628e-01   1.603330e-02
2.258506999999999820e+00   4.377997e-01   1.603868e-02
2.263218999999999870e+00   4.231964e-01   1.602675e-02
2.267929999999999779e+00   4.447413e-01   1.600086e-02
2.272641000000000133e+00   4.626880e-01   1.597858e-02
2.277352000000000043e+00   4.302325e-01   1.594644e-02
2.282064000000000092e+00   4.102986e-01   1.590939e-02
2.286775000000000002e+00   3.923119e-01   1.588153e-02
2.291485999999999912e+00   4.454745e-01   1.590338e-02
2.296196999999999822e+00   4.269600e-01   1.587829e-02
2.300908999999999871e+00   4.123986e-01   1.584194e-02
2.305619999999999781e+00   4.136940e-01   1.583293e-02
2.310331000000000135e+00   4.243623e-01   1.581999e-02
2.315042000000000044e+00   4.282728e-01   1.579918e-02
2.319754000000000094e+00   4.179688e-01   1.577514e-02
2.324465000000000003e+00   3.905936e-01   1.573696e-02
2.329175999999999913e+00   3.963247e-01   1.573771e-02
2.333886999999999823e+00   4.203412e-01   1.571101e-02
2.338598999999999872e+00   3.985531e-01   1.567084e-02
2.343309999999999782e+00   4.166728e-01   1.567446e-02
2.348021000000000136e+00   4.087382e-01   1.565948e-02
2.352732000000000046e+00   4.140711e-01   1.564906e-02
2.357444000000000095e+00   3.835116e-01   1.561134e-02
2.362155000000000005e+00   3.830820e-01   1.557874e-02
2.366865999999999914e+00   3.965533e-01   1.557819e-02
2.371576999999999824e+00   4.264081e-01   1.559019e-02
2.376288999999999874e+00   4.340059e-01   1.556734e-02
2.380999999999999783e+00   4.093569e-01   1.553786e-02
2.385711000000000137e+00   3.872672e-01   1.549162e-02
2.390422000000000047e+00   3.741296e-01   1.547786e-02
2.395134000000000096e+00   3.760542e-01   1.547533e-02
2.399845000000000006e+00   4.048563e-01   1.545655e-02
2.404555999999999916e+00   3.675262e-01   1.542057e-02
2.409266999999999825e+00   3.721839e-01   1.541547e-02
2.413978999999999875e+00   3.915831e-01   1.542249e-02
2.418689999999999785e+00   3.714695e-01   1.538710e-02
2.423401000000000138e+00   3.851424e-01   1.537523e-02
2.428112000000000048e+00   3.834457e-01   1.535714e-02
2.432824000000000098e+00   3.801849e-01   1.534867e-02
2.437535000000000007e+00   3.705130e-01   1.532654e-02
2.442245999999999917e+00   3.857995e-01   1.531390e-02
2.446957999999999966e+00   3.566789e-01   1.527880e-02
2.451668999999999876e+00   3.477898e-01   1.525451e-02
2.456379999999999786e+00   3.846411e-01   1.524757e-02
2.461091000000000140e+00   3.779280e-01   1.521403e-02
2.465803000000000189e+00   3.910979e-01   1.523370e-02
2.470514000000000099e+00   3.876643e-01   1.522385e-02
2.475225000000000009e+00   3.704457e-01   1.518800e-02
2.479935999999999918e+00   3.889739e-01   1.519124e-02
2.484647999999999968e+00   3.775631e-01   1.516775e-02
2.489358999999999877e+00   3.672160e-01   1.513799e-02
2.494069999999999787e+00   3.684685e-01   1.511677e-02
2.498781000000000141e+00   3.533101e-01   1.509821e-02
2.503493000000000190e+00   3.498427e-01   1.507761e-02
2.508204000000000100e+00   3.454169e-01   1.505815e-02
2.512915000000000010e+00   3.537048e-01   1.504008e-02
2.517625999999999920e+00   3.479178e-01   1.500669e-02
2.522337999999999969e+00   3.576566e-01   1.497338e-02
2.527048999999999879e+00   3.588386e-01   1.494891e-02
2.531759999999999788e+00   3.659890e-01   1.494366e-02
2.536471000000000142e+00   3.471537e-01   1.491933e-02
2.541183000000000192e+00   3.551231e-01   1.490088e-02
2.545894000000000101e+00   3.682766e-01   1.490247e-02
2.550605000000000011e+00   3.407851e-01   1.485701e-02
2.555315999999999921e+00   3.244506e-01   1.483265e-02
2.560027999999999970e+00   3.458883e-01   1.483893e-02
2.564738999999999880e+00   3.446253e-01   1.484575e-02
2.569449999999999790e+00   3.648093e-01   1.485518e-02
2.574161000000000143e+00   3.261376e-01   1.482531e-02
2.578873000000000193e+00   3.482916e-01   1.483996e-02
2.583584000000000103e+00   3.401359e-01   1.482800e-02
2.588295000000000012e+00   3.259508e-01   1.479763e-02
2.593005999999999922e+00   3.296497e-01   1.478144e-02
2.597717999999999972e+00   3.497862e-01   1.478232e-02
2.602428999999999881e+00   3.474817e-01   1.476838e-02
2.607139999999999791e+00   3.320558e-01   1.474437e-02
2.611851000000000145e+00   3.315817e-01   1.473614e-02
2.616563000000000194e+00   3.148303e-01   1.472474e-02
2.621274000000000104e+00   3.323930e-01   1.471772e-02
2.625985000000000014e+00   3.284671e-01   1.469134e-02
2.630697000000000063e+00   3.222214e-01   1.467125e-02
2.635407999999999973e+00   3.151114e-01   1.465253e-02
2.640118999999999883e+00   3.190191e-01   1.465683e-02
2.644829999999999792e+00   3.243890e-01   1.464481e-02
2.649541999999999842e+00   3.082075e-01   1.461364e-02
2.654253000000000196e+00   3.037724e-01   1.459872e-02
2.658964000000000105e+00   3.184404e-01   1.460094e-02
2.663675000000000015e+00   3.244203e-01   1.459362e-02
2.668387000000000064e+00   3.311341e-01   1.456857e-02
2.673097999999999974e+00   3.152221e-01   1.454049e-02
2.677808999999999884e+00   3.159120e-01   1.453195e-02
2.682519999999999794e+00   3.188859e-01   1.452052e-02
2.687231999999999843e+00   3.140459e-01   1.450678e-02
2.691943000000000197e+00   3.152340e-01   1.449765e-02
2.696654000000000106e+00   2.827778e-01   1.447718e-02
2.701365000000000016e+00   2.958383e-01   1.447720e-02
2.706077000000000066e+00   2.999896e-01   1.444959e-02
2.710787999999999975e+00   3.066976e-01   1.444720e-02
2.715498999999999885e+00   3.101246e-01   1.444059e-02
2.720209999999999795e+00   3.184823e-01   1.442270e-02
2.724921999999999844e+00   3.033643e-01   1.439599e-02
2.729633000000000198e+00   3.161534e-01   1.440588e-02
2.734344000000000108e+00   3.109051e-01   1.438812e-02
2.739055000000000017e+00   3.078279e-01   1.437753e-02
2.743767000000000067e+00   3.001713e-01   1.434216e-02
2.748477999999999977e+00   2.814685e-01   1.431493e-02
2.753188999999999886e+00   3.172900e-01   1.432961e-02
2.757899999999999796e+00   2.852773e-01   1.430513e-02
2.762611999999999846e+00   3.011306e-01   1.429449e-02
2.767323000000000199e+00   2.837342e-01   1.427579e-02
2.772034000000000109e+00   3.094492e-01   1.427488e-02
2.776745000000000019e+00   3.002713e-01   1.425411e-02
2.781457000000000068e+00   2.804638e-01   1.422266e-02
2.786167999999999978e+00   2.902744e-01   1.422987e-02
2.790878999999999888e+00   2.983946e-01   1.421444e-02
2.795589999999999797e+00   3.007135e-01   1.421886e-02
2.800301999999999847e+00   2.889343e-01   1.419677e-02
2.805013000000000201e+00   2.782788e-01   1.425351e-02
2.809724000000000110e+00   2.736511e-01   1.461645e-02
2.814436000000000160e+00   2.625292e-01   1.483826e-02
2.819147000000000070e+00   2.679380e-01   1.501662e-02
2.823857999999999979e+00   2.760347e-01   1.515481e-02
2.828568999999999889e+00   2.680032e-01   1.522072e-02
2.833280999999999938e+00   2.839331e-01   1.527746e-02
2.837991999999999848e+00   2.888046e-01   1.533294e-02
2.842703000000000202e+00   2.899622e-01   1.538424e-02
2.847414000000000112e+00   2.954795e-01   1.543096e-02
2.852126000000000161e+00   2.685170e-01   1.543278e-02
2.856837000000000071e+00   2.651354e-01   1.545804e-02
2.861547999999999981e+00   2.891959e-01   1.550922e-02
2.866258999999999890e+00   2.988882e-01   1.555910e-02
2.870970999999999940e+00   2.895392e-01   1.542379e-02
2.875681999999999849e+00   2.718579e-01   1.503160e-02
2.880393000000000203e+00   2.828909e-01   1.481009e-02
2.885104000000000113e+00   2.524492e-01   1.464427e-02
2.889816000000000162e+00   2.739956e-01   1.451988e-02
2.894527000000000072e+00   2.702997e-01   1.445541e-02
2.899237999999999982e+00   2.805692e-01   1.442351e-02
2.903948999999999891e+00   2.677788e-01   1.438619e-02
2.908660999999999941e+00   2.866610e-01   1.437978e-02
2.913371999999999851e+00   2.530247e-01   1.431471e-02
2.918083000000000204e+00   2.542854e-01   1.429729e-02
2.922794000000000114e+00   2.709500e-01   1.426692e-02
2.927506000000000164e+00   2.524479e-01   1.423455e-02
2.932217000000000073e+00   2.865688e-01   1.423115e-02
2.936927999999999983e+00   2.831851e-01   1.421199e-02
2.941638999999999893e+00   2.632473e-01   1.417401e-02
2.946350999999999942e+00   2.580473e-01   1.414849e-02
2.951061999999999852e+00   2.695028e-01   1.413606e-02
2.955773000000000206e+00   2.624752e-01   1.411786e-02
2.960484000000000115e+00   2.486748e-01   1.409059e-02
2.965196000000000165e+00   2.558392e-01   1.407638e-02
2.969907000000000075e+00   2.625577e-01   1.405918e-02
2.974617999999999984e+00   2.696907e-01   1.405892e-02
2.979328999999999894e+00   2.534384e-01   1.402867e-02
2.984040999999999944e+00   2.585126e-01   1.401068e-02
2.988751999999999853e+00   2.521604e-01   1.399188e-02
2.993463000000000207e+00   2.479736e-01   1.397201e-02
2.998174999999999812e+00   2.602684e-01   1.395884e-02
3.002886000000000166e+00   2.664124e-01   1.395846e-02
3.007597000000000076e+00   2.473357e-01   1.392056e-02
3.012307999999999986e+00   2.509872e-01   1.390898e-02
3.017020000000000035e+00   2.461185e-01   1.387812e-02
3.021730999999999945e+00   2.262671e-01   1.386104e-02
3.026441999999999855e+00   2.605036e-01   1.387137e-02
3.031153000000000208e+00   2.495622e-01   1.384339e-02
3.035864999999999814e+00   2.398020e-01   1.382470e-02
3.040576000000000167e+00   2.466614e-01   1.381328e-02
3.045287000000000077e+00   2.382867e-01   1.379422e-02
3.049997999999999987e+00   2.624374e-01   1.380988e-02
3.054710000000000036e+00   2.471932e-01   1.377343e-02
3.059420999999999946e+00   2.321034e-01   1.375476e-02
3.064131999999999856e+00   2.240006e-01   1.372639e-02
3.068843000000000210e+00   2.303266e-01   1.372767e-02
3.073554999999999815e+00   2.391297e-01   1.372287e-02
3.078266000000000169e+00   2.522471e-01   1.370935e-02
3.082977000000000078e+00   2.161459e-01   1.368293e-02
3.087687999999999988e+00   2.400172e-01   1.369101e-02
3.092400000000000038e+00   2.284934e-01   1.367133e-02
3.097110999999999947e+00   2.292006e-01   1.364508e-02
3.101821999999999857e+00   2.455243e-01   1.365184e-02
3.106533000000000211e+00   2.476737e-01   1.364246e-02
3.111244999999999816e+00   2.549142e-01   1.363056e-02
3.115956000000000170e+00   2.359443e-01   1.359335e-02
3.120667000000000080e+00   2.395744e-01   1.358562e-02
3.125377999999999989e+00   2.305458e-01   1.357941e-02
3.130090000000000039e+00   2.334101e-01   1.357293e-02
3.134800999999999949e+00   2.266522e-01   1.354337e-02
3.139511999999999858e+00   2.231387e-01   1.351933e-02
3.144223000000000212e+00   2.292756e-01   1.352478e-02
3.148934999999999818e+00   2.343255e-01   1.351656e-02
3.153646000000000171e+00   2.387975e-01   1.350882e-02
3.158357000000000081e+00   2.290616e-01   1.349024e-02
3.163067999999999991e+00   2.344230e-01   1.347084e-02
3.167780000000000040e+00   2.289777e-01   1.346295e-02
3.172490999999999950e+00   2.473254e-01   1.346060e-02
3.177201999999999860e+00   2.312400e-01   1.345247e-02
3.181913999999999909e+00   2.202511e-01   1.343462e-02
3.186624999999999819e+00   2.092080e-01   1.340191e-02
3.191336000000000173e+00   2.249089e-01   1.340205e-02
3.196047000000000082e+00   2.210956e-01   1.337271e-02
3.200759000000000132e+00   2.065730e-01   1.333077e-02
3.205470000000000041e+00   2.299351e-01   1.333646e-02
3.210180999999999951e+00   2.382821e-01   1.332582e-02
3.214891999999999861e+00   2.203364e-01   1.331205e-02
3.219603999999999910e+00   2.157327e-01   1.329659e-02
3.224314999999999820e+00   2.128794e-01   1.328768e-02
3.229026000000000174e+00   2.113432e-01   1.327113e-02
3.233737000000000084e+00   2.018418e-01   1.325313e-02
3.238449000000000133e+00   2.188399e-01   1.326380e-02
3.243160000000000043e+00   2.334940e-01   1.325888e-02
3.247870999999999952e+00   2.262915e-01   1.325031e-02
3.252581999999999862e+00   2.262318e-01   1.324084e-02
3.257293999999999912e+00   2.283510e-01   1.324578e-02
3.262004999999999821e+00   2.169944e-01   1.324713e-02
3.266716000000000175e+00   2.143298e-01   1.323387e-02
3.271427000000000085e+00   2.152128e-01   1.321294e-02
3.276139000000000134e+00   2.303046e-01   1.320668e-02
3.280850000000000044e+00   2.207271e-01   1.319917e-02
3.285560999999999954e+00   2.234092e-01   1.318640e-02
3.290271999999999863e+00   1.955535e-01   1.314760e-02
3.294983999999999913e+00   2.058055e-01   1.314804e-02
3.299694999999999823e+00   2.012350e-01   1.314262e-02
3.304406000000000176e+00   2.157881e-01   1.313908e-02
3.309117000000000086e+00   2.016687e-01   1.311407e-02
3.313829000000000136e+00   2.079913e-01   1.312278e-02
3.318540000000000045e+00   1.963917e-01   1.311142e-02
3.323250999999999955e+00   2.106054e-01   1.310066e-02
3.327961999999999865e+00   2.334036e-01   1.309586e-02
3.332673999999999914e+00   2.146839e-01   1.308021e-02
3.337384999999999824e+00   1.864757e-01   1.305033e-02
3.342096000000000178e+00   2.025344e-01   1.304908e-02
3.346807000000000087e+00   2.087877e-01   1.303854e-02
3.351519000000000137e+00   1.948336e-01   1.302591e-02
3.356230000000000047e+00   2.019149e-01   1.302353e-02
3.360940999999999956e+00   2.110902e-01   1.301257e-02
3.365653000000000006e+00   1.893242e-01   1.298308e-02
3.370363999999999916e+00   2.057582e-01   1.299298e-02
3.375074999999999825e+00   2.039608e-01   1.298486e-02
3.379786000000000179e+00   2.113521e-01   1.298081e-02
3.384497999999999784e+00   2.307173e-01   1.297988e-02
3.389209000000000138e+00   1.992350e-01   1.303359e-02
3.393920000000000048e+00   1.929886e-01   1.332756e-02
3.398630999999999958e+00   2.108786e-01   1.353029e-02
3.403343000000000007e+00   2.003085e-01   1.366540e-02
3.408053999999999917e+00   1.998451e-01   1.377435e-02
3.412764999999999826e+00   1.757453e-01   1.380362e-02
3.417476000000000180e+00   1.949686e-01   1.380610e-02
3.422187999999999786e+00   1.930627e-01   1.380571e-02
3.426899000000000139e+00   2.023694e-01   1.384659e-02
3.431610000000000049e+00   1.787213e-01   1.387178e-02
3.436320999999999959e+00   1.962554e-01   1.391514e-02
3.441033000000000008e+00   2.009572e-01   1.394148e-02
3.445743999999999918e+00   1.933287e-01   1.396195e-02
3.450454999999999828e+00   2.064157e-01   1.399292e-02
3.455166000000000182e+00   1.957865e-01   1.400840e-02
3.459877999999999787e+00   1.902330e-01   1.402792e-02
3.464589000000000141e+00   1.976677e-01   1.405740e-02
3.469300000000000050e+00   1.781339e-01   1.407781e-02
3.474010999999999960e+00   2.006558e-01   1.410380e-02
3.478723000000000010e+00   1.888337e-01   1.411674e-02
3.483433999999999919e+00   1.918828e-01   1.413919e-02
3.488144999999999829e+00   1.809585e-01   1.415653e-02
3.492856000000000183e+00   1.979689e-01   1.418656e-02
3.497567999999999788e+00   1.850752e-01   1.419901e-02
3.502279000000000142e+00   1.815617e-01   1.420888e-02
3.506990000000000052e+00   1.978821e-01   1.423056e-02
3.511700999999999961e+00   2.027787e-01   1.424311e-02
3.516413000000000011e+00   2.138926e-01   1.426910e-02
3.521123999999999921e+00   1.780554e-01   1.426369e-02
3.525834999999999830e+00   1.795620e-01   1.427508e-02
3.530546000000000184e+00   1.717426e-01   1.428794e-02
3.535257999999999790e+00   1.806599e-01   1.431951e-02
3.539969000000000143e+00   1.921785e-01   1.433928e-02
3.544680000000000053e+00   2.012382e-01   1.435047e-02
3.549392000000000102e+00   1.835073e-01   1.433692e-02
3.554103000000000012e+00   1.908610e-01   1.436847e-02
3.558813999999999922e+00   1.920537e-01   1.439041e-02
3.563524999999999832e+00   1.799037e-01   1.439167e-02
3.568236999999999881e+00   1.660008e-01   1.437913e-02
3.572947999999999791e+00   1.795656e-01   1.441304e-02
3.577659000000000145e+00   1.685136e-01   1.442053e-02
3.582370000000000054e+00   1.809718e-01   1.444225e-02
3.587082000000000104e+00   1.677067e-01   1.444152e-02
3.591793000000000013e+00   1.679026e-01   1.444310e-02
3.596503999999999923e+00   1.538348e-01   1.444204e-02
3.601214999999999833e+00   1.884213e-01   1.444109e-02
3.605926999999999882e+00   2.013963e-01   1.447971e-02
3.610637999999999792e+00   1.925123e-01   1.473283e-02
3.615349000000000146e+00   1.770135e-01   1.517111e-02
3.620060000000000056e+00   1.855931e-01   1.542805e-02
3.624772000000000105e+00   1.672622e-01   1.560297e-02
3.629483000000000015e+00   1.683911e-01   1.573365e-02
3.634193999999999924e+00   2.109117e-01   1.585482e-02
3.638904999999999834e+00   1.909621e-01   1.593305e-02
3.643616999999999884e+00   1.771249e-01   1.601750e-02
3.648327999999999793e+00   1.397020e-01   1.608823e-02
3.653039000000000147e+00   1.526003e-01   1.617210e-02
3.657750000000000057e+00   1.683471e-01   1.626629e-02
3.662462000000000106e+00   1.720400e-01   1.634547e-02
3.667173000000000016e+00   1.698595e-01   1.642789e-02
3.671883999999999926e+00   1.698364e-01   1.648338e-02
3.676594999999999835e+00   1.704189e-01   1.656865e-02
3.681306999999999885e+00   1.562738e-01   1.663364e-02
3.686017999999999795e+00   1.393578e-01   1.671067e-02
3.690729000000000148e+00   1.560989e-01   1.678171e-02
3.695440000000000058e+00   1.954848e-01   1.689394e-02
3.700152000000000108e+00   1.845145e-01   1.693966e-02
3.704863000000000017e+00   1.742369e-01   1.701885e-02
3.709573999999999927e+00   1.763064e-01   1.707803e-02
3.714284999999999837e+00   1.908857e-01   1.714165e-02
3.718996999999999886e+00   1.736789e-01   1.720283e-02
3.723707999999999796e+00   1.660283e-01   1.725815e-02
3.728419000000000150e+00   1.836414e-01   1.733858e-02
3.733131000000000199e+00   1.612355e-01   1.739945e-02
3.737842000000000109e+00   1.650793e-01   1.745332e-02
3.742553000000000019e+00   1.681615e-01   1.754869e-02
3.747263999999999928e+00   1.809551e-01   1.759751e-02
3.751975999999999978e+00   1.889840e-01   1.765445e-02
3.756686999999999887e+00   1.626388e-01   1.770374e-02
3.761397999999999797e+00   1.565607e-01   1.777080e-02
3.766109000000000151e+00   1.479398e-01   1.784988e-02
3.770821000000000200e+00   1.576740e-01   1.792898e-02
3.775532000000000110e+00   1.790418e-01   1.800784e-02
3.780243000000000020e+00   1.698733e-01   1.803744e-02
3.784953999999999930e+00   1.758879e-01   1.810555e-02
3.789665999999999979e+00   1.585249e-01   1.816525e-02
3.794376999999999889e+00   1.695230e-01   1.824127e-02
3.799087999999999798e+00   1.459248e-01   1.831084e-02
3.803799000000000152e+00   1.351818e-01   1.836844e-02
3.808511000000000202e+00   1.485815e-01   1.843146e-02
3.813222000000000111e+00   1.695285e-01   1.852184e-02
3.817933000000000021e+00   1.505792e-01   1.855769e-02
3.822643999999999931e+00   1.844756e-01   1.863256e-02
3.827355999999999980e+00   1.629222e-01   1.867994e-02
3.832066999999999890e+00   1.577862e-01   1.872632e-02
3.836777999999999800e+00   1.555249e-01   1.881118e-02
3.841489000000000154e+00   1.497789e-01   1.887934e-02
3.846201000000000203e+00   1.918205e-01   1.897266e-02
3.850912000000000113e+00   1.756311e-01   1.904108e-02
3.855623000000000022e+00   1.581892e-01   1.909680e-02
3.860333999999999932e+00   1.935495e-01   1.917723e-02
3.865045999999999982e+00   1.762541e-01   1.922965e-02
3.869756999999999891e+00   1.530186e-01   1.929147e-02
3.874467999999999801e+00   1.487066e-01   1.932164e-02
3.879179000000000155e+00   1.531569e-01   1.940045e-02
3.883891000000000204e+00   1.380222e-01   1.947714e-02
3.888602000000000114e+00   1.514279e-01   1.958423e-02
3.893313000000000024e+00   1.360482e-01   1.960257e-02
3.898023999999999933e+00   1.276815e-01   1.966953e-02
3.902735999999999983e+00   1.355371e-01   1.973604e-02
3.907446999999999893e+00   1.577648e-01   1.980484e-02
3.912157999999999802e+00   1.709615e-01   1.987932e-02
3.916869999999999852e+00   1.499369e-01   1.990978e-02
3.921581000000000206e+00   1.409075e-01   1.991813e-02
3.926292000000000115e+00   1.503673e-01   1.996462e-02
3.931003000000000025e+00   1.446473e-01   2.003786e-02
3.935715000000000074e+00   1.495171e-01   2.005886e-02
3.940425999999999984e+00   1.550971e-01   2.007210e-02
3.945136999999999894e+00   1.310775e-01   2.009448e-02
3.949847999999999804e+00   1.481941e-01   2.013669e-02
3.954559999999999853e+00   1.583526e-01   2.016783e-02
3.959271000000000207e+00   1.480398e-01   2.018077e-02
3.963982000000000117e+00   1.409699e-01   2.019113e-02
3.968693000000000026e+00   1.252174e-01   2.019723e-02
3.973405000000000076e+00   1.347543e-01   2.028549e-02
3.978115999999999985e+00   1.364593e-01   2.036647e-02
3.982826999999999895e+00   1.532743e-01   2.042639e-02
3.987537999999999805e+00   1.486249e-01   2.049351e-02
3.992249999999999854e+00   1.427278e-01   2.056613e-02
3.996961000000000208e+00   1.795429e-01   2.065260e-02
4.001672000000000118e+00   1.581080e-01   2.068666e-02
4.006382999999999583e+00   1.201890e-01   2.072654e-02
4.011095000000000077e+00   1.436761e-01   2.082061e-02
4.015806000000000431e+00   1.426935e-01   2.089480e-02
4.020516999999999896e+00   1.540773e-01   2.098642e-02
4.025228000000000250e+00   1.520214e-01   2.105890e-02
4.029939999999999856e+00   1.500699e-01   2.112762e-02
4.034651000000000209e+00   1.679580e-01   2.121123e-02
4.039361999999999675e+00   1.504213e-01   2.125608e-02
4.044073000000000029e+00   1.673898e-01   2.136296e-02
4.048784999999999634e+00   1.523100e-01   2.138999e-02
4.053495999999999988e+00   1.467884e-01   2.146655e-02
4.058207000000000342e+00   1.469477e-01   2.156041e-02
4.062917999999999807e+00   1.128349e-01   2.160248e-02
4.067630000000000301e+00   1.400436e-01   2.170466e-02
4.072340999999999767e+00   1.609925e-01   2.177581e-02
4.077052000000000120e+00   1.242289e-01   2.180815e-02
4.081762999999999586e+00   1.293373e-01   2.191312e-02
4.086475000000000080e+00   1.297039e-01   2.201793e-02
4.091186000000000433e+00   1.397388e-01   2.207593e-02
4.095896999999999899e+00   1.444553e-01   2.216168e-02
4.100609000000000393e+00   1.333273e-01   2.225444e-02
4.105319999999999858e+00   1.112244e-01   2.230002e-02
4.110031000000000212e+00   1.085701e-01   2.238038e-02
4.114741999999999678e+00   1.110700e-01   2.247961e-02
4.119454000000000171e+00   1.195815e-01   2.255063e-02
4.124164999999999637e+00   1.043399e-01   2.260852e-02
4.128875999999999991e+00   1.168538e-01   2.265805e-02
4.133587000000000344e+00   1.731039e-01   2.282965e-02
4.138298999999999950e+00   1.442477e-01   2.290989e-02
4.143010000000000304e+00   1.172603e-01   2.294230e-02
4.147720999999999769e+00   1.198602e-01   2.303120e-02
4.152432000000000123e+00   1.304697e-01   2.314237e-02
4.157143999999999728e+00   1.303325e-01   2.322483e-02
4.161855000000000082e+00   1.323433e-01   2.326307e-02
4.166566000000000436e+00   1.178763e-01   2.337189e-02
4.171276999999999902e+00   1.517682e-01   2.347759e-02
4.175989000000000395e+00   1.752584e-01   2.364608e-02
4.180699999999999861e+00   1.471454e-01   2.372993e-02
4.185411000000000215e+00   1.352450e-01   2.374818e-02
4.190121999999999680e+00   1.226656e-01   2.381753e-02
4.194834000000000174e+00   1.230973e-01   2.390080e-02
4.199544999999999639e+00   1.272873e-01   2.400308e-02
4.204255999999999993e+00   1.087068e-01   2.410487e-02
4.208967000000000347e+00   8.615418e-02   2.414862e-02
4.213678999999999952e+00   1.343312e-01   2.429481e-02
4.218390000000000306e+00   1.282355e-01   2.437415e-02
4.223100999999999772e+00   1.224774e-01   2.447780e-02
4.227812000000000126e+00   1.299263e-01   2.458110e-02
4.232523999999999731e+00   9.100412e-02   2.465382e-02
4.237235000000000085e+00   1.204780e-01   2.479732e-02
4.241946000000000438e+00   1.430133e-01   2.487901e-02
4.246656999999999904e+00   1.560064e-01   2.498645e-02
4.251369000000000398e+00   1.587117e-01   2.510542e-02
4.256079999999999863e+00   1.280762e-01   2.523846e-02
4.260791000000000217e+00   1.149442e-01   2.526723e-02
4.265501999999999683e+00   8.112022e-02   2.537501e-02
4.270214000000000176e+00   1.103073e-01   2.554513e-02
4.274924999999999642e+00   1.398798e-01   2.563588e-02
4.279635999999999996e+00   1.563967e-01   2.570769e-02
4.284347999999999601e+00   1.003207e-01   2.579470e-02
4.289058999999999955e+00   9.519064e-02   2.592201e-02
4.293770000000000309e+00   1.371211e-01   2.608407e-02
4.298480999999999774e+00   9.699416e-02   2.615349e-02
4.303193000000000268e+00   1.031288e-01   2.626039e-02
4.307903999999999733e+00   1.415297e-01   2.640112e-02
4.312615000000000087e+00   1.509196e-01   2.651412e-02
4.317326000000000441e+00   1.091358e-01   2.658931e-02
4.322038000000000046e+00   5.867299e-02   2.667780e-02
4.326749000000000400e+00   1.179152e-01   2.690560e-02
4.331459999999999866e+00   1.312098e-01   2.702788e-02
4.336171000000000220e+00   9.516353e-02   2.708457e-02
4.340882999999999825e+00   9.152384e-02   2.714405e-02
4.345594000000000179e+00   1.099189e-01   2.732155e-02
4.350304999999999644e+00   1.083044e-01   2.747406e-02
4.355015999999999998e+00   1.315402e-01   2.764118e-02
4.359727999999999604e+00   1.352767e-01   2.776503e-02
4.364438999999999957e+00   1.322710e-01   2.789080e-02
4.369150000000000311e+00   1.408381e-01   2.803465e-02
4.373860999999999777e+00   1.633060e-01   2.815573e-02
4.378573000000000270e+00   1.461012e-01   2.831690e-02
4.383283999999999736e+00   1.323196e-01   2.849327e-02
4.387995000000000090e+00   1.194445e-01   2.858260e-02
4.392706000000000444e+00   1.171979e-01   2.866578e-02
4.397418000000000049e+00   1.132528e-01   2.881628e-02
4.402129000000000403e+00   1.330863e-01   2.880557e-02
4.406839999999999868e+00   1.378229e-01   2.886490e-02
4.411551000000000222e+00   1.187409e-01   2.887303e-02
4.416262999999999828e+00   1.238727e-01   2.890911e-02
4.420974000000000181e+00   1.583568e-01   2.893226e-02
4.425684999999999647e+00   1.088283e-01   2.889486e-02
4.430396000000000001e+00   1.485091e-01   2.898764e-02
4.435107999999999606e+00   1.369416e-01   2.900959e-02
4.439818999999999960e+00   1.477230e-01   2.904001e-02
4.444530000000000314e+00   1.046038e-01   2.918662e-02
4.449240999999999779e+00   1.443310e-01   2.934991e-02
4.453953000000000273e+00   1.202699e-01   2.945301e-02
4.458663999999999739e+00   1.473482e-01   2.967309e-02
4.463375000000000092e+00   1.363501e-01   2.985886e-02
4.468086999999999698e+00   8.584039e-02   2.991129e-02
4.472798000000000052e+00   1.379580e-01   3.013398e-02
4.477509000000000405e+00   1.622674e-01   3.032766e-02
4.482219999999999871e+00   1.162591e-01   3.040829e-02
4.486932000000000365e+00   9.737822e-02   3.059111e-02
4.491642999999999830e+00   1.391658e-01   3.080266e-02
4.496354000000000184e+00   1.176639e-01   3.093225e-02
4.501064999999999650e+00   1.488920e-01   3.120565e-02
4.505777000000000143e+00   1.506143e-01   3.131310e-02
4.510487999999999609e+00   1.705231e-01   3.154758e-02
4.515198999999999963e+00   1.551065e-01   3.172067e-02
4.519910000000000316e+00   1.587233e-01   3.188777e-02
4.524621999999999922e+00   1.601841e-01   3.208008e-02
4.529333000000000276e+00   1.574338e-01   3.229058e-02
4.534043999999999741e+00   1.759700e-01   3.250382e-02
4.538755000000000095e+00   1.387860e-01   3.265892e-02
4.543466999999999700e+00   1.125454e-01   3.284552e-02
4.548178000000000054e+00   1.320945e-01   3.308004e-02
4.552889000000000408e+00   9.637923e-02   3.325249e-02
4.557599999999999874e+00   1.139744e-01   3.342805e-02
4.562312000000000367e+00   1.703082e-01   3.376862e-02
4.567022999999999833e+00   1.382295e-01   3.388665e-02
4.571734000000000187e+00   1.094049e-01   3.411390e-02
4.576444999999999652e+00   8.929321e-02   3.423472e-02
4.581157000000000146e+00   1.378180e-01   3.465216e-02
4.585867999999999611e+00   1.196951e-01   3.480535e-02
4.590578999999999965e+00   9.100322e-02   3.501672e-02
4.595290000000000319e+00   1.467788e-01   3.536601e-02
4.600001999999999924e+00   1.247697e-01   3.561239e-02
4.604713000000000278e+00   1.048607e-01   3.577984e-02
4.609423999999999744e+00   4.629834e-02   3.593345e-02
4.614135000000000097e+00   1.139895e-01   3.632473e-02
4.618846999999999703e+00   9.848702e-02   3.653968e-02
4.623558000000000057e+00   1.310822e-01   3.693939e-02
4.628269000000000410e+00   1.032608e-01   3.715643e-02
4.632979999999999876e+00   1.241333e-01   3.741403e-02
4.637692000000000370e+00   1.576780e-01   3.783100e-02
4.642402999999999835e+00   8.978868e-02   3.806906e-02
4.647114000000000189e+00   9.646268e-02   3.836924e-02
4.651825999999999794e+00   1.245488e-01   3.870477e-02
4.656537000000000148e+00   8.012963e-02   3.892134e-02
4.661247999999999614e+00   5.950443e-02   3.922236e-02
4.665958999999999968e+00   1.228090e-01   3.973556e-02
4.670670999999999573e+00   1.685001e-01   4.005629e-02
4.675381999999999927e+00   1.520470e-01   4.042670e-02
4.680093000000000281e+00   8.628476e-02   4.071792e-02
4.684803999999999746e+00   9.402757e-02   4.106936e-02
4.689516000000000240e+00   1.052068e-01   4.149845e-02
4.694226999999999705e+00   8.871454e-02   4.194290e-02
4.698938000000000059e+00   5.023838e-02   4.230547e-02
4.703649000000000413e+00   1.163235e-01   4.280212e-02
4.708361000000000018e+00   1.164666e-01   4.315708e-02
4.713072000000000372e+00   8.954945e-02   4.370996e-02
4.717782999999999838e+00   1.296016e-01   4.417057e-02
4.722494000000000192e+00   9.584582e-02   4.453754e-02
4.727205999999999797e+00   7.671675e-02   4.502671e-02
4.731917000000000151e+00   5.884618e-02   4.551334e-02
4.736627999999999616e+00   8.546811e-02   4.609076e-02
4.741338999999999970e+00   4.270221e-02   4.651582e-02
4.746050999999999576e+00   7.156338e-03   4.706570e-02
4.750761999999999929e+00   1.753446e-01   4.794548e-02
4.755473000000000283e+00   1.414865e-01   4.837471e-02
4.760183999999999749e+00   7.812928e-02   4.888795e-02
4.764896000000000242e+00   4.721212e-02   4.953623e-02
4.769606999999999708e+00   1.160801e-01   5.031763e-02
4.774318000000000062e+00   8.928426e-02   5.098944e-02
4.779029000000000416e+00   1.313545e-01   5.194306e-02
4.783741000000000021e+00   1.104089e-01   5.248330e-02
4.788452000000000375e+00   1.965451e-01   5.354694e-02
4.793162999999999840e+00   1.297154e-01   5.434693e-02
4.797874000000000194e+00   9.994577e-02   5.498370e-02
4.802585999999999800e+00   7.443843e-02   5.582964e-02
4.807297000000000153e+00   3.104733e-02   5.667082e-02
4.812007999999999619e+00   9.190418e-02   5.791390e-02
4.816718999999999973e+00   3.684834e-02   5.878130e-02
4.821430999999999578e+00   8.982314e-02   6.000991e-02
4.826141999999999932e+00   1.550157e-01   6.127983e-02
4.830853000000000286e+00   5.796997e-02   6.241947e-02
4.835564999999999891e+00  -2.560795e-02   6.360021e-02
4.840276000000000245e+00   5.470412e-02   6.542509e-02
4.844986999999999711e+00   1.472175e-01   6.699758e-02
4.849698000000000064e+00   1.563974e-01   6.842209e-02
4.854409999999999670e+00   7.396212e-02   7.011895e-02
4.859121000000000024e+00   1.546185e-01   7.209086e-02
4.863832000000000377e+00   1.943967e-01   7.473581e-02
4.868542999999999843e+00   1.400799e-01   7.682600e-02
4.873255000000000337e+00   1.894242e-01   7.936858e-02
4.877965999999999802e+00   2.514594e-01   8.227412e-02
4.882677000000000156e+00   9.877344e-02   8.452818e-02
4.887387999999999622e+00  -6.351207e-03   8.728674e-02
4.892100000000000115e+00   1.023422e-01   9.156187e-02
4.896810999999999581e+00   6.230005e-02   9.666688e-02
4.901521999999999935e+00   1.272399e-02   1.013822e-01
4.906233000000000288e+00   4.118360e-02   1.068498e-01
4.910944999999999894e+00   5.102158e-02   1.138099e-01
4.915656000000000247e+00   1.293380e-01   1.231946e-01
4.920366999999999713e+00   3.517998e-02   1.335564e-01
4.925078000000000067e+00   8.984809e-02   1.484546e-01
4.929789999999999672e+00   1.747574e-01   1.725096e-01
4.934501000000000026e+00  -2.105239e-01   2.018820e-01
4.939212000000000380e+00  -1.456559e-02   2.656346e-01
4.943922999999999845e+00   3.335535e-01   4.688160e-01