# [1]
# Sample c= 5.86 mg/ml
# Intensity scaled by concentration
# Buffer subtracted data file:
# Protein DatFile = /data/visitor/mx1908/bm29/20161119/giulio/1d/mM25_031_ave.dat
# Buffer DatFile = /data/visitor/mx1908/bm29/20161119/giulio/ednaSub/mM25_031_ave_averbuffer.dat
# 
# AutoRg: Rg   =   0.7250 +/- 0.11 ( 15.0%)
# AutoRg: I(0) =   2.38 +/- 0.0137
# AutoRg: Points   196 to 260 ( 65 total)
# AutoRg: Quality: 59.6%
# 
# 
# Sample Information:
# Storage Temperature (degrees C): 20.0
# Measurement Temperature (degrees C): 19.98
# Concentration: 5.86
# Code: 
3.479420999999999903e-02   1.254514e+00   1.274920e+00
3.950545999999999919e-02   5.576323e-01   5.018017e-01
4.421672000000000102e-02   3.813311e-01   3.262135e-01
4.892798000000000286e-02   7.657317e-01   2.494078e-01
5.363923000000000302e-02   5.968370e-01   1.992482e-01
5.835048999999999791e-02   1.085317e+00   1.634314e-01
6.306174999999999975e-02   1.147980e+00   1.354776e-01
6.777299999999999991e-02   1.191692e+00   1.152100e-01
7.248425999999999481e-02   1.122568e+00   9.964168e-02
7.719552000000000358e-02   1.142621e+00   8.764452e-02
8.190677000000000374e-02   1.124095e+00   7.762337e-02
8.661802999999999864e-02   1.113951e+00   6.949644e-02
9.132928999999999353e-02   1.170720e+00   6.345189e-02
9.604053999999999369e-02   1.124873e+00   5.840457e-02
1.007518000000000025e-01   1.189838e+00   5.395930e-02
1.054631000000000041e-01   1.213094e+00   5.017429e-02
1.101743000000000028e-01   1.149860e+00   4.683786e-02
1.148856000000000044e-01   1.160706e+00   4.400302e-02
1.195968000000000031e-01   1.175258e+00   4.163057e-02
1.243081000000000047e-01   1.153636e+00   3.948913e-02
1.290193000000000034e-01   1.151831e+00   3.763451e-02
1.337306000000000050e-01   1.211070e+00   3.611212e-02
1.384419000000000066e-01   1.196309e+00   3.467240e-02
1.431531000000000053e-01   1.197768e+00   3.330092e-02
1.478644000000000069e-01   1.182833e+00   3.214183e-02
1.525756000000000057e-01   1.177742e+00   3.110410e-02
1.572869000000000073e-01   1.172433e+00   3.020220e-02
1.619981000000000060e-01   1.195599e+00   2.932728e-02
1.667094000000000076e-01   1.204304e+00   2.856805e-02
1.714206000000000063e-01   1.188816e+00   2.780092e-02
1.761319000000000079e-01   1.186100e+00   2.717720e-02
1.808432000000000095e-01   1.174875e+00   2.652380e-02
1.855544000000000082e-01   1.186675e+00   2.601428e-02
1.902657000000000098e-01   1.226992e+00   2.556529e-02
1.949769000000000085e-01   1.230636e+00   2.507325e-02
1.996882000000000101e-01   1.224125e+00   2.458445e-02
2.043994000000000089e-01   1.257585e+00   2.420611e-02
2.091107000000000105e-01   1.289365e+00   2.383453e-02
2.138220000000000121e-01   1.261610e+00   2.343759e-02
2.185332000000000108e-01   1.249338e+00   2.307454e-02
2.232445000000000124e-01   1.268873e+00   2.274499e-02
2.279557000000000111e-01   1.272693e+00   2.243891e-02
2.326670000000000127e-01   1.246356e+00   2.212125e-02
2.373782000000000114e-01   1.257137e+00   2.183326e-02
2.420895000000000130e-01   1.301122e+00   2.157833e-02
2.468007000000000117e-01   1.287063e+00   2.131836e-02
2.515120000000000133e-01   1.288158e+00   2.108253e-02
2.562232999999999872e-01   1.314012e+00   2.081958e-02
2.609345000000000137e-01   1.325127e+00   2.058399e-02
2.656457999999999875e-01   1.323878e+00   2.039825e-02
2.703570000000000140e-01   1.301798e+00   2.015841e-02
2.750682999999999878e-01   1.332183e+00   2.000000e-02
2.797795000000000143e-01   1.351824e+00   1.980494e-02
2.844907999999999881e-01   1.330901e+00   1.956944e-02
2.892021000000000175e-01   1.319459e+00   1.937411e-02
2.939132999999999885e-01   1.351346e+00   1.919853e-02
2.986246000000000178e-01   1.341215e+00   1.902315e-02
3.033357999999999888e-01   1.364594e+00   1.889115e-02
3.080471000000000181e-01   1.374970e+00   1.873294e-02
3.127582999999999891e-01   1.382420e+00   1.858802e-02
3.174696000000000184e-01   1.385456e+00   1.842820e-02
3.221808999999999923e-01   1.359925e+00   1.826098e-02
3.268921000000000188e-01   1.357983e+00   1.810294e-02
3.316033999999999926e-01   1.391527e+00   1.801333e-02
3.363146000000000191e-01   1.396471e+00   1.815833e-02
3.410258999999999929e-01   1.422867e+00   1.834976e-02
3.457371000000000194e-01   1.418006e+00   1.842459e-02
3.504483999999999932e-01   1.410441e+00   1.866336e-02
3.551596000000000197e-01   1.411508e+00   1.904155e-02
3.598708999999999936e-01   1.437514e+00   1.930107e-02
3.645822000000000229e-01   1.447720e+00   1.949435e-02
3.692933999999999939e-01   1.456365e+00   1.967307e-02
3.740047000000000232e-01   1.424204e+00   1.978771e-02
3.787158999999999942e-01   1.460012e+00   1.994392e-02
3.834272000000000236e-01   1.474855e+00   2.004818e-02
3.881383999999999945e-01   1.508252e+00   2.018282e-02
3.928497000000000239e-01   1.510259e+00   2.068265e-02
3.975609999999999977e-01   1.487484e+00   2.127717e-02
4.022722000000000242e-01   1.505674e+00   2.171875e-02
4.069834999999999980e-01   1.507463e+00   2.213196e-02
4.116947000000000245e-01   1.518868e+00   2.253086e-02
4.164059999999999984e-01   1.539358e+00   2.289066e-02
4.211172000000000248e-01   1.583132e+00   2.328886e-02
4.258284999999999987e-01   1.546345e+00   2.357613e-02
4.305397000000000252e-01   1.564081e+00   2.394893e-02
4.352509999999999990e-01   1.549738e+00   2.423399e-02
4.399622999999999728e-01   1.532756e+00   2.456457e-02
4.446734999999999993e-01   1.562627e+00   2.508478e-02
4.493847999999999732e-01   1.585771e+00   2.543169e-02
4.540959999999999996e-01   1.595652e+00   2.567376e-02
4.588072999999999735e-01   1.608284e+00   2.478421e-02
4.635185000000000000e-01   1.608684e+00   2.421568e-02
4.682297999999999738e-01   1.627640e+00   2.389262e-02
4.729411000000000032e-01   1.658896e+00   2.367779e-02
4.776522999999999741e-01   1.629754e+00   2.340851e-02
4.823636000000000035e-01   1.612116e+00   2.323289e-02
4.870747999999999744e-01   1.655701e+00   2.313712e-02
4.917861000000000038e-01   1.643005e+00   2.296854e-02
4.964972999999999748e-01   1.646318e+00   2.281982e-02
5.012086000000000041e-01   1.642797e+00   2.273743e-02
5.059198999999999780e-01   1.656088e+00   2.263070e-02
5.106311000000000044e-01   1.677933e+00   2.253572e-02
5.153423999999999783e-01   1.707697e+00   2.244097e-02
5.200536000000000048e-01   1.673624e+00   2.224119e-02
5.247648999999999786e-01   1.665903e+00   2.206808e-02
5.294761000000000051e-01   1.684569e+00   2.194300e-02
5.341873999999999789e-01   1.683594e+00   2.177080e-02
5.388986000000000054e-01   1.697108e+00   2.165066e-02
5.436098999999999792e-01   1.706180e+00   2.154204e-02
5.483211999999999531e-01   1.741251e+00   2.147592e-02
5.530323999999999796e-01   1.716183e+00   2.127663e-02
5.577436999999999534e-01   1.719236e+00   2.116391e-02
5.624548999999999799e-01   1.707463e+00   2.104135e-02
5.671661999999999537e-01   1.745211e+00   2.098676e-02
5.718773999999999802e-01   1.768346e+00   2.092588e-02
5.765886999999999540e-01   1.795017e+00   2.093121e-02
5.813000000000000389e-01   1.773038e+00   2.085757e-02
5.860111999999999544e-01   1.769963e+00   2.079643e-02
5.907225000000000392e-01   1.783699e+00   2.073994e-02
5.954336999999999547e-01   1.786569e+00   2.068933e-02
6.001450000000000395e-01   1.782073e+00   2.067219e-02
6.048561999999999550e-01   1.779673e+00   2.063993e-02
6.095675000000000399e-01   1.805065e+00   2.060796e-02
6.142788000000000137e-01   1.823265e+00   2.056983e-02
6.189900000000000402e-01   1.852010e+00   2.053875e-02
6.237013000000000140e-01   1.842007e+00   2.049290e-02
6.284125000000000405e-01   1.840654e+00   2.043722e-02
6.331238000000000143e-01   1.855228e+00   2.039509e-02
6.378350000000000408e-01   1.873685e+00   2.037389e-02
6.425463000000000147e-01   1.853585e+00   2.032289e-02
6.472575000000000411e-01   1.857566e+00   2.026929e-02
6.519688000000000150e-01   1.863968e+00   2.023805e-02
6.566800999999999888e-01   1.863749e+00   2.019637e-02
6.613913000000000153e-01   1.862992e+00   2.016690e-02
6.661025999999999891e-01   1.892117e+00   2.012511e-02
6.708138000000000156e-01   1.887965e+00   2.007814e-02
6.755250999999999895e-01   1.912727e+00   2.005828e-02
6.802363000000000159e-01   1.891653e+00   1.999859e-02
6.849475999999999898e-01   1.888524e+00   1.996789e-02
6.896588999999999636e-01   1.941330e+00   1.997354e-02
6.943700999999999901e-01   1.913033e+00   1.988177e-02
6.990813999999999639e-01   1.895356e+00   1.982868e-02
7.037925999999999904e-01   1.912858e+00   1.980572e-02
7.085038999999999643e-01   1.909078e+00   1.976834e-02
7.132150999999999907e-01   1.915698e+00   1.974299e-02
7.179263999999999646e-01   1.919309e+00   1.969069e-02
7.226375999999999911e-01   1.927606e+00   1.966108e-02
7.273488999999999649e-01   1.948915e+00   1.964676e-02
7.320602000000000498e-01   1.935678e+00   1.957424e-02
7.367713999999999652e-01   1.959089e+00   1.959064e-02
7.414827000000000501e-01   1.975894e+00   1.954027e-02
7.461938999999999655e-01   1.989822e+00   1.952057e-02
7.509052000000000504e-01   1.972641e+00   1.948039e-02
7.556163999999999659e-01   1.983026e+00   1.942828e-02
7.603277000000000507e-01   1.994401e+00   1.940032e-02
7.650390000000000246e-01   1.956326e+00   1.933491e-02
7.697502000000000510e-01   1.983399e+00   1.931118e-02
7.744615000000000249e-01   1.990126e+00   1.927640e-02
7.791727000000000514e-01   1.992768e+00   1.926306e-02
7.838840000000000252e-01   1.993393e+00   1.923695e-02
7.885952000000000517e-01   1.973357e+00   1.915489e-02
7.933065000000000255e-01   2.015772e+00   1.916149e-02
7.980177999999999994e-01   2.006729e+00   1.913376e-02
8.027290000000000258e-01   1.990966e+00   1.906298e-02
8.074402999999999997e-01   2.005676e+00   1.906135e-02
8.121515000000000262e-01   2.012473e+00   1.900734e-02
8.168628000000000000e-01   1.997544e+00   1.895581e-02
8.215740000000000265e-01   2.021503e+00   1.894410e-02
8.262853000000000003e-01   2.020910e+00   1.892790e-02
8.309965000000000268e-01   2.029407e+00   1.887757e-02
8.357078000000000007e-01   2.016685e+00   1.882047e-02
8.404190999999999745e-01   2.016947e+00   1.877968e-02
8.451303000000000010e-01   2.007041e+00   1.875664e-02
8.498415999999999748e-01   2.025286e+00   1.871397e-02
8.545528000000000013e-01   2.003934e+00   1.867644e-02
8.592640999999999751e-01   2.000269e+00   1.862806e-02
8.639753000000000016e-01   2.011706e+00   1.861238e-02
8.686865999999999755e-01   2.000942e+00   1.855547e-02
8.733978999999999493e-01   1.992854e+00   1.852030e-02
8.781090999999999758e-01   2.016215e+00   1.850362e-02
8.828203999999999496e-01   2.003741e+00   1.847118e-02
8.875315999999999761e-01   2.014563e+00   1.842882e-02
8.922428999999999499e-01   2.026786e+00   1.840812e-02
8.969540999999999764e-01   2.041437e+00   1.838981e-02
9.016653999999999503e-01   2.054088e+00   1.837754e-02
9.063767000000000351e-01   2.038323e+00   1.831969e-02
9.110878999999999506e-01   2.022909e+00   1.826935e-02
9.157992000000000354e-01   2.005886e+00   1.822936e-02
9.205103999999999509e-01   2.007371e+00   1.820518e-02
9.252217000000000358e-01   1.994973e+00   1.816896e-02
9.299328999999999512e-01   2.002112e+00   1.812088e-02
9.346442000000000361e-01   2.002707e+00   1.807771e-02
9.393553999999999515e-01   2.026064e+00   1.808189e-02
9.440667000000000364e-01   2.023090e+00   1.804892e-02
9.487780000000000102e-01   2.006890e+00   1.799534e-02
9.534892000000000367e-01   2.012666e+00   1.798108e-02
9.582005000000000106e-01   2.012565e+00   1.793874e-02
9.629117000000000370e-01   2.013952e+00   1.791073e-02
9.676230000000000109e-01   2.028617e+00   1.788029e-02
9.723342000000000374e-01   2.015538e+00   1.785215e-02
9.770455000000000112e-01   2.006480e+00   1.779530e-02
9.817567999999999850e-01   2.001148e+00   1.776985e-02
9.864680000000000115e-01   2.012000e+00   1.775842e-02
9.911792999999999854e-01   1.991628e+00   1.770541e-02
9.958905000000000118e-01   1.986654e+00   1.765863e-02
1.000601999999999991e+00   1.978777e+00   1.762318e-02
1.005312999999999901e+00   1.987007e+00   1.760954e-02
1.010024000000000033e+00   1.979682e+00   1.756305e-02
1.014736000000000082e+00   1.971200e+00   1.753526e-02
1.019446999999999992e+00   1.967248e+00   1.750980e-02
1.024157999999999902e+00   1.969832e+00   1.748195e-02
1.028869000000000034e+00   1.962122e+00   1.742701e-02
1.033581000000000083e+00   1.961387e+00   1.740148e-02
1.038291999999999993e+00   1.969288e+00   1.739065e-02
1.043002999999999902e+00   1.973224e+00   1.735079e-02
1.047714000000000034e+00   1.992150e+00   1.731699e-02
1.052426000000000084e+00   1.984245e+00   1.728878e-02
1.057136999999999993e+00   1.972159e+00   1.726036e-02
1.061847999999999903e+00   1.966185e+00   1.722073e-02
1.066559000000000035e+00   1.952193e+00   1.717623e-02
1.071271000000000084e+00   1.955822e+00   1.716467e-02
1.075981999999999994e+00   1.933418e+00   1.710812e-02
1.080692999999999904e+00   1.966947e+00   1.712445e-02
1.085404000000000035e+00   1.945938e+00   1.705814e-02
1.090116000000000085e+00   1.931444e+00   1.701922e-02
1.094826999999999995e+00   1.934066e+00   1.699592e-02
1.099537999999999904e+00   1.924068e+00   1.695604e-02
1.104249000000000036e+00   1.927841e+00   1.692451e-02
1.108961000000000086e+00   1.924553e+00   1.690233e-02
1.113671999999999995e+00   1.916558e+00   1.688007e-02
1.118382999999999905e+00   1.927861e+00   1.685868e-02
1.123094000000000037e+00   1.908592e+00   1.681144e-02
1.127806000000000086e+00   1.908851e+00   1.677531e-02
1.132516999999999996e+00   1.904121e+00   1.675250e-02
1.137227999999999906e+00   1.891958e+00   1.671076e-02
1.141939000000000037e+00   1.888580e+00   1.666589e-02
1.146651000000000087e+00   1.863105e+00   1.663440e-02
1.151361999999999997e+00   1.877889e+00   1.662826e-02
1.156072999999999906e+00   1.891378e+00   1.660512e-02
1.160784000000000038e+00   1.891731e+00   1.657329e-02
1.165496000000000087e+00   1.873398e+00   1.651301e-02
1.170206999999999997e+00   1.858400e+00   1.648056e-02
1.174917999999999907e+00   1.852081e+00   1.646863e-02
1.179629999999999956e+00   1.853639e+00   1.643505e-02
1.184341000000000088e+00   1.908572e+00   1.643635e-02
1.189051999999999998e+00   1.845805e+00   1.637786e-02
1.193762999999999908e+00   1.849193e+00   1.637438e-02
1.198474999999999957e+00   1.861078e+00   1.672178e-02
1.203186000000000089e+00   1.819886e+00   1.714659e-02
1.207896999999999998e+00   1.822103e+00   1.744119e-02
1.212607999999999908e+00   1.827520e+00   1.767126e-02
1.217319999999999958e+00   1.831663e+00   1.790285e-02
1.222031000000000089e+00   1.839202e+00   1.806835e-02
1.226741999999999999e+00   1.825245e+00   1.821892e-02
1.231452999999999909e+00   1.817481e+00   1.838534e-02
1.236164999999999958e+00   1.818060e+00   1.853613e-02
1.240876000000000090e+00   1.813592e+00   1.866247e-02
1.245587000000000000e+00   1.809012e+00   1.874988e-02
1.250297999999999909e+00   1.799562e+00   1.877231e-02
1.255009999999999959e+00   1.789902e+00   1.882217e-02
1.259721000000000091e+00   1.756058e+00   1.880431e-02
1.264432000000000000e+00   1.783121e+00   1.817608e-02
1.269142999999999910e+00   1.773378e+00   1.769921e-02
1.273854999999999960e+00   1.757409e+00   1.738337e-02
1.278566000000000091e+00   1.755183e+00   1.715759e-02
1.283277000000000001e+00   1.745385e+00   1.695873e-02
1.287987999999999911e+00   1.748335e+00   1.679579e-02
1.292699999999999960e+00   1.726917e+00   1.665013e-02
1.297411000000000092e+00   1.717748e+00   1.649722e-02
1.302122000000000002e+00   1.718666e+00   1.636041e-02
1.306832999999999911e+00   1.739123e+00   1.630138e-02
1.311544999999999961e+00   1.722535e+00   1.623259e-02
1.316256000000000093e+00   1.709258e+00   1.618486e-02
1.320967000000000002e+00   1.699296e+00   1.612856e-02
1.325677999999999912e+00   1.690583e+00   1.609787e-02
1.330389999999999961e+00   1.666489e+00   1.604210e-02
1.335101000000000093e+00   1.673806e+00   1.601232e-02
1.339812000000000003e+00   1.676102e+00   1.595512e-02
1.344522999999999913e+00   1.665305e+00   1.592222e-02
1.349234999999999962e+00   1.691110e+00   1.590931e-02
1.353946000000000094e+00   1.672783e+00   1.586941e-02
1.358657000000000004e+00   1.667869e+00   1.581976e-02
1.363369000000000053e+00   1.662636e+00   1.580577e-02
1.368079999999999963e+00   1.647493e+00   1.576787e-02
1.372791000000000095e+00   1.624240e+00   1.569446e-02
1.377502000000000004e+00   1.612254e+00   1.565359e-02
1.382214000000000054e+00   1.606491e+00   1.562647e-02
1.386924999999999963e+00   1.613901e+00   1.560454e-02
1.391636000000000095e+00   1.639803e+00   1.559473e-02
1.396347000000000005e+00   1.615629e+00   1.554198e-02
1.401059000000000054e+00   1.608578e+00   1.550888e-02
1.405769999999999964e+00   1.604294e+00   1.550341e-02
1.410481000000000096e+00   1.582483e+00   1.543385e-02
1.415192000000000005e+00   1.585311e+00   1.540275e-02
1.419904000000000055e+00   1.585100e+00   1.538756e-02
1.424614999999999965e+00   1.567981e+00   1.534661e-02
1.429326000000000096e+00   1.534838e+00   1.529846e-02
1.434037000000000006e+00   1.548795e+00   1.527657e-02
1.438749000000000056e+00   1.548209e+00   1.525725e-02
1.443459999999999965e+00   1.544581e+00   1.523298e-02
1.448171000000000097e+00   1.551895e+00   1.520949e-02
1.452882000000000007e+00   1.558598e+00   1.518599e-02
1.457594000000000056e+00   1.554389e+00   1.515509e-02
1.462304999999999966e+00   1.529269e+00   1.510872e-02
1.467016000000000098e+00   1.517682e+00   1.508782e-02
1.471727000000000007e+00   1.487569e+00   1.501980e-02
1.476439000000000057e+00   1.479321e+00   1.499962e-02
1.481149999999999967e+00   1.496676e+00   1.499585e-02
1.485861000000000098e+00   1.503953e+00   1.497667e-02
1.490572000000000008e+00   1.495502e+00   1.494338e-02
1.495284000000000058e+00   1.464052e+00   1.491797e-02
1.499994999999999967e+00   1.453991e+00   1.487616e-02
1.504706000000000099e+00   1.464303e+00   1.485023e-02
1.509417000000000009e+00   1.452449e+00   1.483463e-02
1.514129000000000058e+00   1.448283e+00   1.487547e-02
1.518839999999999968e+00   1.463881e+00   1.530782e-02
1.523551000000000100e+00   1.460196e+00   1.560508e-02
1.528262999999999927e+00   1.457783e+00   1.583046e-02
1.532974000000000059e+00   1.443868e+00   1.600605e-02
1.537684999999999969e+00   1.440592e+00   1.617051e-02
1.542396000000000100e+00   1.430303e+00   1.616152e-02
1.547107999999999928e+00   1.430784e+00   1.575199e-02
1.551819000000000059e+00   1.427277e+00   1.553046e-02
1.556529999999999969e+00   1.417299e+00   1.536380e-02
1.561241000000000101e+00   1.424986e+00   1.521407e-02
1.565952999999999928e+00   1.392527e+00   1.504334e-02
1.570664000000000060e+00   1.386075e+00   1.488868e-02
1.575374999999999970e+00   1.387785e+00   1.474109e-02
1.580086000000000102e+00   1.386929e+00   1.461102e-02
1.584797999999999929e+00   1.370625e+00   1.451950e-02
1.589509000000000061e+00   1.360128e+00   1.447442e-02
1.594219999999999970e+00   1.342207e+00   1.446026e-02
1.598931000000000102e+00   1.342766e+00   1.448566e-02
1.603642999999999930e+00   1.339418e+00   1.449466e-02
1.608354000000000061e+00   1.350174e+00   1.450775e-02
1.613064999999999971e+00   1.330929e+00   1.447589e-02
1.617776000000000103e+00   1.321101e+00   1.443427e-02
1.622487999999999930e+00   1.325634e+00   1.442544e-02
1.627199000000000062e+00   1.330309e+00   1.439709e-02
1.631909999999999972e+00   1.323460e+00   1.436366e-02
1.636621000000000103e+00   1.309580e+00   1.432303e-02
1.641332999999999931e+00   1.293517e+00   1.428837e-02
1.646044000000000063e+00   1.283374e+00   1.425748e-02
1.650754999999999972e+00   1.290792e+00   1.424493e-02
1.655466000000000104e+00   1.279275e+00   1.420922e-02
1.660177999999999932e+00   1.299901e+00   1.421072e-02
1.664889000000000063e+00   1.267609e+00   1.416002e-02
1.669599999999999973e+00   1.267639e+00   1.414240e-02
1.674311000000000105e+00   1.271003e+00   1.411754e-02
1.679022999999999932e+00   1.273447e+00   1.409774e-02
1.683734000000000064e+00   1.254194e+00   1.405313e-02
1.688444999999999974e+00   1.246430e+00   1.403342e-02
1.693156000000000105e+00   1.268906e+00   1.403633e-02
1.697867999999999933e+00   1.247431e+00   1.399424e-02
1.702579000000000065e+00   1.240757e+00   1.397898e-02
1.707289999999999974e+00   1.235603e+00   1.395773e-02
1.712002000000000024e+00   1.226676e+00   1.391660e-02
1.716712999999999933e+00   1.246851e+00   1.389611e-02
1.721424000000000065e+00   1.233122e+00   1.388251e-02
1.726134999999999975e+00   1.196287e+00   1.383494e-02
1.730847000000000024e+00   1.213320e+00   1.382046e-02
1.735557999999999934e+00   1.206284e+00   1.379937e-02
1.740269000000000066e+00   1.212726e+00   1.379044e-02
1.744979999999999976e+00   1.185090e+00   1.375146e-02
1.749692000000000025e+00   1.191636e+00   1.373344e-02
1.754402999999999935e+00   1.179912e+00   1.370577e-02
1.759114000000000066e+00   1.182159e+00   1.369755e-02
1.763824999999999976e+00   1.180791e+00   1.367135e-02
1.768537000000000026e+00   1.173881e+00   1.364004e-02
1.773247999999999935e+00   1.167690e+00   1.361423e-02
1.777959000000000067e+00   1.162205e+00   1.359136e-02
1.782669999999999977e+00   1.165549e+00   1.358835e-02
1.787382000000000026e+00   1.141109e+00   1.353409e-02
1.792092999999999936e+00   1.115801e+00   1.350899e-02
1.796804000000000068e+00   1.106008e+00   1.349034e-02
1.801514999999999977e+00   1.105880e+00   1.347210e-02
1.806227000000000027e+00   1.115039e+00   1.345105e-02
1.810937999999999937e+00   1.116800e+00   1.343759e-02
1.815649000000000068e+00   1.112821e+00   1.341959e-02
1.820359999999999978e+00   1.097232e+00   1.338920e-02
1.825072000000000028e+00   1.108145e+00   1.337850e-02
1.829782999999999937e+00   1.093810e+00   1.334573e-02
1.834494000000000069e+00   1.094309e+00   1.333475e-02
1.839204999999999979e+00   1.089951e+00   1.333489e-02
1.843917000000000028e+00   1.074374e+00   1.328588e-02
1.848627999999999938e+00   1.073495e+00   1.326649e-02
1.853339000000000070e+00   1.094285e+00   1.324749e-02
1.858049999999999979e+00   1.074568e+00   1.323013e-02
1.862762000000000029e+00   1.061307e+00   1.320774e-02
1.867472999999999939e+00   1.059403e+00   1.317329e-02
1.872184000000000070e+00   1.048848e+00   1.315710e-02
1.876894999999999980e+00   1.045459e+00   1.314660e-02
1.881607000000000030e+00   1.031120e+00   1.312372e-02
1.886317999999999939e+00   1.044963e+00   1.312492e-02
1.891029000000000071e+00   1.045029e+00   1.309459e-02
1.895740999999999898e+00   1.041109e+00   1.307745e-02
1.900452000000000030e+00   1.016998e+00   1.304154e-02
1.905162999999999940e+00   1.035880e+00   1.305307e-02
1.909874000000000072e+00   1.032547e+00   1.302896e-02
1.914585999999999899e+00   1.035021e+00   1.300316e-02
1.919297000000000031e+00   1.047397e+00   1.298553e-02
1.924007999999999940e+00   1.012608e+00   1.295478e-02
1.928719000000000072e+00   1.001181e+00   1.292919e-02
1.933430999999999900e+00   1.001456e+00   1.289608e-02
1.938142000000000031e+00   9.966576e-01   1.286971e-02
1.942852999999999941e+00   9.948897e-01   1.284097e-02
1.947564000000000073e+00   9.812786e-01   1.279535e-02
1.952275999999999900e+00   9.867483e-01   1.276131e-02
1.956987000000000032e+00   9.872097e-01   1.275148e-02
1.961697999999999942e+00   9.694626e-01   1.271612e-02
1.966409000000000074e+00   9.759674e-01   1.270508e-02
1.971120999999999901e+00   9.669332e-01   1.270488e-02
1.975832000000000033e+00   9.642517e-01   1.269865e-02
1.980542999999999942e+00   9.803567e-01   1.269235e-02
1.985254000000000074e+00   9.545712e-01   1.268400e-02
1.989965999999999902e+00   9.446251e-01   1.267731e-02
1.994677000000000033e+00   9.390346e-01   1.267240e-02
1.999387999999999943e+00   9.256601e-01   1.268159e-02
2.004099000000000075e+00   9.254669e-01   1.297647e-02
2.008811000000000124e+00   9.369970e-01   1.326599e-02
2.013522000000000034e+00   9.328396e-01   1.343940e-02
2.018232999999999944e+00   9.348276e-01   1.359295e-02
2.022943999999999853e+00   9.197991e-01   1.370713e-02
2.027655999999999903e+00   9.136430e-01   1.382796e-02
2.032366999999999813e+00   8.975520e-01   1.387537e-02
2.037078000000000166e+00   9.074796e-01   1.393207e-02
2.041789000000000076e+00   9.007303e-01   1.396612e-02
2.046501000000000126e+00   8.942244e-01   1.399621e-02
2.051212000000000035e+00   9.004335e-01   1.403290e-02
2.055922999999999945e+00   8.734807e-01   1.405914e-02
2.060633999999999855e+00   8.736331e-01   1.408480e-02
2.065345999999999904e+00   8.849112e-01   1.405697e-02
2.070056999999999814e+00   8.831624e-01   1.363865e-02
2.074768000000000168e+00   8.860285e-01   1.338479e-02
2.079480000000000217e+00   8.831982e-01   1.319100e-02
2.084191000000000127e+00   8.764250e-01   1.304694e-02
2.088902000000000037e+00   8.713421e-01   1.292635e-02
2.093612999999999946e+00   8.603345e-01   1.282467e-02
2.098324999999999996e+00   8.685250e-01   1.277665e-02
2.103035999999999905e+00   8.504797e-01   1.273432e-02
2.107746999999999815e+00   8.556994e-01   1.271110e-02
2.112458000000000169e+00   8.307048e-01   1.265202e-02
2.117170000000000218e+00   8.403160e-01   1.263237e-02
2.121881000000000128e+00   8.364091e-01   1.259489e-02
2.126592000000000038e+00   8.178829e-01   1.257604e-02
2.131302999999999948e+00   8.306149e-01   1.256622e-02
2.136014999999999997e+00   8.137305e-01   1.251296e-02
2.140725999999999907e+00   8.210107e-01   1.249355e-02
2.145436999999999816e+00   8.141631e-01   1.246378e-02
2.150148000000000170e+00   8.250978e-01   1.245344e-02
2.154860000000000220e+00   8.417946e-01   1.245166e-02
2.159571000000000129e+00   8.245791e-01   1.241006e-02
2.164282000000000039e+00   8.096930e-01   1.237960e-02
2.168992999999999949e+00   8.147308e-01   1.236455e-02
2.173704999999999998e+00   8.000656e-01   1.234031e-02
2.178415999999999908e+00   8.050212e-01   1.231870e-02
2.183126999999999818e+00   8.017206e-01   1.229277e-02
2.187838000000000171e+00   7.871561e-01   1.226528e-02
2.192550000000000221e+00   7.937401e-01   1.225185e-02
2.197261000000000131e+00   7.880309e-01   1.222405e-02
2.201972000000000040e+00   7.623977e-01   1.219483e-02
2.206682999999999950e+00   7.759267e-01   1.219257e-02
2.211395000000000000e+00   7.801695e-01   1.218343e-02
2.216105999999999909e+00   7.770441e-01   1.216598e-02
2.220816999999999819e+00   7.711514e-01   1.214311e-02
2.225528000000000173e+00   7.675443e-01   1.211850e-02
2.230239999999999778e+00   7.637144e-01   1.210287e-02
2.234951000000000132e+00   7.422000e-01   1.207296e-02
2.239662000000000042e+00   7.509058e-01   1.206422e-02
2.244372999999999951e+00   7.579491e-01   1.205550e-02
2.249085000000000001e+00   7.425561e-01   1.202960e-02
2.253795999999999911e+00   7.445584e-01   1.201805e-02
2.258506999999999820e+00   7.285742e-01   1.199302e-02
2.263218999999999870e+00   7.363660e-01   1.197557e-02
2.267929999999999779e+00   7.281872e-01   1.195644e-02
2.272641000000000133e+00   7.322570e-01   1.194214e-02
2.277352000000000043e+00   7.244481e-01   1.192621e-02
2.282064000000000092e+00   7.148439e-01   1.189296e-02
2.286775000000000002e+00   7.076413e-01   1.187591e-02
2.291485999999999912e+00   7.298408e-01   1.188321e-02
2.296196999999999822e+00   7.405111e-01   1.188034e-02
2.300908999999999871e+00   7.228028e-01   1.184810e-02
2.305619999999999781e+00   7.008254e-01   1.182676e-02
2.310331000000000135e+00   7.060548e-01   1.180820e-02
2.315042000000000044e+00   7.111001e-01   1.179262e-02
2.319754000000000094e+00   7.012535e-01   1.177844e-02
2.324465000000000003e+00   6.947948e-01   1.176208e-02
2.329175999999999913e+00   6.959308e-01   1.175381e-02
2.333886999999999823e+00   6.989373e-01   1.174600e-02
2.338598999999999872e+00   6.919343e-01   1.171878e-02
2.343309999999999782e+00   6.717701e-01   1.169050e-02
2.348021000000000136e+00   6.671726e-01   1.167399e-02
2.352732000000000046e+00   6.839233e-01   1.167013e-02
2.357444000000000095e+00   6.779841e-01   1.165310e-02
2.362155000000000005e+00   6.601358e-01   1.163154e-02
2.366865999999999914e+00   6.502936e-01   1.160710e-02
2.371576999999999824e+00   6.589285e-01   1.160914e-02
2.376288999999999874e+00   6.754683e-01   1.160582e-02
2.380999999999999783e+00   6.663789e-01   1.158254e-02
2.385711000000000137e+00   6.672164e-01   1.157170e-02
2.390422000000000047e+00   6.513393e-01   1.154023e-02
2.395134000000000096e+00   6.381609e-01   1.152631e-02
2.399845000000000006e+00   6.438385e-01   1.152913e-02
2.404555999999999916e+00   6.472309e-01   1.150684e-02
2.409266999999999825e+00   6.616849e-01   1.149587e-02
2.413978999999999875e+00   6.511130e-01   1.147292e-02
2.418689999999999785e+00   6.337236e-01   1.145093e-02
2.423401000000000138e+00   6.307672e-01   1.144181e-02
2.428112000000000048e+00   6.314260e-01   1.143062e-02
2.432824000000000098e+00   6.355103e-01   1.141220e-02
2.437535000000000007e+00   6.349984e-01   1.141241e-02
2.442245999999999917e+00   6.343144e-01   1.139480e-02
2.446957999999999966e+00   6.255923e-01   1.138270e-02
2.451668999999999876e+00   6.197211e-01   1.136974e-02
2.456379999999999786e+00   6.031915e-01   1.134073e-02
2.461091000000000140e+00   6.273426e-01   1.133983e-02
2.465803000000000189e+00   6.214373e-01   1.132816e-02
2.470514000000000099e+00   6.051041e-01   1.132233e-02
2.475225000000000009e+00   6.049385e-01   1.129866e-02
2.479935999999999918e+00   5.978389e-01   1.127618e-02
2.484647999999999968e+00   6.004924e-01   1.125508e-02
2.489358999999999877e+00   5.941000e-01   1.125201e-02
2.494069999999999787e+00   5.853694e-01   1.123460e-02
2.498781000000000141e+00   5.797689e-01   1.122752e-02
2.503493000000000190e+00   5.923503e-01   1.122410e-02
2.508204000000000100e+00   5.961677e-01   1.121242e-02
2.512915000000000010e+00   5.824998e-01   1.117484e-02
2.517625999999999920e+00   5.927617e-01   1.115620e-02
2.522337999999999969e+00   5.789230e-01   1.113151e-02
2.527048999999999879e+00   5.723229e-01   1.110921e-02
2.531759999999999788e+00   5.777448e-01   1.109276e-02
2.536471000000000142e+00   5.827148e-01   1.109245e-02
2.541183000000000192e+00   5.692051e-01   1.107013e-02
2.545894000000000101e+00   5.777522e-01   1.106596e-02
2.550605000000000011e+00   5.663541e-01   1.104591e-02
2.555315999999999921e+00   5.746939e-01   1.103756e-02
2.560027999999999970e+00   5.742741e-01   1.103261e-02
2.564738999999999880e+00   5.716310e-01   1.102543e-02
2.569449999999999790e+00   5.387328e-01   1.100638e-02
2.574161000000000143e+00   5.474064e-01   1.101279e-02
2.578873000000000193e+00   5.550879e-01   1.101294e-02
2.583584000000000103e+00   5.577447e-01   1.100664e-02
2.588295000000000012e+00   5.428040e-01   1.099029e-02
2.593005999999999922e+00   5.548829e-01   1.099016e-02
2.597717999999999972e+00   5.607738e-01   1.097884e-02
2.602428999999999881e+00   5.574941e-01   1.097353e-02
2.607139999999999791e+00   5.344634e-01   1.094866e-02
2.611851000000000145e+00   5.341267e-01   1.092907e-02
2.616563000000000194e+00   5.346645e-01   1.091990e-02
2.621274000000000104e+00   5.322992e-01   1.091055e-02
2.625985000000000014e+00   5.345107e-01   1.090337e-02
2.630697000000000063e+00   5.409525e-01   1.088849e-02
2.635407999999999973e+00   5.437012e-01   1.088253e-02
2.640118999999999883e+00   5.412959e-01   1.087122e-02
2.644829999999999792e+00   5.288143e-01   1.086134e-02
2.649541999999999842e+00   5.082294e-01   1.083459e-02
2.654253000000000196e+00   5.176717e-01   1.082284e-02
2.658964000000000105e+00   5.101511e-01   1.081611e-02
2.663675000000000015e+00   5.229458e-01   1.081538e-02
2.668387000000000064e+00   5.027445e-01   1.078560e-02
2.673097999999999974e+00   5.319651e-01   1.078906e-02
2.677808999999999884e+00   5.109724e-01   1.077282e-02
2.682519999999999794e+00   4.929078e-01   1.075046e-02
2.687231999999999843e+00   5.074192e-01   1.075345e-02
2.691943000000000197e+00   4.958046e-01   1.074144e-02
2.696654000000000106e+00   5.130547e-01   1.074026e-02
2.701365000000000016e+00   4.829441e-01   1.071717e-02
2.706077000000000066e+00   4.902358e-01   1.070374e-02
2.710787999999999975e+00   4.934029e-01   1.069156e-02
2.715498999999999885e+00   4.963400e-01   1.068993e-02
2.720209999999999795e+00   4.877771e-01   1.068029e-02
2.724921999999999844e+00   4.831794e-01   1.065994e-02
2.729633000000000198e+00   4.747170e-01   1.065504e-02
2.734344000000000108e+00   4.911528e-01   1.064171e-02
2.739055000000000017e+00   4.903638e-01   1.063104e-02
2.743767000000000067e+00   4.866957e-01   1.062651e-02
2.748477999999999977e+00   4.822540e-01   1.061146e-02
2.753188999999999886e+00   4.819091e-01   1.060566e-02
2.757899999999999796e+00   4.862862e-01   1.059532e-02
2.762611999999999846e+00   4.667141e-01   1.057603e-02
2.767323000000000199e+00   4.699774e-01   1.056242e-02
2.772034000000000109e+00   4.761356e-01   1.056985e-02
2.776745000000000019e+00   4.732225e-01   1.055216e-02
2.781457000000000068e+00   4.657916e-01   1.052997e-02
2.786167999999999978e+00   4.553913e-01   1.052259e-02
2.790878999999999888e+00   4.685522e-01   1.052126e-02
2.795589999999999797e+00   4.625939e-01   1.050448e-02
2.800301999999999847e+00   4.687729e-01   1.050921e-02
2.805013000000000201e+00   4.716203e-01   1.054712e-02
2.809724000000000110e+00   4.487213e-01   1.079928e-02
2.814436000000000160e+00   4.470374e-01   1.096736e-02
2.819147000000000070e+00   4.522556e-01   1.110702e-02
2.823857999999999979e+00   4.515457e-01   1.120980e-02
2.828568999999999889e+00   4.423651e-01   1.126372e-02
2.833280999999999938e+00   4.498410e-01   1.130181e-02
2.837991999999999848e+00   4.484362e-01   1.134066e-02
2.842703000000000202e+00   4.399419e-01   1.135956e-02
2.847414000000000112e+00   4.342126e-01   1.138494e-02
2.852126000000000161e+00   4.318246e-01   1.142144e-02
2.856837000000000071e+00   4.287895e-01   1.144152e-02
2.861547999999999981e+00   4.333253e-01   1.146699e-02
2.866258999999999890e+00   4.382284e-01   1.149609e-02
2.870970999999999940e+00   4.355721e-01   1.140408e-02
2.875681999999999849e+00   4.375665e-01   1.110435e-02
2.880393000000000203e+00   4.291188e-01   1.093985e-02
2.885104000000000113e+00   4.338095e-01   1.082574e-02
2.889816000000000162e+00   4.225571e-01   1.073707e-02
2.894527000000000072e+00   4.280569e-01   1.069291e-02
2.899237999999999982e+00   4.330837e-01   1.065424e-02
2.903948999999999891e+00   4.437375e-01   1.063503e-02
2.908660999999999941e+00   4.275695e-01   1.060621e-02
2.913371999999999851e+00   4.195876e-01   1.058044e-02
2.918083000000000204e+00   4.249528e-01   1.055288e-02
2.922794000000000114e+00   4.310416e-01   1.052848e-02
2.927506000000000164e+00   4.172087e-01   1.052024e-02
2.932217000000000073e+00   4.037468e-01   1.050379e-02
2.936927999999999983e+00   4.067873e-01   1.047675e-02
2.941638999999999893e+00   4.199264e-01   1.047435e-02
2.946350999999999942e+00   4.191772e-01   1.045340e-02
2.951061999999999852e+00   3.967271e-01   1.043311e-02
2.955773000000000206e+00   4.089962e-01   1.042034e-02
2.960484000000000115e+00   4.046275e-01   1.040126e-02
2.965196000000000165e+00   3.989204e-01   1.039295e-02
2.969907000000000075e+00   4.004250e-01   1.037419e-02
2.974617999999999984e+00   3.970794e-01   1.036324e-02
2.979328999999999894e+00   4.017815e-01   1.034369e-02
2.984040999999999944e+00   3.803090e-01   1.032276e-02
2.988751999999999853e+00   3.785583e-01   1.031465e-02
2.993463000000000207e+00   3.941004e-01   1.030734e-02
2.998174999999999812e+00   4.089154e-01   1.031098e-02
3.002886000000000166e+00   4.084674e-01   1.030114e-02
3.007597000000000076e+00   3.979284e-01   1.028063e-02
3.012307999999999986e+00   3.921594e-01   1.026313e-02
3.017020000000000035e+00   3.871616e-01   1.024545e-02
3.021730999999999945e+00   4.049742e-01   1.024644e-02
3.026441999999999855e+00   3.910022e-01   1.021856e-02
3.031153000000000208e+00   3.809444e-01   1.020340e-02
3.035864999999999814e+00   3.818852e-01   1.019923e-02
3.040576000000000167e+00   3.800314e-01   1.017981e-02
3.045287000000000077e+00   3.838055e-01   1.017751e-02
3.049997999999999987e+00   3.827388e-01   1.017463e-02
3.054710000000000036e+00   3.904557e-01   1.016597e-02
3.059420999999999946e+00   3.757863e-01   1.014192e-02
3.064131999999999856e+00   3.814491e-01   1.013274e-02
3.068843000000000210e+00   3.816558e-01   1.014003e-02
3.073554999999999815e+00   3.645970e-01   1.011493e-02
3.078266000000000169e+00   3.749724e-01   1.010000e-02
3.082977000000000078e+00   3.819994e-01   1.010354e-02
3.087687999999999988e+00   3.730577e-01   1.008595e-02
3.092400000000000038e+00   3.700596e-01   1.008388e-02
3.097110999999999947e+00   3.651743e-01   1.005989e-02
3.101821999999999857e+00   3.710715e-01   1.005462e-02
3.106533000000000211e+00   3.749640e-01   1.005006e-02
3.111244999999999816e+00   3.573502e-01   1.003445e-02
3.115956000000000170e+00   3.436007e-01   1.000978e-02
3.120667000000000080e+00   3.638279e-01   1.001547e-02
3.125377999999999989e+00   3.579485e-01   1.000798e-02
3.130090000000000039e+00   3.531307e-01   1.000168e-02
3.134800999999999949e+00   3.518008e-01   9.979727e-03
3.139511999999999858e+00   3.509520e-01   9.970220e-03
3.144223000000000212e+00   3.602654e-01   9.975990e-03
3.148934999999999818e+00   3.571213e-01   9.970132e-03
3.153646000000000171e+00   3.496204e-01   9.946515e-03
3.158357000000000081e+00   3.477683e-01   9.942637e-03
3.163067999999999991e+00   3.549208e-01   9.939156e-03
3.167780000000000040e+00   3.597899e-01   9.923481e-03
3.172490999999999950e+00   3.535875e-01   9.914049e-03
3.177201999999999860e+00   3.629859e-01   9.926896e-03
3.181913999999999909e+00   3.538313e-01   9.910364e-03
3.186624999999999819e+00   3.417333e-01   9.883648e-03
3.191336000000000173e+00   3.440075e-01   9.863807e-03
3.196047000000000082e+00   3.401753e-01   9.843260e-03
3.200759000000000132e+00   3.536498e-01   9.830723e-03
3.205470000000000041e+00   3.364583e-01   9.820976e-03
3.210180999999999951e+00   3.348949e-01   9.806981e-03
3.214891999999999861e+00   3.424292e-01   9.801713e-03
3.219603999999999910e+00   3.392259e-01   9.791343e-03
3.224314999999999820e+00   3.187255e-01   9.779196e-03
3.229026000000000174e+00   3.413938e-01   9.769079e-03
3.233737000000000084e+00   3.295300e-01   9.761033e-03
3.238449000000000133e+00   3.352510e-01   9.761976e-03
3.243160000000000043e+00   3.293581e-01   9.753754e-03
3.247870999999999952e+00   3.264945e-01   9.742566e-03
3.252581999999999862e+00   3.146156e-01   9.739805e-03
3.257293999999999912e+00   3.146760e-01   9.747751e-03
3.262004999999999821e+00   3.228456e-01   9.752052e-03
3.266716000000000175e+00   3.194354e-01   9.736024e-03
3.271427000000000085e+00   3.232299e-01   9.725334e-03
3.276139000000000134e+00   3.175601e-01   9.716606e-03
3.280850000000000044e+00   3.267347e-01   9.713451e-03
3.285560999999999954e+00   3.148555e-01   9.698638e-03
3.290271999999999863e+00   3.179202e-01   9.689640e-03
3.294983999999999913e+00   3.318639e-01   9.699852e-03
3.299694999999999823e+00   3.240059e-01   9.687696e-03
3.304406000000000176e+00   3.208780e-01   9.675155e-03
3.309117000000000086e+00   3.208771e-01   9.663140e-03
3.313829000000000136e+00   3.219601e-01   9.661147e-03
3.318540000000000045e+00   3.148474e-01   9.642865e-03
3.323250999999999955e+00   3.183212e-01   9.647618e-03
3.327961999999999865e+00   3.148662e-01   9.636094e-03
3.332673999999999914e+00   3.091517e-01   9.619355e-03
3.337384999999999824e+00   3.158592e-01   9.622654e-03
3.342096000000000178e+00   3.004541e-01   9.599936e-03
3.346807000000000087e+00   3.058129e-01   9.592705e-03
3.351519000000000137e+00   3.152038e-01   9.595040e-03
3.356230000000000047e+00   3.160678e-01   9.587181e-03
3.360940999999999956e+00   3.031850e-01   9.576560e-03
3.365653000000000006e+00   2.936714e-01   9.559291e-03
3.370363999999999916e+00   3.022076e-01   9.557993e-03
3.375074999999999825e+00   3.040514e-01   9.557181e-03
3.379786000000000179e+00   3.213283e-01   9.557351e-03
3.384497999999999784e+00   3.138894e-01   9.553030e-03
3.389209000000000138e+00   3.135765e-01   9.602751e-03
3.393920000000000048e+00   3.007372e-01   9.809395e-03
3.398630999999999958e+00   3.021430e-01   9.948667e-03
3.403343000000000007e+00   2.989414e-01   1.004959e-02
3.408053999999999917e+00   2.934811e-01   1.011874e-02
3.412764999999999826e+00   2.900222e-01   1.014122e-02
3.417476000000000180e+00   2.840156e-01   1.014260e-02
3.422187999999999786e+00   2.898135e-01   1.016101e-02
3.426899000000000139e+00   2.859904e-01   1.017508e-02
3.431610000000000049e+00   2.910332e-01   1.019991e-02
3.436320999999999959e+00   2.933815e-01   1.022534e-02
3.441033000000000008e+00   3.031355e-01   1.025048e-02
3.445743999999999918e+00   2.744001e-01   1.025476e-02
3.450454999999999828e+00   2.764702e-01   1.027983e-02
3.455166000000000182e+00   2.941820e-01   1.030516e-02
3.459877999999999787e+00   3.000478e-01   1.033087e-02
3.464589000000000141e+00   2.814507e-01   1.033364e-02
3.469300000000000050e+00   2.726517e-01   1.034599e-02
3.474010999999999960e+00   2.856741e-01   1.036218e-02
3.478723000000000010e+00   2.746935e-01   1.036387e-02
3.483433999999999919e+00   2.916360e-01   1.039028e-02
3.488144999999999829e+00   2.837271e-01   1.041065e-02
3.492856000000000183e+00   2.774248e-01   1.041948e-02
3.497567999999999788e+00   2.805759e-01   1.043382e-02
3.502279000000000142e+00   2.744281e-01   1.043403e-02
3.506990000000000052e+00   2.651726e-01   1.044316e-02
3.511700999999999961e+00   2.643581e-01   1.046133e-02
3.516413000000000011e+00   2.688913e-01   1.047516e-02
3.521123999999999921e+00   2.815235e-01   1.048616e-02
3.525834999999999830e+00   2.761828e-01   1.049467e-02
3.530546000000000184e+00   2.580826e-01   1.050188e-02
3.535257999999999790e+00   2.757645e-01   1.052378e-02
3.539969000000000143e+00   2.784339e-01   1.053878e-02
3.544680000000000053e+00   2.772508e-01   1.054058e-02
3.549392000000000102e+00   2.849267e-01   1.055702e-02
3.554103000000000012e+00   2.757491e-01   1.055679e-02
3.558813999999999922e+00   2.719983e-01   1.057379e-02
3.563524999999999832e+00   2.603628e-01   1.057875e-02
3.568236999999999881e+00   2.769754e-01   1.058768e-02
3.572947999999999791e+00   2.650783e-01   1.060499e-02
3.577659000000000145e+00   2.662164e-01   1.060020e-02
3.582370000000000054e+00   2.579456e-01   1.060706e-02
3.587082000000000104e+00   2.460918e-01   1.059336e-02
3.591793000000000013e+00   2.618788e-01   1.061870e-02
3.596503999999999923e+00   2.548316e-01   1.061475e-02
3.601214999999999833e+00   2.659243e-01   1.061706e-02
3.605926999999999882e+00   2.739335e-01   1.062510e-02
3.610637999999999792e+00   2.642689e-01   1.080952e-02
3.615349000000000146e+00   2.421724e-01   1.112301e-02
3.620060000000000056e+00   2.606299e-01   1.133253e-02
3.624772000000000105e+00   2.545372e-01   1.146698e-02
3.629483000000000015e+00   2.710807e-01   1.157242e-02
3.634193999999999924e+00   2.718432e-01   1.164563e-02
3.638904999999999834e+00   2.563212e-01   1.171510e-02
3.643616999999999884e+00   2.511932e-01   1.176378e-02
3.648327999999999793e+00   2.409832e-01   1.182346e-02
3.653039000000000147e+00   2.364484e-01   1.188086e-02
3.657750000000000057e+00   2.673928e-01   1.197067e-02
3.662462000000000106e+00   2.450046e-01   1.200515e-02
3.667173000000000016e+00   2.315710e-01   1.205342e-02
3.671883999999999926e+00   2.454721e-01   1.211741e-02
3.676594999999999835e+00   2.527873e-01   1.217625e-02
3.681306999999999885e+00   2.480509e-01   1.221520e-02
3.686017999999999795e+00   2.592684e-01   1.228800e-02
3.690729000000000148e+00   2.602570e-01   1.234541e-02
3.695440000000000058e+00   2.604534e-01   1.239943e-02
3.700152000000000108e+00   2.433936e-01   1.243210e-02
3.704863000000000017e+00   2.378581e-01   1.247855e-02
3.709573999999999927e+00   2.438764e-01   1.254954e-02
3.714284999999999837e+00   2.443819e-01   1.260008e-02
3.718996999999999886e+00   2.290505e-01   1.263200e-02
3.723707999999999796e+00   2.241269e-01   1.267432e-02
3.728419000000000150e+00   2.491793e-01   1.274142e-02
3.733131000000000199e+00   2.521570e-01   1.279073e-02
3.737842000000000109e+00   2.362863e-01   1.283309e-02
3.742553000000000019e+00   2.483142e-01   1.289175e-02
3.747263999999999928e+00   2.253681e-01   1.290932e-02
3.751975999999999978e+00   2.199440e-01   1.296308e-02
3.756686999999999887e+00   2.322485e-01   1.302703e-02
3.761397999999999797e+00   2.319380e-01   1.306116e-02
3.766109000000000151e+00   2.042089e-01   1.309566e-02
3.770821000000000200e+00   2.136734e-01   1.314186e-02
3.775532000000000110e+00   2.292597e-01   1.319897e-02
3.780243000000000020e+00   2.429978e-01   1.326328e-02
3.784953999999999930e+00   2.419962e-01   1.331417e-02
3.789665999999999979e+00   2.287414e-01   1.334444e-02
3.794376999999999889e+00   2.158831e-01   1.338274e-02
3.799087999999999798e+00   2.366038e-01   1.344698e-02
3.803799000000000152e+00   2.450857e-01   1.350937e-02
3.808511000000000202e+00   2.204787e-01   1.354007e-02
3.813222000000000111e+00   2.422276e-01   1.360493e-02
3.817933000000000021e+00   2.251592e-01   1.363919e-02
3.822643999999999931e+00   2.353717e-01   1.370012e-02
3.827355999999999980e+00   2.311349e-01   1.373560e-02
3.832066999999999890e+00   2.210747e-01   1.378947e-02
3.836777999999999800e+00   2.173892e-01   1.380820e-02
3.841489000000000154e+00   2.360025e-01   1.387200e-02
3.846201000000000203e+00   2.310455e-01   1.392005e-02
3.850912000000000113e+00   2.290563e-01   1.396948e-02
3.855623000000000022e+00   2.148948e-01   1.401189e-02
3.860333999999999932e+00   2.085334e-01   1.406082e-02
3.865045999999999982e+00   2.180689e-01   1.409354e-02
3.869756999999999891e+00   2.165633e-01   1.414907e-02
3.874467999999999801e+00   2.123047e-01   1.419980e-02
3.879179000000000155e+00   2.145820e-01   1.424666e-02
3.883891000000000204e+00   2.113179e-01   1.429181e-02
3.888602000000000114e+00   2.237841e-01   1.435083e-02
3.893313000000000024e+00   2.118024e-01   1.438845e-02
3.898023999999999933e+00   2.056652e-01   1.445307e-02
3.902735999999999983e+00   2.263551e-01   1.449386e-02
3.907446999999999893e+00   2.209109e-01   1.453274e-02
3.912157999999999802e+00   2.304755e-01   1.459776e-02
3.916869999999999852e+00   2.369376e-01   1.463722e-02
3.921581000000000206e+00   2.096911e-01   1.463267e-02
3.926292000000000115e+00   2.059234e-01   1.464549e-02
3.931003000000000025e+00   2.095323e-01   1.468172e-02
3.935715000000000074e+00   1.964597e-01   1.470998e-02
3.940425999999999984e+00   1.881930e-01   1.472474e-02
3.945136999999999894e+00   1.937297e-01   1.473851e-02
3.949847999999999804e+00   2.167724e-01   1.479507e-02
3.954559999999999853e+00   2.080578e-01   1.482086e-02
3.959271000000000207e+00   2.138087e-01   1.483668e-02
3.963982000000000117e+00   2.244872e-01   1.482947e-02
3.968693000000000026e+00   1.945919e-01   1.483090e-02
3.973405000000000076e+00   2.021012e-01   1.489697e-02
3.978115999999999985e+00   2.039116e-01   1.495014e-02
3.982826999999999895e+00   1.849246e-01   1.500467e-02
3.987537999999999805e+00   1.929622e-01   1.506976e-02
3.992249999999999854e+00   2.139605e-01   1.512786e-02
3.996961000000000208e+00   2.074611e-01   1.515306e-02
4.001672000000000118e+00   1.911447e-01   1.518800e-02
4.006382999999999583e+00   1.738872e-01   1.522927e-02
4.011095000000000077e+00   1.932148e-01   1.528807e-02
4.015806000000000431e+00   2.023174e-01   1.534276e-02
4.020516999999999896e+00   2.029288e-01   1.540453e-02
4.025228000000000250e+00   1.948481e-01   1.544158e-02
4.029939999999999856e+00   2.033060e-01   1.550073e-02
4.034651000000000209e+00   2.171688e-01   1.556775e-02
4.039361999999999675e+00   2.302137e-01   1.562942e-02
4.044073000000000029e+00   2.079892e-01   1.566379e-02
4.048784999999999634e+00   2.039456e-01   1.571289e-02
4.053495999999999988e+00   1.942785e-01   1.577077e-02
4.058207000000000342e+00   1.936854e-01   1.584139e-02
4.062917999999999807e+00   1.869827e-01   1.589082e-02
4.067630000000000301e+00   1.993416e-01   1.595321e-02
4.072340999999999767e+00   1.926165e-01   1.600274e-02
4.077052000000000120e+00   1.966694e-01   1.605946e-02
4.081762999999999586e+00   1.961937e-01   1.610414e-02
4.086475000000000080e+00   2.036378e-01   1.618544e-02
4.091186000000000433e+00   1.989577e-01   1.621606e-02
4.095896999999999899e+00   1.995140e-01   1.626629e-02
4.100609000000000393e+00   1.907072e-01   1.633823e-02
4.105319999999999858e+00   1.662389e-01   1.637773e-02
4.110031000000000212e+00   1.834656e-01   1.642897e-02
4.114741999999999678e+00   1.983850e-01   1.648949e-02
4.119454000000000171e+00   1.922592e-01   1.655296e-02
4.124164999999999637e+00   1.989765e-01   1.664459e-02
4.128875999999999991e+00   1.806858e-01   1.668453e-02
4.133587000000000344e+00   1.925452e-01   1.675127e-02
4.138298999999999950e+00   1.896041e-01   1.678263e-02
4.143010000000000304e+00   1.903295e-01   1.685515e-02
4.147720999999999769e+00   1.814221e-01   1.691710e-02
4.152432000000000123e+00   1.686810e-01   1.696943e-02
4.157143999999999728e+00   1.738806e-01   1.702301e-02
4.161855000000000082e+00   1.818875e-01   1.711329e-02
4.166566000000000436e+00   1.868683e-01   1.718321e-02
4.171276999999999902e+00   1.757698e-01   1.724831e-02
4.175989000000000395e+00   1.774393e-01   1.732968e-02
4.180699999999999861e+00   1.807239e-01   1.741626e-02
4.185411000000000215e+00   1.877751e-01   1.745587e-02
4.190121999999999680e+00   1.937207e-01   1.750846e-02
4.194834000000000174e+00   1.836768e-01   1.758613e-02
4.199544999999999639e+00   1.854634e-01   1.763181e-02
4.204255999999999993e+00   1.879340e-01   1.772083e-02
4.208967000000000347e+00   1.870215e-01   1.780957e-02
4.213678999999999952e+00   1.874273e-01   1.785143e-02
4.218390000000000306e+00   1.658927e-01   1.790524e-02
4.223100999999999772e+00   1.782013e-01   1.797323e-02
4.227812000000000126e+00   1.938383e-01   1.808304e-02
4.232523999999999731e+00   1.850366e-01   1.814187e-02
4.237235000000000085e+00   1.718159e-01   1.819745e-02
4.241946000000000438e+00   1.889365e-01   1.828783e-02
4.246656999999999904e+00   1.983070e-01   1.837830e-02
4.251369000000000398e+00   1.945063e-01   1.845377e-02
4.256079999999999863e+00   1.782642e-01   1.852441e-02
4.260791000000000217e+00   1.582424e-01   1.857477e-02
4.265501999999999683e+00   1.712133e-01   1.866466e-02
4.270214000000000176e+00   1.700697e-01   1.873560e-02
4.274924999999999642e+00   1.831703e-01   1.882584e-02
4.279635999999999996e+00   1.844135e-01   1.890159e-02
4.284347999999999601e+00   1.824475e-01   1.899584e-02
4.289058999999999955e+00   1.590160e-01   1.904261e-02
4.293770000000000309e+00   1.675468e-01   1.910727e-02
4.298480999999999774e+00   1.558066e-01   1.921592e-02
4.303193000000000268e+00   1.666313e-01   1.928524e-02
4.307903999999999733e+00   1.646478e-01   1.937208e-02
4.312615000000000087e+00   1.607785e-01   1.945646e-02
4.317326000000000441e+00   1.637388e-01   1.954134e-02
4.322038000000000046e+00   1.804137e-01   1.967735e-02
4.326749000000000400e+00   1.696112e-01   1.971534e-02
4.331459999999999866e+00   1.792991e-01   1.980761e-02
4.336171000000000220e+00   1.760140e-01   1.992070e-02
4.340882999999999825e+00   1.784026e-01   2.001457e-02
4.345594000000000179e+00   1.823589e-01   2.011935e-02
4.350304999999999644e+00   1.735349e-01   2.017153e-02
4.355015999999999998e+00   1.590669e-01   2.028145e-02
4.359727999999999604e+00   1.822272e-01   2.041939e-02
4.364438999999999957e+00   1.804315e-01   2.052965e-02
4.369150000000000311e+00   1.818310e-01   2.057346e-02
4.373860999999999777e+00   1.608594e-01   2.067952e-02
4.378573000000000270e+00   1.487978e-01   2.079019e-02
4.383283999999999736e+00   1.682781e-01   2.091055e-02
4.387995000000000090e+00   1.832704e-01   2.100606e-02
4.392706000000000444e+00   1.936430e-01   2.111715e-02
4.397418000000000049e+00   1.777564e-01   2.114181e-02
4.402129000000000403e+00   1.745787e-01   2.119303e-02
4.406839999999999868e+00   1.458897e-01   2.116999e-02
4.411551000000000222e+00   1.608187e-01   2.120098e-02
4.416262999999999828e+00   1.559487e-01   2.122870e-02
4.420974000000000181e+00   1.741042e-01   2.125197e-02
4.425684999999999647e+00   1.867583e-01   2.129131e-02
4.430396000000000001e+00   1.562167e-01   2.128752e-02
4.435107999999999606e+00   1.439732e-01   2.124946e-02
4.439818999999999960e+00   1.332113e-01   2.130862e-02
4.444530000000000314e+00   1.571517e-01   2.142951e-02
4.449240999999999779e+00   1.444753e-01   2.155292e-02
4.453953000000000273e+00   1.363695e-01   2.165457e-02
4.458663999999999739e+00   1.304209e-01   2.174394e-02
4.463375000000000092e+00   1.331147e-01   2.184460e-02
4.468086999999999698e+00   1.311896e-01   2.199159e-02
4.472798000000000052e+00   1.152662e-01   2.204638e-02
4.477509000000000405e+00   1.707083e-01   2.226102e-02
4.482219999999999871e+00   1.597037e-01   2.238268e-02
4.486932000000000365e+00   1.630987e-01   2.251909e-02
4.491642999999999830e+00   1.591290e-01   2.260707e-02
4.496354000000000184e+00   1.376460e-01   2.271348e-02
4.501064999999999650e+00   1.174575e-01   2.280808e-02
4.505777000000000143e+00   1.485930e-01   2.299226e-02
4.510487999999999609e+00   1.554808e-01   2.309592e-02
4.515198999999999963e+00   1.675120e-01   2.327932e-02
4.519910000000000316e+00   1.764031e-01   2.344503e-02
4.524621999999999922e+00   1.789077e-01   2.357160e-02
4.529333000000000276e+00   1.894115e-01   2.375440e-02
4.534043999999999741e+00   1.487443e-01   2.384710e-02
4.538755000000000095e+00   1.709331e-01   2.399993e-02
4.543466999999999700e+00   2.035803e-01   2.422347e-02
4.548178000000000054e+00   1.662798e-01   2.426796e-02
4.552889000000000408e+00   1.320193e-01   2.437325e-02
4.557599999999999874e+00   1.151015e-01   2.454613e-02
4.562312000000000367e+00   1.392496e-01   2.470801e-02
4.567022999999999833e+00   1.627417e-01   2.487165e-02
4.571734000000000187e+00   1.711141e-01   2.506334e-02
4.576444999999999652e+00   1.617680e-01   2.523264e-02
4.581157000000000146e+00   1.810998e-01   2.543901e-02
4.585867999999999611e+00   1.106968e-01   2.559510e-02
4.590578999999999965e+00   1.525155e-01   2.579885e-02
4.595290000000000319e+00   1.661015e-01   2.596279e-02
4.600001999999999924e+00   1.733049e-01   2.609018e-02
4.604713000000000278e+00   1.749502e-01   2.634005e-02
4.609423999999999744e+00   1.773654e-01   2.654778e-02
4.614135000000000097e+00   1.399100e-01   2.666744e-02
4.618846999999999703e+00   1.472046e-01   2.691182e-02
4.623558000000000057e+00   1.412067e-01   2.710412e-02
4.628269000000000410e+00   1.181402e-01   2.724359e-02
4.632979999999999876e+00   1.069456e-01   2.742937e-02
4.637692000000000370e+00   1.384240e-01   2.770815e-02
4.642402999999999835e+00   1.756398e-01   2.805315e-02
4.647114000000000189e+00   1.917546e-01   2.826147e-02
4.651825999999999794e+00   1.514544e-01   2.845447e-02
4.656537000000000148e+00   1.467666e-01   2.869917e-02
4.661247999999999614e+00   1.532387e-01   2.894182e-02
4.665958999999999968e+00   1.366962e-01   2.915248e-02
4.670670999999999573e+00   1.857255e-01   2.951961e-02
4.675381999999999927e+00   1.211892e-01   2.964102e-02
4.680093000000000281e+00   9.448217e-02   2.985212e-02
4.684803999999999746e+00   1.144742e-01   3.025695e-02
4.689516000000000240e+00   9.177487e-02   3.050288e-02
4.694226999999999705e+00   1.766268e-01   3.086332e-02
4.698938000000000059e+00   1.906461e-01   3.121508e-02
4.703649000000000413e+00   1.648212e-01   3.144740e-02
4.708361000000000018e+00   1.614858e-01   3.180012e-02
4.713072000000000372e+00   1.340945e-01   3.220230e-02
4.717782999999999838e+00   1.480249e-01   3.244282e-02
4.722494000000000192e+00   1.320653e-01   3.272671e-02
4.727205999999999797e+00   1.768646e-01   3.317434e-02
4.731917000000000151e+00   1.463766e-01   3.351951e-02
4.736627999999999616e+00   1.238066e-01   3.386756e-02
4.741338999999999970e+00   1.698755e-01   3.428666e-02
4.746050999999999576e+00   1.541851e-01   3.475735e-02
4.750761999999999929e+00   1.232642e-01   3.520039e-02
4.755473000000000283e+00   1.493328e-01   3.566962e-02
4.760183999999999749e+00   1.462190e-01   3.601050e-02
4.764896000000000242e+00   1.500913e-01   3.651404e-02
4.769606999999999708e+00   1.318390e-01   3.702846e-02
4.774318000000000062e+00   1.403942e-01   3.768454e-02
4.779029000000000416e+00   1.290975e-01   3.814593e-02
4.783741000000000021e+00   1.045435e-01   3.857282e-02
4.788452000000000375e+00   1.791986e-01   3.943500e-02
4.793162999999999840e+00   1.824901e-01   4.005038e-02
4.797874000000000194e+00   1.947782e-01   4.066747e-02
4.802585999999999800e+00   1.248514e-01   4.104393e-02
4.807297000000000153e+00   6.591472e-02   4.165765e-02
4.812007999999999619e+00   1.115227e-01   4.257804e-02
4.816718999999999973e+00   1.738225e-01   4.348653e-02
4.821430999999999578e+00   1.769133e-01   4.425180e-02
4.826141999999999932e+00   1.151384e-01   4.506416e-02
4.830853000000000286e+00   1.056382e-01   4.595769e-02
4.835564999999999891e+00   1.232003e-01   4.693329e-02
4.840276000000000245e+00   1.004933e-01   4.792096e-02
4.844986999999999711e+00   8.411527e-02   4.925184e-02
4.849698000000000064e+00   1.264453e-01   5.046801e-02
4.854409999999999670e+00   1.071729e-01   5.151514e-02
4.859121000000000024e+00   7.537120e-02   5.273934e-02
4.863832000000000377e+00   1.183977e-01   5.457545e-02
4.868542999999999843e+00   1.921461e-01   5.640662e-02
4.873255000000000337e+00   1.103335e-01   5.820358e-02
4.877965999999999802e+00   1.268497e-01   6.008565e-02
4.882677000000000156e+00   1.569397e-01   6.247284e-02
4.887387999999999622e+00   1.185939e-01   6.484952e-02
4.892100000000000115e+00   6.872632e-02   6.746809e-02
4.896810999999999581e+00   8.620550e-02   7.079251e-02
4.901521999999999935e+00   1.939610e-01   7.493521e-02
4.906233000000000288e+00   1.270109e-01   7.894389e-02
4.910944999999999894e+00   2.039112e-01   8.436023e-02
4.915656000000000247e+00   1.845756e-01   9.085764e-02
4.920366999999999713e+00   2.213718e-01   9.973633e-02
4.925078000000000067e+00   3.274143e-01   1.111864e-01
4.929789999999999672e+00   6.519846e-02   1.245865e-01
4.934501000000000026e+00   1.785997e-01   1.480231e-01
4.939212000000000380e+00   2.062503e-01   1.941876e-01
4.943922999999999845e+00  -2.023230e-01   3.349877e-01