# [2]
# Sample c= 5.15 mg/ml
# Intensity scaled by concentration
# Buffer subtracted data file:
# Protein DatFile = /data/visitor/mx1908/bm29/20161119/giulio/1d/mM25_043_ave.dat
# Buffer DatFile = /data/visitor/mx1908/bm29/20161119/giulio/ednaSub/mM25_043_ave_averbuffer.dat
# 
# AutoRg: Rg   =   0.9075 +/- 0.26 ( 29.0%)
# AutoRg: I(0) =   4.14 +/- 0.0107
# AutoRg: Points   187 to 287 ( 101 total)
# AutoRg: Quality: 66.9%
# 
# 
# Sample Information:
# Storage Temperature (degrees C): 20.0
# Measurement Temperature (degrees C): 20.02
# Concentration: 5.15
# Code: 
3.479420999999999903e-02   2.060883e+00   1.502413e+00
3.950545999999999919e-02   3.754232e+00   5.945501e-01
4.421672000000000102e-02   4.269313e+00   3.878686e-01
4.892798000000000286e-02   4.431171e+00   2.970322e-01
5.363923000000000302e-02   4.021337e+00   2.380150e-01
5.835048999999999791e-02   3.685629e+00   1.948721e-01
6.306174999999999975e-02   3.264369e+00   1.617991e-01
6.777299999999999991e-02   3.508304e+00   1.381503e-01
7.248425999999999481e-02   3.422277e+00   1.198352e-01
7.719552000000000358e-02   3.326402e+00   1.057145e-01
8.190677000000000374e-02   3.244427e+00   9.397727e-02
8.661802999999999864e-02   3.411903e+00   8.484282e-02
9.132928999999999353e-02   3.300356e+00   7.759771e-02
9.604053999999999369e-02   3.322020e+00   7.180401e-02
1.007518000000000025e-01   3.173674e+00   6.641386e-02
1.054631000000000041e-01   3.183746e+00   6.203827e-02
1.101743000000000028e-01   3.205534e+00   5.840001e-02
1.148856000000000044e-01   3.237076e+00   5.513106e-02
1.195968000000000031e-01   3.303718e+00   5.240055e-02
1.243081000000000047e-01   3.185636e+00   4.983131e-02
1.290193000000000034e-01   3.171122e+00   4.768879e-02
1.337306000000000050e-01   3.119315e+00   4.566476e-02
1.384419000000000066e-01   3.153719e+00   4.406734e-02
1.431531000000000053e-01   3.195962e+00   4.257793e-02
1.478644000000000069e-01   3.160510e+00   4.126660e-02
1.525756000000000057e-01   3.132922e+00   4.004326e-02
1.572869000000000073e-01   3.134260e+00   3.892183e-02
1.619981000000000060e-01   3.217991e+00   3.791744e-02
1.667094000000000076e-01   3.243666e+00   3.711149e-02
1.714206000000000063e-01   3.193645e+00   3.616357e-02
1.761319000000000079e-01   3.194617e+00   3.538348e-02
1.808432000000000095e-01   3.171797e+00   3.458640e-02
1.855544000000000082e-01   3.177706e+00   3.394805e-02
1.902657000000000098e-01   3.224651e+00   3.340989e-02
1.949769000000000085e-01   3.198814e+00   3.283038e-02
1.996882000000000101e-01   3.201512e+00   3.223990e-02
2.043994000000000089e-01   3.209725e+00   3.170595e-02
2.091107000000000105e-01   3.221830e+00   3.124714e-02
2.138220000000000121e-01   3.253450e+00   3.085580e-02
2.185332000000000108e-01   3.254518e+00   3.038269e-02
2.232445000000000124e-01   3.244328e+00   2.990697e-02
2.279557000000000111e-01   3.272389e+00   2.954062e-02
2.326670000000000127e-01   3.252585e+00   2.916602e-02
2.373782000000000114e-01   3.272694e+00   2.882177e-02
2.420895000000000130e-01   3.295691e+00   2.846747e-02
2.468007000000000117e-01   3.260273e+00   2.808875e-02
2.515120000000000133e-01   3.270204e+00   2.782533e-02
2.562232999999999872e-01   3.252971e+00   2.748159e-02
2.609345000000000137e-01   3.269667e+00   2.717790e-02
2.656457999999999875e-01   3.283837e+00   2.691897e-02
2.703570000000000140e-01   3.285368e+00   2.668213e-02
2.750682999999999878e-01   3.266115e+00   2.643526e-02
2.797795000000000143e-01   3.290094e+00   2.614403e-02
2.844907999999999881e-01   3.293615e+00   2.589159e-02
2.892021000000000175e-01   3.305926e+00   2.568036e-02
2.939132999999999885e-01   3.297109e+00   2.545672e-02
2.986246000000000178e-01   3.306476e+00   2.519087e-02
3.033357999999999888e-01   3.331372e+00   2.499815e-02
3.080471000000000181e-01   3.371868e+00   2.483378e-02
3.127582999999999891e-01   3.329674e+00   2.460126e-02
3.174696000000000184e-01   3.343991e+00   2.435476e-02
3.221808999999999923e-01   3.324208e+00   2.417024e-02
3.268921000000000188e-01   3.296874e+00   2.396421e-02
3.316033999999999926e-01   3.342777e+00   2.386031e-02
3.363146000000000191e-01   3.323615e+00   2.403460e-02
3.410258999999999929e-01   3.364504e+00   2.426021e-02
3.457371000000000194e-01   3.376270e+00   2.436615e-02
3.504483999999999932e-01   3.364441e+00   2.470258e-02
3.551596000000000197e-01   3.348909e+00   2.519419e-02
3.598708999999999936e-01   3.383737e+00   2.554470e-02
3.645822000000000229e-01   3.390531e+00   2.582967e-02
3.692933999999999939e-01   3.356758e+00   2.600429e-02
3.740047000000000232e-01   3.371719e+00   2.621340e-02
3.787158999999999942e-01   3.359952e+00   2.636285e-02
3.834272000000000236e-01   3.367714e+00   2.646489e-02
3.881383999999999945e-01   3.397673e+00   2.664329e-02
3.928497000000000239e-01   3.451910e+00   2.732235e-02
3.975609999999999977e-01   3.423977e+00   2.811361e-02
4.022722000000000242e-01   3.379585e+00   2.869462e-02
4.069834999999999980e-01   3.390540e+00   2.925073e-02
4.116947000000000245e-01   3.458387e+00   2.980105e-02
4.164059999999999984e-01   3.409674e+00   3.014915e-02
4.211172000000000248e-01   3.396349e+00   3.059007e-02
4.258284999999999987e-01   3.430658e+00   3.112112e-02
4.305397000000000252e-01   3.448715e+00   3.158435e-02
4.352509999999999990e-01   3.480024e+00   3.206439e-02
4.399622999999999728e-01   3.436257e+00   3.247433e-02
4.446734999999999993e-01   3.395968e+00   3.299199e-02
4.493847999999999732e-01   3.420979e+00   3.349835e-02
4.540959999999999996e-01   3.451800e+00   3.381912e-02
4.588072999999999735e-01   3.540467e+00   3.277858e-02
4.635185000000000000e-01   3.508718e+00   3.192060e-02
4.682297999999999738e-01   3.488840e+00   3.143949e-02
4.729411000000000032e-01   3.430335e+00   3.103018e-02
4.776522999999999741e-01   3.469184e+00   3.075857e-02
4.823636000000000035e-01   3.501493e+00   3.059748e-02
4.870747999999999744e-01   3.462437e+00   3.034141e-02
4.917861000000000038e-01   3.474074e+00   3.015863e-02
4.964972999999999748e-01   3.468729e+00   2.997769e-02
5.012086000000000041e-01   3.498776e+00   2.987524e-02
5.059198999999999780e-01   3.500349e+00   2.976259e-02
5.106311000000000044e-01   3.511546e+00   2.962835e-02
5.153423999999999783e-01   3.477162e+00   2.941090e-02
5.200536000000000048e-01   3.486842e+00   2.921167e-02
5.247648999999999786e-01   3.482798e+00   2.899330e-02
5.294761000000000051e-01   3.496903e+00   2.879056e-02
5.341873999999999789e-01   3.520186e+00   2.861145e-02
5.388986000000000054e-01   3.493103e+00   2.839425e-02
5.436098999999999792e-01   3.472342e+00   2.818418e-02
5.483211999999999531e-01   3.503155e+00   2.805540e-02
5.530323999999999796e-01   3.497036e+00   2.788536e-02
5.577436999999999534e-01   3.473678e+00   2.770051e-02
5.624548999999999799e-01   3.487045e+00   2.756363e-02
5.671661999999999537e-01   3.491576e+00   2.746773e-02
5.718773999999999802e-01   3.456560e+00   2.735214e-02
5.765886999999999540e-01   3.495141e+00   2.729898e-02
5.813000000000000389e-01   3.488577e+00   2.723575e-02
5.860111999999999544e-01   3.503570e+00   2.718594e-02
5.907225000000000392e-01   3.503418e+00   2.706439e-02
5.954336999999999547e-01   3.510219e+00   2.703045e-02
6.001450000000000395e-01   3.510426e+00   2.695323e-02
6.048561999999999550e-01   3.557670e+00   2.693085e-02
6.095675000000000399e-01   3.492912e+00   2.685941e-02
6.142788000000000137e-01   3.504848e+00   2.678832e-02
6.189900000000000402e-01   3.509487e+00   2.670681e-02
6.237013000000000140e-01   3.527381e+00   2.667169e-02
6.284125000000000405e-01   3.509709e+00   2.661167e-02
6.331238000000000143e-01   3.501326e+00   2.651515e-02
6.378350000000000408e-01   3.508926e+00   2.646782e-02
6.425463000000000147e-01   3.502787e+00   2.638541e-02
6.472575000000000411e-01   3.497505e+00   2.633310e-02
6.519688000000000150e-01   3.499957e+00   2.625152e-02
6.566800999999999888e-01   3.500770e+00   2.619641e-02
6.613913000000000153e-01   3.506560e+00   2.614880e-02
6.661025999999999891e-01   3.489569e+00   2.606885e-02
6.708138000000000156e-01   3.492448e+00   2.600419e-02
6.755250999999999895e-01   3.478522e+00   2.594503e-02
6.802363000000000159e-01   3.515941e+00   2.595312e-02
6.849475999999999898e-01   3.501606e+00   2.585877e-02
6.896588999999999636e-01   3.515074e+00   2.579377e-02
6.943700999999999901e-01   3.494698e+00   2.575231e-02
6.990813999999999639e-01   3.489192e+00   2.567646e-02
7.037925999999999904e-01   3.464136e+00   2.561852e-02
7.085038999999999643e-01   3.483525e+00   2.557793e-02
7.132150999999999907e-01   3.466708e+00   2.549743e-02
7.179263999999999646e-01   3.447211e+00   2.540263e-02
7.226375999999999911e-01   3.437065e+00   2.535980e-02
7.273488999999999649e-01   3.469534e+00   2.533659e-02
7.320602000000000498e-01   3.496177e+00   2.528799e-02
7.367713999999999652e-01   3.478689e+00   2.523968e-02
7.414827000000000501e-01   3.446295e+00   2.514175e-02
7.461938999999999655e-01   3.485514e+00   2.514857e-02
7.509052000000000504e-01   3.486367e+00   2.510139e-02
7.556163999999999659e-01   3.443328e+00   2.499288e-02
7.603277000000000507e-01   3.451121e+00   2.493502e-02
7.650390000000000246e-01   3.423810e+00   2.485861e-02
7.697502000000000510e-01   3.417050e+00   2.479822e-02
7.744615000000000249e-01   3.440056e+00   2.480017e-02
7.791727000000000514e-01   3.433687e+00   2.472834e-02
7.838840000000000252e-01   3.427253e+00   2.467645e-02
7.885952000000000517e-01   3.405953e+00   2.461882e-02
7.933065000000000255e-01   3.406322e+00   2.456807e-02
7.980177999999999994e-01   3.423875e+00   2.456124e-02
8.027290000000000258e-01   3.403383e+00   2.447594e-02
8.074402999999999997e-01   3.430377e+00   2.443854e-02
8.121515000000000262e-01   3.438086e+00   2.439651e-02
8.168628000000000000e-01   3.419373e+00   2.431263e-02
8.215740000000000265e-01   3.379994e+00   2.420864e-02
8.262853000000000003e-01   3.413005e+00   2.419455e-02
8.309965000000000268e-01   3.405364e+00   2.414539e-02
8.357078000000000007e-01   3.363173e+00   2.406966e-02
8.404190999999999745e-01   3.339220e+00   2.401106e-02
8.451303000000000010e-01   3.370864e+00   2.399712e-02
8.498415999999999748e-01   3.328909e+00   2.388608e-02
8.545528000000000013e-01   3.355090e+00   2.388321e-02
8.592640999999999751e-01   3.327759e+00   2.382162e-02
8.639753000000000016e-01   3.305185e+00   2.373179e-02
8.686865999999999755e-01   3.320193e+00   2.369293e-02
8.733978999999999493e-01   3.329228e+00   2.365931e-02
8.781090999999999758e-01   3.302121e+00   2.360682e-02
8.828203999999999496e-01   3.339745e+00   2.359875e-02
8.875315999999999761e-01   3.341030e+00   2.355529e-02
8.922428999999999499e-01   3.283724e+00   2.344657e-02
8.969540999999999764e-01   3.283306e+00   2.340995e-02
9.016653999999999503e-01   3.275143e+00   2.333602e-02
9.063767000000000351e-01   3.268049e+00   2.328983e-02
9.110878999999999506e-01   3.281032e+00   2.325206e-02
9.157992000000000354e-01   3.273557e+00   2.320696e-02
9.205103999999999509e-01   3.290001e+00   2.315867e-02
9.252217000000000358e-01   3.263770e+00   2.311255e-02
9.299328999999999512e-01   3.250225e+00   2.307673e-02
9.346442000000000361e-01   3.268586e+00   2.303465e-02
9.393553999999999515e-01   3.280201e+00   2.300721e-02
9.440667000000000364e-01   3.241393e+00   2.290894e-02
9.487780000000000102e-01   3.215789e+00   2.282332e-02
9.534892000000000367e-01   3.199031e+00   2.279557e-02
9.582005000000000106e-01   3.212497e+00   2.277315e-02
9.629117000000000370e-01   3.228042e+00   2.274510e-02
9.676230000000000109e-01   3.216627e+00   2.267029e-02
9.723342000000000374e-01   3.202518e+00   2.261701e-02
9.770455000000000112e-01   3.197572e+00   2.256522e-02
9.817567999999999850e-01   3.162280e+00   2.251371e-02
9.864680000000000115e-01   3.154982e+00   2.246215e-02
9.911792999999999854e-01   3.164862e+00   2.242256e-02
9.958905000000000118e-01   3.145112e+00   2.235637e-02
1.000601999999999991e+00   3.153065e+00   2.234015e-02
1.005312999999999901e+00   3.150285e+00   2.229899e-02
1.010024000000000033e+00   3.138882e+00   2.222978e-02
1.014736000000000082e+00   3.098085e+00   2.215516e-02
1.019446999999999992e+00   3.145768e+00   2.217076e-02
1.024157999999999902e+00   3.136999e+00   2.211340e-02
1.028869000000000034e+00   3.099511e+00   2.203627e-02
1.033581000000000083e+00   3.084415e+00   2.199237e-02
1.038291999999999993e+00   3.066887e+00   2.193338e-02
1.043002999999999902e+00   3.030658e+00   2.186830e-02
1.047714000000000034e+00   3.078942e+00   2.187512e-02
1.052426000000000084e+00   3.043062e+00   2.179915e-02
1.057136999999999993e+00   3.048322e+00   2.177590e-02
1.061847999999999903e+00   3.036936e+00   2.171445e-02
1.066559000000000035e+00   3.014663e+00   2.164704e-02
1.071271000000000084e+00   3.015468e+00   2.162649e-02
1.075981999999999994e+00   3.021918e+00   2.160627e-02
1.080692999999999904e+00   3.003726e+00   2.156267e-02
1.085404000000000035e+00   2.954456e+00   2.146102e-02
1.090116000000000085e+00   2.962429e+00   2.142962e-02
1.094826999999999995e+00   2.965130e+00   2.139016e-02
1.099537999999999904e+00   2.930285e+00   2.134165e-02
1.104249000000000036e+00   2.960547e+00   2.134119e-02
1.108961000000000086e+00   2.950344e+00   2.128320e-02
1.113671999999999995e+00   2.941610e+00   2.123405e-02
1.118382999999999905e+00   2.937080e+00   2.119117e-02
1.123094000000000037e+00   2.914941e+00   2.114518e-02
1.127806000000000086e+00   2.924862e+00   2.111992e-02
1.132516999999999996e+00   2.933543e+00   2.109125e-02
1.137227999999999906e+00   2.904690e+00   2.101676e-02
1.141939000000000037e+00   2.888751e+00   2.096278e-02
1.146651000000000087e+00   2.901660e+00   2.095314e-02
1.151361999999999997e+00   2.882555e+00   2.090921e-02
1.156072999999999906e+00   2.885116e+00   2.087308e-02
1.160784000000000038e+00   2.866417e+00   2.083835e-02
1.165496000000000087e+00   2.828914e+00   2.077246e-02
1.170206999999999997e+00   2.867534e+00   2.075586e-02
1.174917999999999907e+00   2.850327e+00   2.069589e-02
1.179629999999999956e+00   2.806527e+00   2.062846e-02
1.184341000000000088e+00   2.808830e+00   2.058225e-02
1.189051999999999998e+00   2.780945e+00   2.053755e-02
1.193762999999999908e+00   2.779731e+00   2.054423e-02
1.198474999999999957e+00   2.789377e+00   2.097934e-02
1.203186000000000089e+00   2.777565e+00   2.153274e-02
1.207896999999999998e+00   2.793319e+00   2.189942e-02
1.212607999999999908e+00   2.767620e+00   2.217670e-02
1.217319999999999958e+00   2.783766e+00   2.244024e-02
1.222031000000000089e+00   2.763035e+00   2.264589e-02
1.226741999999999999e+00   2.778639e+00   2.285477e-02
1.231452999999999909e+00   2.741945e+00   2.303268e-02
1.236164999999999958e+00   2.706469e+00   2.317792e-02
1.240876000000000090e+00   2.722683e+00   2.339229e-02
1.245587000000000000e+00   2.696700e+00   2.346395e-02
1.250297999999999909e+00   2.666796e+00   2.347961e-02
1.255009999999999959e+00   2.689367e+00   2.358274e-02
1.259721000000000091e+00   2.673013e+00   2.357314e-02
1.264432000000000000e+00   2.699913e+00   2.276397e-02
1.269142999999999910e+00   2.682173e+00   2.216044e-02
1.273854999999999960e+00   2.676825e+00   2.177614e-02
1.278566000000000091e+00   2.645707e+00   2.144556e-02
1.283277000000000001e+00   2.680411e+00   2.122798e-02
1.287987999999999911e+00   2.641581e+00   2.103771e-02
1.292699999999999960e+00   2.620635e+00   2.083156e-02
1.297411000000000092e+00   2.594145e+00   2.062511e-02
1.302122000000000002e+00   2.617376e+00   2.049819e-02
1.306832999999999911e+00   2.601683e+00   2.037656e-02
1.311544999999999961e+00   2.556303e+00   2.027879e-02
1.316256000000000093e+00   2.550604e+00   2.021535e-02
1.320967000000000002e+00   2.554856e+00   2.015618e-02
1.325677999999999912e+00   2.534239e+00   2.008991e-02
1.330389999999999961e+00   2.567939e+00   2.008420e-02
1.335101000000000093e+00   2.531083e+00   2.000575e-02
1.339812000000000003e+00   2.523837e+00   1.995622e-02
1.344522999999999913e+00   2.513940e+00   1.990044e-02
1.349234999999999962e+00   2.475672e+00   1.982934e-02
1.353946000000000094e+00   2.492773e+00   1.980558e-02
1.358657000000000004e+00   2.477778e+00   1.975077e-02
1.363369000000000053e+00   2.483409e+00   1.971769e-02
1.368079999999999963e+00   2.465283e+00   1.968051e-02
1.372791000000000095e+00   2.462358e+00   1.962175e-02
1.377502000000000004e+00   2.463840e+00   1.958294e-02
1.382214000000000054e+00   2.451642e+00   1.952843e-02
1.386924999999999963e+00   2.413595e+00   1.945718e-02
1.391636000000000095e+00   2.435252e+00   1.944140e-02
1.396347000000000005e+00   2.396352e+00   1.937659e-02
1.401059000000000054e+00   2.365195e+00   1.931394e-02
1.405769999999999964e+00   2.385842e+00   1.928443e-02
1.410481000000000096e+00   2.364634e+00   1.925592e-02
1.415192000000000005e+00   2.371241e+00   1.921554e-02
1.419904000000000055e+00   2.362291e+00   1.916872e-02
1.424614999999999965e+00   2.396261e+00   1.917174e-02
1.429326000000000096e+00   2.344745e+00   1.910400e-02
1.434037000000000006e+00   2.300450e+00   1.902596e-02
1.438749000000000056e+00   2.303037e+00   1.898941e-02
1.443459999999999965e+00   2.284721e+00   1.894148e-02
1.448171000000000097e+00   2.296874e+00   1.891835e-02
1.452882000000000007e+00   2.306192e+00   1.890943e-02
1.457594000000000056e+00   2.299878e+00   1.886494e-02
1.462304999999999966e+00   2.295321e+00   1.881989e-02
1.467016000000000098e+00   2.290276e+00   1.880234e-02
1.471727000000000007e+00   2.250756e+00   1.874647e-02
1.476439000000000057e+00   2.264394e+00   1.872043e-02
1.481149999999999967e+00   2.242310e+00   1.866829e-02
1.485861000000000098e+00   2.246234e+00   1.864481e-02
1.490572000000000008e+00   2.236289e+00   1.860309e-02
1.495284000000000058e+00   2.217895e+00   1.856093e-02
1.499994999999999967e+00   2.198469e+00   1.851401e-02
1.504706000000000099e+00   2.203221e+00   1.849341e-02
1.509417000000000009e+00   2.171213e+00   1.844573e-02
1.514129000000000058e+00   2.190866e+00   1.850007e-02
1.518839999999999968e+00   2.170354e+00   1.900842e-02
1.523551000000000100e+00   2.162459e+00   1.940928e-02
1.528262999999999927e+00   2.162140e+00   1.968192e-02
1.532974000000000059e+00   2.147001e+00   1.990326e-02
1.537684999999999969e+00   2.130025e+00   2.009991e-02
1.542396000000000100e+00   2.122903e+00   2.006875e-02
1.547107999999999928e+00   2.126354e+00   1.956040e-02
1.551819000000000059e+00   2.109948e+00   1.928944e-02
1.556529999999999969e+00   2.127897e+00   1.909936e-02
1.561241000000000101e+00   2.134838e+00   1.891508e-02
1.565952999999999928e+00   2.092483e+00   1.871172e-02
1.570664000000000060e+00   2.085066e+00   1.849434e-02
1.575374999999999970e+00   2.082024e+00   1.830761e-02
1.580086000000000102e+00   2.049102e+00   1.811754e-02
1.584797999999999929e+00   2.044006e+00   1.800589e-02
1.589509000000000061e+00   2.059741e+00   1.799993e-02
1.594219999999999970e+00   2.054920e+00   1.798146e-02
1.598931000000000102e+00   2.003391e+00   1.795928e-02
1.603642999999999930e+00   2.020786e+00   1.797802e-02
1.608354000000000061e+00   2.018617e+00   1.797860e-02
1.613064999999999971e+00   1.996209e+00   1.795768e-02
1.617776000000000103e+00   1.997142e+00   1.791952e-02
1.622487999999999930e+00   1.982640e+00   1.786324e-02
1.627199000000000062e+00   1.977919e+00   1.783936e-02
1.631909999999999972e+00   1.965180e+00   1.780903e-02
1.636621000000000103e+00   1.964055e+00   1.777769e-02
1.641332999999999931e+00   1.949757e+00   1.774689e-02
1.646044000000000063e+00   1.947403e+00   1.771319e-02
1.650754999999999972e+00   1.950772e+00   1.766907e-02
1.655466000000000104e+00   1.929056e+00   1.762843e-02
1.660177999999999932e+00   1.910822e+00   1.759179e-02
1.664889000000000063e+00   1.914685e+00   1.756848e-02
1.669599999999999973e+00   1.937640e+00   1.755504e-02
1.674311000000000105e+00   1.916829e+00   1.750483e-02
1.679022999999999932e+00   1.903381e+00   1.748303e-02
1.683734000000000064e+00   1.861751e+00   1.742250e-02
1.688444999999999974e+00   1.864133e+00   1.739704e-02
1.693156000000000105e+00   1.878670e+00   1.737767e-02
1.697867999999999933e+00   1.858660e+00   1.733299e-02
1.702579000000000065e+00   1.852597e+00   1.730230e-02
1.707289999999999974e+00   1.827328e+00   1.726600e-02
1.712002000000000024e+00   1.845620e+00   1.723957e-02
1.716712999999999933e+00   1.853799e+00   1.720584e-02
1.721424000000000065e+00   1.830350e+00   1.716554e-02
1.726134999999999975e+00   1.818946e+00   1.714575e-02
1.730847000000000024e+00   1.802988e+00   1.709342e-02
1.735557999999999934e+00   1.800345e+00   1.706405e-02
1.740269000000000066e+00   1.780119e+00   1.704150e-02
1.744979999999999976e+00   1.787922e+00   1.702102e-02
1.749692000000000025e+00   1.779767e+00   1.698559e-02
1.754402999999999935e+00   1.731383e+00   1.692168e-02
1.759114000000000066e+00   1.745037e+00   1.692770e-02
1.763824999999999976e+00   1.752309e+00   1.689332e-02
1.768537000000000026e+00   1.723961e+00   1.684510e-02
1.773247999999999935e+00   1.739243e+00   1.684029e-02
1.777959000000000067e+00   1.754019e+00   1.683023e-02
1.782669999999999977e+00   1.737742e+00   1.680410e-02
1.787382000000000026e+00   1.712656e+00   1.676082e-02
1.792092999999999936e+00   1.710222e+00   1.674078e-02
1.796804000000000068e+00   1.690568e+00   1.669866e-02
1.801514999999999977e+00   1.685563e+00   1.666559e-02
1.806227000000000027e+00   1.690847e+00   1.663952e-02
1.810937999999999937e+00   1.676065e+00   1.660923e-02
1.815649000000000068e+00   1.699985e+00   1.659842e-02
1.820359999999999978e+00   1.664854e+00   1.655069e-02
1.825072000000000028e+00   1.633467e+00   1.651996e-02
1.829782999999999937e+00   1.635897e+00   1.649958e-02
1.834494000000000069e+00   1.626171e+00   1.646206e-02
1.839204999999999979e+00   1.639078e+00   1.645318e-02
1.843917000000000028e+00   1.645115e+00   1.642284e-02
1.848627999999999938e+00   1.610154e+00   1.638003e-02
1.853339000000000070e+00   1.594124e+00   1.634486e-02
1.858049999999999979e+00   1.593101e+00   1.632328e-02
1.862762000000000029e+00   1.578668e+00   1.627967e-02
1.867472999999999939e+00   1.567428e+00   1.625979e-02
1.872184000000000070e+00   1.555346e+00   1.624271e-02
1.876894999999999980e+00   1.582188e+00   1.622762e-02
1.881607000000000030e+00   1.558820e+00   1.619162e-02
1.886317999999999939e+00   1.546615e+00   1.615962e-02
1.891029000000000071e+00   1.558471e+00   1.614685e-02
1.895740999999999898e+00   1.538363e+00   1.611770e-02
1.900452000000000030e+00   1.519008e+00   1.607876e-02
1.905162999999999940e+00   1.525956e+00   1.606623e-02
1.909874000000000072e+00   1.545818e+00   1.605476e-02
1.914585999999999899e+00   1.537138e+00   1.602965e-02
1.919297000000000031e+00   1.512974e+00   1.600900e-02
1.924007999999999940e+00   1.521941e+00   1.598765e-02
1.928719000000000072e+00   1.493569e+00   1.593901e-02
1.933430999999999900e+00   1.492251e+00   1.591153e-02
1.938142000000000031e+00   1.469860e+00   1.584838e-02
1.942852999999999941e+00   1.484518e+00   1.581584e-02
1.947564000000000073e+00   1.476049e+00   1.575468e-02
1.952275999999999900e+00   1.453907e+00   1.571490e-02
1.956987000000000032e+00   1.477713e+00   1.570415e-02
1.961697999999999942e+00   1.471871e+00   1.569725e-02
1.966409000000000074e+00   1.442711e+00   1.565681e-02
1.971120999999999901e+00   1.428173e+00   1.562176e-02
1.975832000000000033e+00   1.425842e+00   1.561597e-02
1.980542999999999942e+00   1.413242e+00   1.560431e-02
1.985254000000000074e+00   1.416441e+00   1.559817e-02
1.989965999999999902e+00   1.416555e+00   1.560285e-02
1.994677000000000033e+00   1.424828e+00   1.561138e-02
1.999387999999999943e+00   1.428102e+00   1.563470e-02
2.004099000000000075e+00   1.416635e+00   1.599517e-02
2.008811000000000124e+00   1.387419e+00   1.632341e-02
2.013522000000000034e+00   1.375971e+00   1.651853e-02
2.018232999999999944e+00   1.364847e+00   1.669362e-02
2.022943999999999853e+00   1.345554e+00   1.684409e-02
2.027655999999999903e+00   1.366992e+00   1.699910e-02
2.032366999999999813e+00   1.348531e+00   1.707986e-02
2.037078000000000166e+00   1.338701e+00   1.711122e-02
2.041789000000000076e+00   1.342838e+00   1.718488e-02
2.046501000000000126e+00   1.347559e+00   1.722474e-02
2.051212000000000035e+00   1.316052e+00   1.722693e-02
2.055922999999999945e+00   1.333890e+00   1.729979e-02
2.060633999999999855e+00   1.329926e+00   1.731837e-02
2.065345999999999904e+00   1.316810e+00   1.727427e-02
2.070056999999999814e+00   1.309197e+00   1.676078e-02
2.074768000000000168e+00   1.321659e+00   1.644353e-02
2.079480000000000217e+00   1.335355e+00   1.622653e-02
2.084191000000000127e+00   1.309303e+00   1.602918e-02
2.088902000000000037e+00   1.287265e+00   1.587495e-02
2.093612999999999946e+00   1.298510e+00   1.576442e-02
2.098324999999999996e+00   1.278425e+00   1.569244e-02
2.103035999999999905e+00   1.268124e+00   1.563134e-02
2.107746999999999815e+00   1.259763e+00   1.558909e-02
2.112458000000000169e+00   1.240704e+00   1.553666e-02
2.117170000000000218e+00   1.229927e+00   1.549824e-02
2.121881000000000128e+00   1.233207e+00   1.544948e-02
2.126592000000000038e+00   1.250911e+00   1.543235e-02
2.131302999999999948e+00   1.243220e+00   1.541023e-02
2.136014999999999997e+00   1.227097e+00   1.536540e-02
2.140725999999999907e+00   1.223046e+00   1.533343e-02
2.145436999999999816e+00   1.233091e+00   1.531063e-02
2.150148000000000170e+00   1.236406e+00   1.529066e-02
2.154860000000000220e+00   1.203964e+00   1.524008e-02
2.159571000000000129e+00   1.207038e+00   1.521392e-02
2.164282000000000039e+00   1.182429e+00   1.517819e-02
2.168992999999999949e+00   1.184062e+00   1.514895e-02
2.173704999999999998e+00   1.169356e+00   1.509876e-02
2.178415999999999908e+00   1.180312e+00   1.509832e-02
2.183126999999999818e+00   1.183088e+00   1.507937e-02
2.187838000000000171e+00   1.183803e+00   1.505867e-02
2.192550000000000221e+00   1.179432e+00   1.503884e-02
2.197261000000000131e+00   1.188330e+00   1.502080e-02
2.201972000000000040e+00   1.142118e+00   1.496409e-02
2.206682999999999950e+00   1.149262e+00   1.496012e-02
2.211395000000000000e+00   1.160591e+00   1.493511e-02
2.216105999999999909e+00   1.155634e+00   1.490042e-02
2.220816999999999819e+00   1.158256e+00   1.488394e-02
2.225528000000000173e+00   1.144413e+00   1.486408e-02
2.230239999999999778e+00   1.127642e+00   1.482080e-02
2.234951000000000132e+00   1.124010e+00   1.480363e-02
2.239662000000000042e+00   1.109400e+00   1.478015e-02
2.244372999999999951e+00   1.107950e+00   1.476938e-02
2.249085000000000001e+00   1.112703e+00   1.475028e-02
2.253795999999999911e+00   1.089938e+00   1.469948e-02
2.258506999999999820e+00   1.069413e+00   1.466562e-02
2.263218999999999870e+00   1.089503e+00   1.464882e-02
2.267929999999999779e+00   1.090602e+00   1.464596e-02
2.272641000000000133e+00   1.093176e+00   1.463719e-02
2.277352000000000043e+00   1.080513e+00   1.459679e-02
2.282064000000000092e+00   1.064168e+00   1.456014e-02
2.286775000000000002e+00   1.057926e+00   1.455769e-02
2.291485999999999912e+00   1.046559e+00   1.453114e-02
2.296196999999999822e+00   1.066080e+00   1.451614e-02
2.300908999999999871e+00   1.054892e+00   1.448534e-02
2.305619999999999781e+00   1.049943e+00   1.446860e-02
2.310331000000000135e+00   1.038087e+00   1.443902e-02
2.315042000000000044e+00   1.040342e+00   1.442296e-02
2.319754000000000094e+00   1.016627e+00   1.439029e-02
2.324465000000000003e+00   1.022440e+00   1.437767e-02
2.329175999999999913e+00   1.030819e+00   1.436517e-02
2.333886999999999823e+00   1.016002e+00   1.433792e-02
2.338598999999999872e+00   9.970439e-01   1.431464e-02
2.343309999999999782e+00   1.002646e+00   1.430236e-02
2.348021000000000136e+00   1.019971e+00   1.429652e-02
2.352732000000000046e+00   1.006188e+00   1.427840e-02
2.357444000000000095e+00   9.948063e-01   1.425801e-02
2.362155000000000005e+00   9.891485e-01   1.422578e-02
2.366865999999999914e+00   9.754897e-01   1.421469e-02
2.371576999999999824e+00   9.818656e-01   1.419552e-02
2.376288999999999874e+00   9.690960e-01   1.415908e-02
2.380999999999999783e+00   9.700837e-01   1.414691e-02
2.385711000000000137e+00   9.476950e-01   1.411067e-02
2.390422000000000047e+00   9.711432e-01   1.411576e-02
2.395134000000000096e+00   9.579139e-01   1.408617e-02
2.399845000000000006e+00   9.675569e-01   1.408521e-02
2.404555999999999916e+00   9.473012e-01   1.406893e-02
2.409266999999999825e+00   9.590686e-01   1.405454e-02
2.413978999999999875e+00   9.630048e-01   1.401921e-02
2.418689999999999785e+00   9.657319e-01   1.401964e-02
2.423401000000000138e+00   9.246570e-01   1.397293e-02
2.428112000000000048e+00   9.318306e-01   1.395998e-02
2.432824000000000098e+00   9.404863e-01   1.395579e-02
2.437535000000000007e+00   9.108724e-01   1.392275e-02
2.442245999999999917e+00   9.202882e-01   1.391711e-02
2.446957999999999966e+00   9.176622e-01   1.390105e-02
2.451668999999999876e+00   9.171841e-01   1.387867e-02
2.456379999999999786e+00   9.123044e-01   1.385088e-02
2.461091000000000140e+00   8.963427e-01   1.382226e-02
2.465803000000000189e+00   9.283477e-01   1.385276e-02
2.470514000000000099e+00   9.051549e-01   1.381248e-02
2.475225000000000009e+00   8.889701e-01   1.378775e-02
2.479935999999999918e+00   8.959948e-01   1.377496e-02
2.484647999999999968e+00   9.047381e-01   1.377481e-02
2.489358999999999877e+00   8.892398e-01   1.373759e-02
2.494069999999999787e+00   8.962287e-01   1.371580e-02
2.498781000000000141e+00   8.863163e-01   1.370704e-02
2.503493000000000190e+00   8.813024e-01   1.370171e-02
2.508204000000000100e+00   8.681991e-01   1.365877e-02
2.512915000000000010e+00   8.657975e-01   1.363442e-02
2.517625999999999920e+00   8.550863e-01   1.360271e-02
2.522337999999999969e+00   8.502694e-01   1.357247e-02
2.527048999999999879e+00   8.553655e-01   1.354447e-02
2.531759999999999788e+00   8.444170e-01   1.353136e-02
2.536471000000000142e+00   8.544909e-01   1.351993e-02
2.541183000000000192e+00   8.402862e-01   1.350239e-02
2.545894000000000101e+00   8.356542e-01   1.348390e-02
2.550605000000000011e+00   8.217808e-01   1.345476e-02
2.555315999999999921e+00   8.257273e-01   1.345255e-02
2.560027999999999970e+00   8.327890e-01   1.344289e-02
2.564738999999999880e+00   8.234958e-01   1.343277e-02
2.569449999999999790e+00   8.100491e-01   1.342268e-02
2.574161000000000143e+00   8.143152e-01   1.343013e-02
2.578873000000000193e+00   8.286583e-01   1.343483e-02
2.583584000000000103e+00   8.380571e-01   1.343197e-02
2.588295000000000012e+00   8.192904e-01   1.340199e-02
2.593005999999999922e+00   7.968248e-01   1.337579e-02
2.597717999999999972e+00   8.094821e-01   1.337611e-02
2.602428999999999881e+00   7.992979e-01   1.334323e-02
2.607139999999999791e+00   7.871369e-01   1.333376e-02
2.611851000000000145e+00   7.938499e-01   1.332166e-02
2.616563000000000194e+00   7.916834e-01   1.330928e-02
2.621274000000000104e+00   7.822376e-01   1.328433e-02
2.625985000000000014e+00   7.671747e-01   1.326166e-02
2.630697000000000063e+00   7.684683e-01   1.324745e-02
2.635407999999999973e+00   7.629895e-01   1.323933e-02
2.640118999999999883e+00   7.776737e-01   1.323643e-02
2.644829999999999792e+00   7.702084e-01   1.320877e-02
2.649541999999999842e+00   7.725350e-01   1.320316e-02
2.654253000000000196e+00   7.563728e-01   1.318130e-02
2.658964000000000105e+00   7.462337e-01   1.316556e-02
2.663675000000000015e+00   7.350086e-01   1.314785e-02
2.668387000000000064e+00   7.537921e-01   1.313965e-02
2.673097999999999974e+00   7.428026e-01   1.311828e-02
2.677808999999999884e+00   7.395366e-01   1.311176e-02
2.682519999999999794e+00   7.471974e-01   1.310641e-02
2.687231999999999843e+00   7.420847e-01   1.308343e-02
2.691943000000000197e+00   7.338599e-01   1.305768e-02
2.696654000000000106e+00   7.418493e-01   1.305509e-02
2.701365000000000016e+00   7.462204e-01   1.305800e-02
2.706077000000000066e+00   7.408509e-01   1.303259e-02
2.710787999999999975e+00   7.341876e-01   1.302692e-02
2.715498999999999885e+00   7.199175e-01   1.299832e-02
2.720209999999999795e+00   7.321330e-01   1.299310e-02
2.724921999999999844e+00   7.196764e-01   1.297625e-02
2.729633000000000198e+00   7.060041e-01   1.295203e-02
2.734344000000000108e+00   6.973778e-01   1.293391e-02
2.739055000000000017e+00   7.098596e-01   1.293323e-02
2.743767000000000067e+00   7.126224e-01   1.290759e-02
2.748477999999999977e+00   6.956111e-01   1.289651e-02
2.753188999999999886e+00   6.978018e-01   1.289319e-02
2.757899999999999796e+00   6.901194e-01   1.287377e-02
2.762611999999999846e+00   6.878416e-01   1.285853e-02
2.767323000000000199e+00   6.894447e-01   1.284790e-02
2.772034000000000109e+00   6.824565e-01   1.283488e-02
2.776745000000000019e+00   6.726680e-01   1.281695e-02
2.781457000000000068e+00   6.735020e-01   1.279357e-02
2.786167999999999978e+00   6.845834e-01   1.278985e-02
2.790878999999999888e+00   6.877704e-01   1.278725e-02
2.795589999999999797e+00   6.628834e-01   1.275930e-02
2.800301999999999847e+00   6.656203e-01   1.276171e-02
2.805013000000000201e+00   6.779612e-01   1.280929e-02
2.809724000000000110e+00   6.802364e-01   1.313863e-02
2.814436000000000160e+00   6.631184e-01   1.332432e-02
2.819147000000000070e+00   6.386244e-01   1.347740e-02
2.823857999999999979e+00   6.547323e-01   1.360786e-02
2.828568999999999889e+00   6.585573e-01   1.368654e-02
2.833280999999999938e+00   6.846579e-01   1.375163e-02
2.837991999999999848e+00   6.423943e-01   1.376724e-02
2.842703000000000202e+00   6.400134e-01   1.379846e-02
2.847414000000000112e+00   6.654551e-01   1.384979e-02
2.852126000000000161e+00   6.511607e-01   1.387787e-02
2.856837000000000071e+00   6.432377e-01   1.389629e-02
2.861547999999999981e+00   6.452086e-01   1.392865e-02
2.866258999999999890e+00   6.179953e-01   1.393474e-02
2.870970999999999940e+00   6.172000e-01   1.383449e-02
2.875681999999999849e+00   6.213075e-01   1.348777e-02
2.880393000000000203e+00   6.166494e-01   1.326685e-02
2.885104000000000113e+00   6.149685e-01   1.313509e-02
2.889816000000000162e+00   6.238785e-01   1.303135e-02
2.894527000000000072e+00   6.243025e-01   1.298321e-02
2.899237999999999982e+00   6.294163e-01   1.293242e-02
2.903948999999999891e+00   5.968583e-01   1.288183e-02
2.908660999999999941e+00   6.154587e-01   1.286555e-02
2.913371999999999851e+00   6.171616e-01   1.284571e-02
2.918083000000000204e+00   6.157485e-01   1.282098e-02
2.922794000000000114e+00   5.960379e-01   1.277725e-02
2.927506000000000164e+00   5.900347e-01   1.275763e-02
2.932217000000000073e+00   5.954557e-01   1.274219e-02
2.936927999999999983e+00   5.846095e-01   1.271518e-02
2.941638999999999893e+00   5.812189e-01   1.269793e-02
2.946350999999999942e+00   5.988546e-01   1.268344e-02
2.951061999999999852e+00   5.939772e-01   1.266652e-02
2.955773000000000206e+00   5.853884e-01   1.264658e-02
2.960484000000000115e+00   5.757851e-01   1.261619e-02
2.965196000000000165e+00   5.709619e-01   1.259398e-02
2.969907000000000075e+00   5.758678e-01   1.259290e-02
2.974617999999999984e+00   5.868397e-01   1.258058e-02
2.979328999999999894e+00   5.775919e-01   1.255466e-02
2.984040999999999944e+00   5.696867e-01   1.253622e-02
2.988751999999999853e+00   5.741235e-01   1.252436e-02
2.993463000000000207e+00   5.623466e-01   1.250514e-02
2.998174999999999812e+00   5.569697e-01   1.248833e-02
3.002886000000000166e+00   5.701174e-01   1.248101e-02
3.007597000000000076e+00   5.472631e-01   1.244707e-02
3.012307999999999986e+00   5.478234e-01   1.244451e-02
3.017020000000000035e+00   5.396343e-01   1.241468e-02
3.021730999999999945e+00   5.541718e-01   1.241971e-02
3.026441999999999855e+00   5.468363e-01   1.239465e-02
3.031153000000000208e+00   5.423978e-01   1.238374e-02
3.035864999999999814e+00   5.523354e-01   1.237470e-02
3.040576000000000167e+00   5.427168e-01   1.235627e-02
3.045287000000000077e+00   5.369217e-01   1.233346e-02
3.049997999999999987e+00   5.479647e-01   1.233680e-02
3.054710000000000036e+00   5.465341e-01   1.231221e-02
3.059420999999999946e+00   5.522004e-01   1.230340e-02
3.064131999999999856e+00   5.431055e-01   1.228441e-02
3.068843000000000210e+00   5.250421e-01   1.226556e-02
3.073554999999999815e+00   5.332680e-01   1.225763e-02
3.078266000000000169e+00   5.276225e-01   1.224159e-02
3.082977000000000078e+00   5.397759e-01   1.223978e-02
3.087687999999999988e+00   5.327964e-01   1.222284e-02
3.092400000000000038e+00   5.224503e-01   1.220845e-02
3.097110999999999947e+00   5.348111e-01   1.219333e-02
3.101821999999999857e+00   5.360760e-01   1.218504e-02
3.106533000000000211e+00   5.014558e-01   1.216893e-02
3.111244999999999816e+00   5.326390e-01   1.216136e-02
3.115956000000000170e+00   5.284874e-01   1.214742e-02
3.120667000000000080e+00   5.206492e-01   1.212668e-02
3.125377999999999989e+00   5.108372e-01   1.211038e-02
3.130090000000000039e+00   5.030831e-01   1.210059e-02
3.134800999999999949e+00   4.927372e-01   1.208022e-02
3.139511999999999858e+00   5.084057e-01   1.207897e-02
3.144223000000000212e+00   5.223493e-01   1.209009e-02
3.148934999999999818e+00   5.013424e-01   1.206297e-02
3.153646000000000171e+00   4.955114e-01   1.203927e-02
3.158357000000000081e+00   5.030340e-01   1.204313e-02
3.163067999999999991e+00   4.944771e-01   1.202228e-02
3.167780000000000040e+00   5.074047e-01   1.202069e-02
3.172490999999999950e+00   5.059881e-01   1.201212e-02
3.177201999999999860e+00   4.959413e-01   1.200080e-02
3.181913999999999909e+00   4.937836e-01   1.199394e-02
3.186624999999999819e+00   4.937884e-01   1.197779e-02
3.191336000000000173e+00   4.695890e-01   1.193853e-02
3.196047000000000082e+00   4.665577e-01   1.191887e-02
3.200759000000000132e+00   4.862681e-01   1.190206e-02
3.205470000000000041e+00   4.854986e-01   1.189338e-02
3.210180999999999951e+00   4.694400e-01   1.187395e-02
3.214891999999999861e+00   4.616072e-01   1.185252e-02
3.219603999999999910e+00   4.776978e-01   1.184457e-02
3.224314999999999820e+00   4.738762e-01   1.184178e-02
3.229026000000000174e+00   4.800721e-01   1.183856e-02
3.233737000000000084e+00   4.622491e-01   1.180695e-02
3.238449000000000133e+00   4.613732e-01   1.180131e-02
3.243160000000000043e+00   4.513606e-01   1.179634e-02
3.247870999999999952e+00   4.721634e-01   1.180274e-02
3.252581999999999862e+00   4.648599e-01   1.180000e-02
3.257293999999999912e+00   4.748065e-01   1.180649e-02
3.262004999999999821e+00   4.667142e-01   1.179567e-02
3.266716000000000175e+00   4.597825e-01   1.178342e-02
3.271427000000000085e+00   4.676397e-01   1.177370e-02
3.276139000000000134e+00   4.592658e-01   1.177247e-02
3.280850000000000044e+00   4.603473e-01   1.175375e-02
3.285560999999999954e+00   4.763271e-01   1.175558e-02
3.290271999999999863e+00   4.421526e-01   1.172389e-02
3.294983999999999913e+00   4.404783e-01   1.170716e-02
3.299694999999999823e+00   4.449191e-01   1.170551e-02
3.304406000000000176e+00   4.526224e-01   1.171227e-02
3.309117000000000086e+00   4.533894e-01   1.169696e-02
3.313829000000000136e+00   4.434349e-01   1.167037e-02
3.318540000000000045e+00   4.579381e-01   1.167614e-02
3.323250999999999955e+00   4.330998e-01   1.165092e-02
3.327961999999999865e+00   4.317293e-01   1.164064e-02
3.332673999999999914e+00   4.468667e-01   1.165367e-02
3.337384999999999824e+00   4.383614e-01   1.163727e-02
3.342096000000000178e+00   4.455187e-01   1.162506e-02
3.346807000000000087e+00   4.364033e-01   1.160304e-02
3.351519000000000137e+00   4.280379e-01   1.160075e-02
3.356230000000000047e+00   4.219199e-01   1.159451e-02
3.360940999999999956e+00   4.317252e-01   1.158012e-02
3.365653000000000006e+00   4.131121e-01   1.155249e-02
3.370363999999999916e+00   4.335745e-01   1.156688e-02
3.375074999999999825e+00   4.151138e-01   1.154043e-02
3.379786000000000179e+00   4.302513e-01   1.154465e-02
3.384497999999999784e+00   4.259956e-01   1.154371e-02
3.389209000000000138e+00   4.314305e-01   1.160911e-02
3.393920000000000048e+00   4.284460e-01   1.186595e-02
3.398630999999999958e+00   4.273820e-01   1.203458e-02
3.403343000000000007e+00   4.003147e-01   1.213680e-02
3.408053999999999917e+00   4.018425e-01   1.223109e-02
3.412764999999999826e+00   4.093286e-01   1.228124e-02
3.417476000000000180e+00   4.092223e-01   1.227469e-02
3.422187999999999786e+00   4.243189e-01   1.228904e-02
3.426899000000000139e+00   4.165719e-01   1.230604e-02
3.431610000000000049e+00   3.974008e-01   1.232673e-02
3.436320999999999959e+00   4.079182e-01   1.236538e-02
3.441033000000000008e+00   4.208987e-01   1.240451e-02
3.445743999999999918e+00   4.172973e-01   1.240950e-02
3.450454999999999828e+00   3.917644e-01   1.242963e-02
3.455166000000000182e+00   3.949522e-01   1.244676e-02
3.459877999999999787e+00   4.155316e-01   1.248847e-02
3.464589000000000141e+00   3.945857e-01   1.249425e-02
3.469300000000000050e+00   4.189096e-01   1.252350e-02
3.474010999999999960e+00   4.089408e-01   1.253703e-02
3.478723000000000010e+00   3.991904e-01   1.254579e-02
3.483433999999999919e+00   4.091642e-01   1.256794e-02
3.488144999999999829e+00   3.718663e-01   1.256200e-02
3.492856000000000183e+00   3.995391e-01   1.259549e-02
3.497567999999999788e+00   3.842398e-01   1.261466e-02
3.502279000000000142e+00   3.971570e-01   1.263272e-02
3.506990000000000052e+00   4.012099e-01   1.263406e-02
3.511700999999999961e+00   4.077313e-01   1.266305e-02
3.516413000000000011e+00   4.031114e-01   1.267175e-02
3.521123999999999921e+00   3.906986e-01   1.267838e-02
3.525834999999999830e+00   3.850058e-01   1.269437e-02
3.530546000000000184e+00   3.810333e-01   1.270399e-02
3.535257999999999790e+00   3.854711e-01   1.271234e-02
3.539969000000000143e+00   3.757186e-01   1.271790e-02
3.544680000000000053e+00   3.803087e-01   1.273036e-02
3.549392000000000102e+00   3.622038e-01   1.273654e-02
3.554103000000000012e+00   3.635565e-01   1.274687e-02
3.558813999999999922e+00   3.908420e-01   1.278152e-02
3.563524999999999832e+00   3.851592e-01   1.279239e-02
3.568236999999999881e+00   3.856807e-01   1.278476e-02
3.572947999999999791e+00   3.720549e-01   1.280085e-02
3.577659000000000145e+00   3.552671e-01   1.279977e-02
3.582370000000000054e+00   3.561894e-01   1.280041e-02
3.587082000000000104e+00   3.545242e-01   1.281051e-02
3.591793000000000013e+00   3.806404e-01   1.283972e-02
3.596503999999999923e+00   3.808598e-01   1.283755e-02
3.601214999999999833e+00   3.542880e-01   1.281108e-02
3.605926999999999882e+00   3.584088e-01   1.283691e-02
3.610637999999999792e+00   3.583598e-01   1.306192e-02
3.615349000000000146e+00   3.600239e-01   1.344691e-02
3.620060000000000056e+00   3.595484e-01   1.367847e-02
3.624772000000000105e+00   3.556057e-01   1.385797e-02
3.629483000000000015e+00   3.689469e-01   1.396339e-02
3.634193999999999924e+00   3.573692e-01   1.405246e-02
3.638904999999999834e+00   3.508177e-01   1.413627e-02
3.643616999999999884e+00   3.582214e-01   1.422499e-02
3.648327999999999793e+00   3.617844e-01   1.429700e-02
3.653039000000000147e+00   3.510778e-01   1.435954e-02
3.657750000000000057e+00   3.483645e-01   1.442871e-02
3.662462000000000106e+00   3.589395e-01   1.451095e-02
3.667173000000000016e+00   3.525246e-01   1.457431e-02
3.671883999999999926e+00   3.442979e-01   1.463589e-02
3.676594999999999835e+00   3.434799e-01   1.468857e-02
3.681306999999999885e+00   3.594314e-01   1.477406e-02
3.686017999999999795e+00   3.535399e-01   1.484138e-02
3.690729000000000148e+00   3.365107e-01   1.487474e-02
3.695440000000000058e+00   3.568252e-01   1.497086e-02
3.700152000000000108e+00   3.693525e-01   1.504142e-02
3.704863000000000017e+00   3.447212e-01   1.507453e-02
3.709573999999999927e+00   3.485466e-01   1.514362e-02
3.714284999999999837e+00   3.466829e-01   1.520551e-02
3.718996999999999886e+00   3.328573e-01   1.525583e-02
3.723707999999999796e+00   3.494173e-01   1.532852e-02
3.728419000000000150e+00   3.667888e-01   1.539456e-02
3.733131000000000199e+00   3.509086e-01   1.544286e-02
3.737842000000000109e+00   3.332137e-01   1.549907e-02
3.742553000000000019e+00   3.141124e-01   1.553621e-02
3.747263999999999928e+00   3.115545e-01   1.557496e-02
3.751975999999999978e+00   3.231774e-01   1.565007e-02
3.756686999999999887e+00   3.198955e-01   1.571897e-02
3.761397999999999797e+00   3.446108e-01   1.579094e-02
3.766109000000000151e+00   3.397607e-01   1.583327e-02
3.770821000000000200e+00   3.092079e-01   1.587447e-02
3.775532000000000110e+00   3.099495e-01   1.593961e-02
3.780243000000000020e+00   3.147471e-01   1.599294e-02
3.784953999999999930e+00   3.221130e-01   1.605496e-02
3.789665999999999979e+00   3.242157e-01   1.611689e-02
3.794376999999999889e+00   3.295728e-01   1.617932e-02
3.799087999999999798e+00   2.861717e-01   1.620107e-02
3.803799000000000152e+00   3.034980e-01   1.627090e-02
3.808511000000000202e+00   3.030254e-01   1.634133e-02
3.813222000000000111e+00   3.185153e-01   1.638911e-02
3.817933000000000021e+00   3.060158e-01   1.644032e-02
3.822643999999999931e+00   3.161428e-01   1.651083e-02
3.827355999999999980e+00   3.023112e-01   1.655119e-02
3.832066999999999890e+00   3.078817e-01   1.662387e-02
3.836777999999999800e+00   2.998958e-01   1.667607e-02
3.841489000000000154e+00   3.202366e-01   1.676588e-02
3.846201000000000203e+00   3.274472e-01   1.682833e-02
3.850912000000000113e+00   3.234034e-01   1.688051e-02
3.855623000000000022e+00   3.264143e-01   1.693142e-02
3.860333999999999932e+00   3.212174e-01   1.696113e-02
3.865045999999999982e+00   3.212037e-01   1.704005e-02
3.869756999999999891e+00   2.972029e-01   1.707256e-02
3.874467999999999801e+00   2.806758e-01   1.710885e-02
3.879179000000000155e+00   3.056572e-01   1.719388e-02
3.883891000000000204e+00   3.005763e-01   1.724962e-02
3.888602000000000114e+00   3.021416e-01   1.733157e-02
3.893313000000000024e+00   2.988591e-01   1.738738e-02
3.898023999999999933e+00   2.913777e-01   1.742499e-02
3.902735999999999983e+00   2.922826e-01   1.747278e-02
3.907446999999999893e+00   2.929568e-01   1.754549e-02
3.912157999999999802e+00   3.007575e-01   1.761323e-02
3.916869999999999852e+00   3.262570e-01   1.765156e-02
3.921581000000000206e+00   3.322578e-01   1.767592e-02
3.926292000000000115e+00   3.071146e-01   1.769338e-02
3.931003000000000025e+00   2.955488e-01   1.773690e-02
3.935715000000000074e+00   2.912770e-01   1.778547e-02
3.940425999999999984e+00   2.966216e-01   1.780071e-02
3.945136999999999894e+00   2.874162e-01   1.780143e-02
3.949847999999999804e+00   3.030868e-01   1.785444e-02
3.954559999999999853e+00   2.949872e-01   1.787795e-02
3.959271000000000207e+00   3.102671e-01   1.790005e-02
3.963982000000000117e+00   3.101886e-01   1.789253e-02
3.968693000000000026e+00   3.122311e-01   1.795189e-02
3.973405000000000076e+00   3.156776e-01   1.800345e-02
3.978115999999999985e+00   2.733486e-01   1.801892e-02
3.982826999999999895e+00   2.801610e-01   1.810604e-02
3.987537999999999805e+00   2.665354e-01   1.814450e-02
3.992249999999999854e+00   2.517754e-01   1.817326e-02
3.996961000000000208e+00   2.783858e-01   1.824971e-02
4.001672000000000118e+00   2.848522e-01   1.831629e-02
4.006382999999999583e+00   2.810442e-01   1.838886e-02
4.011095000000000077e+00   3.097874e-01   1.849438e-02
4.015806000000000431e+00   2.874080e-01   1.851176e-02
4.020516999999999896e+00   2.910815e-01   1.857539e-02
4.025228000000000250e+00   2.887909e-01   1.863431e-02
4.029939999999999856e+00   2.852756e-01   1.869475e-02
4.034651000000000209e+00   2.627625e-01   1.873948e-02
4.039361999999999675e+00   2.605627e-01   1.880275e-02
4.044073000000000029e+00   2.574594e-01   1.885923e-02
4.048784999999999634e+00   2.979523e-01   1.898318e-02
4.053495999999999988e+00   2.942789e-01   1.903433e-02
4.058207000000000342e+00   3.005088e-01   1.910208e-02
4.062917999999999807e+00   2.977214e-01   1.917605e-02
4.067630000000000301e+00   2.765200e-01   1.922151e-02
4.072340999999999767e+00   2.818469e-01   1.925682e-02
4.077052000000000120e+00   2.466990e-01   1.930997e-02
4.081762999999999586e+00   3.034889e-01   1.943732e-02
4.086475000000000080e+00   3.138709e-01   1.954236e-02
4.091186000000000433e+00   3.116438e-01   1.960954e-02
4.095896999999999899e+00   2.792926e-01   1.963514e-02
4.100609000000000393e+00   2.711872e-01   1.967617e-02
4.105319999999999858e+00   2.655542e-01   1.974933e-02
4.110031000000000212e+00   2.745416e-01   1.985075e-02
4.114741999999999678e+00   2.875528e-01   1.992031e-02
4.119454000000000171e+00   2.647233e-01   1.997006e-02
4.124164999999999637e+00   2.711958e-01   2.006490e-02
4.128875999999999991e+00   2.740872e-01   2.013114e-02
4.133587000000000344e+00   2.790569e-01   2.021940e-02
4.138298999999999950e+00   2.635566e-01   2.025530e-02
4.143010000000000304e+00   2.894695e-01   2.033055e-02
4.147720999999999769e+00   2.815964e-01   2.040425e-02
4.152432000000000123e+00   2.532392e-01   2.048074e-02
4.157143999999999728e+00   2.436466e-01   2.055196e-02
4.161855000000000082e+00   2.489399e-01   2.059744e-02
4.166566000000000436e+00   2.518783e-01   2.068048e-02
4.171276999999999902e+00   2.659267e-01   2.078992e-02
4.175989000000000395e+00   2.536965e-01   2.086917e-02
4.180699999999999861e+00   2.741597e-01   2.101844e-02
4.185411000000000215e+00   2.938590e-01   2.109237e-02
4.190121999999999680e+00   2.294818e-01   2.110105e-02
4.194834000000000174e+00   2.041246e-01   2.113155e-02
4.199544999999999639e+00   2.327208e-01   2.124478e-02
4.204255999999999993e+00   2.475217e-01   2.133360e-02
4.208967000000000347e+00   2.488483e-01   2.143686e-02
4.213678999999999952e+00   2.692034e-01   2.151104e-02
4.218390000000000306e+00   2.848678e-01   2.164373e-02
4.223100999999999772e+00   2.754285e-01   2.171126e-02
4.227812000000000126e+00   2.534258e-01   2.174322e-02
4.232523999999999731e+00   2.238413e-01   2.180078e-02
4.237235000000000085e+00   2.458847e-01   2.192200e-02
4.241946000000000438e+00   2.430281e-01   2.203043e-02
4.246656999999999904e+00   2.412437e-01   2.215386e-02
4.251369000000000398e+00   2.492247e-01   2.225376e-02
4.256079999999999863e+00   2.404427e-01   2.233989e-02
4.260791000000000217e+00   2.467684e-01   2.240766e-02
4.265501999999999683e+00   2.318765e-01   2.249946e-02
4.270214000000000176e+00   2.490474e-01   2.261409e-02
4.274924999999999642e+00   2.732374e-01   2.268461e-02
4.279635999999999996e+00   2.748027e-01   2.277573e-02
4.284347999999999601e+00   2.523853e-01   2.288987e-02
4.289058999999999955e+00   2.957191e-01   2.304737e-02
4.293770000000000309e+00   2.566741e-01   2.311007e-02
4.298480999999999774e+00   2.375955e-01   2.317339e-02
4.303193000000000268e+00   2.243704e-01   2.325255e-02
4.307903999999999733e+00   2.332765e-01   2.335950e-02
4.312615000000000087e+00   2.411087e-01   2.349342e-02
4.317326000000000441e+00   2.593045e-01   2.358110e-02
4.322038000000000046e+00   2.393709e-01   2.369735e-02
4.326749000000000400e+00   2.758022e-01   2.385008e-02
4.331459999999999866e+00   2.570556e-01   2.391372e-02
4.336171000000000220e+00   2.163934e-01   2.397884e-02
4.340882999999999825e+00   2.286148e-01   2.411843e-02
4.345594000000000179e+00   2.520897e-01   2.421514e-02
4.350304999999999644e+00   2.464879e-01   2.438790e-02
4.355015999999999998e+00   2.656820e-01   2.450120e-02
4.359727999999999604e+00   2.279202e-01   2.457403e-02
4.364438999999999957e+00   2.385801e-01   2.469846e-02
4.369150000000000311e+00   2.381713e-01   2.481570e-02
4.373860999999999777e+00   2.285476e-01   2.493580e-02
4.378573000000000270e+00   2.832540e-01   2.516296e-02
4.383283999999999736e+00   2.939283e-01   2.529381e-02
4.387995000000000090e+00   2.307908e-01   2.528605e-02
4.392706000000000444e+00   2.049661e-01   2.533891e-02
4.397418000000000049e+00   2.405210e-01   2.547674e-02
4.402129000000000403e+00   2.239576e-01   2.550105e-02
4.406839999999999868e+00   2.372527e-01   2.552391e-02
4.411551000000000222e+00   2.197955e-01   2.556709e-02
4.416262999999999828e+00   2.498183e-01   2.562051e-02
4.420974000000000181e+00   2.266973e-01   2.565913e-02
4.425684999999999647e+00   2.395142e-01   2.564909e-02
4.430396000000000001e+00   2.115091e-01   2.562894e-02
4.435107999999999606e+00   2.038495e-01   2.563275e-02
4.439818999999999960e+00   2.259197e-01   2.571526e-02
4.444530000000000314e+00   2.532729e-01   2.585383e-02
4.449240999999999779e+00   2.126306e-01   2.593108e-02
4.453953000000000273e+00   2.146293e-01   2.608449e-02
4.458663999999999739e+00   2.129387e-01   2.618801e-02
4.463375000000000092e+00   2.208280e-01   2.639400e-02
4.468086999999999698e+00   2.068358e-01   2.648386e-02
4.472798000000000052e+00   2.301044e-01   2.665441e-02
4.477509000000000405e+00   2.392718e-01   2.684208e-02
4.482219999999999871e+00   2.220638e-01   2.698686e-02
4.486932000000000365e+00   2.462943e-01   2.715911e-02
4.491642999999999830e+00   2.549115e-01   2.730764e-02
4.496354000000000184e+00   2.326173e-01   2.742588e-02
4.501064999999999650e+00   2.281141e-01   2.757601e-02
4.505777000000000143e+00   2.397253e-01   2.772581e-02
4.510487999999999609e+00   2.646511e-01   2.793593e-02
4.515198999999999963e+00   2.552955e-01   2.803155e-02
4.519910000000000316e+00   2.043362e-01   2.814963e-02
4.524621999999999922e+00   2.218628e-01   2.837620e-02
4.529333000000000276e+00   2.390036e-01   2.857072e-02
4.534043999999999741e+00   2.366739e-01   2.874964e-02
4.538755000000000095e+00   1.916686e-01   2.885797e-02
4.543466999999999700e+00   2.185729e-01   2.905055e-02
4.548178000000000054e+00   2.299247e-01   2.929627e-02
4.552889000000000408e+00   2.020292e-01   2.940977e-02
4.557599999999999874e+00   2.278055e-01   2.965880e-02
4.562312000000000367e+00   2.423835e-01   2.987479e-02
4.567022999999999833e+00   2.749097e-01   3.013293e-02
4.571734000000000187e+00   2.300026e-01   3.023239e-02
4.576444999999999652e+00   2.221789e-01   3.041241e-02
4.581157000000000146e+00   2.024637e-01   3.058486e-02
4.585867999999999611e+00   2.465488e-01   3.079466e-02
4.590578999999999965e+00   2.840786e-01   3.111952e-02
4.595290000000000319e+00   2.406989e-01   3.128891e-02
4.600001999999999924e+00   1.796288e-01   3.137168e-02
4.604713000000000278e+00   2.240245e-01   3.164706e-02
4.609423999999999744e+00   2.411409e-01   3.196363e-02
4.614135000000000097e+00   2.234513e-01   3.217295e-02
4.618846999999999703e+00   1.456832e-01   3.234847e-02
4.623558000000000057e+00   1.418438e-01   3.258232e-02
4.628269000000000410e+00   1.825288e-01   3.293673e-02
4.632979999999999876e+00   1.554107e-01   3.309271e-02
4.637692000000000370e+00   1.889482e-01   3.336172e-02
4.642402999999999835e+00   2.485473e-01   3.378814e-02
4.647114000000000189e+00   2.166677e-01   3.403168e-02
4.651825999999999794e+00   1.678008e-01   3.416755e-02
4.656537000000000148e+00   1.908703e-01   3.455329e-02
4.661247999999999614e+00   2.424080e-01   3.486866e-02
4.665958999999999968e+00   1.980083e-01   3.509764e-02
4.670670999999999573e+00   1.542868e-01   3.548047e-02
4.675381999999999927e+00   1.201511e-01   3.560185e-02
4.680093000000000281e+00   1.960239e-01   3.605776e-02
4.684803999999999746e+00   1.860316e-01   3.641690e-02
4.689516000000000240e+00   2.118359e-01   3.678536e-02
4.694226999999999705e+00   1.855448e-01   3.707857e-02
4.698938000000000059e+00   2.107577e-01   3.752027e-02
4.703649000000000413e+00   2.017018e-01   3.785286e-02
4.708361000000000018e+00   2.582135e-01   3.831409e-02
4.713072000000000372e+00   2.114838e-01   3.865362e-02
4.717782999999999838e+00   2.480343e-01   3.913992e-02
4.722494000000000192e+00   2.284436e-01   3.949367e-02
4.727205999999999797e+00   1.559498e-01   3.982700e-02
4.731917000000000151e+00   1.898697e-01   4.032157e-02
4.736627999999999616e+00   2.784736e-01   4.094673e-02
4.741338999999999970e+00   2.180471e-01   4.138208e-02
4.746050999999999576e+00   1.768783e-01   4.184967e-02
4.750761999999999929e+00   2.133892e-01   4.239957e-02
4.755473000000000283e+00   2.441027e-01   4.293394e-02
4.760183999999999749e+00   1.950781e-01   4.347361e-02
4.764896000000000242e+00   2.031098e-01   4.409226e-02
4.769606999999999708e+00   2.084474e-01   4.472196e-02
4.774318000000000062e+00   1.720870e-01   4.517439e-02
4.779029000000000416e+00   1.874806e-01   4.560369e-02
4.783741000000000021e+00   2.063675e-01   4.651800e-02
4.788452000000000375e+00   1.762523e-01   4.727302e-02
4.793162999999999840e+00   1.590312e-01   4.781802e-02
4.797874000000000194e+00   1.102119e-01   4.838664e-02
4.802585999999999800e+00   1.795757e-01   4.939579e-02
4.807297000000000153e+00   2.118899e-01   5.037927e-02
4.812007999999999619e+00   2.807427e-01   5.147014e-02
4.816718999999999973e+00   2.356298e-01   5.236980e-02
4.821430999999999578e+00   2.173818e-01   5.345791e-02
4.826141999999999932e+00   1.755245e-01   5.435121e-02
4.830853000000000286e+00   1.556659e-01   5.530226e-02
4.835564999999999891e+00   2.469050e-01   5.660850e-02
4.840276000000000245e+00   2.465789e-01   5.794598e-02
4.844986999999999711e+00   1.627015e-01   5.920681e-02
4.849698000000000064e+00   7.561843e-02   6.022847e-02
4.854409999999999670e+00   1.719956e-01   6.213204e-02
4.859121000000000024e+00   1.696328e-01   6.408632e-02
4.863832000000000377e+00   2.424806e-01   6.594976e-02
4.868542999999999843e+00   2.419719e-01   6.786071e-02
4.873255000000000337e+00   2.636323e-01   7.014495e-02
4.877965999999999802e+00   2.548500e-01   7.243806e-02
4.882677000000000156e+00   2.554002e-01   7.518977e-02
4.887387999999999622e+00   2.581482e-01   7.840633e-02
4.892100000000000115e+00   2.606312e-01   8.157919e-02
4.896810999999999581e+00   2.460622e-01   8.565612e-02
4.901521999999999935e+00   2.392058e-01   8.967327e-02
4.906233000000000288e+00   2.527249e-01   9.478088e-02
4.910944999999999894e+00   1.807575e-01   1.008669e-01
4.915656000000000247e+00   2.759427e-01   1.086508e-01
4.920366999999999713e+00   2.662669e-01   1.184945e-01
4.925078000000000067e+00   3.008553e-01   1.312888e-01
4.929789999999999672e+00   1.815192e-01   1.490799e-01
4.934501000000000026e+00   3.343071e-01   1.790776e-01
4.939212000000000380e+00   1.251216e-01   2.346706e-01
4.943922999999999845e+00   1.767420e-01   4.170478e-01