# [1]
# Sample c= 15.5 mg/ml
# Intensity scaled by concentration
# Buffer subtracted data file:
# Protein DatFile = /data/visitor/mx1908/bm29/20161119/giulio/1d/mM300_151_ave.dat
# Buffer DatFile = /data/visitor/mx1908/bm29/20161119/giulio/ednaSub/mM300_151_ave_averbuffer.dat
# 
# AutoRg: Rg   =   0.7229 +/- 0.11 ( 14.7%)
# AutoRg: I(0) =   2.11 +/- 0.0017
# AutoRg: Points   71 to 218 ( 148 total)
# AutoRg: Quality: 83.1%
# 
# 
# Sample Information:
# Storage Temperature (degrees C): 20.0
# Measurement Temperature (degrees C): 19.96
# Concentration: 15.5
# Code: 
3.479420999999999903e-02   3.815952e+00   5.603102e-01
3.950545999999999919e-02   3.363616e+00   2.234150e-01
4.421672000000000102e-02   2.875770e+00   1.463584e-01
4.892798000000000286e-02   2.848658e+00   1.128816e-01
5.363923000000000302e-02   2.505232e+00   9.076845e-02
5.835048999999999791e-02   2.465369e+00   7.503883e-02
6.306174999999999975e-02   2.374201e+00   6.286070e-02
6.777299999999999991e-02   2.268444e+00   5.394176e-02
7.248425999999999481e-02   2.181865e+00   4.722124e-02
7.719552000000000358e-02   2.170104e+00   4.213485e-02
8.190677000000000374e-02   2.172042e+00   3.787528e-02
8.661802999999999864e-02   2.178250e+00   3.448932e-02
9.132928999999999353e-02   2.166506e+00   3.194653e-02
9.604053999999999369e-02   2.122509e+00   2.978249e-02
1.007518000000000025e-01   2.115971e+00   2.788474e-02
1.054631000000000041e-01   2.140187e+00   2.629555e-02
1.101743000000000028e-01   2.092590e+00   2.488391e-02
1.148856000000000044e-01   2.107044e+00   2.371379e-02
1.195968000000000031e-01   2.093806e+00   2.267767e-02
1.243081000000000047e-01   2.089517e+00   2.175623e-02
1.290193000000000034e-01   2.128038e+00   2.105732e-02
1.337306000000000050e-01   2.101976e+00   2.029249e-02
1.384419000000000066e-01   2.116868e+00   1.968959e-02
1.431531000000000053e-01   2.073452e+00   1.902678e-02
1.478644000000000069e-01   2.101588e+00   1.853906e-02
1.525756000000000057e-01   2.075178e+00   1.807331e-02
1.572869000000000073e-01   2.064025e+00   1.762055e-02
1.619981000000000060e-01   2.072303e+00   1.717665e-02
1.667094000000000076e-01   2.042839e+00   1.679884e-02
1.714206000000000063e-01   2.054988e+00   1.646116e-02
1.761319000000000079e-01   2.070150e+00   1.616793e-02
1.808432000000000095e-01   2.044291e+00   1.581875e-02
1.855544000000000082e-01   2.074228e+00   1.559535e-02
1.902657000000000098e-01   2.080477e+00   1.535593e-02
1.949769000000000085e-01   2.042401e+00   1.507101e-02
1.996882000000000101e-01   2.043477e+00   1.482686e-02
2.043994000000000089e-01   2.086827e+00   1.465791e-02
2.091107000000000105e-01   2.072609e+00   1.443050e-02
2.138220000000000121e-01   2.078175e+00   1.424644e-02
2.185332000000000108e-01   2.071753e+00   1.403807e-02
2.232445000000000124e-01   2.067600e+00   1.384992e-02
2.279557000000000111e-01   2.064130e+00   1.366777e-02
2.326670000000000127e-01   2.060017e+00   1.349747e-02
2.373782000000000114e-01   2.074126e+00   1.335201e-02
2.420895000000000130e-01   2.066587e+00   1.318092e-02
2.468007000000000117e-01   2.066434e+00   1.305004e-02
2.515120000000000133e-01   2.047762e+00   1.287640e-02
2.562232999999999872e-01   2.062268e+00   1.275693e-02
2.609345000000000137e-01   2.067603e+00   1.261658e-02
2.656457999999999875e-01   2.061783e+00   1.249718e-02
2.703570000000000140e-01   2.068801e+00   1.238143e-02
2.750682999999999878e-01   2.079304e+00   1.229854e-02
2.797795000000000143e-01   2.080262e+00   1.216136e-02
2.844907999999999881e-01   2.043726e+00   1.201123e-02
2.892021000000000175e-01   2.052825e+00   1.191355e-02
2.939132999999999885e-01   2.062392e+00   1.182516e-02
2.986246000000000178e-01   2.062117e+00   1.170741e-02
3.033357999999999888e-01   2.050590e+00   1.160336e-02
3.080471000000000181e-01   2.034307e+00   1.149330e-02
3.127582999999999891e-01   2.047706e+00   1.140564e-02
3.174696000000000184e-01   2.055461e+00   1.131203e-02
3.221808999999999923e-01   2.045425e+00   1.120904e-02
3.268921000000000188e-01   2.041029e+00   1.113426e-02
3.316033999999999926e-01   2.050680e+00   1.107538e-02
3.363146000000000191e-01   2.057841e+00   1.117035e-02
3.410258999999999929e-01   2.046242e+00   1.125399e-02
3.457371000000000194e-01   2.062460e+00   1.131617e-02
3.504483999999999932e-01   2.070453e+00   1.148047e-02
3.551596000000000197e-01   2.038649e+00   1.168432e-02
3.598708999999999936e-01   2.044626e+00   1.183836e-02
3.645822000000000229e-01   2.054472e+00   1.196712e-02
3.692933999999999939e-01   2.051211e+00   1.205620e-02
3.740047000000000232e-01   2.053126e+00   1.215488e-02
3.787158999999999942e-01   2.049005e+00   1.221777e-02
3.834272000000000236e-01   2.046399e+00   1.228664e-02
3.881383999999999945e-01   2.063074e+00   1.236515e-02
3.928497000000000239e-01   2.062347e+00   1.266301e-02
3.975609999999999977e-01   2.044593e+00   1.302508e-02
4.022722000000000242e-01   2.040528e+00   1.329779e-02
4.069834999999999980e-01   2.035106e+00   1.354282e-02
4.116947000000000245e-01   2.059356e+00   1.379277e-02
4.164059999999999984e-01   2.058477e+00   1.398451e-02
4.211172000000000248e-01   2.043146e+00   1.418640e-02
4.258284999999999987e-01   2.045496e+00   1.440866e-02
4.305397000000000252e-01   2.036841e+00   1.460676e-02
4.352509999999999990e-01   2.025078e+00   1.478829e-02
4.399622999999999728e-01   2.030844e+00   1.501119e-02
4.446734999999999993e-01   2.036725e+00   1.528690e-02
4.493847999999999732e-01   2.021337e+00   1.548634e-02
4.540959999999999996e-01   2.034019e+00   1.561614e-02
4.588072999999999735e-01   2.054468e+00   1.511683e-02
4.635185000000000000e-01   2.033489e+00   1.471561e-02
4.682297999999999738e-01   2.026235e+00   1.450563e-02
4.729411000000000032e-01   2.028919e+00   1.434491e-02
4.776522999999999741e-01   2.048436e+00   1.422113e-02
4.823636000000000035e-01   2.030479e+00   1.409434e-02
4.870747999999999744e-01   2.017648e+00   1.398603e-02
4.917861000000000038e-01   2.020426e+00   1.392626e-02
4.964972999999999748e-01   2.022533e+00   1.382824e-02
5.012086000000000041e-01   2.013926e+00   1.374161e-02
5.059198999999999780e-01   2.003109e+00   1.368240e-02
5.106311000000000044e-01   2.006309e+00   1.362193e-02
5.153423999999999783e-01   2.018705e+00   1.355910e-02
5.200536000000000048e-01   2.011824e+00   1.344392e-02
5.247648999999999786e-01   1.996699e+00   1.333281e-02
5.294761000000000051e-01   1.999193e+00   1.325044e-02
5.341873999999999789e-01   2.005016e+00   1.315654e-02
5.388986000000000054e-01   1.997178e+00   1.305946e-02
5.436098999999999792e-01   1.990479e+00   1.297275e-02
5.483211999999999531e-01   1.983746e+00   1.289358e-02
5.530323999999999796e-01   1.996389e+00   1.281941e-02
5.577436999999999534e-01   2.005301e+00   1.274229e-02
5.624548999999999799e-01   2.013518e+00   1.268799e-02
5.671661999999999537e-01   1.988894e+00   1.260560e-02
5.718773999999999802e-01   1.992265e+00   1.256958e-02
5.765886999999999540e-01   1.992027e+00   1.252944e-02
5.813000000000000389e-01   1.978963e+00   1.248121e-02
5.860111999999999544e-01   1.993016e+00   1.248897e-02
5.907225000000000392e-01   1.989156e+00   1.245435e-02
5.954336999999999547e-01   1.988079e+00   1.241286e-02
6.001450000000000395e-01   1.978557e+00   1.235763e-02
6.048561999999999550e-01   1.982260e+00   1.233951e-02
6.095675000000000399e-01   1.990746e+00   1.233933e-02
6.142788000000000137e-01   1.978597e+00   1.229183e-02
6.189900000000000402e-01   1.981065e+00   1.225455e-02
6.237013000000000140e-01   1.953274e+00   1.219991e-02
6.284125000000000405e-01   1.967313e+00   1.219781e-02
6.331238000000000143e-01   1.960999e+00   1.214902e-02
6.378350000000000408e-01   1.972238e+00   1.212798e-02
6.425463000000000147e-01   1.968637e+00   1.210050e-02
6.472575000000000411e-01   1.971615e+00   1.206962e-02
6.519688000000000150e-01   1.947219e+00   1.201723e-02
6.566800999999999888e-01   1.950042e+00   1.200097e-02
6.613913000000000153e-01   1.941437e+00   1.195739e-02
6.661025999999999891e-01   1.935408e+00   1.193308e-02
6.708138000000000156e-01   1.948948e+00   1.191614e-02
6.755250999999999895e-01   1.938405e+00   1.187145e-02
6.802363000000000159e-01   1.949811e+00   1.185971e-02
6.849475999999999898e-01   1.960321e+00   1.184957e-02
6.896588999999999636e-01   1.956240e+00   1.182074e-02
6.943700999999999901e-01   1.938948e+00   1.177259e-02
6.990813999999999639e-01   1.934540e+00   1.174488e-02
7.037925999999999904e-01   1.936226e+00   1.172699e-02
7.085038999999999643e-01   1.935924e+00   1.169482e-02
7.132150999999999907e-01   1.921216e+00   1.165778e-02
7.179263999999999646e-01   1.910115e+00   1.160653e-02
7.226375999999999911e-01   1.922086e+00   1.160106e-02
7.273488999999999649e-01   1.923820e+00   1.158301e-02
7.320602000000000498e-01   1.913419e+00   1.154383e-02
7.367713999999999652e-01   1.908804e+00   1.151944e-02
7.414827000000000501e-01   1.927818e+00   1.149958e-02
7.461938999999999655e-01   1.949575e+00   1.150732e-02
7.509052000000000504e-01   1.920342e+00   1.144910e-02
7.556163999999999659e-01   1.908622e+00   1.141075e-02
7.603277000000000507e-01   1.914879e+00   1.140465e-02
7.650390000000000246e-01   1.911897e+00   1.138460e-02
7.697502000000000510e-01   1.909146e+00   1.133719e-02
7.744615000000000249e-01   1.918413e+00   1.133415e-02
7.791727000000000514e-01   1.914534e+00   1.130285e-02
7.838840000000000252e-01   1.904660e+00   1.127609e-02
7.885952000000000517e-01   1.898750e+00   1.124287e-02
7.933065000000000255e-01   1.896046e+00   1.122572e-02
7.980177999999999994e-01   1.895515e+00   1.121107e-02
8.027290000000000258e-01   1.878512e+00   1.115583e-02
8.074402999999999997e-01   1.878582e+00   1.114056e-02
8.121515000000000262e-01   1.886546e+00   1.111802e-02
8.168628000000000000e-01   1.879252e+00   1.109238e-02
8.215740000000000265e-01   1.885282e+00   1.107515e-02
8.262853000000000003e-01   1.865872e+00   1.103099e-02
8.309965000000000268e-01   1.874130e+00   1.102105e-02
8.357078000000000007e-01   1.878816e+00   1.100864e-02
8.404190999999999745e-01   1.879320e+00   1.097859e-02
8.451303000000000010e-01   1.864035e+00   1.094564e-02
8.498415999999999748e-01   1.862207e+00   1.091050e-02
8.545528000000000013e-01   1.858862e+00   1.088419e-02
8.592640999999999751e-01   1.874807e+00   1.088456e-02
8.639753000000000016e-01   1.856601e+00   1.084503e-02
8.686865999999999755e-01   1.848780e+00   1.081788e-02
8.733978999999999493e-01   1.862213e+00   1.080757e-02
8.781090999999999758e-01   1.859100e+00   1.079592e-02
8.828203999999999496e-01   1.846103e+00   1.076129e-02
8.875315999999999761e-01   1.833360e+00   1.072219e-02
8.922428999999999499e-01   1.835363e+00   1.070623e-02
8.969540999999999764e-01   1.824704e+00   1.067169e-02
9.016653999999999503e-01   1.819567e+00   1.064612e-02
9.063767000000000351e-01   1.817833e+00   1.062663e-02
9.110878999999999506e-01   1.825284e+00   1.059808e-02
9.157992000000000354e-01   1.811943e+00   1.056143e-02
9.205103999999999509e-01   1.812093e+00   1.055451e-02
9.252217000000000358e-01   1.826304e+00   1.055584e-02
9.299328999999999512e-01   1.826983e+00   1.052734e-02
9.346442000000000361e-01   1.823618e+00   1.050718e-02
9.393553999999999515e-01   1.805519e+00   1.047474e-02
9.440667000000000364e-01   1.807452e+00   1.045602e-02
9.487780000000000102e-01   1.794527e+00   1.041952e-02
9.534892000000000367e-01   1.790010e+00   1.040390e-02
9.582005000000000106e-01   1.788180e+00   1.038809e-02
9.629117000000000370e-01   1.792215e+00   1.037885e-02
9.676230000000000109e-01   1.788848e+00   1.033401e-02
9.723342000000000374e-01   1.782589e+00   1.031936e-02
9.770455000000000112e-01   1.790697e+00   1.030419e-02
9.817567999999999850e-01   1.771313e+00   1.027125e-02
9.864680000000000115e-01   1.778975e+00   1.025932e-02
9.911792999999999854e-01   1.766700e+00   1.023488e-02
9.958905000000000118e-01   1.763816e+00   1.020262e-02
1.000601999999999991e+00   1.763819e+00   1.018457e-02
1.005312999999999901e+00   1.762772e+00   1.016457e-02
1.010024000000000033e+00   1.758855e+00   1.014699e-02
1.014736000000000082e+00   1.766357e+00   1.014092e-02
1.019446999999999992e+00   1.765245e+00   1.012554e-02
1.024157999999999902e+00   1.760251e+00   1.009091e-02
1.028869000000000034e+00   1.766160e+00   1.008178e-02
1.033581000000000083e+00   1.750963e+00   1.004683e-02
1.038291999999999993e+00   1.739539e+00   1.002595e-02
1.043002999999999902e+00   1.735164e+00   9.997320e-03
1.047714000000000034e+00   1.742708e+00   9.988634e-03
1.052426000000000084e+00   1.730266e+00   9.961042e-03
1.057136999999999993e+00   1.732227e+00   9.950991e-03
1.061847999999999903e+00   1.714534e+00   9.908910e-03
1.066559000000000035e+00   1.718961e+00   9.892726e-03
1.071271000000000084e+00   1.717078e+00   9.882135e-03
1.075981999999999994e+00   1.713327e+00   9.873183e-03
1.080692999999999904e+00   1.716145e+00   9.860483e-03
1.085404000000000035e+00   1.703235e+00   9.819185e-03
1.090116000000000085e+00   1.694806e+00   9.792152e-03
1.094826999999999995e+00   1.689814e+00   9.764031e-03
1.099537999999999904e+00   1.689511e+00   9.751063e-03
1.104249000000000036e+00   1.702485e+00   9.745305e-03
1.108961000000000086e+00   1.683402e+00   9.714368e-03
1.113671999999999995e+00   1.686797e+00   9.702848e-03
1.118382999999999905e+00   1.705018e+00   9.712437e-03
1.123094000000000037e+00   1.672551e+00   9.657113e-03
1.127806000000000086e+00   1.669647e+00   9.642623e-03
1.132516999999999996e+00   1.673236e+00   9.630242e-03
1.137227999999999906e+00   1.670640e+00   9.611434e-03
1.141939000000000037e+00   1.676795e+00   9.593160e-03
1.146651000000000087e+00   1.645980e+00   9.553403e-03
1.151361999999999997e+00   1.653425e+00   9.545119e-03
1.156072999999999906e+00   1.656554e+00   9.525995e-03
1.160784000000000038e+00   1.639940e+00   9.508829e-03
1.165496000000000087e+00   1.632640e+00   9.471625e-03
1.170206999999999997e+00   1.637563e+00   9.465230e-03
1.174917999999999907e+00   1.642524e+00   9.470939e-03
1.179629999999999956e+00   1.637102e+00   9.435389e-03
1.184341000000000088e+00   1.618724e+00   9.395805e-03
1.189051999999999998e+00   1.617635e+00   9.390750e-03
1.193762999999999908e+00   1.635712e+00   9.408326e-03
1.198474999999999957e+00   1.627882e+00   9.596631e-03
1.203186000000000089e+00   1.634472e+00   9.855961e-03
1.207896999999999998e+00   1.626346e+00   1.001445e-02
1.212607999999999908e+00   1.634362e+00   1.014531e-02
1.217319999999999958e+00   1.613983e+00   1.024134e-02
1.222031000000000089e+00   1.601992e+00   1.035000e-02
1.226741999999999999e+00   1.615900e+00   1.046019e-02
1.231452999999999909e+00   1.597836e+00   1.052748e-02
1.236164999999999958e+00   1.602552e+00   1.061821e-02
1.240876000000000090e+00   1.600681e+00   1.068590e-02
1.245587000000000000e+00   1.588661e+00   1.071741e-02
1.250297999999999909e+00   1.570541e+00   1.072816e-02
1.255009999999999959e+00   1.559845e+00   1.074901e-02
1.259721000000000091e+00   1.566932e+00   1.075993e-02
1.264432000000000000e+00   1.584239e+00   1.040350e-02
1.269142999999999910e+00   1.585581e+00   1.013966e-02
1.273854999999999960e+00   1.593232e+00   9.982059e-03
1.278566000000000091e+00   1.562400e+00   9.811471e-03
1.283277000000000001e+00   1.550823e+00   9.697652e-03
1.287987999999999911e+00   1.551757e+00   9.611203e-03
1.292699999999999960e+00   1.538117e+00   9.516633e-03
1.297411000000000092e+00   1.544843e+00   9.449143e-03
1.302122000000000002e+00   1.543319e+00   9.365811e-03
1.306832999999999911e+00   1.530020e+00   9.300774e-03
1.311544999999999961e+00   1.526745e+00   9.280972e-03
1.316256000000000093e+00   1.520633e+00   9.242664e-03
1.320967000000000002e+00   1.522524e+00   9.222421e-03
1.325677999999999912e+00   1.518195e+00   9.195132e-03
1.330389999999999961e+00   1.511150e+00   9.165470e-03
1.335101000000000093e+00   1.508864e+00   9.149738e-03
1.339812000000000003e+00   1.514638e+00   9.128891e-03
1.344522999999999913e+00   1.497086e+00   9.095152e-03
1.349234999999999962e+00   1.495017e+00   9.067420e-03
1.353946000000000094e+00   1.493224e+00   9.045832e-03
1.358657000000000004e+00   1.476823e+00   9.017941e-03
1.363369000000000053e+00   1.487087e+00   9.010511e-03
1.368079999999999963e+00   1.481334e+00   8.986270e-03
1.372791000000000095e+00   1.477331e+00   8.965924e-03
1.377502000000000004e+00   1.483154e+00   8.949878e-03
1.382214000000000054e+00   1.469361e+00   8.924973e-03
1.386924999999999963e+00   1.455977e+00   8.892758e-03
1.391636000000000095e+00   1.462272e+00   8.880117e-03
1.396347000000000005e+00   1.450465e+00   8.854950e-03
1.401059000000000054e+00   1.459189e+00   8.843055e-03
1.405769999999999964e+00   1.455048e+00   8.822903e-03
1.410481000000000096e+00   1.450571e+00   8.806057e-03
1.415192000000000005e+00   1.447318e+00   8.792399e-03
1.419904000000000055e+00   1.434926e+00   8.767326e-03
1.424614999999999965e+00   1.435874e+00   8.747498e-03
1.429326000000000096e+00   1.433201e+00   8.728797e-03
1.434037000000000006e+00   1.421321e+00   8.704293e-03
1.438749000000000056e+00   1.432051e+00   8.696770e-03
1.443459999999999965e+00   1.421863e+00   8.675427e-03
1.448171000000000097e+00   1.418377e+00   8.651463e-03
1.452882000000000007e+00   1.402228e+00   8.632792e-03
1.457594000000000056e+00   1.400261e+00   8.607136e-03
1.462304999999999966e+00   1.408453e+00   8.607736e-03
1.467016000000000098e+00   1.394493e+00   8.576102e-03
1.471727000000000007e+00   1.389381e+00   8.561402e-03
1.476439000000000057e+00   1.385164e+00   8.543252e-03
1.481149999999999967e+00   1.390237e+00   8.529880e-03
1.485861000000000098e+00   1.380574e+00   8.519337e-03
1.490572000000000008e+00   1.366139e+00   8.490207e-03
1.495284000000000058e+00   1.374249e+00   8.478729e-03
1.499994999999999967e+00   1.373785e+00   8.467096e-03
1.504706000000000099e+00   1.362989e+00   8.442893e-03
1.509417000000000009e+00   1.359725e+00   8.434666e-03
1.514129000000000058e+00   1.359056e+00   8.449790e-03
1.518839999999999968e+00   1.358025e+00   8.691657e-03
1.523551000000000100e+00   1.361486e+00   8.873503e-03
1.528262999999999927e+00   1.352330e+00   8.991445e-03
1.532974000000000059e+00   1.345070e+00   9.087797e-03
1.537684999999999969e+00   1.338050e+00   9.169104e-03
1.542396000000000100e+00   1.329074e+00   9.161111e-03
1.547107999999999928e+00   1.342368e+00   8.940532e-03
1.551819000000000059e+00   1.329474e+00   8.803627e-03
1.556529999999999969e+00   1.322088e+00   8.710342e-03
1.561241000000000101e+00   1.318398e+00   8.618889e-03
1.565952999999999928e+00   1.318020e+00   8.536745e-03
1.570664000000000060e+00   1.303599e+00   8.431115e-03
1.575374999999999970e+00   1.298852e+00   8.345794e-03
1.580086000000000102e+00   1.295198e+00   8.267367e-03
1.584797999999999929e+00   1.296263e+00   8.220590e-03
1.589509000000000061e+00   1.275761e+00   8.189354e-03
1.594219999999999970e+00   1.276363e+00   8.182031e-03
1.598931000000000102e+00   1.280161e+00   8.194906e-03
1.603642999999999930e+00   1.265429e+00   8.192386e-03
1.608354000000000061e+00   1.268245e+00   8.200590e-03
1.613064999999999971e+00   1.275580e+00   8.193270e-03
1.617776000000000103e+00   1.260259e+00   8.161146e-03
1.622487999999999930e+00   1.258005e+00   8.149118e-03
1.627199000000000062e+00   1.258648e+00   8.137889e-03
1.631909999999999972e+00   1.251007e+00   8.116992e-03
1.636621000000000103e+00   1.256112e+00   8.109069e-03
1.641332999999999931e+00   1.241416e+00   8.073899e-03
1.646044000000000063e+00   1.232460e+00   8.057835e-03
1.650754999999999972e+00   1.220946e+00   8.029026e-03
1.655466000000000104e+00   1.223611e+00   8.024868e-03
1.660177999999999932e+00   1.232432e+00   8.020242e-03
1.664889000000000063e+00   1.228918e+00   8.006897e-03
1.669599999999999973e+00   1.223665e+00   7.988308e-03
1.674311000000000105e+00   1.211619e+00   7.962512e-03
1.679022999999999932e+00   1.203270e+00   7.939051e-03
1.683734000000000064e+00   1.206778e+00   7.935014e-03
1.688444999999999974e+00   1.204064e+00   7.917957e-03
1.693156000000000105e+00   1.203150e+00   7.904061e-03
1.697867999999999933e+00   1.187773e+00   7.878550e-03
1.702579000000000065e+00   1.179039e+00   7.859208e-03
1.707289999999999974e+00   1.186699e+00   7.856550e-03
1.712002000000000024e+00   1.182817e+00   7.839560e-03
1.716712999999999933e+00   1.183538e+00   7.824862e-03
1.721424000000000065e+00   1.168672e+00   7.805118e-03
1.726134999999999975e+00   1.156695e+00   7.783126e-03
1.730847000000000024e+00   1.160754e+00   7.770038e-03
1.735557999999999934e+00   1.167236e+00   7.763315e-03
1.740269000000000066e+00   1.164686e+00   7.747154e-03
1.744979999999999976e+00   1.159286e+00   7.742045e-03
1.749692000000000025e+00   1.141454e+00   7.710829e-03
1.754402999999999935e+00   1.139994e+00   7.693196e-03
1.759114000000000066e+00   1.135628e+00   7.683531e-03
1.763824999999999976e+00   1.138539e+00   7.680652e-03
1.768537000000000026e+00   1.121664e+00   7.650822e-03
1.773247999999999935e+00   1.124143e+00   7.635800e-03
1.777959000000000067e+00   1.132948e+00   7.646346e-03
1.782669999999999977e+00   1.119670e+00   7.614368e-03
1.787382000000000026e+00   1.106230e+00   7.592863e-03
1.792092999999999936e+00   1.115532e+00   7.596946e-03
1.796804000000000068e+00   1.102118e+00   7.572975e-03
1.801514999999999977e+00   1.093673e+00   7.554636e-03
1.806227000000000027e+00   1.091207e+00   7.541638e-03
1.810937999999999937e+00   1.097675e+00   7.535600e-03
1.815649000000000068e+00   1.084519e+00   7.516457e-03
1.820359999999999978e+00   1.092145e+00   7.512191e-03
1.825072000000000028e+00   1.082683e+00   7.488362e-03
1.829782999999999937e+00   1.069406e+00   7.465922e-03
1.834494000000000069e+00   1.081480e+00   7.475842e-03
1.839204999999999979e+00   1.074347e+00   7.464495e-03
1.843917000000000028e+00   1.062507e+00   7.433823e-03
1.848627999999999938e+00   1.070963e+00   7.430372e-03
1.853339000000000070e+00   1.048592e+00   7.397291e-03
1.858049999999999979e+00   1.042827e+00   7.384228e-03
1.862762000000000029e+00   1.055021e+00   7.390911e-03
1.867472999999999939e+00   1.056280e+00   7.383146e-03
1.872184000000000070e+00   1.050614e+00   7.364632e-03
1.876894999999999980e+00   1.047248e+00   7.356342e-03
1.881607000000000030e+00   1.042618e+00   7.341192e-03
1.886317999999999939e+00   1.027484e+00   7.313783e-03
1.891029000000000071e+00   1.020657e+00   7.294479e-03
1.895740999999999898e+00   1.025375e+00   7.290519e-03
1.900452000000000030e+00   1.026636e+00   7.287628e-03
1.905162999999999940e+00   1.016905e+00   7.266783e-03
1.909874000000000072e+00   1.014100e+00   7.261258e-03
1.914585999999999899e+00   1.016945e+00   7.251314e-03
1.919297000000000031e+00   9.993232e-01   7.226752e-03
1.924007999999999940e+00   9.992800e-01   7.212856e-03
1.928719000000000072e+00   9.966574e-01   7.202221e-03
1.933430999999999900e+00   9.906833e-01   7.185257e-03
1.938142000000000031e+00   9.987086e-01   7.172481e-03
1.942852999999999941e+00   9.917904e-01   7.146739e-03
1.947564000000000073e+00   9.810515e-01   7.116180e-03
1.952275999999999900e+00   9.818048e-01   7.104047e-03
1.956987000000000032e+00   9.716752e-01   7.087798e-03
1.961697999999999942e+00   9.731422e-01   7.079456e-03
1.966409000000000074e+00   9.623531e-01   7.054157e-03
1.971120999999999901e+00   9.635240e-01   7.055667e-03
1.975832000000000033e+00   9.551911e-01   7.047243e-03
1.980542999999999942e+00   9.561883e-01   7.049732e-03
1.985254000000000074e+00   9.471774e-01   7.031674e-03
1.989965999999999902e+00   9.551596e-01   7.042961e-03
1.994677000000000033e+00   9.466638e-01   7.038148e-03
1.999387999999999943e+00   9.521405e-01   7.046102e-03
2.004099000000000075e+00   9.449528e-01   7.199930e-03
2.008811000000000124e+00   9.251029e-01   7.344721e-03
2.013522000000000034e+00   9.327058e-01   7.448931e-03
2.018232999999999944e+00   9.404900e-01   7.539439e-03
2.022943999999999853e+00   9.351005e-01   7.602947e-03
2.027655999999999903e+00   9.324238e-01   7.670913e-03
2.032366999999999813e+00   9.146764e-01   7.697536e-03
2.037078000000000166e+00   9.178955e-01   7.713569e-03
2.041789000000000076e+00   9.138549e-01   7.734115e-03
2.046501000000000126e+00   8.991109e-01   7.736283e-03
2.051212000000000035e+00   9.041989e-01   7.764649e-03
2.055922999999999945e+00   9.069551e-01   7.783819e-03
2.060633999999999855e+00   9.037657e-01   7.802522e-03
2.065345999999999904e+00   8.999112e-01   7.783798e-03
2.070056999999999814e+00   9.027932e-01   7.552648e-03
2.074768000000000168e+00   8.931421e-01   7.393397e-03
2.079480000000000217e+00   8.925027e-01   7.295192e-03
2.084191000000000127e+00   8.786675e-01   7.202152e-03
2.088902000000000037e+00   8.735379e-01   7.133951e-03
2.093612999999999946e+00   8.690528e-01   7.075736e-03
2.098324999999999996e+00   8.701379e-01   7.054057e-03
2.103035999999999905e+00   8.578517e-01   7.021176e-03
2.107746999999999815e+00   8.497502e-01   6.994048e-03
2.112458000000000169e+00   8.443581e-01   6.977009e-03
2.117170000000000218e+00   8.552668e-01   6.971864e-03
2.121881000000000128e+00   8.444676e-01   6.937523e-03
2.126592000000000038e+00   8.492778e-01   6.929816e-03
2.131302999999999948e+00   8.544842e-01   6.920744e-03
2.136014999999999997e+00   8.461362e-01   6.901800e-03
2.140725999999999907e+00   8.390023e-01   6.880576e-03
2.145436999999999816e+00   8.284565e-01   6.862385e-03
2.150148000000000170e+00   8.359455e-01   6.852539e-03
2.154860000000000220e+00   8.370383e-01   6.843637e-03
2.159571000000000129e+00   8.242120e-01   6.820140e-03
2.164282000000000039e+00   8.165306e-01   6.806261e-03
2.168992999999999949e+00   8.106482e-01   6.791019e-03
2.173704999999999998e+00   8.094943e-01   6.777257e-03
2.178415999999999908e+00   8.080373e-01   6.765762e-03
2.183126999999999818e+00   8.007141e-01   6.746959e-03
2.187838000000000171e+00   8.058268e-01   6.742535e-03
2.192550000000000221e+00   8.003244e-01   6.723630e-03
2.197261000000000131e+00   7.988620e-01   6.709983e-03
2.201972000000000040e+00   7.927202e-01   6.699025e-03
2.206682999999999950e+00   7.912527e-01   6.689976e-03
2.211395000000000000e+00   7.881095e-01   6.679123e-03
2.216105999999999909e+00   7.901998e-01   6.669143e-03
2.220816999999999819e+00   7.836420e-01   6.653207e-03
2.225528000000000173e+00   7.775686e-01   6.633340e-03
2.230239999999999778e+00   7.713330e-01   6.625730e-03
2.234951000000000132e+00   7.751645e-01   6.619552e-03
2.239662000000000042e+00   7.715731e-01   6.611826e-03
2.244372999999999951e+00   7.672436e-01   6.597890e-03
2.249085000000000001e+00   7.653199e-01   6.583506e-03
2.253795999999999911e+00   7.625742e-01   6.574471e-03
2.258506999999999820e+00   7.542261e-01   6.561976e-03
2.263218999999999870e+00   7.557618e-01   6.552009e-03
2.267929999999999779e+00   7.457837e-01   6.532367e-03
2.272641000000000133e+00   7.502482e-01   6.527196e-03
2.277352000000000043e+00   7.472594e-01   6.514183e-03
2.282064000000000092e+00   7.402739e-01   6.504348e-03
2.286775000000000002e+00   7.295305e-01   6.481407e-03
2.291485999999999912e+00   7.335680e-01   6.481870e-03
2.296196999999999822e+00   7.330950e-01   6.476810e-03
2.300908999999999871e+00   7.304205e-01   6.463342e-03
2.305619999999999781e+00   7.193035e-01   6.448058e-03
2.310331000000000135e+00   7.194281e-01   6.435495e-03
2.315042000000000044e+00   7.242919e-01   6.432110e-03
2.319754000000000094e+00   7.147210e-01   6.410518e-03
2.324465000000000003e+00   7.148151e-01   6.406098e-03
2.329175999999999913e+00   7.034483e-01   6.396985e-03
2.333886999999999823e+00   7.087805e-01   6.390097e-03
2.338598999999999872e+00   7.040686e-01   6.378271e-03
2.343309999999999782e+00   7.108989e-01   6.378389e-03
2.348021000000000136e+00   7.019224e-01   6.361907e-03
2.352732000000000046e+00   6.966481e-01   6.346960e-03
2.357444000000000095e+00   6.998169e-01   6.343342e-03
2.362155000000000005e+00   6.944534e-01   6.334639e-03
2.366865999999999914e+00   6.963386e-01   6.324419e-03
2.371576999999999824e+00   6.859631e-01   6.306306e-03
2.376288999999999874e+00   6.822755e-01   6.294860e-03
2.380999999999999783e+00   6.877685e-01   6.297737e-03
2.385711000000000137e+00   6.805211e-01   6.285034e-03
2.390422000000000047e+00   6.806142e-01   6.281030e-03
2.395134000000000096e+00   6.729201e-01   6.260430e-03
2.399845000000000006e+00   6.637146e-01   6.246260e-03
2.404555999999999916e+00   6.633865e-01   6.238254e-03
2.409266999999999825e+00   6.604010e-01   6.229563e-03
2.413978999999999875e+00   6.533160e-01   6.219025e-03
2.418689999999999785e+00   6.558925e-01   6.212760e-03
2.423401000000000138e+00   6.569769e-01   6.209809e-03
2.428112000000000048e+00   6.515275e-01   6.194648e-03
2.432824000000000098e+00   6.470918e-01   6.184679e-03
2.437535000000000007e+00   6.496142e-01   6.182613e-03
2.442245999999999917e+00   6.462913e-01   6.166947e-03
2.446957999999999966e+00   6.416430e-01   6.157671e-03
2.451668999999999876e+00   6.389518e-01   6.150211e-03
2.456379999999999786e+00   6.349480e-01   6.137445e-03
2.461091000000000140e+00   6.403145e-01   6.134494e-03
2.465803000000000189e+00   6.278691e-01   6.121314e-03
2.470514000000000099e+00   6.267686e-01   6.112624e-03
2.475225000000000009e+00   6.252333e-01   6.102892e-03
2.479935999999999918e+00   6.253456e-01   6.098899e-03
2.484647999999999968e+00   6.191475e-01   6.087426e-03
2.489358999999999877e+00   6.251109e-01   6.081582e-03
2.494069999999999787e+00   6.282705e-01   6.079534e-03
2.498781000000000141e+00   6.199384e-01   6.070620e-03
2.503493000000000190e+00   6.111910e-01   6.054411e-03
2.508204000000000100e+00   6.161614e-01   6.051817e-03
2.512915000000000010e+00   6.007836e-01   6.025647e-03
2.517625999999999920e+00   6.039630e-01   6.017206e-03
2.522337999999999969e+00   6.005254e-01   6.000642e-03
2.527048999999999879e+00   6.049550e-01   5.999690e-03
2.531759999999999788e+00   6.010902e-01   5.988154e-03
2.536471000000000142e+00   5.987899e-01   5.975084e-03
2.541183000000000192e+00   5.851060e-01   5.956648e-03
2.545894000000000101e+00   5.826633e-01   5.950257e-03
2.550605000000000011e+00   5.882108e-01   5.949419e-03
2.555315999999999921e+00   5.902854e-01   5.941657e-03
2.560027999999999970e+00   5.902831e-01   5.937809e-03
2.564738999999999880e+00   5.805289e-01   5.925252e-03
2.569449999999999790e+00   5.861426e-01   5.931139e-03
2.574161000000000143e+00   5.889779e-01   5.933231e-03
2.578873000000000193e+00   5.762962e-01   5.920972e-03
2.583584000000000103e+00   5.652031e-01   5.910001e-03
2.588295000000000012e+00   5.658637e-01   5.903738e-03
2.593005999999999922e+00   5.674364e-01   5.896503e-03
2.597717999999999972e+00   5.733025e-01   5.895635e-03
2.602428999999999881e+00   5.602950e-01   5.878067e-03
2.607139999999999791e+00   5.592755e-01   5.877193e-03
2.611851000000000145e+00   5.639318e-01   5.872302e-03
2.616563000000000194e+00   5.581121e-01   5.860286e-03
2.621274000000000104e+00   5.533496e-01   5.852960e-03
2.625985000000000014e+00   5.584762e-01   5.852782e-03
2.630697000000000063e+00   5.472555e-01   5.838492e-03
2.635407999999999973e+00   5.424555e-01   5.827969e-03
2.640118999999999883e+00   5.503231e-01   5.831375e-03
2.644829999999999792e+00   5.461749e-01   5.821381e-03
2.649541999999999842e+00   5.435865e-01   5.806312e-03
2.654253000000000196e+00   5.407611e-01   5.800361e-03
2.658964000000000105e+00   5.375883e-01   5.793652e-03
2.663675000000000015e+00   5.320959e-01   5.782947e-03
2.668387000000000064e+00   5.362503e-01   5.777046e-03
2.673097999999999974e+00   5.313565e-01   5.769789e-03
2.677808999999999884e+00   5.246797e-01   5.755909e-03
2.682519999999999794e+00   5.251568e-01   5.753428e-03
2.687231999999999843e+00   5.386238e-01   5.757490e-03
2.691943000000000197e+00   5.287298e-01   5.743968e-03
2.696654000000000106e+00   5.187667e-01   5.736892e-03
2.701365000000000016e+00   5.143770e-01   5.727306e-03
2.706077000000000066e+00   5.140166e-01   5.716234e-03
2.710787999999999975e+00   5.162005e-01   5.719702e-03
2.715498999999999885e+00   5.092159e-01   5.706204e-03
2.720209999999999795e+00   5.126894e-01   5.699183e-03
2.724921999999999844e+00   5.134886e-01   5.697883e-03
2.729633000000000198e+00   5.087825e-01   5.689406e-03
2.734344000000000108e+00   4.968791e-01   5.672256e-03
2.739055000000000017e+00   5.034903e-01   5.674270e-03
2.743767000000000067e+00   5.011733e-01   5.667031e-03
2.748477999999999977e+00   5.068143e-01   5.666297e-03
2.753188999999999886e+00   4.976490e-01   5.650761e-03
2.757899999999999796e+00   5.000897e-01   5.643570e-03
2.762611999999999846e+00   4.985291e-01   5.637815e-03
2.767323000000000199e+00   4.950578e-01   5.628473e-03
2.772034000000000109e+00   4.975052e-01   5.628978e-03
2.776745000000000019e+00   4.911515e-01   5.621675e-03
2.781457000000000068e+00   4.952057e-01   5.617016e-03
2.786167999999999978e+00   4.872060e-01   5.603968e-03
2.790878999999999888e+00   4.851154e-01   5.600909e-03
2.795589999999999797e+00   4.761870e-01   5.585647e-03
2.800301999999999847e+00   4.730527e-01   5.581568e-03
2.805013000000000201e+00   4.815043e-01   5.606175e-03
2.809724000000000110e+00   4.775190e-01   5.751735e-03
2.814436000000000160e+00   4.721296e-01   5.832252e-03
2.819147000000000070e+00   4.765272e-01   5.904436e-03
2.823857999999999979e+00   4.758550e-01   5.959793e-03
2.828568999999999889e+00   4.574672e-01   5.980785e-03
2.833280999999999938e+00   4.637626e-01   6.002020e-03
2.837991999999999848e+00   4.670172e-01   6.022336e-03
2.842703000000000202e+00   4.649592e-01   6.033452e-03
2.847414000000000112e+00   4.702308e-01   6.054057e-03
2.852126000000000161e+00   4.676501e-01   6.071908e-03
2.856837000000000071e+00   4.577712e-01   6.077425e-03
2.861547999999999981e+00   4.572096e-01   6.084930e-03
2.866258999999999890e+00   4.568883e-01   6.095033e-03
2.870970999999999940e+00   4.518752e-01   6.045311e-03
2.875681999999999849e+00   4.473289e-01   5.891192e-03
2.880393000000000203e+00   4.542261e-01   5.803079e-03
2.885104000000000113e+00   4.543032e-01   5.742707e-03
2.889816000000000162e+00   4.488105e-01   5.689107e-03
2.894527000000000072e+00   4.455089e-01   5.658654e-03
2.899237999999999982e+00   4.432861e-01   5.637321e-03
2.903948999999999891e+00   4.400930e-01   5.625066e-03
2.908660999999999941e+00   4.422003e-01   5.615263e-03
2.913371999999999851e+00   4.477229e-01   5.610469e-03
2.918083000000000204e+00   4.381940e-01   5.594432e-03
2.922794000000000114e+00   4.368366e-01   5.582957e-03
2.927506000000000164e+00   4.274800e-01   5.565878e-03
2.932217000000000073e+00   4.343766e-01   5.562156e-03
2.936927999999999983e+00   4.368931e-01   5.550081e-03
2.941638999999999893e+00   4.323067e-01   5.540090e-03
2.946350999999999942e+00   4.304162e-01   5.528876e-03
2.951061999999999852e+00   4.252716e-01   5.513740e-03
2.955773000000000206e+00   4.252344e-01   5.511735e-03
2.960484000000000115e+00   4.262011e-01   5.510569e-03
2.965196000000000165e+00   4.337286e-01   5.507506e-03
2.969907000000000075e+00   4.202231e-01   5.487654e-03
2.974617999999999984e+00   4.169486e-01   5.475393e-03
2.979328999999999894e+00   4.172461e-01   5.469039e-03
2.984040999999999944e+00   4.233804e-01   5.460790e-03
2.988751999999999853e+00   4.238147e-01   5.458299e-03
2.993463000000000207e+00   4.180205e-01   5.445947e-03
2.998174999999999812e+00   4.134413e-01   5.440329e-03
3.002886000000000166e+00   4.016993e-01   5.424053e-03
3.007597000000000076e+00   4.065891e-01   5.419081e-03
3.012307999999999986e+00   4.111736e-01   5.419451e-03
3.017020000000000035e+00   4.062820e-01   5.409847e-03
3.021730999999999945e+00   3.998136e-01   5.394576e-03
3.026441999999999855e+00   3.993333e-01   5.390212e-03
3.031153000000000208e+00   3.967960e-01   5.382903e-03
3.035864999999999814e+00   3.967679e-01   5.372429e-03
3.040576000000000167e+00   3.938196e-01   5.366444e-03
3.045287000000000077e+00   4.019723e-01   5.371423e-03
3.049997999999999987e+00   4.020582e-01   5.365741e-03
3.054710000000000036e+00   3.981317e-01   5.355714e-03
3.059420999999999946e+00   3.848710e-01   5.336297e-03
3.064131999999999856e+00   3.866190e-01   5.330570e-03
3.068843000000000210e+00   3.851091e-01   5.325252e-03
3.073554999999999815e+00   3.911805e-01   5.330187e-03
3.078266000000000169e+00   3.877067e-01   5.320440e-03
3.082977000000000078e+00   3.898018e-01   5.313752e-03
3.087687999999999988e+00   3.835704e-01   5.305070e-03
3.092400000000000038e+00   3.905178e-01   5.307783e-03
3.097110999999999947e+00   3.846548e-01   5.292540e-03
3.101821999999999857e+00   3.817292e-01   5.290626e-03
3.106533000000000211e+00   3.720348e-01   5.275257e-03
3.111244999999999816e+00   3.786965e-01   5.272298e-03
3.115956000000000170e+00   3.725930e-01   5.264106e-03
3.120667000000000080e+00   3.743138e-01   5.263561e-03
3.125377999999999989e+00   3.749642e-01   5.258104e-03
3.130090000000000039e+00   3.708977e-01   5.249485e-03
3.134800999999999949e+00   3.708521e-01   5.244438e-03
3.139511999999999858e+00   3.667668e-01   5.239568e-03
3.144223000000000212e+00   3.680169e-01   5.237749e-03
3.148934999999999818e+00   3.659678e-01   5.228722e-03
3.153646000000000171e+00   3.615294e-01   5.218640e-03
3.158357000000000081e+00   3.661223e-01   5.220055e-03
3.163067999999999991e+00   3.616512e-01   5.212577e-03
3.167780000000000040e+00   3.616915e-01   5.206094e-03
3.172490999999999950e+00   3.662942e-01   5.207366e-03
3.177201999999999860e+00   3.638973e-01   5.202337e-03
3.181913999999999909e+00   3.558898e-01   5.191472e-03
3.186624999999999819e+00   3.626485e-01   5.183641e-03
3.191336000000000173e+00   3.601315e-01   5.172025e-03
3.196047000000000082e+00   3.556632e-01   5.158680e-03
3.200759000000000132e+00   3.486370e-01   5.150631e-03
3.205470000000000041e+00   3.535073e-01   5.148462e-03
3.210180999999999951e+00   3.553500e-01   5.143534e-03
3.214891999999999861e+00   3.485551e-01   5.135780e-03
3.219603999999999910e+00   3.487426e-01   5.130260e-03
3.224314999999999820e+00   3.511125e-01   5.123251e-03
3.229026000000000174e+00   3.449457e-01   5.118744e-03
3.233737000000000084e+00   3.401516e-01   5.107383e-03
3.238449000000000133e+00   3.440627e-01   5.107729e-03
3.243160000000000043e+00   3.471297e-01   5.107130e-03
3.247870999999999952e+00   3.386098e-01   5.097600e-03
3.252581999999999862e+00   3.391452e-01   5.099231e-03
3.257293999999999912e+00   3.379679e-01   5.100262e-03
3.262004999999999821e+00   3.403592e-01   5.100563e-03
3.266716000000000175e+00   3.350905e-01   5.090246e-03
3.271427000000000085e+00   3.390813e-01   5.090418e-03
3.276139000000000134e+00   3.325722e-01   5.081703e-03
3.280850000000000044e+00   3.323733e-01   5.077109e-03
3.285560999999999954e+00   3.354580e-01   5.078708e-03
3.290271999999999863e+00   3.310964e-01   5.063753e-03
3.294983999999999913e+00   3.298945e-01   5.058794e-03
3.299694999999999823e+00   3.315636e-01   5.057749e-03
3.304406000000000176e+00   3.315856e-01   5.056953e-03
3.309117000000000086e+00   3.246236e-01   5.042039e-03
3.313829000000000136e+00   3.248163e-01   5.037031e-03
3.318540000000000045e+00   3.214295e-01   5.032890e-03
3.323250999999999955e+00   3.242703e-01   5.031520e-03
3.327961999999999865e+00   3.276471e-01   5.029134e-03
3.332673999999999914e+00   3.217416e-01   5.017363e-03
3.337384999999999824e+00   3.188891e-01   5.012648e-03
3.342096000000000178e+00   3.198610e-01   5.012197e-03
3.346807000000000087e+00   3.272669e-01   5.012627e-03
3.351519000000000137e+00   3.187386e-01   5.001502e-03
3.356230000000000047e+00   3.148521e-01   4.998472e-03
3.360940999999999956e+00   3.174775e-01   4.995841e-03
3.365653000000000006e+00   3.164791e-01   4.984435e-03
3.370363999999999916e+00   3.167903e-01   4.983069e-03
3.375074999999999825e+00   3.180533e-01   4.978858e-03
3.379786000000000179e+00   3.135015e-01   4.975206e-03
3.384497999999999784e+00   3.113045e-01   4.972370e-03
3.389209000000000138e+00   3.083672e-01   4.997160e-03
3.393920000000000048e+00   3.127317e-01   5.111538e-03
3.398630999999999958e+00   3.037661e-01   5.179468e-03
3.403343000000000007e+00   3.048262e-01   5.233070e-03
3.408053999999999917e+00   3.107394e-01   5.274970e-03
3.412764999999999826e+00   3.166215e-01   5.299224e-03
3.417476000000000180e+00   3.090682e-01   5.293412e-03
3.422187999999999786e+00   2.976476e-01   5.286156e-03
3.426899000000000139e+00   2.978656e-01   5.296209e-03
3.431610000000000049e+00   2.996669e-01   5.310814e-03
3.436320999999999959e+00   2.991952e-01   5.325963e-03
3.441033000000000008e+00   3.016801e-01   5.337757e-03
3.445743999999999918e+00   3.056361e-01   5.347146e-03
3.450454999999999828e+00   2.998890e-01   5.352908e-03
3.455166000000000182e+00   2.973270e-01   5.363128e-03
3.459877999999999787e+00   2.987835e-01   5.367662e-03
3.464589000000000141e+00   2.962815e-01   5.373109e-03
3.469300000000000050e+00   2.890072e-01   5.375608e-03
3.474010999999999960e+00   2.918690e-01   5.387106e-03
3.478723000000000010e+00   2.943203e-01   5.396227e-03
3.483433999999999919e+00   2.941444e-01   5.405800e-03
3.488144999999999829e+00   2.859862e-01   5.403522e-03
3.492856000000000183e+00   2.871159e-01   5.410880e-03
3.497567999999999788e+00   2.900533e-01   5.419825e-03
3.502279000000000142e+00   2.816919e-01   5.425432e-03
3.506990000000000052e+00   2.844618e-01   5.432035e-03
3.511700999999999961e+00   2.870714e-01   5.439202e-03
3.516413000000000011e+00   2.807111e-01   5.436032e-03
3.521123999999999921e+00   2.731621e-01   5.437183e-03
3.525834999999999830e+00   2.808390e-01   5.446864e-03
3.530546000000000184e+00   2.802088e-01   5.451348e-03
3.535257999999999790e+00   2.845628e-01   5.462211e-03
3.539969000000000143e+00   2.804420e-01   5.467415e-03
3.544680000000000053e+00   2.685492e-01   5.460131e-03
3.549392000000000102e+00   2.686106e-01   5.470728e-03
3.554103000000000012e+00   2.660369e-01   5.468034e-03
3.558813999999999922e+00   2.714533e-01   5.477951e-03
3.563524999999999832e+00   2.721774e-01   5.489203e-03
3.568236999999999881e+00   2.727808e-01   5.483811e-03
3.572947999999999791e+00   2.754772e-01   5.492876e-03
3.577659000000000145e+00   2.717153e-01   5.493187e-03
3.582370000000000054e+00   2.727877e-01   5.500130e-03
3.587082000000000104e+00   2.710465e-01   5.500746e-03
3.591793000000000013e+00   2.766495e-01   5.506464e-03
3.596503999999999923e+00   2.738324e-01   5.505566e-03
3.601214999999999833e+00   2.636880e-01   5.497890e-03
3.605926999999999882e+00   2.738761e-01   5.509108e-03
3.610637999999999792e+00   2.649794e-01   5.599602e-03
3.615349000000000146e+00   2.598239e-01   5.763228e-03
3.620060000000000056e+00   2.652242e-01   5.870500e-03
3.624772000000000105e+00   2.593364e-01   5.932632e-03
3.629483000000000015e+00   2.560056e-01   5.976142e-03
3.634193999999999924e+00   2.673726e-01   6.026745e-03
3.638904999999999834e+00   2.609236e-01   6.058751e-03
3.643616999999999884e+00   2.626949e-01   6.086069e-03
3.648327999999999793e+00   2.550845e-01   6.121248e-03
3.653039000000000147e+00   2.609521e-01   6.154974e-03
3.657750000000000057e+00   2.613478e-01   6.186412e-03
3.662462000000000106e+00   2.534473e-01   6.204866e-03
3.667173000000000016e+00   2.553134e-01   6.238324e-03
3.671883999999999926e+00   2.600153e-01   6.278530e-03
3.676594999999999835e+00   2.588634e-01   6.301919e-03
3.681306999999999885e+00   2.492615e-01   6.319848e-03
3.686017999999999795e+00   2.487644e-01   6.348840e-03
3.690729000000000148e+00   2.548245e-01   6.380047e-03
3.695440000000000058e+00   2.462486e-01   6.400356e-03
3.700152000000000108e+00   2.496814e-01   6.427536e-03
3.704863000000000017e+00   2.520232e-01   6.450715e-03
3.709573999999999927e+00   2.402052e-01   6.472383e-03
3.714284999999999837e+00   2.509373e-01   6.504965e-03
3.718996999999999886e+00   2.563593e-01   6.540111e-03
3.723707999999999796e+00   2.491639e-01   6.558097e-03
3.728419000000000150e+00   2.444639e-01   6.573942e-03
3.733131000000000199e+00   2.416018e-01   6.593174e-03
3.737842000000000109e+00   2.502158e-01   6.628499e-03
3.742553000000000019e+00   2.519722e-01   6.653939e-03
3.747263999999999928e+00   2.365968e-01   6.665125e-03
3.751975999999999978e+00   2.415469e-01   6.702329e-03
3.756686999999999887e+00   2.446138e-01   6.720759e-03
3.761397999999999797e+00   2.378781e-01   6.737136e-03
3.766109000000000151e+00   2.405576e-01   6.763635e-03
3.770821000000000200e+00   2.366819e-01   6.785013e-03
3.775532000000000110e+00   2.427919e-01   6.819961e-03
3.780243000000000020e+00   2.385149e-01   6.839189e-03
3.784953999999999930e+00   2.287494e-01   6.849493e-03
3.789665999999999979e+00   2.353525e-01   6.883262e-03
3.794376999999999889e+00   2.351909e-01   6.903914e-03
3.799087999999999798e+00   2.339188e-01   6.928923e-03
3.803799000000000152e+00   2.269987e-01   6.949174e-03
3.808511000000000202e+00   2.330428e-01   6.983057e-03
3.813222000000000111e+00   2.302702e-01   7.001378e-03
3.817933000000000021e+00   2.245556e-01   7.016007e-03
3.822643999999999931e+00   2.312716e-01   7.048303e-03
3.827355999999999980e+00   2.321510e-01   7.077069e-03
3.832066999999999890e+00   2.163202e-01   7.078980e-03
3.836777999999999800e+00   2.278123e-01   7.115368e-03
3.841489000000000154e+00   2.316508e-01   7.144993e-03
3.846201000000000203e+00   2.330997e-01   7.181767e-03
3.850912000000000113e+00   2.317995e-01   7.192864e-03
3.855623000000000022e+00   2.241671e-01   7.207294e-03
3.860333999999999932e+00   2.328030e-01   7.243246e-03
3.865045999999999982e+00   2.306485e-01   7.270138e-03
3.869756999999999891e+00   2.253006e-01   7.282874e-03
3.874467999999999801e+00   2.234463e-01   7.300177e-03
3.879179000000000155e+00   2.197361e-01   7.332483e-03
3.883891000000000204e+00   2.200689e-01   7.356507e-03
3.888602000000000114e+00   2.217697e-01   7.383578e-03
3.893313000000000024e+00   2.318561e-01   7.418220e-03
3.898023999999999933e+00   2.221466e-01   7.432403e-03
3.902735999999999983e+00   2.224786e-01   7.464963e-03
3.907446999999999893e+00   2.177112e-01   7.464163e-03
3.912157999999999802e+00   2.205436e-01   7.495942e-03
3.916869999999999852e+00   2.186351e-01   7.509999e-03
3.921581000000000206e+00   2.183364e-01   7.511124e-03
3.926292000000000115e+00   2.205069e-01   7.528674e-03
3.931003000000000025e+00   2.227044e-01   7.561393e-03
3.935715000000000074e+00   2.159733e-01   7.572177e-03
3.940425999999999984e+00   2.180200e-01   7.586002e-03
3.945136999999999894e+00   2.180667e-01   7.585438e-03
3.949847999999999804e+00   2.180957e-01   7.595189e-03
3.954559999999999853e+00   2.225480e-01   7.614212e-03
3.959271000000000207e+00   2.182436e-01   7.615501e-03
3.963982000000000117e+00   2.100573e-01   7.612976e-03
3.968693000000000026e+00   2.026748e-01   7.616150e-03
3.973405000000000076e+00   2.077955e-01   7.645258e-03
3.978115999999999985e+00   2.139962e-01   7.674012e-03
3.982826999999999895e+00   2.071650e-01   7.687989e-03
3.987537999999999805e+00   2.041966e-01   7.704774e-03
3.992249999999999854e+00   2.118329e-01   7.745160e-03
3.996961000000000208e+00   2.168906e-01   7.790544e-03
4.001672000000000118e+00   2.063149e-01   7.794229e-03
4.006382999999999583e+00   2.086558e-01   7.816552e-03
4.011095000000000077e+00   2.125067e-01   7.854727e-03
4.015806000000000431e+00   2.089617e-01   7.875923e-03
4.020516999999999896e+00   1.969505e-01   7.891846e-03
4.025228000000000250e+00   2.071128e-01   7.926770e-03
4.029939999999999856e+00   2.044223e-01   7.938839e-03
4.034651000000000209e+00   2.129073e-01   7.982519e-03
4.039361999999999675e+00   2.117425e-01   8.022555e-03
4.044073000000000029e+00   2.052200e-01   8.036777e-03
4.048784999999999634e+00   1.984122e-01   8.052420e-03
4.053495999999999988e+00   1.926427e-01   8.070600e-03
4.058207000000000342e+00   2.002364e-01   8.109833e-03
4.062917999999999807e+00   1.982032e-01   8.133638e-03
4.067630000000000301e+00   2.004041e-01   8.171997e-03
4.072340999999999767e+00   2.004429e-01   8.191659e-03
4.077052000000000120e+00   1.899713e-01   8.204619e-03
4.081762999999999586e+00   1.979233e-01   8.247239e-03
4.086475000000000080e+00   2.055533e-01   8.285251e-03
4.091186000000000433e+00   1.948141e-01   8.305873e-03
4.095896999999999899e+00   1.913634e-01   8.332154e-03
4.100609000000000393e+00   1.976967e-01   8.369475e-03
4.105319999999999858e+00   2.020610e-01   8.397751e-03
4.110031000000000212e+00   2.009195e-01   8.429492e-03
4.114741999999999678e+00   1.982665e-01   8.464794e-03
4.119454000000000171e+00   1.905927e-01   8.465902e-03
4.124164999999999637e+00   1.875000e-01   8.503217e-03
4.128875999999999991e+00   1.844105e-01   8.524968e-03
4.133587000000000344e+00   1.931410e-01   8.561966e-03
4.138298999999999950e+00   1.953667e-01   8.608071e-03
4.143010000000000304e+00   1.996498e-01   8.639996e-03
4.147720999999999769e+00   1.847581e-01   8.641397e-03
4.152432000000000123e+00   1.850638e-01   8.680115e-03
4.157143999999999728e+00   1.918344e-01   8.726665e-03
4.161855000000000082e+00   1.990849e-01   8.772510e-03
4.166566000000000436e+00   1.863713e-01   8.771576e-03
4.171276999999999902e+00   1.938472e-01   8.816402e-03
4.175989000000000395e+00   1.875976e-01   8.856508e-03
4.180699999999999861e+00   1.875378e-01   8.889160e-03
4.185411000000000215e+00   1.998719e-01   8.934395e-03
4.190121999999999680e+00   1.900183e-01   8.945406e-03
4.194834000000000174e+00   1.912825e-01   8.979954e-03
4.199544999999999639e+00   1.783652e-01   8.999200e-03
4.204255999999999993e+00   1.781680e-01   9.040054e-03
4.208967000000000347e+00   1.975039e-01   9.093792e-03
4.213678999999999952e+00   1.994822e-01   9.118118e-03
4.218390000000000306e+00   1.877129e-01   9.146947e-03
4.223100999999999772e+00   1.946881e-01   9.210337e-03
4.227812000000000126e+00   1.866503e-01   9.221818e-03
4.232523999999999731e+00   1.955619e-01   9.280087e-03
4.237235000000000085e+00   1.886576e-01   9.307558e-03
4.241946000000000438e+00   1.733076e-01   9.326633e-03
4.246656999999999904e+00   1.872232e-01   9.382362e-03
4.251369000000000398e+00   1.755546e-01   9.401206e-03
4.256079999999999863e+00   1.665954e-01   9.437363e-03
4.260791000000000217e+00   1.702848e-01   9.473299e-03
4.265501999999999683e+00   1.860979e-01   9.551848e-03
4.270214000000000176e+00   1.797935e-01   9.567464e-03
4.274924999999999642e+00   1.779612e-01   9.593335e-03
4.279635999999999996e+00   1.806315e-01   9.647608e-03
4.284347999999999601e+00   1.685744e-01   9.657223e-03
4.289058999999999955e+00   1.825302e-01   9.742274e-03
4.293770000000000309e+00   1.861357e-01   9.773350e-03
4.298480999999999774e+00   1.838403e-01   9.810524e-03
4.303193000000000268e+00   1.718988e-01   9.838016e-03
4.307903999999999733e+00   1.765545e-01   9.885395e-03
4.312615000000000087e+00   1.621290e-01   9.898673e-03
4.317326000000000441e+00   1.766130e-01   9.956183e-03
4.322038000000000046e+00   1.724832e-01   1.001720e-02
4.326749000000000400e+00   1.711842e-01   1.006167e-02
4.331459999999999866e+00   1.727364e-01   1.009348e-02
4.336171000000000220e+00   1.788728e-01   1.015413e-02
4.340882999999999825e+00   1.952698e-01   1.021111e-02
4.345594000000000179e+00   1.679953e-01   1.021814e-02
4.350304999999999644e+00   1.667158e-01   1.027016e-02
4.355015999999999998e+00   1.751412e-01   1.033525e-02
4.359727999999999604e+00   1.621473e-01   1.037222e-02
4.364438999999999957e+00   1.695090e-01   1.043896e-02
4.369150000000000311e+00   1.669723e-01   1.047239e-02
4.373860999999999777e+00   1.711787e-01   1.052777e-02
4.378573000000000270e+00   1.697581e-01   1.059592e-02
4.383283999999999736e+00   1.644334e-01   1.063604e-02
4.387995000000000090e+00   1.534533e-01   1.065831e-02
4.392706000000000444e+00   1.532016e-01   1.071012e-02
4.397418000000000049e+00   1.587476e-01   1.074191e-02
4.402129000000000403e+00   1.596786e-01   1.076097e-02
4.406839999999999868e+00   1.491007e-01   1.075146e-02
4.411551000000000222e+00   1.713268e-01   1.079940e-02
4.416262999999999828e+00   1.653031e-01   1.079071e-02
4.420974000000000181e+00   1.703673e-01   1.080342e-02
4.425684999999999647e+00   1.600952e-01   1.079476e-02
4.430396000000000001e+00   1.546217e-01   1.079887e-02
4.435107999999999606e+00   1.692164e-01   1.083667e-02
4.439818999999999960e+00   1.611169e-01   1.084597e-02
4.444530000000000314e+00   1.502162e-01   1.088382e-02
4.449240999999999779e+00   1.573986e-01   1.094960e-02
4.453953000000000273e+00   1.618165e-01   1.101040e-02
4.458663999999999739e+00   1.691638e-01   1.109163e-02
4.463375000000000092e+00   1.572074e-01   1.112160e-02
4.468086999999999698e+00   1.522327e-01   1.117084e-02
4.472798000000000052e+00   1.680878e-01   1.125621e-02
4.477509000000000405e+00   1.632768e-01   1.130124e-02
4.482219999999999871e+00   1.627146e-01   1.138514e-02
4.486932000000000365e+00   1.600497e-01   1.143720e-02
4.491642999999999830e+00   1.471297e-01   1.148915e-02
4.496354000000000184e+00   1.598762e-01   1.155744e-02
4.501064999999999650e+00   1.588912e-01   1.161735e-02
4.505777000000000143e+00   1.635958e-01   1.169170e-02
4.510487999999999609e+00   1.653148e-01   1.175615e-02
4.515198999999999963e+00   1.451158e-01   1.178634e-02
4.519910000000000316e+00   1.615919e-01   1.188825e-02
4.524621999999999922e+00   1.617158e-01   1.195522e-02
4.529333000000000276e+00   1.593828e-01   1.202253e-02
4.534043999999999741e+00   1.634572e-01   1.209531e-02
4.538755000000000095e+00   1.579054e-01   1.219523e-02
4.543466999999999700e+00   1.463192e-01   1.223298e-02
4.548178000000000054e+00   1.556998e-01   1.231658e-02
4.552889000000000408e+00   1.651985e-01   1.243092e-02
4.557599999999999874e+00   1.535893e-01   1.248802e-02
4.562312000000000367e+00   1.487575e-01   1.253150e-02
4.567022999999999833e+00   1.435275e-01   1.261453e-02
4.571734000000000187e+00   1.388418e-01   1.268781e-02
4.576444999999999652e+00   1.448483e-01   1.279046e-02
4.581157000000000146e+00   1.610472e-01   1.291518e-02
4.585867999999999611e+00   1.743017e-01   1.301888e-02
4.590578999999999965e+00   1.564397e-01   1.306882e-02
4.595290000000000319e+00   1.519634e-01   1.315096e-02
4.600001999999999924e+00   1.372518e-01   1.319939e-02
4.604713000000000278e+00   1.556506e-01   1.334010e-02
4.609423999999999744e+00   1.567746e-01   1.344969e-02
4.614135000000000097e+00   1.593527e-01   1.353771e-02
4.618846999999999703e+00   1.498146e-01   1.363916e-02
4.623558000000000057e+00   1.592009e-01   1.378054e-02
4.628269000000000410e+00   1.498923e-01   1.385801e-02
4.632979999999999876e+00   1.449393e-01   1.398648e-02
4.637692000000000370e+00   1.530414e-01   1.406935e-02
4.642402999999999835e+00   1.512290e-01   1.416762e-02
4.647114000000000189e+00   1.420229e-01   1.427887e-02
4.651825999999999794e+00   1.688915e-01   1.446346e-02
4.656537000000000148e+00   1.517722e-01   1.453841e-02
4.661247999999999614e+00   1.575399e-01   1.464710e-02
4.665958999999999968e+00   1.733790e-01   1.483932e-02
4.670670999999999573e+00   1.485483e-01   1.493198e-02
4.675381999999999927e+00   1.428450e-01   1.503828e-02
4.680093000000000281e+00   1.457935e-01   1.520942e-02
4.684803999999999746e+00   1.496072e-01   1.539824e-02
4.689516000000000240e+00   1.313409e-01   1.547391e-02
4.694226999999999705e+00   1.366735e-01   1.562390e-02
4.698938000000000059e+00   1.317587e-01   1.577280e-02
4.703649000000000413e+00   1.196994e-01   1.587540e-02
4.708361000000000018e+00   1.154372e-01   1.597574e-02
4.713072000000000372e+00   1.259461e-01   1.619061e-02
4.717782999999999838e+00   1.400379e-01   1.640599e-02
4.722494000000000192e+00   1.570784e-01   1.666668e-02
4.727205999999999797e+00   1.346169e-01   1.683784e-02
4.731917000000000151e+00   1.328939e-01   1.696025e-02
4.736627999999999616e+00   1.564145e-01   1.720609e-02
4.741338999999999970e+00   1.449512e-01   1.740689e-02
4.746050999999999576e+00   1.486489e-01   1.766633e-02
4.750761999999999929e+00   1.520961e-01   1.787947e-02
4.755473000000000283e+00   1.459550e-01   1.807431e-02
4.760183999999999749e+00   1.257054e-01   1.823478e-02
4.764896000000000242e+00   1.233798e-01   1.841513e-02
4.769606999999999708e+00   1.377076e-01   1.871834e-02
4.774318000000000062e+00   1.525227e-01   1.901844e-02
4.779029000000000416e+00   1.494283e-01   1.923239e-02
4.783741000000000021e+00   1.647570e-01   1.955682e-02
4.788452000000000375e+00   1.519130e-01   1.987889e-02
4.793162999999999840e+00   1.253012e-01   2.011405e-02
4.797874000000000194e+00   1.563230e-01   2.054753e-02
4.802585999999999800e+00   1.309861e-01   2.080002e-02
4.807297000000000153e+00   1.160279e-01   2.110385e-02
4.812007999999999619e+00   1.684042e-01   2.164977e-02
4.816718999999999973e+00   1.490266e-01   2.195585e-02
4.821430999999999578e+00   1.632948e-01   2.245324e-02
4.826141999999999932e+00   1.560705e-01   2.283721e-02
4.830853000000000286e+00   1.331220e-01   2.314135e-02
4.835564999999999891e+00   1.402631e-01   2.372451e-02
4.840276000000000245e+00   8.766803e-02   2.416527e-02
4.844986999999999711e+00   8.389125e-02   2.471482e-02
4.849698000000000064e+00   1.202881e-01   2.541224e-02
4.854409999999999670e+00   1.548249e-01   2.614080e-02
4.859121000000000024e+00   1.326434e-01   2.693681e-02
4.863832000000000377e+00   1.450880e-01   2.767440e-02
4.868542999999999843e+00   1.667722e-01   2.855983e-02
4.873255000000000337e+00   1.483013e-01   2.953692e-02
4.877965999999999802e+00   1.071112e-01   3.010854e-02
4.882677000000000156e+00   1.478120e-01   3.141660e-02
4.887387999999999622e+00   1.568010e-01   3.278037e-02
4.892100000000000115e+00   1.644332e-01   3.430174e-02
4.896810999999999581e+00   8.730826e-02   3.576763e-02
4.901521999999999935e+00   1.683689e-01   3.764400e-02
4.906233000000000288e+00   1.945901e-01   3.979829e-02
4.910944999999999894e+00   1.472842e-01   4.224092e-02
4.915656000000000247e+00   1.243981e-01   4.550417e-02
4.920366999999999713e+00   1.106809e-01   4.957854e-02
4.925078000000000067e+00   9.357991e-02   5.469388e-02
4.929789999999999672e+00   1.820153e-01   6.376440e-02
4.934501000000000026e+00   5.570478e-02   7.427295e-02
4.939212000000000380e+00   1.083351e-01   9.816295e-02
4.943922999999999845e+00   1.686550e-01   1.759301e-01