# [3]
# Sample c= 4.33 mg/ml
# Intensity scaled by concentration
# Buffer subtracted data file:
# Protein DatFile = /data/visitor/mx1908/bm29/20161119/giulio/1d/mM150_072_ave.dat
# Buffer DatFile = /data/visitor/mx1908/bm29/20161119/giulio/ednaSub/mM150_072_ave_averbuffer.dat
# 
# AutoRg: Rg   =   0.4351 +/- 0.36 ( 83.3%)
# AutoRg: I(0) =   1.20 +/- 0.0043
# AutoRg: Points   80 to 215 ( 136 total)
# AutoRg: Quality: 71.7%
# 
# 
# Sample Information:
# Storage Temperature (degrees C): 20.0
# Measurement Temperature (degrees C): 19.95
# Concentration: 4.33
# Code: 
3.479420999999999903e-02   2.659867e+00   1.737606e+00
3.950545999999999919e-02   2.364301e+00   6.900272e-01
4.421672000000000102e-02   1.242215e+00   4.502967e-01
4.892798000000000286e-02   1.244691e+00   3.453270e-01
5.363923000000000302e-02   1.537165e+00   2.766916e-01
5.835048999999999791e-02   1.763126e+00   2.266343e-01
6.306174999999999975e-02   1.530588e+00   1.881979e-01
6.777299999999999991e-02   1.543799e+00   1.597824e-01
7.248425999999999481e-02   1.226717e+00   1.381123e-01
7.719552000000000358e-02   1.317400e+00   1.216867e-01
8.190677000000000374e-02   1.188944e+00   1.079536e-01
8.661802999999999864e-02   1.230369e+00   9.709954e-02
9.132928999999999353e-02   1.143598e+00   8.850590e-02
9.604053999999999369e-02   1.186491e+00   8.172651e-02
1.007518000000000025e-01   1.148624e+00   7.555430e-02
1.054631000000000041e-01   1.037102e+00   7.009284e-02
1.101743000000000028e-01   1.125805e+00   6.579022e-02
1.148856000000000044e-01   1.134080e+00   6.201732e-02
1.195968000000000031e-01   1.115293e+00   5.870904e-02
1.243081000000000047e-01   1.134117e+00   5.580856e-02
1.290193000000000034e-01   1.139220e+00   5.333633e-02
1.337306000000000050e-01   1.092807e+00   5.102006e-02
1.384419000000000066e-01   1.071303e+00   4.906431e-02
1.431531000000000053e-01   1.104760e+00   4.727611e-02
1.478644000000000069e-01   1.130629e+00   4.579923e-02
1.525756000000000057e-01   1.129518e+00   4.437855e-02
1.572869000000000073e-01   1.151295e+00   4.314936e-02
1.619981000000000060e-01   1.155262e+00   4.188412e-02
1.667094000000000076e-01   1.133734e+00   4.078309e-02
1.714206000000000063e-01   1.219417e+00   3.990863e-02
1.761319000000000079e-01   1.157120e+00   3.893164e-02
1.808432000000000095e-01   1.145838e+00   3.797940e-02
1.855544000000000082e-01   1.122232e+00   3.724642e-02
1.902657000000000098e-01   1.130695e+00   3.655058e-02
1.949769000000000085e-01   1.135260e+00   3.587835e-02
1.996882000000000101e-01   1.152566e+00   3.522364e-02
2.043994000000000089e-01   1.118420e+00   3.455346e-02
2.091107000000000105e-01   1.143468e+00   3.405199e-02
2.138220000000000121e-01   1.133576e+00   3.350671e-02
2.185332000000000108e-01   1.134461e+00   3.300863e-02
2.232445000000000124e-01   1.105437e+00   3.252213e-02
2.279557000000000111e-01   1.140858e+00   3.207488e-02
2.326670000000000127e-01   1.170298e+00   3.164938e-02
2.373782000000000114e-01   1.112705e+00   3.116925e-02
2.420895000000000130e-01   1.167361e+00   3.083123e-02
2.468007000000000117e-01   1.160738e+00   3.047232e-02
2.515120000000000133e-01   1.167420e+00   3.011797e-02
2.562232999999999872e-01   1.137498e+00   2.973927e-02
2.609345000000000137e-01   1.170972e+00   2.938410e-02
2.656457999999999875e-01   1.178617e+00   2.906380e-02
2.703570000000000140e-01   1.132915e+00   2.876210e-02
2.750682999999999878e-01   1.176956e+00   2.852293e-02
2.797795000000000143e-01   1.141054e+00   2.816021e-02
2.844907999999999881e-01   1.130762e+00   2.787938e-02
2.892021000000000175e-01   1.146807e+00   2.765359e-02
2.939132999999999885e-01   1.155844e+00   2.736579e-02
2.986246000000000178e-01   1.171960e+00   2.715036e-02
3.033357999999999888e-01   1.150246e+00   2.687728e-02
3.080471000000000181e-01   1.159029e+00   2.666735e-02
3.127582999999999891e-01   1.147521e+00   2.639292e-02
3.174696000000000184e-01   1.166908e+00   2.618965e-02
3.221808999999999923e-01   1.154691e+00   2.595942e-02
3.268921000000000188e-01   1.134800e+00   2.575100e-02
3.316033999999999926e-01   1.141175e+00   2.562709e-02
3.363146000000000191e-01   1.135924e+00   2.583158e-02
3.410258999999999929e-01   1.150665e+00   2.607957e-02
3.457371000000000194e-01   1.144289e+00   2.615207e-02
3.504483999999999932e-01   1.167303e+00   2.649940e-02
3.551596000000000197e-01   1.190859e+00   2.707930e-02
3.598708999999999936e-01   1.158452e+00   2.739000e-02
3.645822000000000229e-01   1.132154e+00   2.766079e-02
3.692933999999999939e-01   1.187094e+00   2.791043e-02
3.740047000000000232e-01   1.172911e+00   2.807273e-02
3.787158999999999942e-01   1.144391e+00   2.821794e-02
3.834272000000000236e-01   1.154135e+00   2.835412e-02
3.881383999999999945e-01   1.190788e+00   2.852674e-02
3.928497000000000239e-01   1.191384e+00   2.923155e-02
3.975609999999999977e-01   1.130312e+00   3.007942e-02
4.022722000000000242e-01   1.155652e+00   3.075105e-02
4.069834999999999980e-01   1.176600e+00   3.134024e-02
4.116947000000000245e-01   1.173620e+00   3.184549e-02
4.164059999999999984e-01   1.182092e+00   3.230464e-02
4.211172000000000248e-01   1.189043e+00   3.282752e-02
4.258284999999999987e-01   1.201111e+00   3.332280e-02
4.305397000000000252e-01   1.198737e+00   3.379060e-02
4.352509999999999990e-01   1.206152e+00   3.429118e-02
4.399622999999999728e-01   1.194406e+00   3.477117e-02
4.446734999999999993e-01   1.208518e+00   3.540944e-02
4.493847999999999732e-01   1.184775e+00   3.588056e-02
4.540959999999999996e-01   1.179316e+00   3.623078e-02
4.588072999999999735e-01   1.162019e+00   3.492194e-02
4.635185000000000000e-01   1.196178e+00   3.407758e-02
4.682297999999999738e-01   1.204203e+00   3.359244e-02
4.729411000000000032e-01   1.199688e+00   3.322909e-02
4.776522999999999741e-01   1.135797e+00   3.283111e-02
4.823636000000000035e-01   1.144470e+00   3.259126e-02
4.870747999999999744e-01   1.181490e+00   3.240882e-02
4.917861000000000038e-01   1.190527e+00   3.220684e-02
4.964972999999999748e-01   1.189177e+00   3.204525e-02
5.012086000000000041e-01   1.131670e+00   3.180326e-02
5.059198999999999780e-01   1.141368e+00   3.164824e-02
5.106311000000000044e-01   1.211758e+00   3.160332e-02
5.153423999999999783e-01   1.198621e+00   3.147723e-02
5.200536000000000048e-01   1.174490e+00   3.116850e-02
5.247648999999999786e-01   1.157810e+00   3.092520e-02
5.294761000000000051e-01   1.167034e+00   3.077562e-02
5.341873999999999789e-01   1.184107e+00   3.053438e-02
5.388986000000000054e-01   1.150221e+00   3.028132e-02
5.436098999999999792e-01   1.177931e+00   3.009733e-02
5.483211999999999531e-01   1.183234e+00   2.997309e-02
5.530323999999999796e-01   1.152521e+00   2.974242e-02
5.577436999999999534e-01   1.160765e+00   2.952351e-02
5.624548999999999799e-01   1.176317e+00   2.935757e-02
5.671661999999999537e-01   1.187484e+00   2.924943e-02
5.718773999999999802e-01   1.184541e+00   2.918545e-02
5.765886999999999540e-01   1.177721e+00   2.911280e-02
5.813000000000000389e-01   1.163382e+00   2.905210e-02
5.860111999999999544e-01   1.186996e+00   2.898365e-02
5.907225000000000392e-01   1.162035e+00   2.884890e-02
5.954336999999999547e-01   1.203717e+00   2.880587e-02
6.001450000000000395e-01   1.170462e+00   2.873634e-02
6.048561999999999550e-01   1.137315e+00   2.867572e-02
6.095675000000000399e-01   1.175581e+00   2.865822e-02
6.142788000000000137e-01   1.186048e+00   2.859041e-02
6.189900000000000402e-01   1.208188e+00   2.850714e-02
6.237013000000000140e-01   1.191585e+00   2.842263e-02
6.284125000000000405e-01   1.201410e+00   2.835837e-02
6.331238000000000143e-01   1.145717e+00   2.825028e-02
6.378350000000000408e-01   1.160892e+00   2.821320e-02
6.425463000000000147e-01   1.181864e+00   2.815073e-02
6.472575000000000411e-01   1.184483e+00   2.812862e-02
6.519688000000000150e-01   1.176478e+00   2.801556e-02
6.566800999999999888e-01   1.180119e+00   2.797835e-02
6.613913000000000153e-01   1.193260e+00   2.792938e-02
6.661025999999999891e-01   1.194970e+00   2.785498e-02
6.708138000000000156e-01   1.171123e+00   2.775237e-02
6.755250999999999895e-01   1.168432e+00   2.770866e-02
6.802363000000000159e-01   1.151278e+00   2.767350e-02
6.849475999999999898e-01   1.184908e+00   2.759977e-02
6.896588999999999636e-01   1.153472e+00   2.753600e-02
6.943700999999999901e-01   1.184515e+00   2.748590e-02
6.990813999999999639e-01   1.153678e+00   2.738738e-02
7.037925999999999904e-01   1.154920e+00   2.735835e-02
7.085038999999999643e-01   1.202449e+00   2.728700e-02
7.132150999999999907e-01   1.200563e+00   2.725761e-02
7.179263999999999646e-01   1.219568e+00   2.721146e-02
7.226375999999999911e-01   1.182719e+00   2.714337e-02
7.273488999999999649e-01   1.184233e+00   2.708344e-02
7.320602000000000498e-01   1.186891e+00   2.703136e-02
7.367713999999999652e-01   1.164087e+00   2.694718e-02
7.414827000000000501e-01   1.187456e+00   2.691404e-02
7.461938999999999655e-01   1.142658e+00   2.680090e-02
7.509052000000000504e-01   1.126802e+00   2.673256e-02
7.556163999999999659e-01   1.182867e+00   2.668773e-02
7.603277000000000507e-01   1.173299e+00   2.670584e-02
7.650390000000000246e-01   1.158900e+00   2.663888e-02
7.697502000000000510e-01   1.170950e+00   2.655942e-02
7.744615000000000249e-01   1.156002e+00   2.652801e-02
7.791727000000000514e-01   1.110870e+00   2.639294e-02
7.838840000000000252e-01   1.137465e+00   2.641551e-02
7.885952000000000517e-01   1.143069e+00   2.636603e-02
7.933065000000000255e-01   1.133098e+00   2.632756e-02
7.980177999999999994e-01   1.165117e+00   2.627123e-02
8.027290000000000258e-01   1.182335e+00   2.621386e-02
8.074402999999999997e-01   1.161380e+00   2.617093e-02
8.121515000000000262e-01   1.170143e+00   2.607216e-02
8.168628000000000000e-01   1.210830e+00   2.606735e-02
8.215740000000000265e-01   1.151410e+00   2.597775e-02
8.262853000000000003e-01   1.181541e+00   2.596126e-02
8.309965000000000268e-01   1.168727e+00   2.587244e-02
8.357078000000000007e-01   1.173951e+00   2.585411e-02
8.404190999999999745e-01   1.151384e+00   2.575703e-02
8.451303000000000010e-01   1.145292e+00   2.571211e-02
8.498415999999999748e-01   1.167367e+00   2.567437e-02
8.545528000000000013e-01   1.163078e+00   2.566820e-02
8.592640999999999751e-01   1.138862e+00   2.554315e-02
8.639753000000000016e-01   1.145225e+00   2.554022e-02
8.686865999999999755e-01   1.172933e+00   2.548535e-02
8.733978999999999493e-01   1.136898e+00   2.540552e-02
8.781090999999999758e-01   1.117825e+00   2.534628e-02
8.828203999999999496e-01   1.144559e+00   2.532093e-02
8.875315999999999761e-01   1.163743e+00   2.530736e-02
8.922428999999999499e-01   1.126900e+00   2.519975e-02
8.969540999999999764e-01   1.129967e+00   2.514229e-02
9.016653999999999503e-01   1.117836e+00   2.512486e-02
9.063767000000000351e-01   1.149653e+00   2.510513e-02
9.110878999999999506e-01   1.123634e+00   2.501608e-02
9.157992000000000354e-01   1.152868e+00   2.501575e-02
9.205103999999999509e-01   1.118252e+00   2.493724e-02
9.252217000000000358e-01   1.122309e+00   2.490230e-02
9.299328999999999512e-01   1.114666e+00   2.482615e-02
9.346442000000000361e-01   1.147255e+00   2.482367e-02
9.393553999999999515e-01   1.137454e+00   2.476633e-02
9.440667000000000364e-01   1.176792e+00   2.474667e-02
9.487780000000000102e-01   1.161043e+00   2.469766e-02
9.534892000000000367e-01   1.161346e+00   2.465629e-02
9.582005000000000106e-01   1.102511e+00   2.458667e-02
9.629117000000000370e-01   1.090526e+00   2.452248e-02
9.676230000000000109e-01   1.141126e+00   2.449003e-02
9.723342000000000374e-01   1.141361e+00   2.443823e-02
9.770455000000000112e-01   1.144713e+00   2.441995e-02
9.817567999999999850e-01   1.147998e+00   2.439468e-02
9.864680000000000115e-01   1.170112e+00   2.438954e-02
9.911792999999999854e-01   1.141594e+00   2.430669e-02
9.958905000000000118e-01   1.117861e+00   2.422223e-02
1.000601999999999991e+00   1.116897e+00   2.421737e-02
1.005312999999999901e+00   1.112120e+00   2.413373e-02
1.010024000000000033e+00   1.096758e+00   2.406277e-02
1.014736000000000082e+00   1.135796e+00   2.408590e-02
1.019446999999999992e+00   1.124066e+00   2.409809e-02
1.024157999999999902e+00   1.121235e+00   2.400290e-02
1.028869000000000034e+00   1.131402e+00   2.396891e-02
1.033581000000000083e+00   1.112557e+00   2.391250e-02
1.038291999999999993e+00   1.094001e+00   2.386639e-02
1.043002999999999902e+00   1.127490e+00   2.385221e-02
1.047714000000000034e+00   1.096628e+00   2.376820e-02
1.052426000000000084e+00   1.097342e+00   2.373580e-02
1.057136999999999993e+00   1.086640e+00   2.368430e-02
1.061847999999999903e+00   1.086583e+00   2.362623e-02
1.066559000000000035e+00   1.082453e+00   2.359004e-02
1.071271000000000084e+00   1.041751e+00   2.352029e-02
1.075981999999999994e+00   1.082785e+00   2.350033e-02
1.080692999999999904e+00   1.119069e+00   2.351395e-02
1.085404000000000035e+00   1.088473e+00   2.346732e-02
1.090116000000000085e+00   1.063498e+00   2.339105e-02
1.094826999999999995e+00   1.105407e+00   2.336963e-02
1.099537999999999904e+00   1.052874e+00   2.333820e-02
1.104249000000000036e+00   1.044980e+00   2.329207e-02
1.108961000000000086e+00   1.057820e+00   2.322083e-02
1.113671999999999995e+00   1.058851e+00   2.318888e-02
1.118382999999999905e+00   1.040743e+00   2.312959e-02
1.123094000000000037e+00   1.056322e+00   2.308446e-02
1.127806000000000086e+00   1.051495e+00   2.307285e-02
1.132516999999999996e+00   1.059097e+00   2.306722e-02
1.137227999999999906e+00   1.106923e+00   2.304804e-02
1.141939000000000037e+00   1.070080e+00   2.296170e-02
1.146651000000000087e+00   1.060680e+00   2.291863e-02
1.151361999999999997e+00   1.061036e+00   2.288229e-02
1.156072999999999906e+00   1.060385e+00   2.286755e-02
1.160784000000000038e+00   1.047025e+00   2.285047e-02
1.165496000000000087e+00   1.076573e+00   2.281570e-02
1.170206999999999997e+00   1.040199e+00   2.275338e-02
1.174917999999999907e+00   1.045785e+00   2.274196e-02
1.179629999999999956e+00   1.013533e+00   2.265610e-02
1.184341000000000088e+00   1.012717e+00   2.261057e-02
1.189051999999999998e+00   1.039682e+00   2.260952e-02
1.193762999999999908e+00   1.010729e+00   2.262243e-02
1.198474999999999957e+00   1.010525e+00   2.308870e-02
1.203186000000000089e+00   1.000881e+00   2.369061e-02
1.207896999999999998e+00   1.036043e+00   2.410348e-02
1.212607999999999908e+00   1.039014e+00   2.440021e-02
1.217319999999999958e+00   1.072620e+00   2.471770e-02
1.222031000000000089e+00   1.046326e+00   2.495560e-02
1.226741999999999999e+00   1.005634e+00   2.513755e-02
1.231452999999999909e+00   1.018027e+00   2.535381e-02
1.236164999999999958e+00   1.015960e+00   2.557518e-02
1.240876000000000090e+00   9.941572e-01   2.575010e-02
1.245587000000000000e+00   9.931027e-01   2.584506e-02
1.250297999999999909e+00   1.066897e+00   2.602027e-02
1.255009999999999959e+00   1.020607e+00   2.601629e-02
1.259721000000000091e+00   9.982805e-01   2.600968e-02
1.264432000000000000e+00   9.705990e-01   2.509317e-02
1.269142999999999910e+00   1.007309e+00   2.448325e-02
1.273854999999999960e+00   9.838728e-01   2.405281e-02
1.278566000000000091e+00   9.936271e-01   2.374276e-02
1.283277000000000001e+00   9.732541e-01   2.348422e-02
1.287987999999999911e+00   1.001015e+00   2.329957e-02
1.292699999999999960e+00   1.017021e+00   2.311719e-02
1.297411000000000092e+00   9.943530e-01   2.290431e-02
1.302122000000000002e+00   9.783322e-01   2.273419e-02
1.306832999999999911e+00   9.882255e-01   2.261359e-02
1.311544999999999961e+00   9.900951e-01   2.253277e-02
1.316256000000000093e+00   9.837075e-01   2.248786e-02
1.320967000000000002e+00   1.007339e+00   2.244350e-02
1.325677999999999912e+00   9.518028e-01   2.234987e-02
1.330389999999999961e+00   9.513898e-01   2.230155e-02
1.335101000000000093e+00   9.383601e-01   2.223656e-02
1.339812000000000003e+00   9.425544e-01   2.217021e-02
1.344522999999999913e+00   9.538189e-01   2.213537e-02
1.349234999999999962e+00   9.807051e-01   2.213556e-02
1.353946000000000094e+00   9.271999e-01   2.203981e-02
1.358657000000000004e+00   9.190015e-01   2.196612e-02
1.363369000000000053e+00   9.413870e-01   2.195480e-02
1.368079999999999963e+00   9.651376e-01   2.193301e-02
1.372791000000000095e+00   9.675322e-01   2.188472e-02
1.377502000000000004e+00   9.245920e-01   2.181798e-02
1.382214000000000054e+00   9.450552e-01   2.179300e-02
1.386924999999999963e+00   9.278721e-01   2.172774e-02
1.391636000000000095e+00   9.240222e-01   2.169257e-02
1.396347000000000005e+00   9.574380e-01   2.168680e-02
1.401059000000000054e+00   9.187450e-01   2.161376e-02
1.405769999999999964e+00   9.163198e-01   2.158496e-02
1.410481000000000096e+00   8.991939e-01   2.152119e-02
1.415192000000000005e+00   8.996796e-01   2.151180e-02
1.419904000000000055e+00   9.247739e-01   2.147382e-02
1.424614999999999965e+00   9.199435e-01   2.143911e-02
1.429326000000000096e+00   8.693852e-01   2.136000e-02
1.434037000000000006e+00   8.888161e-01   2.135881e-02
1.438749000000000056e+00   8.702151e-01   2.130575e-02
1.443459999999999965e+00   8.997725e-01   2.131138e-02
1.448171000000000097e+00   9.154686e-01   2.126955e-02
1.452882000000000007e+00   9.163193e-01   2.123115e-02
1.457594000000000056e+00   8.899988e-01   2.116305e-02
1.462304999999999966e+00   9.051327e-01   2.116305e-02
1.467016000000000098e+00   8.788309e-01   2.108682e-02
1.471727000000000007e+00   8.700091e-01   2.103709e-02
1.476439000000000057e+00   8.630544e-01   2.102222e-02
1.481149999999999967e+00   9.057485e-01   2.099991e-02
1.485861000000000098e+00   9.168069e-01   2.096943e-02
1.490572000000000008e+00   8.483337e-01   2.093393e-02
1.495284000000000058e+00   8.760139e-01   2.090324e-02
1.499994999999999967e+00   8.777559e-01   2.089191e-02
1.504706000000000099e+00   8.608487e-01   2.082319e-02
1.509417000000000009e+00   8.332064e-01   2.078257e-02
1.514129000000000058e+00   9.103998e-01   2.090547e-02
1.518839999999999968e+00   8.615899e-01   2.145355e-02
1.523551000000000100e+00   8.512148e-01   2.188747e-02
1.528262999999999927e+00   8.266009e-01   2.219721e-02
1.532974000000000059e+00   8.447520e-01   2.248172e-02
1.537684999999999969e+00   8.409544e-01   2.267830e-02
1.542396000000000100e+00   8.470145e-01   2.271351e-02
1.547107999999999928e+00   8.384441e-01   2.212883e-02
1.551819000000000059e+00   8.296134e-01   2.183605e-02
1.556529999999999969e+00   8.334174e-01   2.159171e-02
1.561241000000000101e+00   8.384285e-01   2.136941e-02
1.565952999999999928e+00   8.458608e-01   2.117321e-02
1.570664000000000060e+00   8.128266e-01   2.093511e-02
1.575374999999999970e+00   7.929497e-01   2.071728e-02
1.580086000000000102e+00   7.826934e-01   2.050920e-02
1.584797999999999929e+00   8.217407e-01   2.042337e-02
1.589509000000000061e+00   8.195909e-01   2.038429e-02
1.594219999999999970e+00   8.241744e-01   2.037524e-02
1.598931000000000102e+00   8.463184e-01   2.041017e-02
1.603642999999999930e+00   8.431219e-01   2.042880e-02
1.608354000000000061e+00   8.391760e-01   2.046395e-02
1.613064999999999971e+00   8.240423e-01   2.042800e-02
1.617776000000000103e+00   8.237453e-01   2.037406e-02
1.622487999999999930e+00   8.296739e-01   2.036481e-02
1.627199000000000062e+00   8.120322e-01   2.032333e-02
1.631909999999999972e+00   7.891983e-01   2.025795e-02
1.636621000000000103e+00   8.007942e-01   2.023400e-02
1.641332999999999931e+00   8.215895e-01   2.023746e-02
1.646044000000000063e+00   7.776691e-01   2.017555e-02
1.650754999999999972e+00   7.875684e-01   2.011987e-02
1.655466000000000104e+00   7.835574e-01   2.009722e-02
1.660177999999999932e+00   7.753576e-01   2.007743e-02
1.664889000000000063e+00   7.738964e-01   2.003149e-02
1.669599999999999973e+00   7.889434e-01   1.999784e-02
1.674311000000000105e+00   7.737248e-01   1.994698e-02
1.679022999999999932e+00   7.521848e-01   1.989872e-02
1.683734000000000064e+00   7.748584e-01   1.990737e-02
1.688444999999999974e+00   7.722818e-01   1.986206e-02
1.693156000000000105e+00   7.413573e-01   1.983116e-02
1.697867999999999933e+00   7.376210e-01   1.978921e-02
1.702579000000000065e+00   7.474885e-01   1.977779e-02
1.707289999999999974e+00   7.575590e-01   1.974102e-02
1.712002000000000024e+00   7.255549e-01   1.969612e-02
1.716712999999999933e+00   6.977269e-01   1.964963e-02
1.721424000000000065e+00   7.392352e-01   1.963195e-02
1.726134999999999975e+00   7.440920e-01   1.961976e-02
1.730847000000000024e+00   7.488283e-01   1.960293e-02
1.735557999999999934e+00   7.383665e-01   1.958153e-02
1.740269000000000066e+00   7.277043e-01   1.953521e-02
1.744979999999999976e+00   7.417188e-01   1.951717e-02
1.749692000000000025e+00   7.332159e-01   1.949363e-02
1.754402999999999935e+00   7.488449e-01   1.946574e-02
1.759114000000000066e+00   7.448691e-01   1.943014e-02
1.763824999999999976e+00   6.889609e-01   1.936393e-02
1.768537000000000026e+00   7.093247e-01   1.935606e-02
1.773247999999999935e+00   7.271885e-01   1.935814e-02
1.777959000000000067e+00   7.107894e-01   1.930866e-02
1.782669999999999977e+00   7.096508e-01   1.928851e-02
1.787382000000000026e+00   6.958196e-01   1.925005e-02
1.792092999999999936e+00   7.303496e-01   1.926516e-02
1.796804000000000068e+00   7.140196e-01   1.922289e-02
1.801514999999999977e+00   6.963554e-01   1.917329e-02
1.806227000000000027e+00   7.060405e-01   1.916574e-02
1.810937999999999937e+00   6.934163e-01   1.912947e-02
1.815649000000000068e+00   6.901342e-01   1.909225e-02
1.820359999999999978e+00   6.815353e-01   1.907995e-02
1.825072000000000028e+00   6.938347e-01   1.903889e-02
1.829782999999999937e+00   6.960064e-01   1.902442e-02
1.834494000000000069e+00   7.074203e-01   1.900950e-02
1.839204999999999979e+00   6.587900e-01   1.896932e-02
1.843917000000000028e+00   6.705607e-01   1.891491e-02
1.848627999999999938e+00   6.808945e-01   1.893207e-02
1.853339000000000070e+00   6.996909e-01   1.892261e-02
1.858049999999999979e+00   6.772256e-01   1.887449e-02
1.862762000000000029e+00   6.696531e-01   1.882532e-02
1.867472999999999939e+00   6.514540e-01   1.879324e-02
1.872184000000000070e+00   6.534785e-01   1.877212e-02
1.876894999999999980e+00   6.391823e-01   1.876312e-02
1.881607000000000030e+00   6.719338e-01   1.876725e-02
1.886317999999999939e+00   6.496281e-01   1.872182e-02
1.891029000000000071e+00   6.620172e-01   1.869169e-02
1.895740999999999898e+00   6.387482e-01   1.865097e-02
1.900452000000000030e+00   6.439543e-01   1.862700e-02
1.905162999999999940e+00   6.487704e-01   1.860892e-02
1.909874000000000072e+00   6.548456e-01   1.861061e-02
1.914585999999999899e+00   6.381509e-01   1.856454e-02
1.919297000000000031e+00   6.543894e-01   1.854571e-02
1.924007999999999940e+00   6.219696e-01   1.849475e-02
1.928719000000000072e+00   6.425009e-01   1.847324e-02
1.933430999999999900e+00   6.287676e-01   1.846304e-02
1.938142000000000031e+00   6.329504e-01   1.840226e-02
1.942852999999999941e+00   6.200573e-01   1.833334e-02
1.947564000000000073e+00   6.210991e-01   1.829190e-02
1.952275999999999900e+00   6.253251e-01   1.827334e-02
1.956987000000000032e+00   6.176999e-01   1.823950e-02
1.961697999999999942e+00   6.053506e-01   1.821039e-02
1.966409000000000074e+00   5.989423e-01   1.816146e-02
1.971120999999999901e+00   5.991361e-01   1.815877e-02
1.975832000000000033e+00   6.257695e-01   1.817048e-02
1.980542999999999942e+00   6.136342e-01   1.816760e-02
1.985254000000000074e+00   6.179424e-01   1.816674e-02
1.989965999999999902e+00   6.154108e-01   1.818312e-02
1.994677000000000033e+00   5.932301e-01   1.816383e-02
1.999387999999999943e+00   5.925763e-01   1.818071e-02
2.004099000000000075e+00   5.742531e-01   1.860580e-02
2.008811000000000124e+00   5.858309e-01   1.901381e-02
2.013522000000000034e+00   6.075606e-01   1.926899e-02
2.018232999999999944e+00   5.974766e-01   1.949172e-02
2.022943999999999853e+00   5.898297e-01   1.967048e-02
2.027655999999999903e+00   5.753711e-01   1.984185e-02
2.032366999999999813e+00   5.550727e-01   1.991728e-02
2.037078000000000166e+00   5.695725e-01   1.998871e-02
2.041789000000000076e+00   5.648908e-01   2.002783e-02
2.046501000000000126e+00   5.658953e-01   2.007729e-02
2.051212000000000035e+00   5.625399e-01   2.012284e-02
2.055922999999999945e+00   5.574430e-01   2.017073e-02
2.060633999999999855e+00   5.535941e-01   2.023080e-02
2.065345999999999904e+00   5.529636e-01   2.019388e-02
2.070056999999999814e+00   5.706727e-01   1.959116e-02
2.074768000000000168e+00   5.532138e-01   1.916896e-02
2.079480000000000217e+00   5.628071e-01   1.894226e-02
2.084191000000000127e+00   5.204282e-01   1.871613e-02
2.088902000000000037e+00   5.172057e-01   1.855085e-02
2.093612999999999946e+00   5.378279e-01   1.842962e-02
2.098324999999999996e+00   5.688168e-01   1.838470e-02
2.103035999999999905e+00   5.740649e-01   1.833335e-02
2.107746999999999815e+00   5.584449e-01   1.826169e-02
2.112458000000000169e+00   5.701389e-01   1.823485e-02
2.117170000000000218e+00   5.597002e-01   1.820225e-02
2.121881000000000128e+00   5.634079e-01   1.814976e-02
2.126592000000000038e+00   5.637245e-01   1.811828e-02
2.131302999999999948e+00   5.327120e-01   1.807415e-02
2.136014999999999997e+00   5.259096e-01   1.804554e-02
2.140725999999999907e+00   5.294089e-01   1.800173e-02
2.145436999999999816e+00   5.224589e-01   1.796621e-02
2.150148000000000170e+00   5.297932e-01   1.792526e-02
2.154860000000000220e+00   5.094615e-01   1.788652e-02
2.159571000000000129e+00   5.126615e-01   1.787116e-02
2.164282000000000039e+00   5.179477e-01   1.785025e-02
2.168992999999999949e+00   5.150650e-01   1.781856e-02
2.173704999999999998e+00   5.136341e-01   1.777643e-02
2.178415999999999908e+00   5.125153e-01   1.774616e-02
2.183126999999999818e+00   5.044883e-01   1.770757e-02
2.187838000000000171e+00   5.143899e-01   1.769049e-02
2.192550000000000221e+00   5.123132e-01   1.767348e-02
2.197261000000000131e+00   5.164879e-01   1.766340e-02
2.201972000000000040e+00   4.966148e-01   1.760932e-02
2.206682999999999950e+00   4.982193e-01   1.758589e-02
2.211395000000000000e+00   5.072033e-01   1.758098e-02
2.216105999999999909e+00   4.856594e-01   1.753544e-02
2.220816999999999819e+00   4.997940e-01   1.751968e-02
2.225528000000000173e+00   4.569185e-01   1.747204e-02
2.230239999999999778e+00   4.826240e-01   1.748538e-02
2.234951000000000132e+00   4.888140e-01   1.745809e-02
2.239662000000000042e+00   4.980689e-01   1.742101e-02
2.244372999999999951e+00   4.963352e-01   1.739383e-02
2.249085000000000001e+00   4.720805e-01   1.738098e-02
2.253795999999999911e+00   4.745657e-01   1.735952e-02
2.258506999999999820e+00   4.748651e-01   1.732448e-02
2.263218999999999870e+00   4.886450e-01   1.730729e-02
2.267929999999999779e+00   4.699714e-01   1.728746e-02
2.272641000000000133e+00   4.596811e-01   1.726705e-02
2.277352000000000043e+00   4.598965e-01   1.724133e-02
2.282064000000000092e+00   4.756551e-01   1.721620e-02
2.286775000000000002e+00   4.929141e-01   1.721126e-02
2.291485999999999912e+00   4.768024e-01   1.718682e-02
2.296196999999999822e+00   4.747053e-01   1.716073e-02
2.300908999999999871e+00   4.529965e-01   1.714322e-02
2.305619999999999781e+00   4.733012e-01   1.713648e-02
2.310331000000000135e+00   4.631460e-01   1.710077e-02
2.315042000000000044e+00   4.522326e-01   1.706085e-02
2.319754000000000094e+00   4.625181e-01   1.704953e-02
2.324465000000000003e+00   4.717617e-01   1.704756e-02
2.329175999999999913e+00   4.586800e-01   1.703291e-02
2.333886999999999823e+00   4.551452e-01   1.698943e-02
2.338598999999999872e+00   4.528049e-01   1.696612e-02
2.343309999999999782e+00   4.738312e-01   1.695445e-02
2.348021000000000136e+00   4.583001e-01   1.691597e-02
2.352732000000000046e+00   4.514308e-01   1.690112e-02
2.357444000000000095e+00   4.557722e-01   1.691260e-02
2.362155000000000005e+00   4.402928e-01   1.688388e-02
2.366865999999999914e+00   4.514420e-01   1.687089e-02
2.371576999999999824e+00   4.339928e-01   1.683188e-02
2.376288999999999874e+00   4.534181e-01   1.681678e-02
2.380999999999999783e+00   4.511642e-01   1.679614e-02
2.385711000000000137e+00   4.434561e-01   1.677372e-02
2.390422000000000047e+00   4.210490e-01   1.674513e-02
2.395134000000000096e+00   4.188598e-01   1.671986e-02
2.399845000000000006e+00   4.240406e-01   1.670812e-02
2.404555999999999916e+00   4.273910e-01   1.669665e-02
2.409266999999999825e+00   4.257853e-01   1.667503e-02
2.413978999999999875e+00   4.329975e-01   1.665704e-02
2.418689999999999785e+00   4.408127e-01   1.665195e-02
2.423401000000000138e+00   4.373766e-01   1.662329e-02
2.428112000000000048e+00   4.299468e-01   1.661678e-02
2.432824000000000098e+00   4.206663e-01   1.657588e-02
2.437535000000000007e+00   4.083529e-01   1.657088e-02
2.442245999999999917e+00   4.204982e-01   1.656211e-02
2.446957999999999966e+00   4.012413e-01   1.652750e-02
2.451668999999999876e+00   4.161013e-01   1.652517e-02
2.456379999999999786e+00   4.240833e-01   1.649153e-02
2.461091000000000140e+00   4.184908e-01   1.647451e-02
2.465803000000000189e+00   4.203499e-01   1.645894e-02
2.470514000000000099e+00   4.150588e-01   1.644842e-02
2.475225000000000009e+00   3.875558e-01   1.641280e-02
2.479935999999999918e+00   3.859363e-01   1.639649e-02
2.484647999999999968e+00   4.000383e-01   1.638667e-02
2.489358999999999877e+00   4.175872e-01   1.638076e-02
2.494069999999999787e+00   3.946505e-01   1.635758e-02
2.498781000000000141e+00   4.018244e-01   1.633054e-02
2.503493000000000190e+00   4.038416e-01   1.632625e-02
2.508204000000000100e+00   4.003835e-01   1.630968e-02
2.512915000000000010e+00   3.962678e-01   1.625859e-02
2.517625999999999920e+00   3.940540e-01   1.622612e-02
2.522337999999999969e+00   3.954758e-01   1.621430e-02
2.527048999999999879e+00   4.027413e-01   1.618178e-02
2.531759999999999788e+00   3.944573e-01   1.613923e-02
2.536471000000000142e+00   3.750893e-01   1.611903e-02
2.541183000000000192e+00   3.945577e-01   1.610966e-02
2.545894000000000101e+00   3.765699e-01   1.610425e-02
2.550605000000000011e+00   3.833309e-01   1.609126e-02
2.555315999999999921e+00   3.859286e-01   1.608122e-02
2.560027999999999970e+00   3.744575e-01   1.604202e-02
2.564738999999999880e+00   3.678768e-01   1.603821e-02
2.569449999999999790e+00   3.813951e-01   1.604081e-02
2.574161000000000143e+00   3.715141e-01   1.604425e-02
2.578873000000000193e+00   3.793909e-01   1.605467e-02
2.583584000000000103e+00   3.576304e-01   1.602540e-02
2.588295000000000012e+00   3.636871e-01   1.599745e-02
2.593005999999999922e+00   3.619719e-01   1.599635e-02
2.597717999999999972e+00   3.509191e-01   1.597664e-02
2.602428999999999881e+00   3.797707e-01   1.597895e-02
2.607139999999999791e+00   3.620384e-01   1.594975e-02
2.611851000000000145e+00   3.653666e-01   1.593894e-02
2.616563000000000194e+00   3.788326e-01   1.594154e-02
2.621274000000000104e+00   3.680006e-01   1.591564e-02
2.625985000000000014e+00   3.732262e-01   1.591496e-02
2.630697000000000063e+00   3.498621e-01   1.587533e-02
2.635407999999999973e+00   3.561412e-01   1.586130e-02
2.640118999999999883e+00   3.610274e-01   1.584585e-02
2.644829999999999792e+00   3.751677e-01   1.584509e-02
2.649541999999999842e+00   3.729488e-01   1.582687e-02
2.654253000000000196e+00   3.382479e-01   1.578731e-02
2.658964000000000105e+00   3.640512e-01   1.579229e-02
2.663675000000000015e+00   3.499863e-01   1.575778e-02
2.668387000000000064e+00   3.489745e-01   1.575139e-02
2.673097999999999974e+00   3.207912e-01   1.572410e-02
2.677808999999999884e+00   3.157091e-01   1.571110e-02
2.682519999999999794e+00   3.280572e-01   1.570806e-02
2.687231999999999843e+00   3.474257e-01   1.569370e-02
2.691943000000000197e+00   3.438229e-01   1.567517e-02
2.696654000000000106e+00   3.246786e-01   1.565808e-02
2.701365000000000016e+00   3.349864e-01   1.564582e-02
2.706077000000000066e+00   3.449822e-01   1.563753e-02
2.710787999999999975e+00   3.435861e-01   1.561519e-02
2.715498999999999885e+00   3.428019e-01   1.561355e-02
2.720209999999999795e+00   3.343196e-01   1.558628e-02
2.724921999999999844e+00   3.370909e-01   1.557607e-02
2.729633000000000198e+00   3.390360e-01   1.555907e-02
2.734344000000000108e+00   3.532379e-01   1.555428e-02
2.739055000000000017e+00   3.644815e-01   1.555213e-02
2.743767000000000067e+00   3.467424e-01   1.552394e-02
2.748477999999999977e+00   3.210949e-01   1.550503e-02
2.753188999999999886e+00   3.337600e-01   1.549934e-02
2.757899999999999796e+00   3.193345e-01   1.547816e-02
2.762611999999999846e+00   3.248494e-01   1.545681e-02
2.767323000000000199e+00   3.000829e-01   1.542608e-02
2.772034000000000109e+00   3.100415e-01   1.542396e-02
2.776745000000000019e+00   3.252394e-01   1.542036e-02
2.781457000000000068e+00   3.279084e-01   1.541217e-02
2.786167999999999978e+00   3.350781e-01   1.539505e-02
2.790878999999999888e+00   3.478539e-01   1.538363e-02
2.795589999999999797e+00   3.200197e-01   1.536887e-02
2.800301999999999847e+00   3.268680e-01   1.536158e-02
2.805013000000000201e+00   3.210985e-01   1.542396e-02
2.809724000000000110e+00   3.295904e-01   1.582077e-02
2.814436000000000160e+00   3.202577e-01   1.606112e-02
2.819147000000000070e+00   2.995986e-01   1.625122e-02
2.823857999999999979e+00   3.151223e-01   1.640085e-02
2.828568999999999889e+00   3.021886e-01   1.648061e-02
2.833280999999999938e+00   3.024364e-01   1.654311e-02
2.837991999999999848e+00   2.913928e-01   1.656583e-02
2.842703000000000202e+00   3.029108e-01   1.661926e-02
2.847414000000000112e+00   3.051695e-01   1.667483e-02
2.852126000000000161e+00   3.081310e-01   1.672050e-02
2.856837000000000071e+00   3.075653e-01   1.674336e-02
2.861547999999999981e+00   3.211850e-01   1.678279e-02
2.866258999999999890e+00   2.923924e-01   1.680099e-02
2.870970999999999940e+00   2.897853e-01   1.667623e-02
2.875681999999999849e+00   3.214229e-01   1.626906e-02
2.880393000000000203e+00   2.947513e-01   1.599592e-02
2.885104000000000113e+00   3.004864e-01   1.583973e-02
2.889816000000000162e+00   3.226607e-01   1.572151e-02
2.894527000000000072e+00   3.074488e-01   1.565200e-02
2.899237999999999982e+00   2.963072e-01   1.559808e-02
2.903948999999999891e+00   2.997651e-01   1.555511e-02
2.908660999999999941e+00   3.079768e-01   1.552736e-02
2.913371999999999851e+00   2.891572e-01   1.548210e-02
2.918083000000000204e+00   3.023730e-01   1.547033e-02
2.922794000000000114e+00   2.825814e-01   1.543778e-02
2.927506000000000164e+00   2.953394e-01   1.543338e-02
2.932217000000000073e+00   2.839669e-01   1.539421e-02
2.936927999999999983e+00   3.111147e-01   1.537571e-02
2.941638999999999893e+00   2.871242e-01   1.533040e-02
2.946350999999999942e+00   3.027879e-01   1.531806e-02
2.951061999999999852e+00   3.022227e-01   1.530883e-02
2.955773000000000206e+00   2.838035e-01   1.527566e-02
2.960484000000000115e+00   2.771850e-01   1.524265e-02
2.965196000000000165e+00   2.640451e-01   1.521813e-02
2.969907000000000075e+00   2.663557e-01   1.520511e-02
2.974617999999999984e+00   2.893621e-01   1.520545e-02
2.979328999999999894e+00   2.757235e-01   1.517487e-02
2.984040999999999944e+00   2.992683e-01   1.516145e-02
2.988751999999999853e+00   2.872829e-01   1.513527e-02
2.993463000000000207e+00   2.808611e-01   1.511468e-02
2.998174999999999812e+00   3.014423e-01   1.511324e-02
3.002886000000000166e+00   2.774524e-01   1.508409e-02
3.007597000000000076e+00   2.777471e-01   1.506400e-02
3.012307999999999986e+00   2.971397e-01   1.506368e-02
3.017020000000000035e+00   2.903611e-01   1.502786e-02
3.021730999999999945e+00   2.751400e-01   1.500744e-02
3.026441999999999855e+00   2.794528e-01   1.499019e-02
3.031153000000000208e+00   2.776171e-01   1.497783e-02
3.035864999999999814e+00   2.675319e-01   1.496730e-02
3.040576000000000167e+00   2.718480e-01   1.494584e-02
3.045287000000000077e+00   2.559946e-01   1.491964e-02
3.049997999999999987e+00   2.440829e-01   1.489679e-02
3.054710000000000036e+00   2.757292e-01   1.491175e-02
3.059420999999999946e+00   2.748305e-01   1.489928e-02
3.064131999999999856e+00   2.632432e-01   1.487872e-02
3.068843000000000210e+00   2.764702e-01   1.487142e-02
3.073554999999999815e+00   2.897200e-01   1.485521e-02
3.078266000000000169e+00   2.910446e-01   1.486126e-02
3.082977000000000078e+00   2.595571e-01   1.482289e-02
3.087687999999999988e+00   2.637524e-01   1.481054e-02
3.092400000000000038e+00   2.626429e-01   1.479204e-02
3.097110999999999947e+00   2.695610e-01   1.477384e-02
3.101821999999999857e+00   2.546697e-01   1.476592e-02
3.106533000000000211e+00   2.797627e-01   1.476220e-02
3.111244999999999816e+00   2.586825e-01   1.472399e-02
3.115956000000000170e+00   2.620789e-01   1.471788e-02
3.120667000000000080e+00   2.505233e-01   1.469825e-02
3.125377999999999989e+00   2.572742e-01   1.468770e-02
3.130090000000000039e+00   2.517839e-01   1.468105e-02
3.134800999999999949e+00   2.741968e-01   1.466616e-02
3.139511999999999858e+00   2.625971e-01   1.465375e-02
3.144223000000000212e+00   2.596622e-01   1.464188e-02
3.148934999999999818e+00   2.831435e-01   1.464306e-02
3.153646000000000171e+00   2.889405e-01   1.463604e-02
3.158357000000000081e+00   2.928338e-01   1.462836e-02
3.163067999999999991e+00   2.718054e-01   1.460200e-02
3.167780000000000040e+00   2.581792e-01   1.456905e-02
3.172490999999999950e+00   2.755330e-01   1.456838e-02
3.177201999999999860e+00   2.764595e-01   1.456632e-02
3.181913999999999909e+00   2.549934e-01   1.454599e-02
3.186624999999999819e+00   2.429835e-01   1.452379e-02
3.191336000000000173e+00   2.566482e-01   1.448798e-02
3.196047000000000082e+00   2.556932e-01   1.447406e-02
3.200759000000000132e+00   2.550379e-01   1.444904e-02
3.205470000000000041e+00   2.531728e-01   1.442936e-02
3.210180999999999951e+00   2.300272e-01   1.440473e-02
3.214891999999999861e+00   2.327263e-01   1.440833e-02
3.219603999999999910e+00   2.496710e-01   1.440208e-02
3.224314999999999820e+00   2.430048e-01   1.437227e-02
3.229026000000000174e+00   2.362890e-01   1.436115e-02
3.233737000000000084e+00   2.484345e-01   1.435391e-02
3.238449000000000133e+00   2.333573e-01   1.434424e-02
3.243160000000000043e+00   2.542137e-01   1.434573e-02
3.247870999999999952e+00   2.495076e-01   1.433636e-02
3.252581999999999862e+00   2.403977e-01   1.433771e-02
3.257293999999999912e+00   2.233276e-01   1.432739e-02
3.262004999999999821e+00   2.392859e-01   1.432571e-02
3.266716000000000175e+00   2.690977e-01   1.433194e-02
3.271427000000000085e+00   2.603510e-01   1.431933e-02
3.276139000000000134e+00   2.331123e-01   1.428603e-02
3.280850000000000044e+00   2.300518e-01   1.428102e-02
3.285560999999999954e+00   2.317104e-01   1.426468e-02
3.290271999999999863e+00   2.509538e-01   1.427287e-02
3.294983999999999913e+00   2.197438e-01   1.423185e-02
3.299694999999999823e+00   2.345835e-01   1.423669e-02
3.304406000000000176e+00   2.391189e-01   1.423103e-02
3.309117000000000086e+00   2.259119e-01   1.419967e-02
3.313829000000000136e+00   2.478274e-01   1.419952e-02
3.318540000000000045e+00   2.084786e-01   1.417033e-02
3.323250999999999955e+00   2.103926e-01   1.417058e-02
3.327961999999999865e+00   2.450949e-01   1.417689e-02
3.332673999999999914e+00   2.334487e-01   1.416144e-02
3.337384999999999824e+00   2.241191e-01   1.415011e-02
3.342096000000000178e+00   2.302506e-01   1.414258e-02
3.346807000000000087e+00   2.488485e-01   1.414254e-02
3.351519000000000137e+00   2.331142e-01   1.411810e-02
3.356230000000000047e+00   2.373259e-01   1.411436e-02
3.360940999999999956e+00   2.352835e-01   1.409961e-02
3.365653000000000006e+00   2.178325e-01   1.407239e-02
3.370363999999999916e+00   2.238760e-01   1.406863e-02
3.375074999999999825e+00   2.211879e-01   1.404580e-02
3.379786000000000179e+00   2.345197e-01   1.404924e-02
3.384497999999999784e+00   2.345092e-01   1.405044e-02
3.389209000000000138e+00   2.202361e-01   1.412458e-02
3.393920000000000048e+00   2.290458e-01   1.445716e-02
3.398630999999999958e+00   2.290305e-01   1.465915e-02
3.403343000000000007e+00   2.268015e-01   1.480793e-02
3.408053999999999917e+00   2.171106e-01   1.490499e-02
3.412764999999999826e+00   2.174259e-01   1.494955e-02
3.417476000000000180e+00   2.325032e-01   1.495602e-02
3.422187999999999786e+00   2.076137e-01   1.494970e-02
3.426899000000000139e+00   2.301912e-01   1.499477e-02
3.431610000000000049e+00   2.253370e-01   1.503860e-02
3.436320999999999959e+00   2.265111e-01   1.507956e-02
3.441033000000000008e+00   2.215098e-01   1.510337e-02
3.445743999999999918e+00   2.187232e-01   1.512056e-02
3.450454999999999828e+00   2.229113e-01   1.514730e-02
3.455166000000000182e+00   2.205857e-01   1.517414e-02
3.459877999999999787e+00   2.178108e-01   1.520349e-02
3.464589000000000141e+00   2.089074e-01   1.521388e-02
3.469300000000000050e+00   2.084551e-01   1.524106e-02
3.474010999999999960e+00   2.056383e-01   1.526585e-02
3.478723000000000010e+00   1.930148e-01   1.528423e-02
3.483433999999999919e+00   1.940954e-01   1.530945e-02
3.488144999999999829e+00   1.936038e-01   1.531291e-02
3.492856000000000183e+00   2.210543e-01   1.534308e-02
3.497567999999999788e+00   2.147573e-01   1.536340e-02
3.502279000000000142e+00   2.267539e-01   1.537920e-02
3.506990000000000052e+00   2.072142e-01   1.541452e-02
3.511700999999999961e+00   1.922967e-01   1.540389e-02
3.516413000000000011e+00   1.913172e-01   1.541671e-02
3.521123999999999921e+00   2.090372e-01   1.544728e-02
3.525834999999999830e+00   2.212898e-01   1.548663e-02
3.530546000000000184e+00   1.898767e-01   1.547051e-02
3.535257999999999790e+00   2.178220e-01   1.551401e-02
3.539969000000000143e+00   1.927565e-01   1.551305e-02
3.544680000000000053e+00   2.308324e-01   1.554529e-02
3.549392000000000102e+00   2.247831e-01   1.555052e-02
3.554103000000000012e+00   2.127037e-01   1.556611e-02
3.558813999999999922e+00   2.272441e-01   1.559536e-02
3.563524999999999832e+00   2.020753e-01   1.559298e-02
3.568236999999999881e+00   2.149741e-01   1.560094e-02
3.572947999999999791e+00   2.089542e-01   1.562009e-02
3.577659000000000145e+00   2.180655e-01   1.565122e-02
3.582370000000000054e+00   2.049691e-01   1.565529e-02
3.587082000000000104e+00   2.001705e-01   1.566145e-02
3.591793000000000013e+00   1.984579e-01   1.567197e-02
3.596503999999999923e+00   1.978320e-01   1.565904e-02
3.601214999999999833e+00   1.951830e-01   1.564344e-02
3.605926999999999882e+00   2.080005e-01   1.566945e-02
3.610637999999999792e+00   1.865982e-01   1.596184e-02
3.615349000000000146e+00   2.037265e-01   1.643684e-02
3.620060000000000056e+00   2.032204e-01   1.670866e-02
3.624772000000000105e+00   1.999935e-01   1.690943e-02
3.629483000000000015e+00   2.188410e-01   1.703602e-02
3.634193999999999924e+00   2.070321e-01   1.714730e-02
3.638904999999999834e+00   2.065251e-01   1.726694e-02
3.643616999999999884e+00   2.001218e-01   1.736323e-02
3.648327999999999793e+00   2.050471e-01   1.745396e-02
3.653039000000000147e+00   1.883815e-01   1.752265e-02
3.657750000000000057e+00   1.837680e-01   1.760914e-02
3.662462000000000106e+00   1.995256e-01   1.770117e-02
3.667173000000000016e+00   2.219143e-01   1.780724e-02
3.671883999999999926e+00   2.000035e-01   1.788266e-02
3.676594999999999835e+00   1.972927e-01   1.794719e-02
3.681306999999999885e+00   2.311793e-01   1.806091e-02
3.686017999999999795e+00   2.149745e-01   1.813695e-02
3.690729000000000148e+00   2.019027e-01   1.819448e-02
3.695440000000000058e+00   1.797871e-01   1.826888e-02
3.700152000000000108e+00   1.598967e-01   1.832071e-02
3.704863000000000017e+00   1.758373e-01   1.840599e-02
3.709573999999999927e+00   1.865940e-01   1.847766e-02
3.714284999999999837e+00   1.676706e-01   1.855202e-02
3.718996999999999886e+00   2.038555e-01   1.865673e-02
3.723707999999999796e+00   2.134744e-01   1.875968e-02
3.728419000000000150e+00   2.090549e-01   1.882444e-02
3.733131000000000199e+00   1.818782e-01   1.884854e-02
3.737842000000000109e+00   1.771760e-01   1.891116e-02
3.742553000000000019e+00   2.147009e-01   1.901927e-02
3.747263999999999928e+00   2.119453e-01   1.909887e-02
3.751975999999999978e+00   2.033784e-01   1.916248e-02
3.756686999999999887e+00   1.503875e-01   1.920112e-02
3.761397999999999797e+00   1.653347e-01   1.926990e-02
3.766109000000000151e+00   1.839920e-01   1.934495e-02
3.770821000000000200e+00   1.697036e-01   1.941869e-02
3.775532000000000110e+00   1.806683e-01   1.950131e-02
3.780243000000000020e+00   1.779271e-01   1.957946e-02
3.784953999999999930e+00   1.940911e-01   1.963823e-02
3.789665999999999979e+00   1.843812e-01   1.969581e-02
3.794376999999999889e+00   1.867027e-01   1.977064e-02
3.799087999999999798e+00   1.967739e-01   1.983046e-02
3.803799000000000152e+00   1.688615e-01   1.988679e-02
3.808511000000000202e+00   1.873528e-01   1.997427e-02
3.813222000000000111e+00   1.814880e-01   2.003352e-02
3.817933000000000021e+00   2.182836e-01   2.013010e-02
3.822643999999999931e+00   1.747610e-01   2.017030e-02
3.827355999999999980e+00   1.722886e-01   2.025307e-02
3.832066999999999890e+00   1.787249e-01   2.033765e-02
3.836777999999999800e+00   1.786616e-01   2.039814e-02
3.841489000000000154e+00   1.550861e-01   2.044966e-02
3.846201000000000203e+00   1.643748e-01   2.051745e-02
3.850912000000000113e+00   1.781483e-01   2.061943e-02
3.855623000000000022e+00   1.707880e-01   2.066959e-02
3.860333999999999932e+00   1.635213e-01   2.072990e-02
3.865045999999999982e+00   1.785909e-01   2.079611e-02
3.869756999999999891e+00   1.698196e-01   2.084441e-02
3.874467999999999801e+00   1.778268e-01   2.094189e-02
3.879179000000000155e+00   2.002208e-01   2.105869e-02
3.883891000000000204e+00   1.704483e-01   2.112007e-02
3.888602000000000114e+00   1.688385e-01   2.119560e-02
3.893313000000000024e+00   1.680653e-01   2.124123e-02
3.898023999999999933e+00   1.531212e-01   2.131279e-02
3.902735999999999983e+00   1.603214e-01   2.138436e-02
3.907446999999999893e+00   1.427905e-01   2.143802e-02
3.912157999999999802e+00   1.692437e-01   2.153679e-02
3.916869999999999852e+00   1.801342e-01   2.158469e-02
3.921581000000000206e+00   1.542658e-01   2.156212e-02
3.926292000000000115e+00   1.875183e-01   2.164267e-02
3.931003000000000025e+00   1.629446e-01   2.169856e-02
3.935715000000000074e+00   1.626339e-01   2.178486e-02
3.940425999999999984e+00   1.708492e-01   2.179373e-02
3.945136999999999894e+00   1.662126e-01   2.180776e-02
3.949847999999999804e+00   1.814667e-01   2.184450e-02
3.954559999999999853e+00   1.741134e-01   2.187888e-02
3.959271000000000207e+00   1.874068e-01   2.192291e-02
3.963982000000000117e+00   1.643998e-01   2.188898e-02
3.968693000000000026e+00   1.876529e-01   2.193271e-02
3.973405000000000076e+00   1.686987e-01   2.199013e-02
3.978115999999999985e+00   1.748772e-01   2.206164e-02
3.982826999999999895e+00   2.057948e-01   2.216900e-02
3.987537999999999805e+00   1.795498e-01   2.223580e-02
3.992249999999999854e+00   1.706080e-01   2.229794e-02
3.996961000000000208e+00   1.829268e-01   2.236736e-02
4.001672000000000118e+00   1.627226e-01   2.241793e-02
4.006382999999999583e+00   1.649055e-01   2.249241e-02
4.011095000000000077e+00   1.595811e-01   2.255932e-02
4.015806000000000431e+00   1.540677e-01   2.263503e-02
4.020516999999999896e+00   1.803847e-01   2.275444e-02
4.025228000000000250e+00   1.481987e-01   2.280707e-02
4.029939999999999856e+00   1.441296e-01   2.290266e-02
4.034651000000000209e+00   1.582640e-01   2.297316e-02
4.039361999999999675e+00   1.846570e-01   2.305800e-02
4.044073000000000029e+00   1.768330e-01   2.311621e-02
4.048784999999999634e+00   2.062439e-01   2.322600e-02
4.053495999999999988e+00   2.109786e-01   2.331888e-02
4.058207000000000342e+00   1.979494e-01   2.341683e-02
4.062917999999999807e+00   1.578006e-01   2.344386e-02
4.067630000000000301e+00   1.774141e-01   2.353299e-02
4.072340999999999767e+00   1.597211e-01   2.360089e-02
4.077052000000000120e+00   1.594789e-01   2.367005e-02
4.081762999999999586e+00   1.803744e-01   2.380176e-02
4.086475000000000080e+00   1.490159e-01   2.385267e-02
4.091186000000000433e+00   1.571691e-01   2.390137e-02
4.095896999999999899e+00   1.702609e-01   2.402097e-02
4.100609000000000393e+00   1.705946e-01   2.409805e-02
4.105319999999999858e+00   1.575207e-01   2.421659e-02
4.110031000000000212e+00   1.212724e-01   2.426701e-02
4.114741999999999678e+00   1.301045e-01   2.435500e-02
4.119454000000000171e+00   1.578718e-01   2.444366e-02
4.124164999999999637e+00   1.597943e-01   2.456891e-02
4.128875999999999991e+00   1.454044e-01   2.462742e-02
4.133587000000000344e+00   1.560480e-01   2.474252e-02
4.138298999999999950e+00   1.767002e-01   2.487326e-02
4.143010000000000304e+00   2.031378e-01   2.496634e-02
4.147720999999999769e+00   1.692749e-01   2.502476e-02
4.152432000000000123e+00   1.712232e-01   2.509479e-02
4.157143999999999728e+00   1.412228e-01   2.516250e-02
4.161855000000000082e+00   1.583415e-01   2.526014e-02
4.166566000000000436e+00   1.614350e-01   2.539569e-02
4.171276999999999902e+00   1.539689e-01   2.550863e-02
4.175989000000000395e+00   1.653910e-01   2.559955e-02
4.180699999999999861e+00   1.532824e-01   2.569479e-02
4.185411000000000215e+00   1.348281e-01   2.574650e-02
4.190121999999999680e+00   1.149270e-01   2.581798e-02
4.194834000000000174e+00   1.130266e-01   2.590831e-02
4.199544999999999639e+00   1.237561e-01   2.605140e-02
4.204255999999999993e+00   1.427808e-01   2.613125e-02
4.208967000000000347e+00   1.549273e-01   2.627594e-02
4.213678999999999952e+00   1.387751e-01   2.634324e-02
4.218390000000000306e+00   1.395047e-01   2.648695e-02
4.223100999999999772e+00   1.666241e-01   2.659717e-02
4.227812000000000126e+00   1.560718e-01   2.669400e-02
4.232523999999999731e+00   1.473030e-01   2.676837e-02
4.237235000000000085e+00   1.365474e-01   2.689071e-02
4.241946000000000438e+00   1.278650e-01   2.700248e-02
4.246656999999999904e+00   1.279797e-01   2.706841e-02
4.251369000000000398e+00   1.638873e-01   2.722040e-02
4.256079999999999863e+00   1.425420e-01   2.734204e-02
4.260791000000000217e+00   1.196649e-01   2.744850e-02
4.265501999999999683e+00   1.216467e-01   2.756928e-02
4.270214000000000176e+00   1.385036e-01   2.765161e-02
4.274924999999999642e+00   1.251475e-01   2.777269e-02
4.279635999999999996e+00   1.211010e-01   2.788608e-02
4.284347999999999601e+00   1.220484e-01   2.802894e-02
4.289058999999999955e+00   1.262573e-01   2.816275e-02
4.293770000000000309e+00   1.365570e-01   2.823134e-02
4.298480999999999774e+00   1.648657e-01   2.839092e-02
4.303193000000000268e+00   1.769086e-01   2.858156e-02
4.307903999999999733e+00   1.379827e-01   2.866161e-02
4.312615000000000087e+00   1.570437e-01   2.876419e-02
4.317326000000000441e+00   1.823918e-01   2.896895e-02
4.322038000000000046e+00   1.739763e-01   2.904339e-02
4.326749000000000400e+00   1.304320e-01   2.916485e-02
4.331459999999999866e+00   1.393003e-01   2.926270e-02
4.336171000000000220e+00   1.148815e-01   2.938315e-02
4.340882999999999825e+00   1.220289e-01   2.950961e-02
4.345594000000000179e+00   1.349775e-01   2.964589e-02
4.350304999999999644e+00   1.777857e-01   2.984767e-02
4.355015999999999998e+00   1.728345e-01   3.000943e-02
4.359727999999999604e+00   1.406944e-01   3.015457e-02
4.364438999999999957e+00   1.294712e-01   3.029178e-02
4.369150000000000311e+00   1.605605e-01   3.043178e-02
4.373860999999999777e+00   1.487393e-01   3.052313e-02
4.378573000000000270e+00   1.436462e-01   3.072466e-02
4.383283999999999736e+00   1.360409e-01   3.089233e-02
4.387995000000000090e+00   1.124104e-01   3.097577e-02
4.392706000000000444e+00   1.197040e-01   3.114556e-02
4.397418000000000049e+00   1.282181e-01   3.126105e-02
4.402129000000000403e+00   1.186010e-01   3.127061e-02
4.406839999999999868e+00   1.477065e-01   3.133215e-02
4.411551000000000222e+00   1.997128e-01   3.141183e-02
4.416262999999999828e+00   1.095297e-01   3.135073e-02
4.420974000000000181e+00   1.278483e-01   3.135588e-02
4.425684999999999647e+00   1.292496e-01   3.139411e-02
4.430396000000000001e+00   1.469050e-01   3.143145e-02
4.435107999999999606e+00   1.127872e-01   3.142943e-02
4.439818999999999960e+00   1.149559e-01   3.153800e-02
4.444530000000000314e+00   1.406843e-01   3.175038e-02
4.449240999999999779e+00   1.659195e-01   3.188873e-02
4.453953000000000273e+00   1.982543e-01   3.213187e-02
4.458663999999999739e+00   1.363885e-01   3.218104e-02
4.463375000000000092e+00   2.002521e-01   3.242001e-02
4.468086999999999698e+00   1.610185e-01   3.253868e-02
4.472798000000000052e+00   1.334795e-01   3.264019e-02
4.477509000000000405e+00   1.486147e-01   3.285195e-02
4.482219999999999871e+00   1.814080e-01   3.314502e-02
4.486932000000000365e+00   1.010662e-01   3.315313e-02
4.491642999999999830e+00   1.498515e-01   3.338040e-02
4.496354000000000184e+00   1.846676e-01   3.361996e-02
4.501064999999999650e+00   1.876274e-01   3.383823e-02
4.505777000000000143e+00   1.200795e-01   3.394620e-02
4.510487999999999609e+00   1.292819e-01   3.415978e-02
4.515198999999999963e+00   1.186232e-01   3.432009e-02
4.519910000000000316e+00   1.156634e-01   3.450520e-02
4.524621999999999922e+00   1.181530e-01   3.478226e-02
4.529333000000000276e+00   1.460199e-01   3.497971e-02
4.534043999999999741e+00   1.350185e-01   3.518462e-02
4.538755000000000095e+00   1.858374e-01   3.549640e-02
4.543466999999999700e+00   1.714673e-01   3.574431e-02
4.548178000000000054e+00   1.095242e-01   3.590334e-02
4.552889000000000408e+00   8.385883e-02   3.603959e-02
4.557599999999999874e+00   1.070174e-01   3.623086e-02
4.562312000000000367e+00   2.153740e-01   3.663597e-02
4.567022999999999833e+00   1.941202e-01   3.688947e-02
4.571734000000000187e+00   1.443659e-01   3.708849e-02
4.576444999999999652e+00   9.958926e-02   3.731950e-02
4.581157000000000146e+00   8.847361e-02   3.751095e-02
4.585867999999999611e+00   1.335602e-01   3.777223e-02
4.590578999999999965e+00   1.428581e-01   3.806827e-02
4.595290000000000319e+00   1.265894e-01   3.837618e-02
4.600001999999999924e+00   1.003863e-01   3.863672e-02
4.604713000000000278e+00   1.214624e-01   3.885387e-02
4.609423999999999744e+00   1.240880e-01   3.904646e-02
4.614135000000000097e+00   1.166666e-01   3.941305e-02
4.618846999999999703e+00   1.090890e-01   3.973356e-02
4.623558000000000057e+00   1.039410e-01   3.995610e-02
4.628269000000000410e+00   1.091864e-01   4.032750e-02
4.632979999999999876e+00   9.599815e-02   4.064299e-02
4.637692000000000370e+00   1.646583e-01   4.116241e-02
4.642402999999999835e+00   1.440309e-01   4.144765e-02
4.647114000000000189e+00   1.335329e-01   4.165664e-02
4.651825999999999794e+00   1.261970e-01   4.189966e-02
4.656537000000000148e+00   1.280262e-01   4.241022e-02
4.661247999999999614e+00   7.992379e-02   4.269833e-02
4.665958999999999968e+00   7.593741e-02   4.293756e-02
4.670670999999999573e+00   1.146812e-01   4.341063e-02
4.675381999999999927e+00   1.408902e-01   4.386183e-02
4.680093000000000281e+00   1.488878e-01   4.436070e-02
4.684803999999999746e+00   9.253603e-02   4.456844e-02
4.689516000000000240e+00   1.329812e-01   4.506642e-02
4.694226999999999705e+00   7.327229e-02   4.544987e-02
4.698938000000000059e+00   1.086247e-01   4.607545e-02
4.703649000000000413e+00   1.310699e-01   4.644235e-02
4.708361000000000018e+00   1.772819e-01   4.698212e-02
4.713072000000000372e+00   2.021849e-01   4.756129e-02
4.717782999999999838e+00   1.651821e-01   4.798802e-02
4.722494000000000192e+00   1.718544e-01   4.848703e-02
4.727205999999999797e+00   1.465399e-01   4.895822e-02
4.731917000000000151e+00   8.855918e-02   4.939252e-02
4.736627999999999616e+00   1.513352e-01   5.018887e-02
4.741338999999999970e+00   1.867432e-01   5.070839e-02
4.746050999999999576e+00   1.407480e-01   5.133802e-02
4.750761999999999929e+00   1.234946e-01   5.212165e-02
4.755473000000000283e+00   8.500179e-02   5.245327e-02
4.760183999999999749e+00   1.241555e-01   5.338922e-02
4.764896000000000242e+00   1.797777e-01   5.406763e-02
4.769606999999999708e+00   2.477014e-01   5.472788e-02
4.774318000000000062e+00   1.802803e-01   5.565583e-02
4.779029000000000416e+00   1.626528e-01   5.640683e-02
4.783741000000000021e+00   1.058683e-01   5.715305e-02
4.788452000000000375e+00   1.594340e-01   5.810379e-02
4.793162999999999840e+00   1.423857e-01   5.884421e-02
4.797874000000000194e+00   1.112766e-01   5.986763e-02
4.802585999999999800e+00   1.526732e-01   6.069868e-02
4.807297000000000153e+00   1.086091e-01   6.162205e-02
4.812007999999999619e+00   4.550999e-02   6.267053e-02
4.816718999999999973e+00   2.681790e-02   6.400879e-02
4.821430999999999578e+00   1.541742e-01   6.551841e-02
4.826141999999999932e+00   1.282431e-01   6.645894e-02
4.830853000000000286e+00   7.345751e-02   6.783229e-02
4.835564999999999891e+00   1.508944e-01   6.975749e-02
4.840276000000000245e+00   1.574428e-01   7.110245e-02
4.844986999999999711e+00   1.052054e-01   7.275412e-02
4.849698000000000064e+00   4.727125e-02   7.437091e-02
4.854409999999999670e+00   3.805849e-02   7.593321e-02
4.859121000000000024e+00   1.846234e-01   7.847954e-02
4.863832000000000377e+00   1.068926e-01   8.057831e-02
4.868542999999999843e+00   8.952390e-02   8.292987e-02
4.873255000000000337e+00   1.083969e-01   8.572657e-02
4.877965999999999802e+00   5.956807e-02   8.853925e-02
4.882677000000000156e+00   9.775918e-02   9.204359e-02
4.887387999999999622e+00   1.621778e-01   9.586197e-02
4.892100000000000115e+00   1.142315e-01   9.969039e-02
4.896810999999999581e+00  -7.493054e-02   1.037616e-01
4.901521999999999935e+00   9.549879e-02   1.106436e-01
4.906233000000000288e+00   1.412933e-03   1.161943e-01
4.910944999999999894e+00   1.297308e-01   1.250099e-01
4.915656000000000247e+00   7.388666e-02   1.346372e-01
4.920366999999999713e+00  -1.056334e-02   1.452537e-01
4.925078000000000067e+00   3.010259e-01   1.633689e-01
4.929789999999999672e+00   3.258797e-01   1.873172e-01
4.934501000000000026e+00   1.445462e-01   2.208151e-01
4.939212000000000380e+00  -1.199965e-02   2.864757e-01
4.943922999999999845e+00   1.196454e-01   5.144195e-01