# [4]
# Sample c= 8.0 mg/ml
# Intensity scaled by concentration
# Buffer subtracted data file:
# Protein DatFile = /data/visitor/mx1908/bm29/20161119/giulio/1d/mM30Acetate_101_ave.dat
# Buffer DatFile = /data/visitor/mx1908/bm29/20161119/giulio/1d/mM30Acetate_100_ave.dat
# 
# AutoRg: Rg   =   0.9173 +/- 0.13 ( 14.6%)
# AutoRg: I(0) =   4.27 +/- 0.0160
# AutoRg: Points   206 to 292 ( 87 total)
# AutoRg: Quality: 63.2%
# 
# 
# Sample Information:
# Storage Temperature (degrees C): 20.0
# Measurement Temperature (degrees C): 19.98
# Concentration: 8.0
# Code: 
3.479420999999999903e-02  -5.503268e-01   1.489696e+00
3.950545999999999919e-02  -1.186393e-01   5.944568e-01
4.421672000000000102e-02   2.775000e-03   3.885475e-01
4.892798000000000286e-02   4.052061e-01   2.985705e-01
5.363923000000000302e-02   8.701780e-01   2.402929e-01
5.835048999999999791e-02   1.254737e+00   1.971914e-01
6.306174999999999975e-02   1.401526e+00   1.644705e-01
6.777299999999999991e-02   1.422228e+00   1.405786e-01
7.248425999999999481e-02   1.553386e+00   1.224500e-01
7.719552000000000358e-02   1.792360e+00   1.085193e-01
8.190677000000000374e-02   1.890485e+00   9.710469e-02
8.661802999999999864e-02   2.077790e+00   8.777328e-02
9.132928999999999353e-02   2.133955e+00   8.072048e-02
9.604053999999999369e-02   2.081140e+00   7.494867e-02
1.007518000000000025e-01   2.281467e+00   7.009491e-02
1.054631000000000041e-01   2.396352e+00   6.565559e-02
1.101743000000000028e-01   2.439826e+00   6.184973e-02
1.148856000000000044e-01   2.405493e+00   5.851917e-02
1.195968000000000031e-01   2.493471e+00   5.586293e-02
1.243081000000000047e-01   2.481921e+00   5.336151e-02
1.290193000000000034e-01   2.474693e+00   5.121359e-02
1.337306000000000050e-01   2.598963e+00   4.949621e-02
1.384419000000000066e-01   2.586471e+00   4.765053e-02
1.431531000000000053e-01   2.575559e+00   4.603674e-02
1.478644000000000069e-01   2.620519e+00   4.474931e-02
1.525756000000000057e-01   2.555528e+00   4.334083e-02
1.572869000000000073e-01   2.613252e+00   4.232760e-02
1.619981000000000060e-01   2.639027e+00   4.125764e-02
1.667094000000000076e-01   2.620209e+00   4.026960e-02
1.714206000000000063e-01   2.646115e+00   3.939826e-02
1.761319000000000079e-01   2.663774e+00   3.855972e-02
1.808432000000000095e-01   2.689358e+00   3.776112e-02
1.855544000000000082e-01   2.672013e+00   3.701794e-02
1.902657000000000098e-01   2.703501e+00   3.646429e-02
1.949769000000000085e-01   2.688620e+00   3.581879e-02
1.996882000000000101e-01   2.696018e+00   3.513206e-02
2.043994000000000089e-01   2.715436e+00   3.458559e-02
2.091107000000000105e-01   2.730200e+00   3.415253e-02
2.138220000000000121e-01   2.752437e+00   3.365772e-02
2.185332000000000108e-01   2.780833e+00   3.318559e-02
2.232445000000000124e-01   2.794072e+00   3.266347e-02
2.279557000000000111e-01   2.793173e+00   3.230265e-02
2.326670000000000127e-01   2.771259e+00   3.186574e-02
2.373782000000000114e-01   2.823771e+00   3.149268e-02
2.420895000000000130e-01   2.838258e+00   3.116385e-02
2.468007000000000117e-01   2.794484e+00   3.076518e-02
2.515120000000000133e-01   2.846951e+00   3.048822e-02
2.562232999999999872e-01   2.827650e+00   3.007773e-02
2.609345000000000137e-01   2.850260e+00   2.974094e-02
2.656457999999999875e-01   2.865085e+00   2.949916e-02
2.703570000000000140e-01   2.846405e+00   2.915887e-02
2.750682999999999878e-01   2.891177e+00   2.895410e-02
2.797795000000000143e-01   2.866868e+00   2.851427e-02
2.844907999999999881e-01   2.851910e+00   2.826857e-02
2.892021000000000175e-01   2.920471e+00   2.814574e-02
2.939132999999999885e-01   2.923530e+00   2.789471e-02
2.986246000000000178e-01   2.975303e+00   2.759331e-02
3.033357999999999888e-01   2.912842e+00   2.738757e-02
3.080471000000000181e-01   2.937897e+00   2.716632e-02
3.127582999999999891e-01   2.930067e+00   2.695646e-02
3.174696000000000184e-01   2.963128e+00   2.670682e-02
3.221808999999999923e-01   2.991868e+00   2.653303e-02
3.268921000000000188e-01   2.978523e+00   2.633840e-02
3.316033999999999926e-01   2.980044e+00   2.620681e-02
3.363146000000000191e-01   2.974057e+00   2.636334e-02
3.410258999999999929e-01   3.042022e+00   2.665208e-02
3.457371000000000194e-01   3.003127e+00   2.673481e-02
3.504483999999999932e-01   2.997113e+00   2.709389e-02
3.551596000000000197e-01   2.999970e+00   2.772651e-02
3.598708999999999936e-01   2.991407e+00   2.807228e-02
3.645822000000000229e-01   3.018031e+00   2.838103e-02
3.692933999999999939e-01   3.000118e+00   2.857124e-02
3.740047000000000232e-01   3.080436e+00   2.883468e-02
3.787158999999999942e-01   3.071231e+00   2.896157e-02
3.834272000000000236e-01   3.053156e+00   2.909266e-02
3.881383999999999945e-01   3.063825e+00   2.929257e-02
3.928497000000000239e-01   3.083207e+00   3.003993e-02
3.975609999999999977e-01   3.057029e+00   3.084772e-02
4.022722000000000242e-01   3.092061e+00   3.154438e-02
4.069834999999999980e-01   3.082343e+00   3.211896e-02
4.116947000000000245e-01   3.082667e+00   3.266478e-02
4.164059999999999984e-01   3.090373e+00   3.316733e-02
4.211172000000000248e-01   3.119120e+00   3.380742e-02
4.258284999999999987e-01   3.166104e+00   3.423520e-02
4.305397000000000252e-01   3.148983e+00   3.476073e-02
4.352509999999999990e-01   3.185572e+00   3.528984e-02
4.399622999999999728e-01   3.159455e+00   3.579926e-02
4.446734999999999993e-01   3.139374e+00   3.645953e-02
4.493847999999999732e-01   3.175117e+00   3.704162e-02
4.540959999999999996e-01   3.168048e+00   3.729606e-02
4.588072999999999735e-01   3.228815e+00   3.615408e-02
4.635185000000000000e-01   3.166854e+00   3.512631e-02
4.682297999999999738e-01   3.174875e+00   3.464702e-02
4.729411000000000032e-01   3.161920e+00   3.429325e-02
4.776522999999999741e-01   3.223342e+00   3.400058e-02
4.823636000000000035e-01   3.242747e+00   3.371348e-02
4.870747999999999744e-01   3.220605e+00   3.349069e-02
4.917861000000000038e-01   3.219044e+00   3.342546e-02
4.964972999999999748e-01   3.281147e+00   3.325416e-02
5.012086000000000041e-01   3.303361e+00   3.305439e-02
5.059198999999999780e-01   3.261937e+00   3.288303e-02
5.106311000000000044e-01   3.286077e+00   3.272163e-02
5.153423999999999783e-01   3.245426e+00   3.246592e-02
5.200536000000000048e-01   3.235109e+00   3.231680e-02
5.247648999999999786e-01   3.248578e+00   3.208875e-02
5.294761000000000051e-01   3.280172e+00   3.194941e-02
5.341873999999999789e-01   3.267744e+00   3.166830e-02
5.388986000000000054e-01   3.254968e+00   3.143453e-02
5.436098999999999792e-01   3.264075e+00   3.122888e-02
5.483211999999999531e-01   3.319883e+00   3.111377e-02
5.530323999999999796e-01   3.305304e+00   3.091501e-02
5.577436999999999534e-01   3.268347e+00   3.073509e-02
5.624548999999999799e-01   3.283649e+00   3.056827e-02
5.671661999999999537e-01   3.320124e+00   3.050522e-02
5.718773999999999802e-01   3.323093e+00   3.031244e-02
5.765886999999999540e-01   3.298746e+00   3.024674e-02
5.813000000000000389e-01   3.341905e+00   3.019655e-02
5.860111999999999544e-01   3.307899e+00   3.011564e-02
5.907225000000000392e-01   3.314951e+00   3.005262e-02
5.954336999999999547e-01   3.364291e+00   3.006525e-02
6.001450000000000395e-01   3.321693e+00   2.996833e-02
6.048561999999999550e-01   3.344039e+00   2.991179e-02
6.095675000000000399e-01   3.366761e+00   2.990330e-02
6.142788000000000137e-01   3.359837e+00   2.982115e-02
6.189900000000000402e-01   3.314442e+00   2.960264e-02
6.237013000000000140e-01   3.390071e+00   2.964267e-02
6.284125000000000405e-01   3.346027e+00   2.959377e-02
6.331238000000000143e-01   3.373769e+00   2.947968e-02
6.378350000000000408e-01   3.402063e+00   2.946779e-02
6.425463000000000147e-01   3.393441e+00   2.940292e-02
6.472575000000000411e-01   3.437395e+00   2.938469e-02
6.519688000000000150e-01   3.433369e+00   2.930281e-02
6.566800999999999888e-01   3.416054e+00   2.928936e-02
6.613913000000000153e-01   3.403738e+00   2.917098e-02
6.661025999999999891e-01   3.387455e+00   2.907340e-02
6.708138000000000156e-01   3.422907e+00   2.908340e-02
6.755250999999999895e-01   3.430064e+00   2.898206e-02
6.802363000000000159e-01   3.371189e+00   2.884629e-02
6.849475999999999898e-01   3.408056e+00   2.886893e-02
6.896588999999999636e-01   3.423502e+00   2.884259e-02
6.943700999999999901e-01   3.465165e+00   2.882476e-02
6.990813999999999639e-01   3.420521e+00   2.866772e-02
7.037925999999999904e-01   3.408008e+00   2.863021e-02
7.085038999999999643e-01   3.401562e+00   2.852426e-02
7.132150999999999907e-01   3.396213e+00   2.841835e-02
7.179263999999999646e-01   3.420519e+00   2.841790e-02
7.226375999999999911e-01   3.420845e+00   2.837447e-02
7.273488999999999649e-01   3.419840e+00   2.827639e-02
7.320602000000000498e-01   3.434772e+00   2.825116e-02
7.367713999999999652e-01   3.425139e+00   2.823028e-02
7.414827000000000501e-01   3.426774e+00   2.813027e-02
7.461938999999999655e-01   3.453912e+00   2.813975e-02
7.509052000000000504e-01   3.416535e+00   2.800902e-02
7.556163999999999659e-01   3.376327e+00   2.788837e-02
7.603277000000000507e-01   3.427042e+00   2.793497e-02
7.650390000000000246e-01   3.411557e+00   2.785165e-02
7.697502000000000510e-01   3.410058e+00   2.778200e-02
7.744615000000000249e-01   3.424789e+00   2.771852e-02
7.791727000000000514e-01   3.427332e+00   2.769400e-02
7.838840000000000252e-01   3.402325e+00   2.759301e-02
7.885952000000000517e-01   3.411583e+00   2.757469e-02
7.933065000000000255e-01   3.392766e+00   2.754125e-02
7.980177999999999994e-01   3.443803e+00   2.754344e-02
8.027290000000000258e-01   3.423320e+00   2.745689e-02
8.074402999999999997e-01   3.393278e+00   2.735805e-02
8.121515000000000262e-01   3.409316e+00   2.728687e-02
8.168628000000000000e-01   3.381234e+00   2.718897e-02
8.215740000000000265e-01   3.341811e+00   2.712189e-02
8.262853000000000003e-01   3.395302e+00   2.713575e-02
8.309965000000000268e-01   3.378293e+00   2.705670e-02
8.357078000000000007e-01   3.348385e+00   2.698844e-02
8.404190999999999745e-01   3.353834e+00   2.690856e-02
8.451303000000000010e-01   3.397879e+00   2.688184e-02
8.498415999999999748e-01   3.398981e+00   2.684962e-02
8.545528000000000013e-01   3.341728e+00   2.669554e-02
8.592640999999999751e-01   3.328530e+00   2.663771e-02
8.639753000000000016e-01   3.351235e+00   2.668893e-02
8.686865999999999755e-01   3.310342e+00   2.657443e-02
8.733978999999999493e-01   3.371711e+00   2.656437e-02
8.781090999999999758e-01   3.334361e+00   2.646331e-02
8.828203999999999496e-01   3.355386e+00   2.642436e-02
8.875315999999999761e-01   3.333597e+00   2.634191e-02
8.922428999999999499e-01   3.291535e+00   2.629197e-02
8.969540999999999764e-01   3.342755e+00   2.625010e-02
9.016653999999999503e-01   3.336566e+00   2.622531e-02
9.063767000000000351e-01   3.335785e+00   2.617421e-02
9.110878999999999506e-01   3.300461e+00   2.607251e-02
9.157992000000000354e-01   3.318853e+00   2.602082e-02
9.205103999999999509e-01   3.307651e+00   2.595210e-02
9.252217000000000358e-01   3.281015e+00   2.591955e-02
9.299328999999999512e-01   3.297769e+00   2.586915e-02
9.346442000000000361e-01   3.279178e+00   2.580081e-02
9.393553999999999515e-01   3.270043e+00   2.575595e-02
9.440667000000000364e-01   3.254582e+00   2.571872e-02
9.487780000000000102e-01   3.260090e+00   2.559919e-02
9.534892000000000367e-01   3.260057e+00   2.558016e-02
9.582005000000000106e-01   3.224847e+00   2.555699e-02
9.629117000000000370e-01   3.207711e+00   2.545735e-02
9.676230000000000109e-01   3.209013e+00   2.536093e-02
9.723342000000000374e-01   3.208858e+00   2.533811e-02
9.770455000000000112e-01   3.257016e+00   2.534990e-02
9.817567999999999850e-01   3.232420e+00   2.530017e-02
9.864680000000000115e-01   3.203086e+00   2.519035e-02
9.911792999999999854e-01   3.176185e+00   2.509082e-02
9.958905000000000118e-01   3.179613e+00   2.509983e-02
1.000601999999999991e+00   3.245172e+00   2.511226e-02
1.005312999999999901e+00   3.187045e+00   2.501345e-02
1.010024000000000033e+00   3.188221e+00   2.495901e-02
1.014736000000000082e+00   3.200316e+00   2.489620e-02
1.019446999999999992e+00   3.169954e+00   2.483882e-02
1.024157999999999902e+00   3.160567e+00   2.479206e-02
1.028869000000000034e+00   3.157336e+00   2.477211e-02
1.033581000000000083e+00   3.153934e+00   2.472306e-02
1.038291999999999993e+00   3.156366e+00   2.466628e-02
1.043002999999999902e+00   3.160031e+00   2.458398e-02
1.047714000000000034e+00   3.117417e+00   2.450399e-02
1.052426000000000084e+00   3.142305e+00   2.451154e-02
1.057136999999999993e+00   3.105134e+00   2.441089e-02
1.061847999999999903e+00   3.115697e+00   2.434612e-02
1.066559000000000035e+00   3.117320e+00   2.434985e-02
1.071271000000000084e+00   3.068251e+00   2.427978e-02
1.075981999999999994e+00   3.110636e+00   2.420291e-02
1.080692999999999904e+00   3.072710e+00   2.420170e-02
1.085404000000000035e+00   3.061835e+00   2.411762e-02
1.090116000000000085e+00   3.036601e+00   2.404764e-02
1.094826999999999995e+00   3.012260e+00   2.399791e-02
1.099537999999999904e+00   3.062165e+00   2.398083e-02
1.104249000000000036e+00   3.037682e+00   2.391415e-02
1.108961000000000086e+00   3.027869e+00   2.385627e-02
1.113671999999999995e+00   2.987555e+00   2.378933e-02
1.118382999999999905e+00   3.004667e+00   2.376498e-02
1.123094000000000037e+00   3.003444e+00   2.374640e-02
1.127806000000000086e+00   2.983159e+00   2.366551e-02
1.132516999999999996e+00   2.950032e+00   2.358818e-02
1.137227999999999906e+00   2.945578e+00   2.354169e-02
1.141939000000000037e+00   2.970913e+00   2.348874e-02
1.146651000000000087e+00   2.953563e+00   2.347987e-02
1.151361999999999997e+00   2.961783e+00   2.341708e-02
1.156072999999999906e+00   2.970331e+00   2.341459e-02
1.160784000000000038e+00   2.965582e+00   2.337432e-02
1.165496000000000087e+00   2.938883e+00   2.332399e-02
1.170206999999999997e+00   2.889222e+00   2.319070e-02
1.174917999999999907e+00   2.919960e+00   2.318969e-02
1.179629999999999956e+00   2.882591e+00   2.314017e-02
1.184341000000000088e+00   2.911571e+00   2.314047e-02
1.189051999999999998e+00   2.881364e+00   2.305325e-02
1.193762999999999908e+00   2.862797e+00   2.301476e-02
1.198474999999999957e+00   2.843806e+00   2.351705e-02
1.203186000000000089e+00   2.804641e+00   2.410181e-02
1.207896999999999998e+00   2.829677e+00   2.451372e-02
1.212607999999999908e+00   2.834648e+00   2.479513e-02
1.217319999999999958e+00   2.860885e+00   2.511586e-02
1.222031000000000089e+00   2.844989e+00   2.533705e-02
1.226741999999999999e+00   2.843333e+00   2.561620e-02
1.231452999999999909e+00   2.792739e+00   2.581651e-02
1.236164999999999958e+00   2.782629e+00   2.598368e-02
1.240876000000000090e+00   2.799483e+00   2.618010e-02
1.245587000000000000e+00   2.766563e+00   2.626531e-02
1.250297999999999909e+00   2.753114e+00   2.631176e-02
1.255009999999999959e+00   2.765069e+00   2.634228e-02
1.259721000000000091e+00   2.724530e+00   2.632101e-02
1.264432000000000000e+00   2.765648e+00   2.543989e-02
1.269142999999999910e+00   2.713960e+00   2.473313e-02
1.273854999999999960e+00   2.723900e+00   2.433249e-02
1.278566000000000091e+00   2.706774e+00   2.402539e-02
1.283277000000000001e+00   2.649405e+00   2.369239e-02
1.287987999999999911e+00   2.669682e+00   2.343510e-02
1.292699999999999960e+00   2.684113e+00   2.326652e-02
1.297411000000000092e+00   2.669327e+00   2.308337e-02
1.302122000000000002e+00   2.663144e+00   2.291272e-02
1.306832999999999911e+00   2.635090e+00   2.272352e-02
1.311544999999999961e+00   2.618242e+00   2.263205e-02
1.316256000000000093e+00   2.619699e+00   2.257717e-02
1.320967000000000002e+00   2.661053e+00   2.252551e-02
1.325677999999999912e+00   2.626425e+00   2.249207e-02
1.330389999999999961e+00   2.570083e+00   2.242280e-02
1.335101000000000093e+00   2.587904e+00   2.236389e-02
1.339812000000000003e+00   2.578606e+00   2.232824e-02
1.344522999999999913e+00   2.571168e+00   2.223197e-02
1.349234999999999962e+00   2.567688e+00   2.215843e-02
1.353946000000000094e+00   2.544564e+00   2.209637e-02
1.358657000000000004e+00   2.512408e+00   2.198710e-02
1.363369000000000053e+00   2.529292e+00   2.197689e-02
1.368079999999999963e+00   2.509279e+00   2.190350e-02
1.372791000000000095e+00   2.511612e+00   2.187935e-02
1.377502000000000004e+00   2.505387e+00   2.184154e-02
1.382214000000000054e+00   2.491941e+00   2.175988e-02
1.386924999999999963e+00   2.463768e+00   2.171231e-02
1.391636000000000095e+00   2.460108e+00   2.162918e-02
1.396347000000000005e+00   2.469809e+00   2.162277e-02
1.401059000000000054e+00   2.459189e+00   2.158424e-02
1.405769999999999964e+00   2.445937e+00   2.155303e-02
1.410481000000000096e+00   2.400232e+00   2.147602e-02
1.415192000000000005e+00   2.392218e+00   2.141476e-02
1.419904000000000055e+00   2.450812e+00   2.141920e-02
1.424614999999999965e+00   2.401334e+00   2.131356e-02
1.429326000000000096e+00   2.393613e+00   2.128190e-02
1.434037000000000006e+00   2.384101e+00   2.124492e-02
1.438749000000000056e+00   2.384007e+00   2.121313e-02
1.443459999999999965e+00   2.330943e+00   2.111491e-02
1.448171000000000097e+00   2.371388e+00   2.106593e-02
1.452882000000000007e+00   2.321095e+00   2.099613e-02
1.457594000000000056e+00   2.349303e+00   2.103922e-02
1.462304999999999966e+00   2.322906e+00   2.096255e-02
1.467016000000000098e+00   2.319839e+00   2.089388e-02
1.471727000000000007e+00   2.312633e+00   2.086208e-02
1.476439000000000057e+00   2.314920e+00   2.086646e-02
1.481149999999999967e+00   2.289988e+00   2.078342e-02
1.485861000000000098e+00   2.275754e+00   2.072639e-02
1.490572000000000008e+00   2.265835e+00   2.066139e-02
1.495284000000000058e+00   2.260352e+00   2.063184e-02
1.499994999999999967e+00   2.294672e+00   2.062781e-02
1.504706000000000099e+00   2.272360e+00   2.056774e-02
1.509417000000000009e+00   2.245528e+00   2.055536e-02
1.514129000000000058e+00   2.239161e+00   2.059454e-02
1.518839999999999968e+00   2.224032e+00   2.114509e-02
1.523551000000000100e+00   2.222285e+00   2.159724e-02
1.528262999999999927e+00   2.206270e+00   2.190874e-02
1.532974000000000059e+00   2.201316e+00   2.212931e-02
1.537684999999999969e+00   2.182110e+00   2.233958e-02
1.542396000000000100e+00   2.184572e+00   2.234027e-02
1.547107999999999928e+00   2.178562e+00   2.173709e-02
1.551819000000000059e+00   2.153019e+00   2.142774e-02
1.556529999999999969e+00   2.148801e+00   2.118887e-02
1.561241000000000101e+00   2.156234e+00   2.101662e-02
1.565952999999999928e+00   2.139809e+00   2.081490e-02
1.570664000000000060e+00   2.100199e+00   2.055251e-02
1.575374999999999970e+00   2.124340e+00   2.035857e-02
1.580086000000000102e+00   2.115230e+00   2.011595e-02
1.584797999999999929e+00   2.068497e+00   1.997534e-02
1.589509000000000061e+00   2.048363e+00   1.993956e-02
1.594219999999999970e+00   2.086727e+00   1.994664e-02
1.598931000000000102e+00   2.076371e+00   1.996580e-02
1.603642999999999930e+00   2.070763e+00   1.995463e-02
1.608354000000000061e+00   2.032718e+00   1.993494e-02
1.613064999999999971e+00   2.035396e+00   1.992649e-02
1.617776000000000103e+00   2.036461e+00   1.986134e-02
1.622487999999999930e+00   2.024973e+00   1.986069e-02
1.627199000000000062e+00   2.007534e+00   1.980285e-02
1.631909999999999972e+00   2.003562e+00   1.974162e-02
1.636621000000000103e+00   1.995810e+00   1.968621e-02
1.641332999999999931e+00   1.979153e+00   1.966939e-02
1.646044000000000063e+00   1.986577e+00   1.964814e-02
1.650754999999999972e+00   1.998316e+00   1.958567e-02
1.655466000000000104e+00   1.961843e+00   1.952807e-02
1.660177999999999932e+00   1.938951e+00   1.948394e-02
1.664889000000000063e+00   1.969109e+00   1.946602e-02
1.669599999999999973e+00   1.955675e+00   1.944969e-02
1.674311000000000105e+00   1.951154e+00   1.938710e-02
1.679022999999999932e+00   1.951374e+00   1.935906e-02
1.683734000000000064e+00   1.904542e+00   1.932096e-02
1.688444999999999974e+00   1.885222e+00   1.925362e-02
1.693156000000000105e+00   1.896643e+00   1.923262e-02
1.697867999999999933e+00   1.890465e+00   1.921261e-02
1.702579000000000065e+00   1.883650e+00   1.916992e-02
1.707289999999999974e+00   1.856551e+00   1.910461e-02
1.712002000000000024e+00   1.856112e+00   1.908236e-02
1.716712999999999933e+00   1.836445e+00   1.902816e-02
1.721424000000000065e+00   1.809917e+00   1.897736e-02
1.726134999999999975e+00   1.836853e+00   1.897281e-02
1.730847000000000024e+00   1.842944e+00   1.893299e-02
1.735557999999999934e+00   1.828257e+00   1.890644e-02
1.740269000000000066e+00   1.836728e+00   1.889323e-02
1.744979999999999976e+00   1.808219e+00   1.878773e-02
1.749692000000000025e+00   1.803518e+00   1.878338e-02
1.754402999999999935e+00   1.791706e+00   1.875814e-02
1.759114000000000066e+00   1.757549e+00   1.870866e-02
1.763824999999999976e+00   1.738845e+00   1.866830e-02
1.768537000000000026e+00   1.751770e+00   1.863312e-02
1.773247999999999935e+00   1.759074e+00   1.863805e-02
1.777959000000000067e+00   1.756120e+00   1.862149e-02
1.782669999999999977e+00   1.745680e+00   1.855610e-02
1.787382000000000026e+00   1.734618e+00   1.853261e-02
1.792092999999999936e+00   1.726408e+00   1.845169e-02
1.796804000000000068e+00   1.719036e+00   1.843519e-02
1.801514999999999977e+00   1.736972e+00   1.844184e-02
1.806227000000000027e+00   1.713897e+00   1.839357e-02
1.810937999999999937e+00   1.669109e+00   1.833918e-02
1.815649000000000068e+00   1.687679e+00   1.831667e-02
1.820359999999999978e+00   1.673956e+00   1.828600e-02
1.825072000000000028e+00   1.669368e+00   1.826251e-02
1.829782999999999937e+00   1.662869e+00   1.823661e-02
1.834494000000000069e+00   1.647185e+00   1.818040e-02
1.839204999999999979e+00   1.642285e+00   1.816051e-02
1.843917000000000028e+00   1.634601e+00   1.812516e-02
1.848627999999999938e+00   1.642752e+00   1.808440e-02
1.853339000000000070e+00   1.613482e+00   1.802598e-02
1.858049999999999979e+00   1.605370e+00   1.802264e-02
1.862762000000000029e+00   1.584443e+00   1.798179e-02
1.867472999999999939e+00   1.572138e+00   1.794353e-02
1.872184000000000070e+00   1.588873e+00   1.793402e-02
1.876894999999999980e+00   1.589973e+00   1.790543e-02
1.881607000000000030e+00   1.569182e+00   1.786149e-02
1.886317999999999939e+00   1.582647e+00   1.785245e-02
1.891029000000000071e+00   1.576866e+00   1.782153e-02
1.895740999999999898e+00   1.565208e+00   1.775197e-02
1.900452000000000030e+00   1.539813e+00   1.770095e-02
1.905162999999999940e+00   1.536102e+00   1.768691e-02
1.909874000000000072e+00   1.529962e+00   1.766583e-02
1.914585999999999899e+00   1.536375e+00   1.763203e-02
1.919297000000000031e+00   1.506761e+00   1.758459e-02
1.924007999999999940e+00   1.492979e+00   1.756119e-02
1.928719000000000072e+00   1.503405e+00   1.755995e-02
1.933430999999999900e+00   1.494313e+00   1.751898e-02
1.938142000000000031e+00   1.485631e+00   1.746057e-02
1.942852999999999941e+00   1.484028e+00   1.742901e-02
1.947564000000000073e+00   1.489277e+00   1.735117e-02
1.952275999999999900e+00   1.487553e+00   1.730282e-02
1.956987000000000032e+00   1.477288e+00   1.729932e-02
1.961697999999999942e+00   1.457128e+00   1.722803e-02
1.966409000000000074e+00   1.425944e+00   1.718723e-02
1.971120999999999901e+00   1.424025e+00   1.721197e-02
1.975832000000000033e+00   1.449044e+00   1.720552e-02
1.980542999999999942e+00   1.435781e+00   1.721120e-02
1.985254000000000074e+00   1.425486e+00   1.716222e-02
1.989965999999999902e+00   1.414094e+00   1.716301e-02
1.994677000000000033e+00   1.419242e+00   1.718712e-02
1.999387999999999943e+00   1.429492e+00   1.720302e-02
2.004099000000000075e+00   1.427766e+00   1.759730e-02
2.008811000000000124e+00   1.420277e+00   1.795123e-02
2.013522000000000034e+00   1.397702e+00   1.822098e-02
2.018232999999999944e+00   1.390968e+00   1.839050e-02
2.022943999999999853e+00   1.353714e+00   1.854156e-02
2.027655999999999903e+00   1.361291e+00   1.868714e-02
2.032366999999999813e+00   1.357401e+00   1.877327e-02
2.037078000000000166e+00   1.355565e+00   1.882513e-02
2.041789000000000076e+00   1.359335e+00   1.886640e-02
2.046501000000000126e+00   1.334532e+00   1.893008e-02
2.051212000000000035e+00   1.349562e+00   1.899665e-02
2.055922999999999945e+00   1.358452e+00   1.901818e-02
2.060633999999999855e+00   1.345509e+00   1.903922e-02
2.065345999999999904e+00   1.335572e+00   1.900842e-02
2.070056999999999814e+00   1.346223e+00   1.844490e-02
2.074768000000000168e+00   1.310594e+00   1.806655e-02
2.079480000000000217e+00   1.295015e+00   1.781772e-02
2.084191000000000127e+00   1.285153e+00   1.760910e-02
2.088902000000000037e+00   1.269902e+00   1.741279e-02
2.093612999999999946e+00   1.278206e+00   1.728832e-02
2.098324999999999996e+00   1.272426e+00   1.721094e-02
2.103035999999999905e+00   1.271684e+00   1.717026e-02
2.107746999999999815e+00   1.243914e+00   1.711465e-02
2.112458000000000169e+00   1.226574e+00   1.707358e-02
2.117170000000000218e+00   1.228530e+00   1.700930e-02
2.121881000000000128e+00   1.254482e+00   1.697543e-02
2.126592000000000038e+00   1.248284e+00   1.692013e-02
2.131302999999999948e+00   1.231988e+00   1.689803e-02
2.136014999999999997e+00   1.243877e+00   1.686190e-02
2.140725999999999907e+00   1.232283e+00   1.683928e-02
2.145436999999999816e+00   1.220897e+00   1.677914e-02
2.150148000000000170e+00   1.213833e+00   1.675234e-02
2.154860000000000220e+00   1.204017e+00   1.670251e-02
2.159571000000000129e+00   1.219495e+00   1.668898e-02
2.164282000000000039e+00   1.189684e+00   1.664051e-02
2.168992999999999949e+00   1.203918e+00   1.664485e-02
2.173704999999999998e+00   1.192652e+00   1.659643e-02
2.178415999999999908e+00   1.184827e+00   1.656047e-02
2.183126999999999818e+00   1.174821e+00   1.653257e-02
2.187838000000000171e+00   1.185944e+00   1.651265e-02
2.192550000000000221e+00   1.156758e+00   1.647659e-02
2.197261000000000131e+00   1.164853e+00   1.645447e-02
2.201972000000000040e+00   1.156082e+00   1.640482e-02
2.206682999999999950e+00   1.139930e+00   1.639217e-02
2.211395000000000000e+00   1.145262e+00   1.635351e-02
2.216105999999999909e+00   1.154785e+00   1.630738e-02
2.220816999999999819e+00   1.149487e+00   1.630089e-02
2.225528000000000173e+00   1.130638e+00   1.628412e-02
2.230239999999999778e+00   1.137099e+00   1.625322e-02
2.234951000000000132e+00   1.126210e+00   1.623291e-02
2.239662000000000042e+00   1.101412e+00   1.617091e-02
2.244372999999999951e+00   1.090750e+00   1.615491e-02
2.249085000000000001e+00   1.095503e+00   1.614875e-02
2.253795999999999911e+00   1.082304e+00   1.610810e-02
2.258506999999999820e+00   1.076092e+00   1.610034e-02
2.263218999999999870e+00   1.070447e+00   1.607608e-02
2.267929999999999779e+00   1.069453e+00   1.603886e-02
2.272641000000000133e+00   1.070614e+00   1.599345e-02
2.277352000000000043e+00   1.078853e+00   1.596557e-02
2.282064000000000092e+00   1.057029e+00   1.594288e-02
2.286775000000000002e+00   1.046829e+00   1.592141e-02
2.291485999999999912e+00   1.077621e+00   1.591434e-02
2.296196999999999822e+00   1.059690e+00   1.588184e-02
2.300908999999999871e+00   1.037104e+00   1.584780e-02
2.305619999999999781e+00   1.038969e+00   1.584679e-02
2.310331000000000135e+00   1.049949e+00   1.581959e-02
2.315042000000000044e+00   1.028982e+00   1.576496e-02
2.319754000000000094e+00   9.996034e-01   1.575782e-02
2.324465000000000003e+00   1.027853e+00   1.576591e-02
2.329175999999999913e+00   1.021999e+00   1.572056e-02
2.333886999999999823e+00   1.006348e+00   1.569751e-02
2.338598999999999872e+00   1.004759e+00   1.564847e-02
2.343309999999999782e+00   1.005931e+00   1.564633e-02
2.348021000000000136e+00   9.953412e-01   1.561951e-02
2.352732000000000046e+00   1.002792e+00   1.559671e-02
2.357444000000000095e+00   9.720285e-01   1.557822e-02
2.362155000000000005e+00   9.649428e-01   1.554314e-02
2.366865999999999914e+00   9.730955e-01   1.554470e-02
2.371576999999999824e+00   9.602784e-01   1.550545e-02
2.376288999999999874e+00   9.865583e-01   1.547844e-02
2.380999999999999783e+00   9.808636e-01   1.546187e-02
2.385711000000000137e+00   9.709341e-01   1.543330e-02
2.390422000000000047e+00   9.677506e-01   1.541923e-02
2.395134000000000096e+00   9.683263e-01   1.539886e-02
2.399845000000000006e+00   9.490993e-01   1.539208e-02
2.404555999999999916e+00   9.507377e-01   1.536326e-02
2.409266999999999825e+00   9.435085e-01   1.533945e-02
2.413978999999999875e+00   9.234679e-01   1.530886e-02
2.418689999999999785e+00   9.420262e-01   1.529005e-02
2.423401000000000138e+00   9.225388e-01   1.526402e-02
2.428112000000000048e+00   9.132762e-01   1.524172e-02
2.432824000000000098e+00   9.358864e-01   1.522475e-02
2.437535000000000007e+00   9.307993e-01   1.521807e-02
2.442245999999999917e+00   9.137855e-01   1.520721e-02
2.446957999999999966e+00   9.283547e-01   1.518615e-02
2.451668999999999876e+00   9.220218e-01   1.515672e-02
2.456379999999999786e+00   9.111071e-01   1.512488e-02
2.461091000000000140e+00   8.882483e-01   1.511452e-02
2.465803000000000189e+00   8.787598e-01   1.510660e-02
2.470514000000000099e+00   9.019775e-01   1.510119e-02
2.475225000000000009e+00   8.931127e-01   1.505462e-02
2.479935999999999918e+00   8.995296e-01   1.502150e-02
2.484647999999999968e+00   8.773733e-01   1.499307e-02
2.489358999999999877e+00   8.543401e-01   1.497414e-02
2.494069999999999787e+00   8.502201e-01   1.495617e-02
2.498781000000000141e+00   8.696237e-01   1.492164e-02
2.503493000000000190e+00   8.824025e-01   1.493367e-02
2.508204000000000100e+00   8.420395e-01   1.489480e-02
2.512915000000000010e+00   8.136095e-01   1.485852e-02
2.517625999999999920e+00   8.485340e-01   1.485543e-02
2.522337999999999969e+00   8.436846e-01   1.481854e-02
2.527048999999999879e+00   8.605963e-01   1.478196e-02
2.531759999999999788e+00   8.392517e-01   1.474955e-02
2.536471000000000142e+00   8.220404e-01   1.473271e-02
2.541183000000000192e+00   8.433747e-01   1.473470e-02
2.545894000000000101e+00   8.239476e-01   1.471474e-02
2.550605000000000011e+00   8.334014e-01   1.468433e-02
2.555315999999999921e+00   8.254135e-01   1.465895e-02
2.560027999999999970e+00   8.262644e-01   1.464088e-02
2.564738999999999880e+00   8.233158e-01   1.463539e-02
2.569449999999999790e+00   8.151339e-01   1.463921e-02
2.574161000000000143e+00   8.212062e-01   1.461711e-02
2.578873000000000193e+00   8.057549e-01   1.463470e-02
2.583584000000000103e+00   8.112928e-01   1.462283e-02
2.588295000000000012e+00   7.895566e-01   1.461353e-02
2.593005999999999922e+00   7.995315e-01   1.460635e-02
2.597717999999999972e+00   7.761594e-01   1.457639e-02
2.602428999999999881e+00   7.923148e-01   1.455060e-02
2.607139999999999791e+00   7.543899e-01   1.451675e-02
2.611851000000000145e+00   7.994622e-01   1.453170e-02
2.616563000000000194e+00   7.944231e-01   1.451689e-02
2.621274000000000104e+00   7.842932e-01   1.449124e-02
2.625985000000000014e+00   7.799909e-01   1.446751e-02
2.630697000000000063e+00   7.639367e-01   1.444356e-02
2.635407999999999973e+00   7.746553e-01   1.443108e-02
2.640118999999999883e+00   7.802540e-01   1.445399e-02
2.644829999999999792e+00   7.537310e-01   1.442722e-02
2.649541999999999842e+00   7.528695e-01   1.437636e-02
2.654253000000000196e+00   7.454499e-01   1.435888e-02
2.658964000000000105e+00   7.530189e-01   1.433899e-02
2.663675000000000015e+00   7.429972e-01   1.432291e-02
2.668387000000000064e+00   7.457314e-01   1.431471e-02
2.673097999999999974e+00   7.466107e-01   1.432382e-02
2.677808999999999884e+00   7.271057e-01   1.427259e-02
2.682519999999999794e+00   7.187081e-01   1.425960e-02
2.687231999999999843e+00   7.226630e-01   1.422670e-02
2.691943000000000197e+00   7.085800e-01   1.421227e-02
2.696654000000000106e+00   7.204254e-01   1.421455e-02
2.701365000000000016e+00   7.068072e-01   1.419588e-02
2.706077000000000066e+00   7.089599e-01   1.418716e-02
2.710787999999999975e+00   7.136410e-01   1.417266e-02
2.715498999999999885e+00   7.291176e-01   1.416542e-02
2.720209999999999795e+00   7.174738e-01   1.414862e-02
2.724921999999999844e+00   7.065464e-01   1.411760e-02
2.729633000000000198e+00   6.895070e-01   1.408257e-02
2.734344000000000108e+00   7.021676e-01   1.408261e-02
2.739055000000000017e+00   6.957146e-01   1.404772e-02
2.743767000000000067e+00   6.838665e-01   1.403196e-02
2.748477999999999977e+00   6.801105e-01   1.403876e-02
2.753188999999999886e+00   6.834006e-01   1.403569e-02
2.757899999999999796e+00   6.589277e-01   1.400951e-02
2.762611999999999846e+00   6.774941e-01   1.399006e-02
2.767323000000000199e+00   6.977820e-01   1.398203e-02
2.772034000000000109e+00   6.745844e-01   1.395864e-02
2.776745000000000019e+00   6.820144e-01   1.396522e-02
2.781457000000000068e+00   6.482188e-01   1.395070e-02
2.786167999999999978e+00   6.488564e-01   1.390693e-02
2.790878999999999888e+00   6.685687e-01   1.389874e-02
2.795589999999999797e+00   6.796052e-01   1.388837e-02
2.800301999999999847e+00   6.554051e-01   1.387643e-02
2.805013000000000201e+00   6.400723e-01   1.392667e-02
2.809724000000000110e+00   6.419029e-01   1.428582e-02
2.814436000000000160e+00   6.413664e-01   1.450148e-02
2.819147000000000070e+00   6.451593e-01   1.466699e-02
2.823857999999999979e+00   6.496655e-01   1.481815e-02
2.828568999999999889e+00   6.570966e-01   1.488593e-02
2.833280999999999938e+00   6.303489e-01   1.492072e-02
2.837991999999999848e+00   6.304608e-01   1.498900e-02
2.842703000000000202e+00   6.378880e-01   1.499723e-02
2.847414000000000112e+00   6.540504e-01   1.505094e-02
2.852126000000000161e+00   6.212588e-01   1.506115e-02
2.856837000000000071e+00   6.285201e-01   1.509292e-02
2.861547999999999981e+00   6.270709e-01   1.513218e-02
2.866258999999999890e+00   6.428716e-01   1.516654e-02
2.870970999999999940e+00   6.298812e-01   1.504854e-02
2.875681999999999849e+00   6.229194e-01   1.465845e-02
2.880393000000000203e+00   6.040588e-01   1.441083e-02
2.885104000000000113e+00   5.918717e-01   1.424580e-02
2.889816000000000162e+00   5.950486e-01   1.414550e-02
2.894527000000000072e+00   6.146870e-01   1.410820e-02
2.899237999999999982e+00   6.275108e-01   1.408633e-02
2.903948999999999891e+00   6.254264e-01   1.402717e-02
2.908660999999999941e+00   5.946025e-01   1.397920e-02
2.913371999999999851e+00   5.959225e-01   1.393423e-02
2.918083000000000204e+00   5.961181e-01   1.392535e-02
2.922794000000000114e+00   5.888521e-01   1.387177e-02
2.927506000000000164e+00   5.758735e-01   1.386929e-02
2.932217000000000073e+00   5.722563e-01   1.384442e-02
2.936927999999999983e+00   5.707819e-01   1.382550e-02
2.941638999999999893e+00   5.790905e-01   1.381746e-02
2.946350999999999942e+00   5.809297e-01   1.377794e-02
2.951061999999999852e+00   5.697477e-01   1.373979e-02
2.955773000000000206e+00   5.790162e-01   1.371179e-02
2.960484000000000115e+00   5.704449e-01   1.370943e-02
2.965196000000000165e+00   5.668533e-01   1.369311e-02
2.969907000000000075e+00   5.665020e-01   1.366693e-02
2.974617999999999984e+00   5.645472e-01   1.366243e-02
2.979328999999999894e+00   5.611035e-01   1.365052e-02
2.984040999999999944e+00   5.648739e-01   1.361084e-02
2.988751999999999853e+00   5.467133e-01   1.357548e-02
2.993463000000000207e+00   5.520751e-01   1.356255e-02
2.998174999999999812e+00   5.756311e-01   1.356427e-02
3.002886000000000166e+00   5.528593e-01   1.353947e-02
3.007597000000000076e+00   5.484946e-01   1.352104e-02
3.012307999999999986e+00   5.526600e-01   1.352347e-02
3.017020000000000035e+00   5.406361e-01   1.350945e-02
3.021730999999999945e+00   5.518745e-01   1.348010e-02
3.026441999999999855e+00   5.486893e-01   1.345820e-02
3.031153000000000208e+00   5.279247e-01   1.345026e-02
3.035864999999999814e+00   5.255038e-01   1.342673e-02
3.040576000000000167e+00   5.304177e-01   1.339970e-02
3.045287000000000077e+00   5.308580e-01   1.340578e-02
3.049997999999999987e+00   5.433070e-01   1.338950e-02
3.054710000000000036e+00   5.383270e-01   1.337954e-02
3.059420999999999946e+00   5.175588e-01   1.335160e-02
3.064131999999999856e+00   5.241445e-01   1.333411e-02
3.068843000000000210e+00   5.233707e-01   1.331551e-02
3.073554999999999815e+00   5.250554e-01   1.332339e-02
3.078266000000000169e+00   5.092417e-01   1.328569e-02
3.082977000000000078e+00   5.003804e-01   1.325129e-02
3.087687999999999988e+00   5.263372e-01   1.326415e-02
3.092400000000000038e+00   5.284257e-01   1.326611e-02
3.097110999999999947e+00   5.252204e-01   1.323961e-02
3.101821999999999857e+00   5.021570e-01   1.321298e-02
3.106533000000000211e+00   5.050372e-01   1.320071e-02
3.111244999999999816e+00   5.162686e-01   1.322020e-02
3.115956000000000170e+00   5.092567e-01   1.317567e-02
3.120667000000000080e+00   4.932083e-01   1.315400e-02
3.125377999999999989e+00   4.882628e-01   1.315143e-02
3.130090000000000039e+00   4.922979e-01   1.312973e-02
3.134800999999999949e+00   4.943564e-01   1.311360e-02
3.139511999999999858e+00   4.972134e-01   1.309037e-02
3.144223000000000212e+00   4.782238e-01   1.309127e-02
3.148934999999999818e+00   4.870916e-01   1.308448e-02
3.153646000000000171e+00   4.867969e-01   1.306009e-02
3.158357000000000081e+00   4.887429e-01   1.304870e-02
3.163067999999999991e+00   4.878570e-01   1.303129e-02
3.167780000000000040e+00   4.902417e-01   1.304925e-02
3.172490999999999950e+00   4.837974e-01   1.300841e-02
3.177201999999999860e+00   4.776385e-01   1.300835e-02
3.181913999999999909e+00   4.690984e-01   1.300088e-02
3.186624999999999819e+00   4.809129e-01   1.296845e-02
3.191336000000000173e+00   4.763481e-01   1.295900e-02
3.196047000000000082e+00   4.672571e-01   1.292004e-02
3.200759000000000132e+00   4.731700e-01   1.291111e-02
3.205470000000000041e+00   4.609568e-01   1.288390e-02
3.210180999999999951e+00   4.546613e-01   1.285194e-02
3.214891999999999861e+00   4.848276e-01   1.287761e-02
3.219603999999999910e+00   4.676989e-01   1.285770e-02
3.224314999999999820e+00   4.401085e-01   1.281671e-02
3.229026000000000174e+00   4.780534e-01   1.283442e-02
3.233737000000000084e+00   4.673384e-01   1.282724e-02
3.238449000000000133e+00   4.683468e-01   1.283263e-02
3.243160000000000043e+00   4.542590e-01   1.281783e-02
3.247870999999999952e+00   4.593427e-01   1.280698e-02
3.252581999999999862e+00   4.386146e-01   1.277118e-02
3.257293999999999912e+00   4.565291e-01   1.279019e-02
3.262004999999999821e+00   4.515169e-01   1.278443e-02
3.266716000000000175e+00   4.527254e-01   1.278322e-02
3.271427000000000085e+00   4.570552e-01   1.277443e-02
3.276139000000000134e+00   4.584344e-01   1.276249e-02
3.280850000000000044e+00   4.445275e-01   1.274919e-02
3.285560999999999954e+00   4.442672e-01   1.271722e-02
3.290271999999999863e+00   4.335235e-01   1.270979e-02
3.294983999999999913e+00   4.308416e-01   1.270263e-02
3.299694999999999823e+00   4.172745e-01   1.269162e-02
3.304406000000000176e+00   4.337060e-01   1.269599e-02
3.309117000000000086e+00   4.424387e-01   1.267653e-02
3.313829000000000136e+00   4.374308e-01   1.265662e-02
3.318540000000000045e+00   4.430771e-01   1.266057e-02
3.323250999999999955e+00   4.413885e-01   1.266083e-02
3.327961999999999865e+00   4.376382e-01   1.263579e-02
3.332673999999999914e+00   4.391313e-01   1.262032e-02
3.337384999999999824e+00   4.194987e-01   1.260340e-02
3.342096000000000178e+00   4.319109e-01   1.261110e-02
3.346807000000000087e+00   4.197611e-01   1.258546e-02
3.351519000000000137e+00   4.245753e-01   1.256162e-02
3.356230000000000047e+00   4.326644e-01   1.256245e-02
3.360940999999999956e+00   4.365526e-01   1.254868e-02
3.365653000000000006e+00   4.063819e-01   1.252602e-02
3.370363999999999916e+00   4.150578e-01   1.253909e-02
3.375074999999999825e+00   4.291870e-01   1.253761e-02
3.379786000000000179e+00   4.189324e-01   1.252892e-02
3.384497999999999784e+00   4.248792e-01   1.252139e-02
3.389209000000000138e+00   4.161844e-01   1.257865e-02
3.393920000000000048e+00   4.123918e-01   1.284963e-02
3.398630999999999958e+00   4.090882e-01   1.303050e-02
3.403343000000000007e+00   3.992907e-01   1.316902e-02
3.408053999999999917e+00   4.087140e-01   1.326121e-02
3.412764999999999826e+00   4.080063e-01   1.331523e-02
3.417476000000000180e+00   4.012197e-01   1.329545e-02
3.422187999999999786e+00   3.934112e-01   1.332172e-02
3.426899000000000139e+00   3.931845e-01   1.336436e-02
3.431610000000000049e+00   3.897586e-01   1.336719e-02
3.436320999999999959e+00   3.663970e-01   1.337922e-02
3.441033000000000008e+00   3.736788e-01   1.341013e-02
3.445743999999999918e+00   3.886204e-01   1.345410e-02
3.450454999999999828e+00   3.956367e-01   1.346442e-02
3.455166000000000182e+00   4.000639e-01   1.348942e-02
3.459877999999999787e+00   3.902577e-01   1.349544e-02
3.464589000000000141e+00   3.916012e-01   1.351682e-02
3.469300000000000050e+00   3.910891e-01   1.354944e-02
3.474010999999999960e+00   3.812877e-01   1.358338e-02
3.478723000000000010e+00   3.643043e-01   1.357650e-02
3.483433999999999919e+00   3.626819e-01   1.359593e-02
3.488144999999999829e+00   3.993132e-01   1.363109e-02
3.492856000000000183e+00   3.877629e-01   1.364040e-02
3.497567999999999788e+00   3.864145e-01   1.364500e-02
3.502279000000000142e+00   3.829508e-01   1.366021e-02
3.506990000000000052e+00   3.844647e-01   1.367814e-02
3.511700999999999961e+00   3.779231e-01   1.370102e-02
3.516413000000000011e+00   3.741330e-01   1.370325e-02
3.521123999999999921e+00   3.881915e-01   1.374095e-02
3.525834999999999830e+00   3.837563e-01   1.373952e-02
3.530546000000000184e+00   3.719755e-01   1.374757e-02
3.535257999999999790e+00   3.669385e-01   1.376490e-02
3.539969000000000143e+00   3.812382e-01   1.375433e-02
3.544680000000000053e+00   3.713785e-01   1.378361e-02
3.549392000000000102e+00   3.672983e-01   1.382606e-02
3.554103000000000012e+00   3.697884e-01   1.382476e-02
3.558813999999999922e+00   3.625906e-01   1.384287e-02
3.563524999999999832e+00   3.701832e-01   1.387489e-02
3.568236999999999881e+00   3.801419e-01   1.383388e-02
3.572947999999999791e+00   3.569678e-01   1.385253e-02
3.577659000000000145e+00   3.512626e-01   1.388427e-02
3.582370000000000054e+00   3.383093e-01   1.388217e-02
3.587082000000000104e+00   3.597431e-01   1.388219e-02
3.591793000000000013e+00   3.550053e-01   1.390343e-02
3.596503999999999923e+00   3.692608e-01   1.389565e-02
3.601214999999999833e+00   3.819278e-01   1.391273e-02
3.605926999999999882e+00   3.584320e-01   1.390359e-02
3.610637999999999792e+00   3.630471e-01   1.413004e-02
3.615349000000000146e+00   3.725130e-01   1.457885e-02
3.620060000000000056e+00   3.630304e-01   1.480188e-02
3.624772000000000105e+00   3.373944e-01   1.497980e-02
3.629483000000000015e+00   3.210921e-01   1.513598e-02
3.634193999999999924e+00   3.429953e-01   1.521056e-02
3.638904999999999834e+00   3.421415e-01   1.531326e-02
3.643616999999999884e+00   3.428838e-01   1.540554e-02
3.648327999999999793e+00   3.414598e-01   1.546374e-02
3.653039000000000147e+00   3.467785e-01   1.555553e-02
3.657750000000000057e+00   3.379125e-01   1.563376e-02
3.662462000000000106e+00   3.291209e-01   1.568981e-02
3.667173000000000016e+00   3.406672e-01   1.578168e-02
3.671883999999999926e+00   3.328881e-01   1.585066e-02
3.676594999999999835e+00   3.376118e-01   1.592338e-02
3.681306999999999885e+00   3.341030e-01   1.598903e-02
3.686017999999999795e+00   3.235117e-01   1.605724e-02
3.690729000000000148e+00   3.183279e-01   1.613073e-02
3.695440000000000058e+00   3.108942e-01   1.618754e-02
3.700152000000000108e+00   3.182417e-01   1.623738e-02
3.704863000000000017e+00   3.347552e-01   1.630662e-02
3.709573999999999927e+00   3.168187e-01   1.638893e-02
3.714284999999999837e+00   3.453473e-01   1.647407e-02
3.718996999999999886e+00   3.448933e-01   1.653214e-02
3.723707999999999796e+00   3.199548e-01   1.660154e-02
3.728419000000000150e+00   3.209457e-01   1.664921e-02
3.733131000000000199e+00   3.280328e-01   1.674354e-02
3.737842000000000109e+00   3.159481e-01   1.679028e-02
3.742553000000000019e+00   3.041978e-01   1.684356e-02
3.747263999999999928e+00   3.094380e-01   1.690523e-02
3.751975999999999978e+00   3.042472e-01   1.695598e-02
3.756686999999999887e+00   3.130533e-01   1.703537e-02
3.761397999999999797e+00   3.074681e-01   1.708139e-02
3.766109000000000151e+00   3.147295e-01   1.713458e-02
3.770821000000000200e+00   3.014913e-01   1.719352e-02
3.775532000000000110e+00   2.927537e-01   1.725428e-02
3.780243000000000020e+00   3.013188e-01   1.731733e-02
3.784953999999999930e+00   3.142622e-01   1.740401e-02
3.789665999999999979e+00   3.148429e-01   1.742245e-02
3.794376999999999889e+00   3.118705e-01   1.751391e-02
3.799087999999999798e+00   2.809222e-01   1.756133e-02
3.803799000000000152e+00   2.880200e-01   1.760177e-02
3.808511000000000202e+00   2.866805e-01   1.766129e-02
3.813222000000000111e+00   3.148243e-01   1.773802e-02
3.817933000000000021e+00   3.057105e-01   1.780323e-02
3.822643999999999931e+00   3.163123e-01   1.786997e-02
3.827355999999999980e+00   3.149408e-01   1.793785e-02
3.832066999999999890e+00   2.919680e-01   1.800806e-02
3.836777999999999800e+00   2.882897e-01   1.806135e-02
3.841489000000000154e+00   2.922305e-01   1.814674e-02
3.846201000000000203e+00   3.076235e-01   1.821165e-02
3.850912000000000113e+00   3.171680e-01   1.827624e-02
3.855623000000000022e+00   3.121284e-01   1.829174e-02
3.860333999999999932e+00   3.108154e-01   1.837163e-02
3.865045999999999982e+00   2.916435e-01   1.843685e-02
3.869756999999999891e+00   2.732079e-01   1.848525e-02
3.874467999999999801e+00   2.904910e-01   1.857600e-02
3.879179000000000155e+00   3.061625e-01   1.864754e-02
3.883891000000000204e+00   3.091171e-01   1.867622e-02
3.888602000000000114e+00   2.896839e-01   1.872488e-02
3.893313000000000024e+00   2.927576e-01   1.880673e-02
3.898023999999999933e+00   3.168457e-01   1.887238e-02
3.902735999999999983e+00   3.261331e-01   1.890975e-02
3.907446999999999893e+00   3.109717e-01   1.900880e-02
3.912157999999999802e+00   3.104277e-01   1.909137e-02
3.916869999999999852e+00   3.217980e-01   1.911410e-02
3.921581000000000206e+00   3.000780e-01   1.904140e-02
3.926292000000000115e+00   2.702117e-01   1.911533e-02
3.931003000000000025e+00   2.788858e-01   1.916636e-02
3.935715000000000074e+00   2.808741e-01   1.921729e-02
3.940425999999999984e+00   2.903713e-01   1.926477e-02
3.945136999999999894e+00   2.978865e-01   1.927339e-02
3.949847999999999804e+00   2.671603e-01   1.927245e-02
3.954559999999999853e+00   2.725747e-01   1.934067e-02
3.959271000000000207e+00   2.767506e-01   1.932009e-02
3.963982000000000117e+00   2.803831e-01   1.933054e-02
3.968693000000000026e+00   2.875269e-01   1.940705e-02
3.973405000000000076e+00   2.644679e-01   1.943682e-02
3.978115999999999985e+00   2.684583e-01   1.946580e-02
3.982826999999999895e+00   2.347116e-01   1.954360e-02
3.987537999999999805e+00   2.520975e-01   1.963888e-02
3.992249999999999854e+00   2.589157e-01   1.967871e-02
3.996961000000000208e+00   2.857728e-01   1.977400e-02
4.001672000000000118e+00   2.835156e-01   1.981352e-02
4.006382999999999583e+00   2.741344e-01   1.991919e-02
4.011095000000000077e+00   2.873600e-01   2.005278e-02
4.015806000000000431e+00   2.647232e-01   2.004208e-02
4.020516999999999896e+00   2.858500e-01   2.011308e-02
4.025228000000000250e+00   3.048272e-01   2.018910e-02
4.029939999999999856e+00   2.828043e-01   2.025342e-02
4.034651000000000209e+00   2.925790e-01   2.034140e-02
4.039361999999999675e+00   2.692732e-01   2.038127e-02
4.044073000000000029e+00   2.599993e-01   2.042472e-02
4.048784999999999634e+00   2.935328e-01   2.050434e-02
4.053495999999999988e+00   2.449142e-01   2.055102e-02
4.058207000000000342e+00   2.539467e-01   2.065648e-02
4.062917999999999807e+00   2.720564e-01   2.070451e-02
4.067630000000000301e+00   2.662347e-01   2.077272e-02
4.072340999999999767e+00   2.961462e-01   2.086072e-02
4.077052000000000120e+00   2.593439e-01   2.095279e-02
4.081762999999999586e+00   2.701496e-01   2.099600e-02
4.086475000000000080e+00   2.655252e-01   2.109065e-02
4.091186000000000433e+00   2.741089e-01   2.116893e-02
4.095896999999999899e+00   2.431235e-01   2.125609e-02
4.100609000000000393e+00   2.462919e-01   2.128568e-02
4.105319999999999858e+00   2.418522e-01   2.133876e-02
4.110031000000000212e+00   2.706685e-01   2.150921e-02
4.114741999999999678e+00   2.676950e-01   2.157392e-02
4.119454000000000171e+00   2.492855e-01   2.162042e-02
4.124164999999999637e+00   2.586655e-01   2.171677e-02
4.128875999999999991e+00   2.807453e-01   2.175144e-02
4.133587000000000344e+00   2.589992e-01   2.186121e-02
4.138298999999999950e+00   2.450861e-01   2.195165e-02
4.143010000000000304e+00   2.739629e-01   2.199488e-02
4.147720999999999769e+00   2.758218e-01   2.206223e-02
4.152432000000000123e+00   2.758150e-01   2.219317e-02
4.157143999999999728e+00   2.639513e-01   2.226168e-02
4.161855000000000082e+00   2.721532e-01   2.232382e-02
4.166566000000000436e+00   2.573109e-01   2.239102e-02
4.171276999999999902e+00   2.277506e-01   2.248975e-02
4.175989000000000395e+00   2.447526e-01   2.255770e-02
4.180699999999999861e+00   2.277185e-01   2.271747e-02
4.185411000000000215e+00   2.514316e-01   2.282016e-02
4.190121999999999680e+00   2.535966e-01   2.284509e-02
4.194834000000000174e+00   2.635729e-01   2.294978e-02
4.199544999999999639e+00   2.798638e-01   2.311467e-02
4.204255999999999993e+00   3.013012e-01   2.317473e-02
4.208967000000000347e+00   2.748679e-01   2.321259e-02
4.213678999999999952e+00   2.463045e-01   2.324907e-02
4.218390000000000306e+00   2.473516e-01   2.336587e-02
4.223100999999999772e+00   2.408662e-01   2.348842e-02
4.227812000000000126e+00   2.442426e-01   2.355444e-02
4.232523999999999731e+00   2.785876e-01   2.363795e-02
4.237235000000000085e+00   2.433463e-01   2.378587e-02
4.241946000000000438e+00   2.387945e-01   2.382660e-02
4.246656999999999904e+00   2.449176e-01   2.393662e-02
4.251369000000000398e+00   2.518575e-01   2.404867e-02
4.256079999999999863e+00   2.601992e-01   2.414495e-02
4.260791000000000217e+00   2.229076e-01   2.422723e-02
4.265501999999999683e+00   2.377461e-01   2.438080e-02
4.270214000000000176e+00   2.515693e-01   2.443552e-02
4.274924999999999642e+00   2.032052e-01   2.443976e-02
4.279635999999999996e+00   2.515138e-01   2.460270e-02
4.284347999999999601e+00   2.690247e-01   2.475893e-02
4.289058999999999955e+00   2.576550e-01   2.482345e-02
4.293770000000000309e+00   2.310947e-01   2.491943e-02
4.298480999999999774e+00   2.255992e-01   2.503435e-02
4.303193000000000268e+00   2.549614e-01   2.524521e-02
4.307903999999999733e+00   2.284814e-01   2.535286e-02
4.312615000000000087e+00   2.343151e-01   2.539401e-02
4.317326000000000441e+00   2.252785e-01   2.550970e-02
4.322038000000000046e+00   2.137609e-01   2.572032e-02
4.326749000000000400e+00   1.966585e-01   2.574028e-02
4.331459999999999866e+00   2.349780e-01   2.585439e-02
4.336171000000000220e+00   2.429405e-01   2.593184e-02
4.340882999999999825e+00   2.273131e-01   2.606374e-02
4.345594000000000179e+00   2.266584e-01   2.618156e-02
4.350304999999999644e+00   2.175618e-01   2.640109e-02
4.355015999999999998e+00   2.292348e-01   2.642049e-02
4.359727999999999604e+00   2.364739e-01   2.662628e-02
4.364438999999999957e+00   2.227449e-01   2.669044e-02
4.369150000000000311e+00   2.439695e-01   2.690337e-02
4.373860999999999777e+00   2.135153e-01   2.688781e-02
4.378573000000000270e+00   2.094713e-01   2.707297e-02
4.383283999999999736e+00   2.379785e-01   2.724378e-02
4.387995000000000090e+00   2.398106e-01   2.732748e-02
4.392706000000000444e+00   2.100863e-01   2.747136e-02
4.397418000000000049e+00   2.210996e-01   2.759950e-02
4.402129000000000403e+00   2.285140e-01   2.763923e-02
4.406839999999999868e+00   2.372360e-01   2.756529e-02
4.411551000000000222e+00   2.209409e-01   2.763928e-02
4.416262999999999828e+00   2.014069e-01   2.765626e-02
4.420974000000000181e+00   2.308571e-01   2.770575e-02
4.425684999999999647e+00   2.391334e-01   2.771223e-02
4.430396000000000001e+00   2.351558e-01   2.774099e-02
4.435107999999999606e+00   2.235547e-01   2.778664e-02
4.439818999999999960e+00   2.096730e-01   2.780359e-02
4.444530000000000314e+00   2.014964e-01   2.784078e-02
4.449240999999999779e+00   2.551204e-01   2.816831e-02
4.453953000000000273e+00   2.416255e-01   2.829216e-02
4.458663999999999739e+00   2.047637e-01   2.836251e-02
4.463375000000000092e+00   2.082738e-01   2.848520e-02
4.468086999999999698e+00   2.192314e-01   2.864678e-02
4.472798000000000052e+00   2.129130e-01   2.876747e-02
4.477509000000000405e+00   2.040911e-01   2.890374e-02
4.482219999999999871e+00   1.780644e-01   2.912175e-02
4.486932000000000365e+00   2.072345e-01   2.923774e-02
4.491642999999999830e+00   2.412752e-01   2.939777e-02
4.496354000000000184e+00   2.221106e-01   2.956966e-02
4.501064999999999650e+00   2.188999e-01   2.974152e-02
4.505777000000000143e+00   2.056996e-01   2.988706e-02
4.510487999999999609e+00   2.206586e-01   3.011168e-02
4.515198999999999963e+00   1.795145e-01   3.029143e-02
4.519910000000000316e+00   1.911251e-01   3.045965e-02
4.524621999999999922e+00   1.940501e-01   3.060853e-02
4.529333000000000276e+00   2.206616e-01   3.074723e-02
4.534043999999999741e+00   1.939524e-01   3.110487e-02
4.538755000000000095e+00   1.901575e-01   3.135375e-02
4.543466999999999700e+00   2.124069e-01   3.143638e-02
4.548178000000000054e+00   2.225577e-01   3.156640e-02
4.552889000000000408e+00   2.617821e-01   3.190759e-02
4.557599999999999874e+00   2.177213e-01   3.219738e-02
4.562312000000000367e+00   1.957169e-01   3.230692e-02
4.567022999999999833e+00   2.218106e-01   3.243509e-02
4.571734000000000187e+00   2.180305e-01   3.263481e-02
4.576444999999999652e+00   2.467150e-01   3.282643e-02
4.581157000000000146e+00   2.497559e-01   3.309803e-02
4.585867999999999611e+00   2.495038e-01   3.334968e-02
4.590578999999999965e+00   2.470461e-01   3.361466e-02
4.595290000000000319e+00   2.451683e-01   3.394047e-02
4.600001999999999924e+00   2.055149e-01   3.411125e-02
4.604713000000000278e+00   1.969764e-01   3.431269e-02
4.609423999999999744e+00   1.474144e-01   3.446255e-02
4.614135000000000097e+00   1.968691e-01   3.485748e-02
4.618846999999999703e+00   2.176803e-01   3.512995e-02
4.623558000000000057e+00   2.132603e-01   3.533112e-02
4.628269000000000410e+00   1.984817e-01   3.548770e-02
4.632979999999999876e+00   1.814930e-01   3.589910e-02
4.637692000000000370e+00   2.021026e-01   3.612158e-02
4.642402999999999835e+00   1.930201e-01   3.651892e-02
4.647114000000000189e+00   1.730875e-01   3.661729e-02
4.651825999999999794e+00   1.796491e-01   3.684910e-02
4.656537000000000148e+00   1.432974e-01   3.725848e-02
4.661247999999999614e+00   1.796794e-01   3.764237e-02
4.665958999999999968e+00   2.474323e-01   3.813395e-02
4.670670999999999573e+00   2.239382e-01   3.833575e-02
4.675381999999999927e+00   1.786332e-01   3.877176e-02
4.680093000000000281e+00   2.059053e-01   3.901763e-02
4.684803999999999746e+00   1.940248e-01   3.945635e-02
4.689516000000000240e+00   2.405086e-01   3.999744e-02
4.694226999999999705e+00   1.869846e-01   4.037677e-02
4.698938000000000059e+00   1.874745e-01   4.039694e-02
4.703649000000000413e+00   2.298728e-01   4.088979e-02
4.708361000000000018e+00   1.885591e-01   4.131934e-02
4.713072000000000372e+00   2.180366e-01   4.201493e-02
4.717782999999999838e+00   1.513926e-01   4.222502e-02
4.722494000000000192e+00   1.183635e-01   4.250692e-02
4.727205999999999797e+00   1.962299e-01   4.313802e-02
4.731917000000000151e+00   2.138459e-01   4.352438e-02
4.736627999999999616e+00   1.894242e-01   4.408296e-02
4.741338999999999970e+00   1.743402e-01   4.454326e-02
4.746050999999999576e+00   2.298862e-01   4.509572e-02
4.750761999999999929e+00   2.631284e-01   4.575161e-02
4.755473000000000283e+00   3.210177e-01   4.639242e-02
4.760183999999999749e+00   2.299424e-01   4.710309e-02
4.764896000000000242e+00   1.824933e-01   4.770816e-02
4.769606999999999708e+00   1.270573e-01   4.804565e-02
4.774318000000000062e+00   1.596538e-01   4.891324e-02
4.779029000000000416e+00   1.834391e-01   4.956038e-02
4.783741000000000021e+00   2.276624e-01   5.041295e-02
4.788452000000000375e+00   1.817253e-01   5.115843e-02
4.793162999999999840e+00   2.032771e-01   5.206875e-02
4.797874000000000194e+00   2.351826e-01   5.306013e-02
4.802585999999999800e+00   1.534684e-01   5.341005e-02
4.807297000000000153e+00   9.438652e-02   5.459940e-02
4.812007999999999619e+00   1.754662e-01   5.559215e-02
4.816718999999999973e+00   1.868199e-01   5.658465e-02
4.821430999999999578e+00   1.585337e-01   5.754329e-02
4.826141999999999932e+00   1.841380e-01   5.836013e-02
4.830853000000000286e+00   1.593986e-01   5.995533e-02
4.835564999999999891e+00   1.501502e-01   6.135119e-02
4.840276000000000245e+00   2.236272e-01   6.261665e-02
4.844986999999999711e+00   2.045870e-01   6.394157e-02
4.849698000000000064e+00   1.579009e-01   6.559179e-02
4.854409999999999670e+00   1.553081e-01   6.739379e-02
4.859121000000000024e+00   2.159153e-01   6.889880e-02
4.863832000000000377e+00   1.920696e-01   7.169419e-02
4.868542999999999843e+00   2.251217e-01   7.363074e-02
4.873255000000000337e+00   1.483657e-01   7.528363e-02
4.877965999999999802e+00   8.375998e-02   7.744443e-02
4.882677000000000156e+00  -1.069286e-03   8.065477e-02
4.887387999999999622e+00   1.710185e-01   8.474254e-02
4.892100000000000115e+00   1.506458e-01   8.899553e-02
4.896810999999999581e+00   2.226836e-01   9.250595e-02
4.901521999999999935e+00   1.864766e-01   9.717830e-02
4.906233000000000288e+00   1.914159e-01   1.033926e-01
4.910944999999999894e+00   1.443605e-01   1.101373e-01
4.915656000000000247e+00   3.793319e-01   1.178003e-01
4.920366999999999713e+00   1.843496e-01   1.283814e-01
4.925078000000000067e+00   2.726728e-01   1.437412e-01
4.929789999999999672e+00   1.557669e-01   1.638749e-01
4.934501000000000026e+00   1.287230e-01   1.966991e-01
4.939212000000000380e+00   2.499223e-01   2.588773e-01
4.943922999999999845e+00  -2.192173e-01   4.569884e-01