# [8]
# Sample c= 4.2 mg/ml
# Intensity scaled by concentration
# Buffer subtracted data file:
# Protein DatFile = /data/visitor/mx1908/bm29/20161119/giulio/1d/mM300_130_ave.dat
# Buffer DatFile = /data/visitor/mx1908/bm29/20161119/giulio/ednaSub/mM300_130_ave_averbuffer.dat
# 
# AutoRg: Rg   =   0.7802 +/- 0.07 ( 9.4%)
# AutoRg: I(0) =   1.91 +/- 0.0025
# AutoRg: Points   45 to 286 ( 242 total)
# AutoRg: Quality: 90.9%
# 
# 
# Sample Information:
# Storage Temperature (degrees C): 20.0
# Measurement Temperature (degrees C): 20.09
# Concentration: 4.2
# Code: 
3.479420999999999903e-02   1.500421e+00   1.881350e+00
3.950545999999999919e-02   8.835272e-01   7.505866e-01
4.421672000000000102e-02   9.098827e-01   4.901387e-01
4.892798000000000286e-02   9.273700e-01   3.755464e-01
5.363923000000000302e-02   1.022302e+00   3.011965e-01
5.835048999999999791e-02   1.175231e+00   2.471827e-01
6.306174999999999975e-02   1.264834e+00   2.052320e-01
6.777299999999999991e-02   1.425758e+00   1.747707e-01
7.248425999999999481e-02   1.444291e+00   1.514524e-01
7.719552000000000358e-02   1.776491e+00   1.338870e-01
8.190677000000000374e-02   1.781523e+00   1.191682e-01
8.661802999999999864e-02   1.700710e+00   1.071455e-01
9.132928999999999353e-02   1.680675e+00   9.804335e-02
9.604053999999999369e-02   1.803908e+00   9.088564e-02
1.007518000000000025e-01   1.899461e+00   8.427520e-02
1.054631000000000041e-01   1.959707e+00   7.864583e-02
1.101743000000000028e-01   1.834173e+00   7.384565e-02
1.148856000000000044e-01   1.852215e+00   6.977408e-02
1.195968000000000031e-01   1.852020e+00   6.613781e-02
1.243081000000000047e-01   1.802832e+00   6.293827e-02
1.290193000000000034e-01   1.842063e+00   6.036955e-02
1.337306000000000050e-01   1.883639e+00   5.800536e-02
1.384419000000000066e-01   1.961645e+00   5.594378e-02
1.431531000000000053e-01   1.921043e+00   5.387223e-02
1.478644000000000069e-01   1.880676e+00   5.216542e-02
1.525756000000000057e-01   1.902411e+00   5.062819e-02
1.572869000000000073e-01   1.883084e+00   4.931130e-02
1.619981000000000060e-01   1.879710e+00   4.792071e-02
1.667094000000000076e-01   1.901486e+00   4.679381e-02
1.714206000000000063e-01   1.822373e+00   4.563382e-02
1.761319000000000079e-01   1.820536e+00   4.455358e-02
1.808432000000000095e-01   1.852703e+00   4.349331e-02
1.855544000000000082e-01   1.838176e+00   4.279528e-02
1.902657000000000098e-01   1.859651e+00   4.200332e-02
1.949769000000000085e-01   1.863261e+00   4.126574e-02
1.996882000000000101e-01   1.832115e+00   4.045443e-02
2.043994000000000089e-01   1.842231e+00   3.977091e-02
2.091107000000000105e-01   1.900768e+00   3.928640e-02
2.138220000000000121e-01   1.898266e+00   3.867546e-02
2.185332000000000108e-01   1.830372e+00   3.810337e-02
2.232445000000000124e-01   1.816717e+00   3.749818e-02
2.279557000000000111e-01   1.855682e+00   3.699984e-02
2.326670000000000127e-01   1.885615e+00   3.654667e-02
2.373782000000000114e-01   1.936016e+00   3.612951e-02
2.420895000000000130e-01   1.912218e+00   3.561453e-02
2.468007000000000117e-01   1.896513e+00   3.519368e-02
2.515120000000000133e-01   1.865329e+00   3.476818e-02
2.562232999999999872e-01   1.894987e+00   3.435063e-02
2.609345000000000137e-01   1.884281e+00   3.396466e-02
2.656457999999999875e-01   1.885798e+00   3.364341e-02
2.703570000000000140e-01   1.875832e+00   3.329587e-02
2.750682999999999878e-01   1.838361e+00   3.294700e-02
2.797795000000000143e-01   1.847395e+00   3.257589e-02
2.844907999999999881e-01   1.903867e+00   3.236158e-02
2.892021000000000175e-01   1.884542e+00   3.199141e-02
2.939132999999999885e-01   1.844866e+00   3.164938e-02
2.986246000000000178e-01   1.868277e+00   3.140467e-02
3.033357999999999888e-01   1.883370e+00   3.116209e-02
3.080471000000000181e-01   1.870852e+00   3.089890e-02
3.127582999999999891e-01   1.865113e+00   3.060433e-02
3.174696000000000184e-01   1.894075e+00   3.042147e-02
3.221808999999999923e-01   1.848466e+00   3.010047e-02
3.268921000000000188e-01   1.849091e+00   2.985809e-02
3.316033999999999926e-01   1.870909e+00   2.973457e-02
3.363146000000000191e-01   1.883148e+00   2.996830e-02
3.410258999999999929e-01   1.894533e+00   3.021497e-02
3.457371000000000194e-01   1.851475e+00   3.026148e-02
3.504483999999999932e-01   1.854312e+00   3.070801e-02
3.551596000000000197e-01   1.821379e+00   3.130428e-02
3.598708999999999936e-01   1.831226e+00   3.168855e-02
3.645822000000000229e-01   1.886851e+00   3.210131e-02
3.692933999999999939e-01   1.828143e+00   3.228293e-02
3.740047000000000232e-01   1.843930e+00   3.253162e-02
3.787158999999999942e-01   1.830914e+00   3.265997e-02
3.834272000000000236e-01   1.841735e+00   3.284339e-02
3.881383999999999945e-01   1.820255e+00   3.306957e-02
3.928497000000000239e-01   1.827678e+00   3.386358e-02
3.975609999999999977e-01   1.871742e+00   3.484967e-02
4.022722000000000242e-01   1.877315e+00   3.565347e-02
4.069834999999999980e-01   1.866831e+00   3.630307e-02
4.116947000000000245e-01   1.822838e+00   3.681602e-02
4.164059999999999984e-01   1.806254e+00   3.736124e-02
4.211172000000000248e-01   1.806864e+00   3.790684e-02
4.258284999999999987e-01   1.799417e+00   3.848563e-02
4.305397000000000252e-01   1.843964e+00   3.905662e-02
4.352509999999999990e-01   1.838506e+00   3.962238e-02
4.399622999999999728e-01   1.828606e+00   4.021574e-02
4.446734999999999993e-01   1.821598e+00   4.092942e-02
4.493847999999999732e-01   1.845474e+00   4.149692e-02
4.540959999999999996e-01   1.886471e+00   4.184542e-02
4.588072999999999735e-01   1.869668e+00   4.040062e-02
4.635185000000000000e-01   1.856940e+00   3.946227e-02
4.682297999999999738e-01   1.883740e+00   3.888857e-02
4.729411000000000032e-01   1.806990e+00   3.840786e-02
4.776522999999999741e-01   1.847586e+00   3.809482e-02
4.823636000000000035e-01   1.833788e+00   3.771229e-02
4.870747999999999744e-01   1.818176e+00   3.745197e-02
4.917861000000000038e-01   1.847263e+00   3.730934e-02
4.964972999999999748e-01   1.854216e+00   3.704923e-02
5.012086000000000041e-01   1.818790e+00   3.685704e-02
5.059198999999999780e-01   1.864734e+00   3.673056e-02
5.106311000000000044e-01   1.848166e+00   3.651841e-02
5.153423999999999783e-01   1.819845e+00   3.628380e-02
5.200536000000000048e-01   1.835798e+00   3.600432e-02
5.247648999999999786e-01   1.821463e+00   3.581288e-02
5.294761000000000051e-01   1.829400e+00   3.557936e-02
5.341873999999999789e-01   1.809515e+00   3.518796e-02
5.388986000000000054e-01   1.795706e+00   3.503085e-02
5.436098999999999792e-01   1.809483e+00   3.484813e-02
5.483211999999999531e-01   1.806737e+00   3.462001e-02
5.530323999999999796e-01   1.772384e+00   3.435772e-02
5.577436999999999534e-01   1.770109e+00   3.410993e-02
5.624548999999999799e-01   1.790599e+00   3.399326e-02
5.671661999999999537e-01   1.793370e+00   3.388371e-02
5.718773999999999802e-01   1.812917e+00   3.372490e-02
5.765886999999999540e-01   1.797355e+00   3.358710e-02
5.813000000000000389e-01   1.747797e+00   3.348425e-02
5.860111999999999544e-01   1.750513e+00   3.344443e-02
5.907225000000000392e-01   1.741967e+00   3.333825e-02
5.954336999999999547e-01   1.738890e+00   3.317666e-02
6.001450000000000395e-01   1.741981e+00   3.310605e-02
6.048561999999999550e-01   1.719576e+00   3.305273e-02
6.095675000000000399e-01   1.757515e+00   3.301954e-02
6.142788000000000137e-01   1.728561e+00   3.290848e-02
6.189900000000000402e-01   1.707161e+00   3.279868e-02
6.237013000000000140e-01   1.734021e+00   3.276318e-02
6.284125000000000405e-01   1.719961e+00   3.264428e-02
6.331238000000000143e-01   1.699052e+00   3.254064e-02
6.378350000000000408e-01   1.762809e+00   3.255734e-02
6.425463000000000147e-01   1.740158e+00   3.249986e-02
6.472575000000000411e-01   1.753749e+00   3.239051e-02
6.519688000000000150e-01   1.777923e+00   3.229978e-02
6.566800999999999888e-01   1.728801e+00   3.220829e-02
6.613913000000000153e-01   1.691136e+00   3.212931e-02
6.661025999999999891e-01   1.726908e+00   3.208978e-02
6.708138000000000156e-01   1.762069e+00   3.203368e-02
6.755250999999999895e-01   1.734710e+00   3.193920e-02
6.802363000000000159e-01   1.750221e+00   3.190597e-02
6.849475999999999898e-01   1.738974e+00   3.184420e-02
6.896588999999999636e-01   1.757340e+00   3.174383e-02
6.943700999999999901e-01   1.703710e+00   3.165671e-02
6.990813999999999639e-01   1.681060e+00   3.153149e-02
7.037925999999999904e-01   1.709806e+00   3.151242e-02
7.085038999999999643e-01   1.768237e+00   3.149957e-02
7.132150999999999907e-01   1.758810e+00   3.143403e-02
7.179263999999999646e-01   1.749868e+00   3.133452e-02
7.226375999999999911e-01   1.783835e+00   3.130665e-02
7.273488999999999649e-01   1.769968e+00   3.126467e-02
7.320602000000000498e-01   1.686589e+00   3.106784e-02
7.367713999999999652e-01   1.704221e+00   3.107399e-02
7.414827000000000501e-01   1.675283e+00   3.096577e-02
7.461938999999999655e-01   1.695226e+00   3.091817e-02
7.509052000000000504e-01   1.689341e+00   3.082176e-02
7.556163999999999659e-01   1.707057e+00   3.078338e-02
7.603277000000000507e-01   1.709966e+00   3.072625e-02
7.650390000000000246e-01   1.724864e+00   3.067551e-02
7.697502000000000510e-01   1.685133e+00   3.056659e-02
7.744615000000000249e-01   1.701055e+00   3.051787e-02
7.791727000000000514e-01   1.681747e+00   3.044351e-02
7.838840000000000252e-01   1.655237e+00   3.040494e-02
7.885952000000000517e-01   1.662323e+00   3.029611e-02
7.933065000000000255e-01   1.662971e+00   3.024414e-02
7.980177999999999994e-01   1.688937e+00   3.023830e-02
8.027290000000000258e-01   1.694073e+00   3.014043e-02
8.074402999999999997e-01   1.669184e+00   3.007679e-02
8.121515000000000262e-01   1.681425e+00   3.000085e-02
8.168628000000000000e-01   1.682431e+00   2.994672e-02
8.215740000000000265e-01   1.676897e+00   2.990527e-02
8.262853000000000003e-01   1.665604e+00   2.984774e-02
8.309965000000000268e-01   1.651011e+00   2.976673e-02
8.357078000000000007e-01   1.674785e+00   2.971464e-02
8.404190999999999745e-01   1.693726e+00   2.966535e-02
8.451303000000000010e-01   1.691548e+00   2.960278e-02
8.498415999999999748e-01   1.623865e+00   2.949463e-02
8.545528000000000013e-01   1.655041e+00   2.946961e-02
8.592640999999999751e-01   1.658652e+00   2.941909e-02
8.639753000000000016e-01   1.614966e+00   2.934529e-02
8.686865999999999755e-01   1.656180e+00   2.925856e-02
8.733978999999999493e-01   1.659823e+00   2.927273e-02
8.781090999999999758e-01   1.630568e+00   2.916013e-02
8.828203999999999496e-01   1.654442e+00   2.912883e-02
8.875315999999999761e-01   1.626298e+00   2.904628e-02
8.922428999999999499e-01   1.600407e+00   2.897451e-02
8.969540999999999764e-01   1.614176e+00   2.896186e-02
9.016653999999999503e-01   1.577563e+00   2.885874e-02
9.063767000000000351e-01   1.608823e+00   2.879945e-02
9.110878999999999506e-01   1.618687e+00   2.875713e-02
9.157992000000000354e-01   1.639109e+00   2.874129e-02
9.205103999999999509e-01   1.588835e+00   2.865979e-02
9.252217000000000358e-01   1.619799e+00   2.859321e-02
9.299328999999999512e-01   1.608549e+00   2.852533e-02
9.346442000000000361e-01   1.603748e+00   2.844150e-02
9.393553999999999515e-01   1.591053e+00   2.844428e-02
9.440667000000000364e-01   1.595886e+00   2.837435e-02
9.487780000000000102e-01   1.573030e+00   2.830181e-02
9.534892000000000367e-01   1.571777e+00   2.827447e-02
9.582005000000000106e-01   1.543400e+00   2.817631e-02
9.629117000000000370e-01   1.563177e+00   2.816734e-02
9.676230000000000109e-01   1.561196e+00   2.810669e-02
9.723342000000000374e-01   1.549312e+00   2.803020e-02
9.770455000000000112e-01   1.540357e+00   2.799663e-02
9.817567999999999850e-01   1.534351e+00   2.797268e-02
9.864680000000000115e-01   1.554058e+00   2.791556e-02
9.911792999999999854e-01   1.567777e+00   2.788944e-02
9.958905000000000118e-01   1.549066e+00   2.776782e-02
1.000601999999999991e+00   1.520448e+00   2.769858e-02
1.005312999999999901e+00   1.544995e+00   2.766749e-02
1.010024000000000033e+00   1.553946e+00   2.762623e-02
1.014736000000000082e+00   1.590656e+00   2.757509e-02
1.019446999999999992e+00   1.595375e+00   2.754389e-02
1.024157999999999902e+00   1.580156e+00   2.754834e-02
1.028869000000000034e+00   1.546922e+00   2.748699e-02
1.033581000000000083e+00   1.518752e+00   2.738800e-02
1.038291999999999993e+00   1.529994e+00   2.733572e-02
1.043002999999999902e+00   1.594556e+00   2.733140e-02
1.047714000000000034e+00   1.583815e+00   2.729686e-02
1.052426000000000084e+00   1.541274e+00   2.720040e-02
1.057136999999999993e+00   1.498401e+00   2.713973e-02
1.061847999999999903e+00   1.514012e+00   2.709057e-02
1.066559000000000035e+00   1.518345e+00   2.705880e-02
1.071271000000000084e+00   1.503631e+00   2.701210e-02
1.075981999999999994e+00   1.513479e+00   2.698570e-02
1.080692999999999904e+00   1.517182e+00   2.693774e-02
1.085404000000000035e+00   1.508748e+00   2.685078e-02
1.090116000000000085e+00   1.517988e+00   2.681127e-02
1.094826999999999995e+00   1.505675e+00   2.679864e-02
1.099537999999999904e+00   1.515418e+00   2.679827e-02
1.104249000000000036e+00   1.499299e+00   2.665318e-02
1.108961000000000086e+00   1.475797e+00   2.658679e-02
1.113671999999999995e+00   1.472630e+00   2.654885e-02
1.118382999999999905e+00   1.470351e+00   2.651231e-02
1.123094000000000037e+00   1.496457e+00   2.650919e-02
1.127806000000000086e+00   1.497943e+00   2.647528e-02
1.132516999999999996e+00   1.452834e+00   2.640846e-02
1.137227999999999906e+00   1.486348e+00   2.638145e-02
1.141939000000000037e+00   1.458243e+00   2.632684e-02
1.146651000000000087e+00   1.447297e+00   2.623422e-02
1.151361999999999997e+00   1.442093e+00   2.620424e-02
1.156072999999999906e+00   1.446781e+00   2.621426e-02
1.160784000000000038e+00   1.421746e+00   2.613342e-02
1.165496000000000087e+00   1.423064e+00   2.605621e-02
1.170206999999999997e+00   1.457863e+00   2.606279e-02
1.174917999999999907e+00   1.469072e+00   2.603629e-02
1.179629999999999956e+00   1.476902e+00   2.598722e-02
1.184341000000000088e+00   1.449920e+00   2.593188e-02
1.189051999999999998e+00   1.423944e+00   2.585690e-02
1.193762999999999908e+00   1.418936e+00   2.590554e-02
1.198474999999999957e+00   1.433511e+00   2.646865e-02
1.203186000000000089e+00   1.399350e+00   2.713660e-02
1.207896999999999998e+00   1.403250e+00   2.759448e-02
1.212607999999999908e+00   1.426163e+00   2.796463e-02
1.217319999999999958e+00   1.458883e+00   2.830234e-02
1.222031000000000089e+00   1.407931e+00   2.854608e-02
1.226741999999999999e+00   1.407110e+00   2.878574e-02
1.231452999999999909e+00   1.387914e+00   2.906755e-02
1.236164999999999958e+00   1.409721e+00   2.935627e-02
1.240876000000000090e+00   1.363397e+00   2.951405e-02
1.245587000000000000e+00   1.383478e+00   2.959564e-02
1.250297999999999909e+00   1.379886e+00   2.969658e-02
1.255009999999999959e+00   1.392631e+00   2.980555e-02
1.259721000000000091e+00   1.371360e+00   2.981007e-02
1.264432000000000000e+00   1.403597e+00   2.878007e-02
1.269142999999999910e+00   1.415520e+00   2.808051e-02
1.273854999999999960e+00   1.348139e+00   2.756951e-02
1.278566000000000091e+00   1.394283e+00   2.722708e-02
1.283277000000000001e+00   1.367687e+00   2.690868e-02
1.287987999999999911e+00   1.350922e+00   2.663320e-02
1.292699999999999960e+00   1.375402e+00   2.643992e-02
1.297411000000000092e+00   1.342155e+00   2.621031e-02
1.302122000000000002e+00   1.325461e+00   2.598569e-02
1.306832999999999911e+00   1.364119e+00   2.584892e-02
1.311544999999999961e+00   1.338997e+00   2.578228e-02
1.316256000000000093e+00   1.319374e+00   2.570147e-02
1.320967000000000002e+00   1.352731e+00   2.566569e-02
1.325677999999999912e+00   1.337874e+00   2.562573e-02
1.330389999999999961e+00   1.325770e+00   2.551844e-02
1.335101000000000093e+00   1.329299e+00   2.547464e-02
1.339812000000000003e+00   1.308347e+00   2.536669e-02
1.344522999999999913e+00   1.296585e+00   2.531460e-02
1.349234999999999962e+00   1.298515e+00   2.526853e-02
1.353946000000000094e+00   1.308107e+00   2.523483e-02
1.358657000000000004e+00   1.315094e+00   2.517762e-02
1.363369000000000053e+00   1.293249e+00   2.512480e-02
1.368079999999999963e+00   1.309452e+00   2.509425e-02
1.372791000000000095e+00   1.288766e+00   2.503824e-02
1.377502000000000004e+00   1.295712e+00   2.498729e-02
1.382214000000000054e+00   1.247561e+00   2.493448e-02
1.386924999999999963e+00   1.249467e+00   2.485609e-02
1.391636000000000095e+00   1.254913e+00   2.480856e-02
1.396347000000000005e+00   1.302121e+00   2.478057e-02
1.401059000000000054e+00   1.274360e+00   2.471954e-02
1.405769999999999964e+00   1.283417e+00   2.470474e-02
1.410481000000000096e+00   1.269119e+00   2.466598e-02
1.415192000000000005e+00   1.240048e+00   2.459733e-02
1.419904000000000055e+00   1.278186e+00   2.452646e-02
1.424614999999999965e+00   1.254947e+00   2.451433e-02
1.429326000000000096e+00   1.216826e+00   2.445467e-02
1.434037000000000006e+00   1.226908e+00   2.441727e-02
1.438749000000000056e+00   1.246159e+00   2.437075e-02
1.443459999999999965e+00   1.212142e+00   2.431099e-02
1.448171000000000097e+00   1.201922e+00   2.426102e-02
1.452882000000000007e+00   1.226317e+00   2.427346e-02
1.457594000000000056e+00   1.220648e+00   2.424718e-02
1.462304999999999966e+00   1.222244e+00   2.418757e-02
1.467016000000000098e+00   1.203502e+00   2.412789e-02
1.471727000000000007e+00   1.227295e+00   2.412414e-02
1.476439000000000057e+00   1.214013e+00   2.405461e-02
1.481149999999999967e+00   1.191287e+00   2.402010e-02
1.485861000000000098e+00   1.188569e+00   2.396315e-02
1.490572000000000008e+00   1.213228e+00   2.392499e-02
1.495284000000000058e+00   1.203228e+00   2.392028e-02
1.499994999999999967e+00   1.204796e+00   2.384812e-02
1.504706000000000099e+00   1.159203e+00   2.383065e-02
1.509417000000000009e+00   1.148485e+00   2.380329e-02
1.514129000000000058e+00   1.203353e+00   2.386602e-02
1.518839999999999968e+00   1.210431e+00   2.457776e-02
1.523551000000000100e+00   1.198127e+00   2.507669e-02
1.528262999999999927e+00   1.194262e+00   2.543789e-02
1.532974000000000059e+00   1.171879e+00   2.569574e-02
1.537684999999999969e+00   1.150878e+00   2.594300e-02
1.542396000000000100e+00   1.177524e+00   2.596511e-02
1.547107999999999928e+00   1.163857e+00   2.531881e-02
1.551819000000000059e+00   1.128330e+00   2.494206e-02
1.556529999999999969e+00   1.103635e+00   2.466987e-02
1.561241000000000101e+00   1.134941e+00   2.444807e-02
1.565952999999999928e+00   1.161532e+00   2.420435e-02
1.570664000000000060e+00   1.134325e+00   2.396427e-02
1.575374999999999970e+00   1.125538e+00   2.368678e-02
1.580086000000000102e+00   1.112483e+00   2.346477e-02
1.584797999999999929e+00   1.118115e+00   2.335437e-02
1.589509000000000061e+00   1.101297e+00   2.329903e-02
1.594219999999999970e+00   1.121871e+00   2.328629e-02
1.598931000000000102e+00   1.093792e+00   2.330708e-02
1.603642999999999930e+00   1.089775e+00   2.332812e-02
1.608354000000000061e+00   1.106386e+00   2.334944e-02
1.613064999999999971e+00   1.100836e+00   2.329458e-02
1.617776000000000103e+00   1.109049e+00   2.327805e-02
1.622487999999999930e+00   1.106602e+00   2.325131e-02
1.627199000000000062e+00   1.083875e+00   2.317704e-02
1.631909999999999972e+00   1.078513e+00   2.315723e-02
1.636621000000000103e+00   1.125886e+00   2.317320e-02
1.641332999999999931e+00   1.105748e+00   2.311140e-02
1.646044000000000063e+00   1.111117e+00   2.305926e-02
1.650754999999999972e+00   1.136250e+00   2.301630e-02
1.655466000000000104e+00   1.078776e+00   2.296703e-02
1.660177999999999932e+00   1.085730e+00   2.297433e-02
1.664889000000000063e+00   1.077158e+00   2.291148e-02
1.669599999999999973e+00   1.085901e+00   2.284662e-02
1.674311000000000105e+00   1.038768e+00   2.279819e-02
1.679022999999999932e+00   1.060534e+00   2.275969e-02
1.683734000000000064e+00   1.049126e+00   2.272545e-02
1.688444999999999974e+00   1.045605e+00   2.269474e-02
1.693156000000000105e+00   1.051046e+00   2.267754e-02
1.697867999999999933e+00   1.032506e+00   2.262331e-02
1.702579000000000065e+00   1.055431e+00   2.259602e-02
1.707289999999999974e+00   1.011154e+00   2.254475e-02
1.712002000000000024e+00   1.032260e+00   2.253443e-02
1.716712999999999933e+00   1.040679e+00   2.248545e-02
1.721424000000000065e+00   1.025056e+00   2.244264e-02
1.726134999999999975e+00   9.980831e-01   2.242435e-02
1.730847000000000024e+00   1.004586e+00   2.238333e-02
1.735557999999999934e+00   1.045689e+00   2.233966e-02
1.740269000000000066e+00   1.027780e+00   2.233611e-02
1.744979999999999976e+00   9.925258e-01   2.227165e-02
1.749692000000000025e+00   9.976218e-01   2.223818e-02
1.754402999999999935e+00   9.909560e-01   2.222140e-02
1.759114000000000066e+00   9.851027e-01   2.218422e-02
1.763824999999999976e+00   1.006764e+00   2.216966e-02
1.768537000000000026e+00   9.923122e-01   2.212241e-02
1.773247999999999935e+00   9.545323e-01   2.206167e-02
1.777959000000000067e+00   9.603575e-01   2.205524e-02
1.782669999999999977e+00   9.669446e-01   2.200626e-02
1.787382000000000026e+00   9.865195e-01   2.200810e-02
1.792092999999999936e+00   1.007292e+00   2.198014e-02
1.796804000000000068e+00   9.979080e-01   2.195329e-02
1.801514999999999977e+00   9.917108e-01   2.191464e-02
1.806227000000000027e+00   9.830461e-01   2.188407e-02
1.810937999999999937e+00   9.462330e-01   2.185031e-02
1.815649000000000068e+00   9.563481e-01   2.180669e-02
1.820359999999999978e+00   9.417029e-01   2.178788e-02
1.825072000000000028e+00   9.615389e-01   2.176889e-02
1.829782999999999937e+00   9.537948e-01   2.171717e-02
1.834494000000000069e+00   9.487300e-01   2.169168e-02
1.839204999999999979e+00   9.250073e-01   2.168422e-02
1.843917000000000028e+00   9.214663e-01   2.165075e-02
1.848627999999999938e+00   9.377259e-01   2.158276e-02
1.853339000000000070e+00   9.235906e-01   2.154298e-02
1.858049999999999979e+00   9.266452e-01   2.154804e-02
1.862762000000000029e+00   8.875555e-01   2.147253e-02
1.867472999999999939e+00   9.175996e-01   2.145956e-02
1.872184000000000070e+00   8.932576e-01   2.141738e-02
1.876894999999999980e+00   9.073244e-01   2.142359e-02
1.881607000000000030e+00   9.032671e-01   2.139717e-02
1.886317999999999939e+00   9.055278e-01   2.136925e-02
1.891029000000000071e+00   8.960832e-01   2.131301e-02
1.895740999999999898e+00   8.993279e-01   2.128514e-02
1.900452000000000030e+00   8.946587e-01   2.127338e-02
1.905162999999999940e+00   8.740496e-01   2.123101e-02
1.909874000000000072e+00   8.666568e-01   2.118514e-02
1.914585999999999899e+00   8.951824e-01   2.118424e-02
1.919297000000000031e+00   8.879028e-01   2.116186e-02
1.924007999999999940e+00   8.791658e-01   2.114379e-02
1.928719000000000072e+00   8.527662e-01   2.110449e-02
1.933430999999999900e+00   8.779165e-01   2.106112e-02
1.938142000000000031e+00   8.716887e-01   2.101970e-02
1.942852999999999941e+00   8.291903e-01   2.093178e-02
1.947564000000000073e+00   8.451457e-01   2.085963e-02
1.952275999999999900e+00   8.672019e-01   2.084144e-02
1.956987000000000032e+00   8.578877e-01   2.081239e-02
1.961697999999999942e+00   8.516917e-01   2.078798e-02
1.966409000000000074e+00   8.208522e-01   2.073808e-02
1.971120999999999901e+00   8.146401e-01   2.072811e-02
1.975832000000000033e+00   8.263891e-01   2.073209e-02
1.980542999999999942e+00   8.269102e-01   2.072772e-02
1.985254000000000074e+00   8.241181e-01   2.071794e-02
1.989965999999999902e+00   8.379174e-01   2.073345e-02
1.994677000000000033e+00   8.142925e-01   2.072687e-02
1.999387999999999943e+00   8.323145e-01   2.077790e-02
2.004099000000000075e+00   8.623460e-01   2.124865e-02
2.008811000000000124e+00   8.195123e-01   2.167996e-02
2.013522000000000034e+00   8.220714e-01   2.200047e-02
2.018232999999999944e+00   8.276559e-01   2.221041e-02
2.022943999999999853e+00   7.808084e-01   2.241503e-02
2.027655999999999903e+00   8.011490e-01   2.265157e-02
2.032366999999999813e+00   8.256529e-01   2.279620e-02
2.037078000000000166e+00   7.803623e-01   2.280871e-02
2.041789000000000076e+00   7.505085e-01   2.284868e-02
2.046501000000000126e+00   7.582354e-01   2.288351e-02
2.051212000000000035e+00   7.678081e-01   2.295414e-02
2.055922999999999945e+00   7.921186e-01   2.304174e-02
2.060633999999999855e+00   7.907223e-01   2.310767e-02
2.065345999999999904e+00   7.904882e-01   2.305183e-02
2.070056999999999814e+00   7.921336e-01   2.236668e-02
2.074768000000000168e+00   8.013484e-01   2.195337e-02
2.079480000000000217e+00   7.643694e-01   2.161944e-02
2.084191000000000127e+00   7.592466e-01   2.139591e-02
2.088902000000000037e+00   7.740085e-01   2.119597e-02
2.093612999999999946e+00   7.963215e-01   2.106154e-02
2.098324999999999996e+00   7.680078e-01   2.094799e-02
2.103035999999999905e+00   7.575762e-01   2.088686e-02
2.107746999999999815e+00   7.739172e-01   2.084946e-02
2.112458000000000169e+00   7.518440e-01   2.077162e-02
2.117170000000000218e+00   7.560311e-01   2.072805e-02
2.121881000000000128e+00   7.427863e-01   2.067043e-02
2.126592000000000038e+00   7.619140e-01   2.065035e-02
2.131302999999999948e+00   7.209884e-01   2.060957e-02
2.136014999999999997e+00   7.010447e-01   2.057959e-02
2.140725999999999907e+00   7.238100e-01   2.051531e-02
2.145436999999999816e+00   7.196100e-01   2.046299e-02
2.150148000000000170e+00   7.616507e-01   2.046569e-02
2.154860000000000220e+00   6.981950e-01   2.041263e-02
2.159571000000000129e+00   7.318296e-01   2.038234e-02
2.164282000000000039e+00   7.556251e-01   2.037375e-02
2.168992999999999949e+00   7.342355e-01   2.036086e-02
2.173704999999999998e+00   7.232110e-01   2.029943e-02
2.178415999999999908e+00   7.280535e-01   2.025166e-02
2.183126999999999818e+00   7.104246e-01   2.022443e-02
2.187838000000000171e+00   7.098330e-01   2.020256e-02
2.192550000000000221e+00   7.283193e-01   2.016672e-02
2.197261000000000131e+00   7.183527e-01   2.011386e-02
2.201972000000000040e+00   6.840139e-01   2.008266e-02
2.206682999999999950e+00   7.182131e-01   2.006103e-02
2.211395000000000000e+00   7.094062e-01   2.000760e-02
2.216105999999999909e+00   6.717473e-01   1.998136e-02
2.220816999999999819e+00   7.034707e-01   1.997938e-02
2.225528000000000173e+00   7.243104e-01   1.996193e-02
2.230239999999999778e+00   6.815774e-01   1.992537e-02
2.234951000000000132e+00   6.910076e-01   1.990258e-02
2.239662000000000042e+00   6.944618e-01   1.987199e-02
2.244372999999999951e+00   6.762216e-01   1.983545e-02
2.249085000000000001e+00   6.826338e-01   1.980845e-02
2.253795999999999911e+00   6.575269e-01   1.979523e-02
2.258506999999999820e+00   6.463467e-01   1.975656e-02
2.263218999999999870e+00   6.680880e-01   1.974571e-02
2.267929999999999779e+00   6.892966e-01   1.971153e-02
2.272641000000000133e+00   6.539430e-01   1.968372e-02
2.277352000000000043e+00   6.146484e-01   1.961365e-02
2.282064000000000092e+00   6.585975e-01   1.962572e-02
2.286775000000000002e+00   6.456622e-01   1.958731e-02
2.291485999999999912e+00   6.476034e-01   1.958780e-02
2.296196999999999822e+00   6.286838e-01   1.955615e-02
2.300908999999999871e+00   6.391778e-01   1.951741e-02
2.305619999999999781e+00   6.268175e-01   1.948264e-02
2.310331000000000135e+00   6.462278e-01   1.946824e-02
2.315042000000000044e+00   6.139210e-01   1.943880e-02
2.319754000000000094e+00   6.447846e-01   1.943318e-02
2.324465000000000003e+00   6.197303e-01   1.940301e-02
2.329175999999999913e+00   6.602274e-01   1.938213e-02
2.333886999999999823e+00   6.339385e-01   1.935947e-02
2.338598999999999872e+00   5.934718e-01   1.930281e-02
2.343309999999999782e+00   6.129215e-01   1.931106e-02
2.348021000000000136e+00   6.151615e-01   1.929269e-02
2.352732000000000046e+00   6.325951e-01   1.929103e-02
2.357444000000000095e+00   6.168272e-01   1.923046e-02
2.362155000000000005e+00   6.211286e-01   1.921558e-02
2.366865999999999914e+00   6.165000e-01   1.921991e-02
2.371576999999999824e+00   5.957534e-01   1.917288e-02
2.376288999999999874e+00   5.904581e-01   1.913783e-02
2.380999999999999783e+00   5.970654e-01   1.912599e-02
2.385711000000000137e+00   5.921020e-01   1.910518e-02
2.390422000000000047e+00   6.137911e-01   1.908670e-02
2.395134000000000096e+00   5.895035e-01   1.906018e-02
2.399845000000000006e+00   5.825996e-01   1.903407e-02
2.404555999999999916e+00   5.762430e-01   1.901285e-02
2.409266999999999825e+00   6.108052e-01   1.902724e-02
2.413978999999999875e+00   5.839892e-01   1.894817e-02
2.418689999999999785e+00   5.745087e-01   1.893341e-02
2.423401000000000138e+00   5.587401e-01   1.891332e-02
2.428112000000000048e+00   5.703093e-01   1.889177e-02
2.432824000000000098e+00   5.680144e-01   1.888984e-02
2.437535000000000007e+00   5.871276e-01   1.887716e-02
2.442245999999999917e+00   5.688021e-01   1.883829e-02
2.446957999999999966e+00   5.803836e-01   1.882010e-02
2.451668999999999876e+00   5.695719e-01   1.879060e-02
2.456379999999999786e+00   5.766324e-01   1.875372e-02
2.461091000000000140e+00   5.728607e-01   1.872924e-02
2.465803000000000189e+00   5.456480e-01   1.872858e-02
2.470514000000000099e+00   5.411094e-01   1.872012e-02
2.475225000000000009e+00   5.650444e-01   1.870532e-02
2.479935999999999918e+00   5.515241e-01   1.868173e-02
2.484647999999999968e+00   5.535774e-01   1.865550e-02
2.489358999999999877e+00   5.518071e-01   1.864401e-02
2.494069999999999787e+00   5.368711e-01   1.859767e-02
2.498781000000000141e+00   5.526982e-01   1.857307e-02
2.503493000000000190e+00   5.284717e-01   1.856585e-02
2.508204000000000100e+00   5.405656e-01   1.855187e-02
2.512915000000000010e+00   5.525328e-01   1.853808e-02
2.517625999999999920e+00   5.440327e-01   1.849377e-02
2.522337999999999969e+00   5.277947e-01   1.844732e-02
2.527048999999999879e+00   5.062349e-01   1.839148e-02
2.531759999999999788e+00   5.258612e-01   1.837479e-02
2.536471000000000142e+00   5.301438e-01   1.836063e-02
2.541183000000000192e+00   5.312991e-01   1.835212e-02
2.545894000000000101e+00   5.248603e-01   1.833659e-02
2.550605000000000011e+00   5.269917e-01   1.831151e-02
2.555315999999999921e+00   5.391586e-01   1.829355e-02
2.560027999999999970e+00   5.358548e-01   1.826242e-02
2.564738999999999880e+00   5.220077e-01   1.824338e-02
2.569449999999999790e+00   5.012099e-01   1.823289e-02
2.574161000000000143e+00   5.308311e-01   1.826298e-02
2.578873000000000193e+00   5.273986e-01   1.826427e-02
2.583584000000000103e+00   5.239595e-01   1.825236e-02
2.588295000000000012e+00   4.965118e-01   1.820762e-02
2.593005999999999922e+00   5.211395e-01   1.821024e-02
2.597717999999999972e+00   5.115917e-01   1.819163e-02
2.602428999999999881e+00   5.203318e-01   1.816966e-02
2.607139999999999791e+00   5.116209e-01   1.814528e-02
2.611851000000000145e+00   5.079264e-01   1.813124e-02
2.616563000000000194e+00   5.040253e-01   1.811619e-02
2.621274000000000104e+00   4.953541e-01   1.809094e-02
2.625985000000000014e+00   4.883816e-01   1.808468e-02
2.630697000000000063e+00   5.072276e-01   1.806094e-02
2.635407999999999973e+00   4.834214e-01   1.804893e-02
2.640118999999999883e+00   4.876974e-01   1.802778e-02
2.644829999999999792e+00   4.783039e-01   1.799844e-02
2.649541999999999842e+00   4.946133e-01   1.799356e-02
2.654253000000000196e+00   4.787181e-01   1.796178e-02
2.658964000000000105e+00   4.797789e-01   1.793910e-02
2.663675000000000015e+00   4.833910e-01   1.792865e-02
2.668387000000000064e+00   5.037068e-01   1.793008e-02
2.673097999999999974e+00   4.920144e-01   1.790116e-02
2.677808999999999884e+00   4.765564e-01   1.788827e-02
2.682519999999999794e+00   4.744611e-01   1.787645e-02
2.687231999999999843e+00   4.340011e-01   1.782125e-02
2.691943000000000197e+00   4.698572e-01   1.782969e-02
2.696654000000000106e+00   4.341140e-01   1.780004e-02
2.701365000000000016e+00   4.452352e-01   1.778901e-02
2.706077000000000066e+00   4.594011e-01   1.777334e-02
2.710787999999999975e+00   4.744374e-01   1.775965e-02
2.715498999999999885e+00   4.716634e-01   1.776026e-02
2.720209999999999795e+00   4.650933e-01   1.772831e-02
2.724921999999999844e+00   4.598330e-01   1.770888e-02
2.729633000000000198e+00   4.485587e-01   1.767245e-02
2.734344000000000108e+00   4.461194e-01   1.765116e-02
2.739055000000000017e+00   4.649058e-01   1.766392e-02
2.743767000000000067e+00   4.541361e-01   1.763275e-02
2.748477999999999977e+00   4.676073e-01   1.763150e-02
2.753188999999999886e+00   4.280719e-01   1.759468e-02
2.757899999999999796e+00   4.519929e-01   1.757928e-02
2.762611999999999846e+00   4.327117e-01   1.756501e-02
2.767323000000000199e+00   4.224714e-01   1.755240e-02
2.772034000000000109e+00   4.374954e-01   1.754516e-02
2.776745000000000019e+00   4.278931e-01   1.753183e-02
2.781457000000000068e+00   4.338528e-01   1.751306e-02
2.786167999999999978e+00   4.365296e-01   1.748741e-02
2.790878999999999888e+00   4.231502e-01   1.746192e-02
2.795589999999999797e+00   4.479660e-01   1.747318e-02
2.800301999999999847e+00   4.040822e-01   1.744055e-02
2.805013000000000201e+00   4.230639e-01   1.751865e-02
2.809724000000000110e+00   4.384738e-01   1.795899e-02
2.814436000000000160e+00   4.525756e-01   1.825635e-02
2.819147000000000070e+00   4.262517e-01   1.848955e-02
2.823857999999999979e+00   4.272861e-01   1.864111e-02
2.828568999999999889e+00   4.247538e-01   1.871803e-02
2.833280999999999938e+00   4.328685e-01   1.876729e-02
2.837991999999999848e+00   4.055976e-01   1.883367e-02
2.842703000000000202e+00   4.156135e-01   1.889052e-02
2.847414000000000112e+00   4.081340e-01   1.894923e-02
2.852126000000000161e+00   4.230500e-01   1.900611e-02
2.856837000000000071e+00   4.074502e-01   1.901466e-02
2.861547999999999981e+00   4.199519e-01   1.907697e-02
2.866258999999999890e+00   4.155367e-01   1.910221e-02
2.870970999999999940e+00   4.355621e-01   1.895233e-02
2.875681999999999849e+00   4.119763e-01   1.846216e-02
2.880393000000000203e+00   3.907172e-01   1.816682e-02
2.885104000000000113e+00   4.067822e-01   1.797751e-02
2.889816000000000162e+00   4.222606e-01   1.784104e-02
2.894527000000000072e+00   3.951578e-01   1.775421e-02
2.899237999999999982e+00   3.970154e-01   1.771583e-02
2.903948999999999891e+00   4.048663e-01   1.766641e-02
2.908660999999999941e+00   4.042945e-01   1.763628e-02
2.913371999999999851e+00   4.083667e-01   1.760237e-02
2.918083000000000204e+00   3.757085e-01   1.755344e-02
2.922794000000000114e+00   3.875898e-01   1.751865e-02
2.927506000000000164e+00   3.828049e-01   1.750268e-02
2.932217000000000073e+00   3.866654e-01   1.748355e-02
2.936927999999999983e+00   3.958012e-01   1.743906e-02
2.941638999999999893e+00   3.854052e-01   1.739981e-02
2.946350999999999942e+00   3.861962e-01   1.738176e-02
2.951061999999999852e+00   3.770356e-01   1.735380e-02
2.955773000000000206e+00   3.950525e-01   1.735852e-02
2.960484000000000115e+00   3.667495e-01   1.729434e-02
2.965196000000000165e+00   3.612247e-01   1.727486e-02
2.969907000000000075e+00   3.617076e-01   1.725407e-02
2.974617999999999984e+00   3.810449e-01   1.724819e-02
2.979328999999999894e+00   3.800685e-01   1.721504e-02
2.984040999999999944e+00   3.579103e-01   1.719068e-02
2.988751999999999853e+00   3.757590e-01   1.719996e-02
2.993463000000000207e+00   3.880505e-01   1.718970e-02
2.998174999999999812e+00   3.683220e-01   1.714379e-02
3.002886000000000166e+00   3.567747e-01   1.712636e-02
3.007597000000000076e+00   3.692241e-01   1.710152e-02
3.012307999999999986e+00   3.502222e-01   1.708731e-02
3.017020000000000035e+00   3.409948e-01   1.706865e-02
3.021730999999999945e+00   3.484505e-01   1.704607e-02
3.026441999999999855e+00   3.853381e-01   1.703487e-02
3.031153000000000208e+00   3.507017e-01   1.700055e-02
3.035864999999999814e+00   3.493082e-01   1.698499e-02
3.040576000000000167e+00   3.783243e-01   1.697172e-02
3.045287000000000077e+00   3.575459e-01   1.695220e-02
3.049997999999999987e+00   3.541717e-01   1.693656e-02
3.054710000000000036e+00   3.342597e-01   1.690979e-02
3.059420999999999946e+00   3.628662e-01   1.690404e-02
3.064131999999999856e+00   3.469612e-01   1.687470e-02
3.068843000000000210e+00   3.290716e-01   1.686190e-02
3.073554999999999815e+00   3.344906e-01   1.683881e-02
3.078266000000000169e+00   3.435811e-01   1.681263e-02
3.082977000000000078e+00   3.393256e-01   1.680754e-02
3.087687999999999988e+00   3.536611e-01   1.680235e-02
3.092400000000000038e+00   3.369417e-01   1.677400e-02
3.097110999999999947e+00   3.247229e-01   1.675520e-02
3.101821999999999857e+00   3.496565e-01   1.675715e-02
3.106533000000000211e+00   3.399233e-01   1.674569e-02
3.111244999999999816e+00   3.152137e-01   1.670626e-02
3.115956000000000170e+00   3.630161e-01   1.671472e-02
3.120667000000000080e+00   3.284374e-01   1.667907e-02
3.125377999999999989e+00   3.174094e-01   1.667378e-02
3.130090000000000039e+00   3.369970e-01   1.665737e-02
3.134800999999999949e+00   3.368989e-01   1.663797e-02
3.139511999999999858e+00   3.415170e-01   1.660792e-02
3.144223000000000212e+00   3.210600e-01   1.659559e-02
3.148934999999999818e+00   3.017060e-01   1.656777e-02
3.153646000000000171e+00   3.058171e-01   1.653242e-02
3.158357000000000081e+00   3.111338e-01   1.654693e-02
3.163067999999999991e+00   3.076770e-01   1.653905e-02
3.167780000000000040e+00   3.258925e-01   1.653726e-02
3.172490999999999950e+00   3.321115e-01   1.650370e-02
3.177201999999999860e+00   3.250168e-01   1.649561e-02
3.181913999999999909e+00   3.255860e-01   1.649652e-02
3.186624999999999819e+00   3.164335e-01   1.646182e-02
3.191336000000000173e+00   3.411061e-01   1.644777e-02
3.196047000000000082e+00   3.430294e-01   1.641336e-02
3.200759000000000132e+00   3.398020e-01   1.639911e-02
3.205470000000000041e+00   3.271907e-01   1.635547e-02
3.210180999999999951e+00   3.062136e-01   1.633789e-02
3.214891999999999861e+00   2.993931e-01   1.632529e-02
3.219603999999999910e+00   3.047404e-01   1.631109e-02
3.224314999999999820e+00   3.182820e-01   1.630632e-02
3.229026000000000174e+00   3.074235e-01   1.629360e-02
3.233737000000000084e+00   3.179443e-01   1.627496e-02
3.238449000000000133e+00   2.994780e-01   1.624966e-02
3.243160000000000043e+00   3.002783e-01   1.624302e-02
3.247870999999999952e+00   2.855244e-01   1.624018e-02
3.252581999999999862e+00   2.952400e-01   1.624326e-02
3.257293999999999912e+00   3.011393e-01   1.625265e-02
3.262004999999999821e+00   2.990881e-01   1.624013e-02
3.266716000000000175e+00   3.105732e-01   1.623120e-02
3.271427000000000085e+00   2.866484e-01   1.619854e-02
3.276139000000000134e+00   3.102476e-01   1.620930e-02
3.280850000000000044e+00   2.714821e-01   1.616980e-02
3.285560999999999954e+00   2.818593e-01   1.617516e-02
3.290271999999999863e+00   3.043194e-01   1.616713e-02
3.294983999999999913e+00   2.951478e-01   1.614269e-02
3.299694999999999823e+00   2.997101e-01   1.612999e-02
3.304406000000000176e+00   3.129123e-01   1.612219e-02
3.309117000000000086e+00   2.895702e-01   1.611616e-02
3.313829000000000136e+00   2.930571e-01   1.611206e-02
3.318540000000000045e+00   2.980025e-01   1.609283e-02
3.323250999999999955e+00   2.824225e-01   1.607076e-02
3.327961999999999865e+00   2.994716e-01   1.607070e-02
3.332673999999999914e+00   2.829597e-01   1.604572e-02
3.337384999999999824e+00   2.921487e-01   1.604130e-02
3.342096000000000178e+00   3.141817e-01   1.603484e-02
3.346807000000000087e+00   2.874384e-01   1.600715e-02
3.351519000000000137e+00   2.674587e-01   1.597680e-02
3.356230000000000047e+00   2.687204e-01   1.597038e-02
3.360940999999999956e+00   2.846293e-01   1.596475e-02
3.365653000000000006e+00   2.978745e-01   1.597245e-02
3.370363999999999916e+00   2.890500e-01   1.595101e-02
3.375074999999999825e+00   2.902899e-01   1.593400e-02
3.379786000000000179e+00   3.012849e-01   1.592629e-02
3.384497999999999784e+00   2.980746e-01   1.591208e-02
3.389209000000000138e+00   2.902150e-01   1.599701e-02
3.393920000000000048e+00   2.874259e-01   1.636717e-02
3.398630999999999958e+00   2.663260e-01   1.660496e-02
3.403343000000000007e+00   2.655992e-01   1.675553e-02
3.408053999999999917e+00   2.628997e-01   1.687632e-02
3.412764999999999826e+00   2.937287e-01   1.694518e-02
3.417476000000000180e+00   2.669880e-01   1.692206e-02
3.422187999999999786e+00   2.688736e-01   1.693734e-02
3.426899000000000139e+00   2.722448e-01   1.696744e-02
3.431610000000000049e+00   2.628609e-01   1.702266e-02
3.436320999999999959e+00   2.553163e-01   1.708021e-02
3.441033000000000008e+00   2.637999e-01   1.710079e-02
3.445743999999999918e+00   2.520045e-01   1.712506e-02
3.450454999999999828e+00   2.664688e-01   1.715787e-02
3.455166000000000182e+00   2.620740e-01   1.717889e-02
3.459877999999999787e+00   2.785488e-01   1.722255e-02
3.464589000000000141e+00   2.755968e-01   1.724971e-02
3.469300000000000050e+00   2.756535e-01   1.728237e-02
3.474010999999999960e+00   2.579703e-01   1.729374e-02
3.478723000000000010e+00   2.539874e-01   1.730847e-02
3.483433999999999919e+00   2.683483e-01   1.734101e-02
3.488144999999999829e+00   2.438294e-01   1.735920e-02
3.492856000000000183e+00   2.385275e-01   1.736703e-02
3.497567999999999788e+00   2.297258e-01   1.739511e-02
3.502279000000000142e+00   2.470615e-01   1.741604e-02
3.506990000000000052e+00   2.540240e-01   1.743766e-02
3.511700999999999961e+00   2.198879e-01   1.745246e-02
3.516413000000000011e+00   2.399311e-01   1.747310e-02
3.521123999999999921e+00   2.348780e-01   1.749864e-02
3.525834999999999830e+00   2.621401e-01   1.751718e-02
3.530546000000000184e+00   2.353524e-01   1.752608e-02
3.535257999999999790e+00   2.346617e-01   1.753858e-02
3.539969000000000143e+00   2.601701e-01   1.758416e-02
3.544680000000000053e+00   2.595155e-01   1.758450e-02
3.549392000000000102e+00   2.523952e-01   1.760016e-02
3.554103000000000012e+00   2.440964e-01   1.760545e-02
3.558813999999999922e+00   2.572135e-01   1.762959e-02
3.563524999999999832e+00   2.442909e-01   1.766597e-02
3.568236999999999881e+00   2.217229e-01   1.765786e-02
3.572947999999999791e+00   2.352832e-01   1.768125e-02
3.577659000000000145e+00   2.411594e-01   1.768986e-02
3.582370000000000054e+00   2.428497e-01   1.769311e-02
3.587082000000000104e+00   2.411762e-01   1.771664e-02
3.591793000000000013e+00   2.551934e-01   1.775024e-02
3.596503999999999923e+00   2.489113e-01   1.773297e-02
3.601214999999999833e+00   2.160761e-01   1.770627e-02
3.605926999999999882e+00   2.283263e-01   1.774499e-02
3.610637999999999792e+00   2.366092e-01   1.804739e-02
3.615349000000000146e+00   2.348386e-01   1.858075e-02
3.620060000000000056e+00   2.372233e-01   1.889018e-02
3.624772000000000105e+00   2.018632e-01   1.911829e-02
3.629483000000000015e+00   2.128995e-01   1.928397e-02
3.634193999999999924e+00   2.168885e-01   1.938946e-02
3.638904999999999834e+00   2.438658e-01   1.952247e-02
3.643616999999999884e+00   2.489962e-01   1.965364e-02
3.648327999999999793e+00   2.274627e-01   1.975283e-02
3.653039000000000147e+00   2.319703e-01   1.985187e-02
3.657750000000000057e+00   2.081212e-01   1.993971e-02
3.662462000000000106e+00   2.272766e-01   2.003576e-02
3.667173000000000016e+00   2.449299e-01   2.016005e-02
3.671883999999999926e+00   2.798146e-01   2.026280e-02
3.676594999999999835e+00   2.417369e-01   2.033069e-02
3.681306999999999885e+00   2.178759e-01   2.040214e-02
3.686017999999999795e+00   2.065675e-01   2.048769e-02
3.690729000000000148e+00   2.493975e-01   2.060290e-02
3.695440000000000058e+00   2.407278e-01   2.068618e-02
3.700152000000000108e+00   2.269690e-01   2.075654e-02
3.704863000000000017e+00   2.241141e-01   2.082486e-02
3.709573999999999927e+00   2.291365e-01   2.090955e-02
3.714284999999999837e+00   2.098633e-01   2.099007e-02
3.718996999999999886e+00   2.204800e-01   2.109023e-02
3.723707999999999796e+00   2.413784e-01   2.117444e-02
3.728419000000000150e+00   2.428799e-01   2.123765e-02
3.733131000000000199e+00   2.345701e-01   2.132341e-02
3.737842000000000109e+00   2.296347e-01   2.140760e-02
3.742553000000000019e+00   1.998269e-01   2.150140e-02
3.747263999999999928e+00   2.317543e-01   2.158449e-02
3.751975999999999978e+00   2.489095e-01   2.168355e-02
3.756686999999999887e+00   2.162854e-01   2.172914e-02
3.761397999999999797e+00   2.058098e-01   2.181200e-02
3.766109000000000151e+00   2.451830e-01   2.190109e-02
3.770821000000000200e+00   2.233536e-01   2.198430e-02
3.775532000000000110e+00   2.278034e-01   2.204705e-02
3.780243000000000020e+00   2.363530e-01   2.212920e-02
3.784953999999999930e+00   2.370875e-01   2.221577e-02
3.789665999999999979e+00   2.067067e-01   2.224959e-02
3.794376999999999889e+00   1.974394e-01   2.235881e-02
3.799087999999999798e+00   2.286625e-01   2.245061e-02
3.803799000000000152e+00   2.728721e-01   2.258079e-02
3.808511000000000202e+00   2.417078e-01   2.259279e-02
3.813222000000000111e+00   2.321362e-01   2.267428e-02
3.817933000000000021e+00   1.955786e-01   2.275322e-02
3.822643999999999931e+00   2.088101e-01   2.282653e-02
3.827355999999999980e+00   2.114278e-01   2.291622e-02
3.832066999999999890e+00   2.067266e-01   2.297846e-02
3.836777999999999800e+00   2.354121e-01   2.309047e-02
3.841489000000000154e+00   2.201914e-01   2.317015e-02
3.846201000000000203e+00   2.178545e-01   2.323756e-02
3.850912000000000113e+00   2.135606e-01   2.330893e-02
3.855623000000000022e+00   2.154694e-01   2.336095e-02
3.860333999999999932e+00   2.005652e-01   2.344717e-02
3.865045999999999982e+00   1.574030e-01   2.351860e-02
3.869756999999999891e+00   1.753319e-01   2.361901e-02
3.874467999999999801e+00   1.720533e-01   2.368282e-02
3.879179000000000155e+00   2.293940e-01   2.381579e-02
3.883891000000000204e+00   2.024420e-01   2.386415e-02
3.888602000000000114e+00   1.853681e-01   2.394532e-02
3.893313000000000024e+00   2.163462e-01   2.403131e-02
3.898023999999999933e+00   2.188836e-01   2.410556e-02
3.902735999999999983e+00   2.099662e-01   2.418222e-02
3.907446999999999893e+00   2.148445e-01   2.425833e-02
3.912157999999999802e+00   1.791433e-01   2.431418e-02
3.916869999999999852e+00   1.971788e-01   2.439826e-02
3.921581000000000206e+00   1.665817e-01   2.436423e-02
3.926292000000000115e+00   1.574239e-01   2.440309e-02
3.931003000000000025e+00   1.887094e-01   2.450476e-02
3.935715000000000074e+00   2.686328e-01   2.462909e-02
3.940425999999999984e+00   2.433895e-01   2.462300e-02
3.945136999999999894e+00   1.719396e-01   2.461667e-02
3.949847999999999804e+00   1.790452e-01   2.468499e-02
3.954559999999999853e+00   1.709551e-01   2.471465e-02
3.959271000000000207e+00   1.969973e-01   2.475159e-02
3.963982000000000117e+00   1.860671e-01   2.471752e-02
3.968693000000000026e+00   2.294641e-01   2.479318e-02
3.973405000000000076e+00   2.137594e-01   2.484286e-02
3.978115999999999985e+00   1.658016e-01   2.494368e-02
3.982826999999999895e+00   2.348252e-01   2.505136e-02
3.987537999999999805e+00   1.845120e-01   2.508147e-02
3.992249999999999854e+00   1.796501e-01   2.515047e-02
3.996961000000000208e+00   1.692889e-01   2.524653e-02
4.001672000000000118e+00   1.692102e-01   2.533890e-02
4.006382999999999583e+00   1.830689e-01   2.545526e-02
4.011095000000000077e+00   2.196317e-01   2.554370e-02
4.015806000000000431e+00   2.112655e-01   2.560287e-02
4.020516999999999896e+00   1.704658e-01   2.565952e-02
4.025228000000000250e+00   1.564764e-01   2.576918e-02
4.029939999999999856e+00   1.651008e-01   2.582489e-02
4.034651000000000209e+00   1.840575e-01   2.594816e-02
4.039361999999999675e+00   1.721498e-01   2.601059e-02
4.044073000000000029e+00   1.593638e-01   2.605895e-02
4.048784999999999634e+00   1.894129e-01   2.619385e-02
4.053495999999999988e+00   1.979941e-01   2.628610e-02
4.058207000000000342e+00   1.923797e-01   2.641616e-02
4.062917999999999807e+00   1.718926e-01   2.650735e-02
4.067630000000000301e+00   2.175307e-01   2.664549e-02
4.072340999999999767e+00   1.891824e-01   2.668832e-02
4.077052000000000120e+00   1.540984e-01   2.674734e-02
4.081762999999999586e+00   1.693172e-01   2.684925e-02
4.086475000000000080e+00   1.932613e-01   2.696085e-02
4.091186000000000433e+00   1.756363e-01   2.701930e-02
4.095896999999999899e+00   1.916147e-01   2.719207e-02
4.100609000000000393e+00   1.805559e-01   2.726543e-02
4.105319999999999858e+00   1.690025e-01   2.731981e-02
4.110031000000000212e+00   1.670218e-01   2.742353e-02
4.114741999999999678e+00   1.768819e-01   2.753607e-02
4.119454000000000171e+00   1.589488e-01   2.762901e-02
4.124164999999999637e+00   1.534630e-01   2.773091e-02
4.128875999999999991e+00   1.785132e-01   2.783447e-02
4.133587000000000344e+00   1.875701e-01   2.794998e-02
4.138298999999999950e+00   1.575534e-01   2.801930e-02
4.143010000000000304e+00   1.821490e-01   2.814649e-02
4.147720999999999769e+00   2.196055e-01   2.826486e-02
4.152432000000000123e+00   1.917772e-01   2.836559e-02
4.157143999999999728e+00   1.481596e-01   2.840586e-02
4.161855000000000082e+00   1.709832e-01   2.852054e-02
4.166566000000000436e+00   2.155177e-01   2.870858e-02
4.171276999999999902e+00   1.833452e-01   2.878899e-02
4.175989000000000395e+00   1.643230e-01   2.888408e-02
4.180699999999999861e+00   1.788252e-01   2.903953e-02
4.185411000000000215e+00   1.927772e-01   2.911956e-02
4.190121999999999680e+00   2.011524e-01   2.927193e-02
4.194834000000000174e+00   1.701227e-01   2.926764e-02
4.199544999999999639e+00   1.176130e-01   2.936292e-02
4.204255999999999993e+00   1.255964e-01   2.948437e-02
4.208967000000000347e+00   1.448289e-01   2.967570e-02
4.213678999999999952e+00   1.917356e-01   2.975103e-02
4.218390000000000306e+00   1.847908e-01   2.990992e-02
4.223100999999999772e+00   1.733731e-01   3.001593e-02
4.227812000000000126e+00   1.301601e-01   3.002155e-02
4.232523999999999731e+00   1.627837e-01   3.023322e-02
4.237235000000000085e+00   1.861501e-01   3.040221e-02
4.241946000000000438e+00   1.573226e-01   3.050311e-02
4.246656999999999904e+00   1.724190e-01   3.062923e-02
4.251369000000000398e+00   1.890153e-01   3.078025e-02
4.256079999999999863e+00   1.779066e-01   3.091710e-02
4.260791000000000217e+00   1.849025e-01   3.101164e-02
4.265501999999999683e+00   1.615918e-01   3.109570e-02
4.270214000000000176e+00   1.651176e-01   3.120513e-02
4.274924999999999642e+00   2.077315e-01   3.140711e-02
4.279635999999999996e+00   2.377855e-01   3.149836e-02
4.284347999999999601e+00   2.126554e-01   3.164964e-02
4.289058999999999955e+00   1.233907e-01   3.174731e-02
4.293770000000000309e+00   1.480249e-01   3.187810e-02
4.298480999999999774e+00   1.504219e-01   3.200416e-02
4.303193000000000268e+00   1.396917e-01   3.211095e-02
4.307903999999999733e+00   1.548278e-01   3.229587e-02
4.312615000000000087e+00   1.495612e-01   3.245601e-02
4.317326000000000441e+00   2.062152e-01   3.267438e-02
4.322038000000000046e+00   2.041727e-01   3.284452e-02
4.326749000000000400e+00   1.821456e-01   3.292378e-02
4.331459999999999866e+00   1.510381e-01   3.305866e-02
4.336171000000000220e+00   1.600202e-01   3.319064e-02
4.340882999999999825e+00   1.762313e-01   3.338320e-02
4.345594000000000179e+00   1.710628e-01   3.351500e-02
4.350304999999999644e+00   1.494631e-01   3.363802e-02
4.355015999999999998e+00   1.258616e-01   3.376373e-02
4.359727999999999604e+00   1.517741e-01   3.401585e-02
4.364438999999999957e+00   1.530424e-01   3.416895e-02
4.369150000000000311e+00   1.551740e-01   3.432260e-02
4.373860999999999777e+00   1.072196e-01   3.436379e-02
4.378573000000000270e+00   1.191362e-01   3.460701e-02
4.383283999999999736e+00   1.678840e-01   3.483351e-02
4.387995000000000090e+00   1.621052e-01   3.497690e-02
4.392706000000000444e+00   1.879238e-01   3.516775e-02
4.397418000000000049e+00   1.456074e-01   3.525848e-02
4.402129000000000403e+00   1.130500e-01   3.527278e-02
4.406839999999999868e+00   1.367381e-01   3.536161e-02
4.411551000000000222e+00   1.482011e-01   3.538292e-02
4.416262999999999828e+00   1.763620e-01   3.546651e-02
4.420974000000000181e+00   1.686564e-01   3.544036e-02
4.425684999999999647e+00   1.941675e-01   3.548722e-02
4.430396000000000001e+00   1.239034e-01   3.541882e-02
4.435107999999999606e+00   1.592288e-01   3.548287e-02
4.439818999999999960e+00   1.647839e-01   3.563259e-02
4.444530000000000314e+00   1.234254e-01   3.578829e-02
4.449240999999999779e+00   9.446156e-02   3.590141e-02
4.453953000000000273e+00   1.206092e-01   3.608176e-02
4.458663999999999739e+00   1.403997e-01   3.624515e-02
4.463375000000000092e+00   1.353673e-01   3.638630e-02
4.468086999999999698e+00   1.185067e-01   3.661694e-02
4.472798000000000052e+00   2.032626e-01   3.693253e-02
4.477509000000000405e+00   2.013423e-01   3.711859e-02
4.482219999999999871e+00   1.441360e-01   3.723505e-02
4.486932000000000365e+00   1.676706e-01   3.744537e-02
4.491642999999999830e+00   1.400075e-01   3.769406e-02
4.496354000000000184e+00   1.001340e-01   3.789737e-02
4.501064999999999650e+00   1.576991e-01   3.816862e-02
4.505777000000000143e+00   1.281504e-01   3.825740e-02
4.510487999999999609e+00   1.839628e-01   3.853989e-02
4.515198999999999963e+00   1.397023e-01   3.871374e-02
4.519910000000000316e+00   6.149585e-02   3.885671e-02
4.524621999999999922e+00   1.379840e-01   3.924658e-02
4.529333000000000276e+00   1.694992e-01   3.950300e-02
4.534043999999999741e+00   1.824374e-01   3.978790e-02
4.538755000000000095e+00   2.090196e-01   4.003342e-02
4.543466999999999700e+00   1.556948e-01   4.018128e-02
4.548178000000000054e+00   1.614851e-01   4.045195e-02
4.552889000000000408e+00   1.613078e-01   4.076850e-02
4.557599999999999874e+00   1.207668e-01   4.097647e-02
4.562312000000000367e+00   1.202272e-01   4.126739e-02
4.567022999999999833e+00   1.217020e-01   4.151229e-02
4.571734000000000187e+00   1.736736e-01   4.180700e-02
4.576444999999999652e+00   1.183823e-01   4.196760e-02
4.581157000000000146e+00   1.467879e-01   4.236529e-02
4.585867999999999611e+00   1.468825e-01   4.258760e-02
4.590578999999999965e+00   1.301193e-01   4.279984e-02
4.595290000000000319e+00   1.530425e-01   4.319808e-02
4.600001999999999924e+00   1.346570e-01   4.344510e-02
4.604713000000000278e+00   1.348355e-01   4.384802e-02
4.609423999999999744e+00   1.179271e-01   4.417752e-02
4.614135000000000097e+00   1.495264e-01   4.448655e-02
4.618846999999999703e+00   1.063902e-01   4.477152e-02
4.623558000000000057e+00   1.350671e-01   4.523052e-02
4.628269000000000410e+00   1.022812e-01   4.549475e-02
4.632979999999999876e+00   1.138712e-01   4.572900e-02
4.637692000000000370e+00   1.323306e-01   4.617515e-02
4.642402999999999835e+00   1.059846e-01   4.648901e-02
4.647114000000000189e+00   1.506172e-01   4.697842e-02
4.651825999999999794e+00   1.333710e-01   4.744081e-02
4.656537000000000148e+00   1.037589e-01   4.789547e-02
4.661247999999999614e+00   1.511564e-01   4.835316e-02
4.665958999999999968e+00   1.359391e-01   4.864116e-02
4.670670999999999573e+00   1.572582e-01   4.905416e-02
4.675381999999999927e+00   1.969452e-01   4.951573e-02
4.680093000000000281e+00   1.886947e-01   4.994115e-02
4.684803999999999746e+00   1.233450e-01   5.035793e-02
4.689516000000000240e+00   1.939012e-01   5.080015e-02
4.694226999999999705e+00   2.423822e-01   5.155487e-02
4.698938000000000059e+00   1.630143e-01   5.189888e-02
4.703649000000000413e+00   1.936706e-01   5.244186e-02
4.708361000000000018e+00   2.074076e-01   5.301950e-02
4.713072000000000372e+00   9.385614e-02   5.332358e-02
4.717782999999999838e+00   7.686094e-02   5.387555e-02
4.722494000000000192e+00   1.869458e-01   5.473054e-02
4.727205999999999797e+00   1.813987e-01   5.534145e-02
4.731917000000000151e+00   1.220905e-01   5.580972e-02
4.736627999999999616e+00   4.754293e-02   5.638606e-02
4.741338999999999970e+00   1.011658e-01   5.710522e-02
4.746050999999999576e+00   2.630070e-02   5.757676e-02
4.750761999999999929e+00   9.794412e-02   5.850964e-02
4.755473000000000283e+00   1.204347e-01   5.924633e-02
4.760183999999999749e+00   1.260179e-01   5.984850e-02
4.764896000000000242e+00   1.153243e-01   6.060611e-02
4.769606999999999708e+00   1.682904e-01   6.171248e-02
4.774318000000000062e+00   1.790135e-01   6.233287e-02
4.779029000000000416e+00   2.503504e-01   6.365854e-02
4.783741000000000021e+00   1.349609e-01   6.446205e-02
4.788452000000000375e+00   9.628912e-02   6.528355e-02
4.793162999999999840e+00   1.090611e-01   6.636354e-02
4.797874000000000194e+00   1.154740e-01   6.728261e-02
4.802585999999999800e+00   1.243260e-01   6.856520e-02
4.807297000000000153e+00   1.644728e-01   6.958882e-02
4.812007999999999619e+00   1.867808e-01   7.086551e-02
4.816718999999999973e+00   1.596758e-01   7.221325e-02
4.821430999999999578e+00   1.987998e-01   7.403221e-02
4.826141999999999932e+00   3.431426e-02   7.492563e-02
4.830853000000000286e+00   1.036323e-01   7.676339e-02
4.835564999999999891e+00   1.361801e-01   7.801872e-02
4.840276000000000245e+00   1.854226e-01   8.020814e-02
4.844986999999999711e+00   1.789386e-01   8.207882e-02
4.849698000000000064e+00   1.372379e-01   8.413522e-02
4.854409999999999670e+00   1.142445e-01   8.578047e-02
4.859121000000000024e+00   8.214860e-02   8.791510e-02
4.863832000000000377e+00   8.377714e-02   9.082452e-02
4.868542999999999843e+00   1.341177e-01   9.377196e-02
4.873255000000000337e+00   1.252370e-01   9.621907e-02
4.877965999999999802e+00   1.225638e-01   9.988613e-02
4.882677000000000156e+00   1.932575e-01   1.038520e-01
4.887387999999999622e+00   3.239129e-01   1.085541e-01
4.892100000000000115e+00   1.142364e-01   1.123084e-01
4.896810999999999581e+00   2.489110e-01   1.178209e-01
4.901521999999999935e+00   3.509438e-01   1.250524e-01
4.906233000000000288e+00   2.426654e-01   1.321898e-01
4.910944999999999894e+00   7.784974e-03   1.385253e-01
4.915656000000000247e+00  -1.507992e-01   1.492784e-01
4.920366999999999713e+00   1.255265e-01   1.624790e-01
4.925078000000000067e+00   1.164289e-01   1.802028e-01
4.929789999999999672e+00   2.989325e-01   2.090933e-01
4.934501000000000026e+00   1.505146e-01   2.503441e-01
4.939212000000000380e+00  -6.683883e-01   3.197677e-01
4.943922999999999845e+00  -3.354447e-01   5.653804e-01