# [2]
# Sample c= 2.85 mg/ml
# Intensity scaled by concentration
# Buffer subtracted data file:
# Protein DatFile = /data/visitor/mx1908/bm29/20161119/giulio/1d/mM300_106_ave.dat
# Buffer DatFile = /data/visitor/mx1908/bm29/20161119/giulio/ednaSub/mM300_106_ave_averbuffer.dat
# 
# AutoRg: Rg   =   0.7576 +/- 0.11 ( 14.7%)
# AutoRg: I(0) =   1.22 +/- 0.0037
# AutoRg: Points   67 to 320 ( 254 total)
# AutoRg: Quality: 86.7%
# 
# 
# Sample Information:
# Storage Temperature (degrees C): 20.0
# Measurement Temperature (degrees C): 19.96
# Concentration: 2.85
# Code: 
3.479420999999999903e-02   9.596930e-01   2.656964e+00
3.950545999999999919e-02   1.693114e+00   1.059754e+00
4.421672000000000102e-02   1.672899e+00   6.928762e-01
4.892798000000000286e-02   7.311360e-01   5.315634e-01
5.363923000000000302e-02   7.246132e-01   4.251539e-01
5.835048999999999791e-02   7.667614e-01   3.487337e-01
6.306174999999999975e-02   9.640158e-01   2.897570e-01
6.777299999999999991e-02   9.906614e-01   2.460029e-01
7.248425999999999481e-02   1.302841e+00   2.131815e-01
7.719552000000000358e-02   1.142468e+00   1.880143e-01
8.190677000000000374e-02   1.030054e+00   1.668643e-01
8.661802999999999864e-02   1.258132e+00   1.501357e-01
9.132928999999999353e-02   1.379907e+00   1.373580e-01
9.604053999999999369e-02   1.097631e+00   1.266859e-01
1.007518000000000025e-01   1.102117e+00   1.171959e-01
1.054631000000000041e-01   1.045275e+00   1.090417e-01
1.101743000000000028e-01   1.186977e+00   1.024260e-01
1.148856000000000044e-01   1.162169e+00   9.656894e-02
1.195968000000000031e-01   1.210738e+00   9.162855e-02
1.243081000000000047e-01   1.251786e+00   8.710160e-02
1.290193000000000034e-01   1.187395e+00   8.335638e-02
1.337306000000000050e-01   1.188963e+00   7.992804e-02
1.384419000000000066e-01   1.262900e+00   7.685113e-02
1.431531000000000053e-01   1.121346e+00   7.394773e-02
1.478644000000000069e-01   1.231672e+00   7.169498e-02
1.525756000000000057e-01   1.213459e+00   6.952694e-02
1.572869000000000073e-01   1.315630e+00   6.772440e-02
1.619981000000000060e-01   1.135521e+00   6.556148e-02
1.667094000000000076e-01   1.165007e+00   6.400861e-02
1.714206000000000063e-01   1.184330e+00   6.244845e-02
1.761319000000000079e-01   1.188083e+00   6.094416e-02
1.808432000000000095e-01   1.252754e+00   5.966591e-02
1.855544000000000082e-01   1.281080e+00   5.858169e-02
1.902657000000000098e-01   1.297552e+00   5.751409e-02
1.949769000000000085e-01   1.145415e+00   5.635965e-02
1.996882000000000101e-01   1.154544e+00   5.520706e-02
2.043994000000000089e-01   1.100458e+00   5.432241e-02
2.091107000000000105e-01   1.093122e+00   5.335318e-02
2.138220000000000121e-01   1.181664e+00   5.269134e-02
2.185332000000000108e-01   1.195273e+00   5.190559e-02
2.232445000000000124e-01   1.191256e+00   5.109079e-02
2.279557000000000111e-01   1.125100e+00   5.024594e-02
2.326670000000000127e-01   1.150859e+00   4.973340e-02
2.373782000000000114e-01   1.183693e+00   4.903982e-02
2.420895000000000130e-01   1.126966e+00   4.838851e-02
2.468007000000000117e-01   1.129927e+00   4.780050e-02
2.515120000000000133e-01   1.145353e+00   4.727749e-02
2.562232999999999872e-01   1.187858e+00   4.676561e-02
2.609345000000000137e-01   1.044540e+00   4.613146e-02
2.656457999999999875e-01   1.219580e+00   4.571559e-02
2.703570000000000140e-01   1.202278e+00   4.527892e-02
2.750682999999999878e-01   1.121727e+00   4.480404e-02
2.797795000000000143e-01   1.197335e+00   4.436059e-02
2.844907999999999881e-01   1.191224e+00   4.391562e-02
2.892021000000000175e-01   1.215370e+00   4.349257e-02
2.939132999999999885e-01   1.155538e+00   4.312194e-02
2.986246000000000178e-01   1.195731e+00   4.270411e-02
3.033357999999999888e-01   1.141741e+00   4.232189e-02
3.080471000000000181e-01   1.152324e+00   4.191562e-02
3.127582999999999891e-01   1.198220e+00   4.159658e-02
3.174696000000000184e-01   1.148036e+00   4.115978e-02
3.221808999999999923e-01   1.086926e+00   4.083443e-02
3.268921000000000188e-01   1.197447e+00   4.059306e-02
3.316033999999999926e-01   1.236782e+00   4.036802e-02
3.363146000000000191e-01   1.090489e+00   4.054519e-02
3.410258999999999929e-01   1.140861e+00   4.095639e-02
3.457371000000000194e-01   1.149670e+00   4.111225e-02
3.504483999999999932e-01   1.185801e+00   4.171343e-02
3.551596000000000197e-01   1.170479e+00   4.254348e-02
3.598708999999999936e-01   1.195514e+00   4.307897e-02
3.645822000000000229e-01   1.211918e+00   4.358812e-02
3.692933999999999939e-01   1.155443e+00   4.386086e-02
3.740047000000000232e-01   1.160638e+00   4.413950e-02
3.787158999999999942e-01   1.226019e+00   4.445274e-02
3.834272000000000236e-01   1.198139e+00   4.469036e-02
3.881383999999999945e-01   1.177192e+00   4.494586e-02
3.928497000000000239e-01   1.181157e+00   4.598042e-02
3.975609999999999977e-01   1.192156e+00   4.740776e-02
4.022722000000000242e-01   1.172809e+00   4.833660e-02
4.069834999999999980e-01   1.175256e+00   4.921354e-02
4.116947000000000245e-01   1.275016e+00   5.014338e-02
4.164059999999999984e-01   1.181783e+00   5.077056e-02
4.211172000000000248e-01   1.169624e+00   5.147481e-02
4.258284999999999987e-01   1.205710e+00   5.234742e-02
4.305397000000000252e-01   1.206576e+00   5.311679e-02
4.352509999999999990e-01   1.175117e+00   5.375411e-02
4.399622999999999728e-01   1.102713e+00   5.446286e-02
4.446734999999999993e-01   1.157992e+00   5.562995e-02
4.493847999999999732e-01   1.184174e+00   5.645445e-02
4.540959999999999996e-01   1.220305e+00   5.686908e-02
4.588072999999999735e-01   1.232588e+00   5.498897e-02
4.635185000000000000e-01   1.163975e+00   5.346549e-02
4.682297999999999738e-01   1.149626e+00   5.267224e-02
4.729411000000000032e-01   1.162257e+00   5.212406e-02
4.776522999999999741e-01   1.153868e+00   5.163645e-02
4.823636000000000035e-01   1.151533e+00   5.122799e-02
4.870747999999999744e-01   1.093549e+00   5.078991e-02
4.917861000000000038e-01   1.163540e+00   5.057793e-02
4.964972999999999748e-01   1.105843e+00   5.027219e-02
5.012086000000000041e-01   1.112506e+00   5.011088e-02
5.059198999999999780e-01   1.134104e+00   4.980727e-02
5.106311000000000044e-01   1.137799e+00   4.958802e-02
5.153423999999999783e-01   1.121573e+00   4.932452e-02
5.200536000000000048e-01   1.080168e+00   4.886918e-02
5.247648999999999786e-01   1.163997e+00   4.861442e-02
5.294761000000000051e-01   1.144701e+00   4.823216e-02
5.341873999999999789e-01   1.120088e+00   4.782392e-02
5.388986000000000054e-01   1.102952e+00   4.752887e-02
5.436098999999999792e-01   1.093276e+00   4.724295e-02
5.483211999999999531e-01   1.077860e+00   4.693197e-02
5.530323999999999796e-01   1.191226e+00   4.678231e-02
5.577436999999999534e-01   1.170066e+00   4.643062e-02
5.624548999999999799e-01   1.111784e+00   4.612490e-02
5.671661999999999537e-01   1.123718e+00   4.589343e-02
5.718773999999999802e-01   1.178917e+00   4.586051e-02
5.765886999999999540e-01   1.104845e+00   4.564225e-02
5.813000000000000389e-01   1.195341e+00   4.560519e-02
5.860111999999999544e-01   1.166441e+00   4.543674e-02
5.907225000000000392e-01   1.150823e+00   4.538936e-02
5.954336999999999547e-01   1.129385e+00   4.528239e-02
6.001450000000000395e-01   1.127133e+00   4.508187e-02
6.048561999999999550e-01   1.151145e+00   4.504608e-02
6.095675000000000399e-01   1.148731e+00   4.498816e-02
6.142788000000000137e-01   1.149979e+00   4.480980e-02
6.189900000000000402e-01   1.127470e+00   4.468751e-02
6.237013000000000140e-01   1.144743e+00   4.465089e-02
6.284125000000000405e-01   1.117594e+00   4.456727e-02
6.331238000000000143e-01   1.102138e+00   4.443311e-02
6.378350000000000408e-01   1.159012e+00   4.433700e-02
6.425463000000000147e-01   1.040951e+00   4.406711e-02
6.472575000000000411e-01   1.027755e+00   4.393571e-02
6.519688000000000150e-01   1.090428e+00   4.393495e-02
6.566800999999999888e-01   1.116963e+00   4.389763e-02
6.613913000000000153e-01   1.098625e+00   4.375697e-02
6.661025999999999891e-01   1.120671e+00   4.370451e-02
6.708138000000000156e-01   1.097357e+00   4.359087e-02
6.755250999999999895e-01   1.112934e+00   4.350851e-02
6.802363000000000159e-01   1.097475e+00   4.334121e-02
6.849475999999999898e-01   1.046180e+00   4.318681e-02
6.896588999999999636e-01   1.121921e+00   4.317644e-02
6.943700999999999901e-01   1.171612e+00   4.316672e-02
6.990813999999999639e-01   1.123822e+00   4.301383e-02
7.037925999999999904e-01   1.094969e+00   4.290453e-02
7.085038999999999643e-01   1.081539e+00   4.281671e-02
7.132150999999999907e-01   1.136132e+00   4.274107e-02
7.179263999999999646e-01   1.137146e+00   4.268844e-02
7.226375999999999911e-01   1.095427e+00   4.253144e-02
7.273488999999999649e-01   1.093580e+00   4.246461e-02
7.320602000000000498e-01   1.057163e+00   4.232706e-02
7.367713999999999652e-01   1.083051e+00   4.227705e-02
7.414827000000000501e-01   1.080093e+00   4.218163e-02
7.461938999999999655e-01   1.054382e+00   4.206702e-02
7.509052000000000504e-01   1.142086e+00   4.210280e-02
7.556163999999999659e-01   1.123467e+00   4.192137e-02
7.603277000000000507e-01   1.075044e+00   4.178537e-02
7.650390000000000246e-01   1.066080e+00   4.174243e-02
7.697502000000000510e-01   1.068767e+00   4.165425e-02
7.744615000000000249e-01   1.061649e+00   4.153011e-02
7.791727000000000514e-01   1.119680e+00   4.152295e-02
7.838840000000000252e-01   1.054346e+00   4.142774e-02
7.885952000000000517e-01   1.063339e+00   4.132921e-02
7.933065000000000255e-01   1.028390e+00   4.122288e-02
7.980177999999999994e-01   1.050685e+00   4.115021e-02
8.027290000000000258e-01   1.003814e+00   4.106252e-02
8.074402999999999997e-01   1.040893e+00   4.099299e-02
8.121515000000000262e-01   1.084533e+00   4.090733e-02
8.168628000000000000e-01   1.135991e+00   4.086685e-02
8.215740000000000265e-01   1.112127e+00   4.079025e-02
8.262853000000000003e-01   1.058343e+00   4.067561e-02
8.309965000000000268e-01   1.056432e+00   4.057687e-02
8.357078000000000007e-01   1.071406e+00   4.050873e-02
8.404190999999999745e-01   1.041133e+00   4.035554e-02
8.451303000000000010e-01   1.072367e+00   4.031059e-02
8.498415999999999748e-01   1.021104e+00   4.020133e-02
8.545528000000000013e-01   1.055330e+00   4.016098e-02
8.592640999999999751e-01   1.073251e+00   4.008097e-02
8.639753000000000016e-01   1.094722e+00   4.009307e-02
8.686865999999999755e-01   1.046858e+00   3.994949e-02
8.733978999999999493e-01   1.085693e+00   3.990257e-02
8.781090999999999758e-01   1.146013e+00   3.986914e-02
8.828203999999999496e-01   1.027640e+00   3.972430e-02
8.875315999999999761e-01   1.032656e+00   3.962196e-02
8.922428999999999499e-01   1.054620e+00   3.957754e-02
8.969540999999999764e-01   1.076222e+00   3.951124e-02
9.016653999999999503e-01   1.058279e+00   3.943368e-02
9.063767000000000351e-01   1.057923e+00   3.939302e-02
9.110878999999999506e-01   1.018199e+00   3.923529e-02
9.157992000000000354e-01   1.081302e+00   3.921783e-02
9.205103999999999509e-01   1.000774e+00   3.912358e-02
9.252217000000000358e-01   9.854574e-01   3.900167e-02
9.299328999999999512e-01   1.034759e+00   3.894161e-02
9.346442000000000361e-01   1.041531e+00   3.889693e-02
9.393553999999999515e-01   1.011824e+00   3.881822e-02
9.440667000000000364e-01   1.000348e+00   3.875518e-02
9.487780000000000102e-01   9.962887e-01   3.863176e-02
9.534892000000000367e-01   1.001958e+00   3.857609e-02
9.582005000000000106e-01   9.870775e-01   3.851762e-02
9.629117000000000370e-01   1.017854e+00   3.851183e-02
9.676230000000000109e-01   1.050106e+00   3.848182e-02
9.723342000000000374e-01   1.037691e+00   3.837740e-02
9.770455000000000112e-01   1.016144e+00   3.827927e-02
9.817567999999999850e-01   9.744132e-01   3.818571e-02
9.864680000000000115e-01   9.964575e-01   3.810308e-02
9.911792999999999854e-01   1.014619e+00   3.807787e-02
9.958905000000000118e-01   1.006944e+00   3.794068e-02
1.000601999999999991e+00   1.004014e+00   3.791866e-02
1.005312999999999901e+00   9.528705e-01   3.781299e-02
1.010024000000000033e+00   1.017410e+00   3.782634e-02
1.014736000000000082e+00   1.046637e+00   3.778591e-02
1.019446999999999992e+00   1.033024e+00   3.769844e-02
1.024157999999999902e+00   1.060366e+00   3.764895e-02
1.028869000000000034e+00   1.045171e+00   3.756701e-02
1.033581000000000083e+00   1.019478e+00   3.748453e-02
1.038291999999999993e+00   9.441680e-01   3.741786e-02
1.043002999999999902e+00   9.585260e-01   3.729750e-02
1.047714000000000034e+00   9.673915e-01   3.724812e-02
1.052426000000000084e+00   9.877838e-01   3.723754e-02
1.057136999999999993e+00   1.014468e+00   3.720087e-02
1.061847999999999903e+00   9.903927e-01   3.713683e-02
1.066559000000000035e+00   1.015648e+00   3.706171e-02
1.071271000000000084e+00   1.061236e+00   3.701197e-02
1.075981999999999994e+00   1.039506e+00   3.692878e-02
1.080692999999999904e+00   9.856673e-01   3.686511e-02
1.085404000000000035e+00   9.951053e-01   3.676977e-02
1.090116000000000085e+00   9.975551e-01   3.672783e-02
1.094826999999999995e+00   9.222602e-01   3.663724e-02
1.099537999999999904e+00   9.632289e-01   3.656551e-02
1.104249000000000036e+00   1.009484e+00   3.655750e-02
1.108961000000000086e+00   9.812900e-01   3.650456e-02
1.113671999999999995e+00   9.451135e-01   3.639420e-02
1.118382999999999905e+00   9.108817e-01   3.628665e-02
1.123094000000000037e+00   9.992213e-01   3.625585e-02
1.127806000000000086e+00   9.242417e-01   3.619025e-02
1.132516999999999996e+00   9.498103e-01   3.617754e-02
1.137227999999999906e+00   9.981993e-01   3.613636e-02
1.141939000000000037e+00   9.616447e-01   3.608488e-02
1.146651000000000087e+00   9.371748e-01   3.598056e-02
1.151361999999999997e+00   9.503450e-01   3.596417e-02
1.156072999999999906e+00   8.952639e-01   3.588110e-02
1.160784000000000038e+00   9.103800e-01   3.582297e-02
1.165496000000000087e+00   8.893142e-01   3.574055e-02
1.170206999999999997e+00   9.262795e-01   3.567851e-02
1.174917999999999907e+00   9.360156e-01   3.566883e-02
1.179629999999999956e+00   9.474882e-01   3.557074e-02
1.184341000000000088e+00   8.971637e-01   3.551115e-02
1.189051999999999998e+00   9.037932e-01   3.545783e-02
1.193762999999999908e+00   9.522771e-01   3.549986e-02
1.198474999999999957e+00   9.064065e-01   3.626218e-02
1.203186000000000089e+00   9.245118e-01   3.726480e-02
1.207896999999999998e+00   9.438932e-01   3.787478e-02
1.212607999999999908e+00   9.408296e-01   3.839163e-02
1.217319999999999958e+00   9.092765e-01   3.876687e-02
1.222031000000000089e+00   9.239800e-01   3.920387e-02
1.226741999999999999e+00   8.893149e-01   3.950404e-02
1.231452999999999909e+00   8.809741e-01   3.985126e-02
1.236164999999999958e+00   8.792132e-01   4.010801e-02
1.240876000000000090e+00   9.349172e-01   4.047704e-02
1.245587000000000000e+00   9.047025e-01   4.063294e-02
1.250297999999999909e+00   9.589766e-01   4.083264e-02
1.255009999999999959e+00   9.382725e-01   4.094957e-02
1.259721000000000091e+00   9.363812e-01   4.092804e-02
1.264432000000000000e+00   9.146852e-01   3.948841e-02
1.269142999999999910e+00   9.026902e-01   3.851416e-02
1.273854999999999960e+00   9.138723e-01   3.787517e-02
1.278566000000000091e+00   8.820463e-01   3.733918e-02
1.283277000000000001e+00   9.188025e-01   3.693219e-02
1.287987999999999911e+00   8.979582e-01   3.662433e-02
1.292699999999999960e+00   8.766854e-01   3.628814e-02
1.297411000000000092e+00   8.560439e-01   3.598817e-02
1.302122000000000002e+00   8.254591e-01   3.568785e-02
1.306832999999999911e+00   8.630025e-01   3.552875e-02
1.311544999999999961e+00   8.512702e-01   3.539282e-02
1.316256000000000093e+00   8.636499e-01   3.534653e-02
1.320967000000000002e+00   8.996128e-01   3.527045e-02
1.325677999999999912e+00   8.644152e-01   3.517310e-02
1.330389999999999961e+00   8.645415e-01   3.509427e-02
1.335101000000000093e+00   8.494028e-01   3.502790e-02
1.339812000000000003e+00   8.590125e-01   3.491894e-02
1.344522999999999913e+00   8.917305e-01   3.485903e-02
1.349234999999999962e+00   8.753529e-01   3.475127e-02
1.353946000000000094e+00   8.929026e-01   3.474069e-02
1.358657000000000004e+00   8.253641e-01   3.460397e-02
1.363369000000000053e+00   8.919925e-01   3.458991e-02
1.368079999999999963e+00   8.492287e-01   3.452789e-02
1.372791000000000095e+00   8.186887e-01   3.439151e-02
1.377502000000000004e+00   8.172881e-01   3.433877e-02
1.382214000000000054e+00   7.920701e-01   3.426392e-02
1.386924999999999963e+00   7.655548e-01   3.419971e-02
1.391636000000000095e+00   8.125333e-01   3.417267e-02
1.396347000000000005e+00   8.230963e-01   3.410759e-02
1.401059000000000054e+00   8.383802e-01   3.401820e-02
1.405769999999999964e+00   8.382089e-01   3.399193e-02
1.410481000000000096e+00   8.252509e-01   3.392730e-02
1.415192000000000005e+00   7.991701e-01   3.384652e-02
1.419904000000000055e+00   8.493478e-01   3.382070e-02
1.424614999999999965e+00   8.279757e-01   3.378798e-02
1.429326000000000096e+00   8.232711e-01   3.371653e-02
1.434037000000000006e+00   8.063657e-01   3.364695e-02
1.438749000000000056e+00   8.256447e-01   3.361589e-02
1.443459999999999965e+00   7.803044e-01   3.352778e-02
1.448171000000000097e+00   7.887175e-01   3.346056e-02
1.452882000000000007e+00   8.375025e-01   3.341812e-02
1.457594000000000056e+00   8.100052e-01   3.333824e-02
1.462304999999999966e+00   7.918502e-01   3.329988e-02
1.467016000000000098e+00   8.298118e-01   3.328002e-02
1.471727000000000007e+00   8.365098e-01   3.329402e-02
1.476439000000000057e+00   8.304927e-01   3.320732e-02
1.481149999999999967e+00   8.033293e-01   3.307629e-02
1.485861000000000098e+00   7.737174e-01   3.301851e-02
1.490572000000000008e+00   7.942565e-01   3.305672e-02
1.495284000000000058e+00   7.825647e-01   3.293768e-02
1.499994999999999967e+00   7.903034e-01   3.286209e-02
1.504706000000000099e+00   7.850555e-01   3.286812e-02
1.509417000000000009e+00   7.750625e-01   3.283202e-02
1.514129000000000058e+00   7.571324e-01   3.289816e-02
1.518839999999999968e+00   7.614161e-01   3.383449e-02
1.523551000000000100e+00   7.840063e-01   3.457001e-02
1.528262999999999927e+00   7.655491e-01   3.502173e-02
1.532974000000000059e+00   7.420865e-01   3.541332e-02
1.537684999999999969e+00   7.661513e-01   3.578816e-02
1.542396000000000100e+00   8.181911e-01   3.590164e-02
1.547107999999999928e+00   8.188091e-01   3.500187e-02
1.551819000000000059e+00   7.817158e-01   3.447995e-02
1.556529999999999969e+00   7.649361e-01   3.410004e-02
1.561241000000000101e+00   7.517475e-01   3.374358e-02
1.565952999999999928e+00   7.279578e-01   3.342091e-02
1.570664000000000060e+00   6.957926e-01   3.303107e-02
1.575374999999999970e+00   7.413088e-01   3.270137e-02
1.580086000000000102e+00   7.244004e-01   3.244348e-02
1.584797999999999929e+00   7.093778e-01   3.226568e-02
1.589509000000000061e+00   7.546064e-01   3.224411e-02
1.594219999999999970e+00   7.930956e-01   3.224225e-02
1.598931000000000102e+00   7.577323e-01   3.221178e-02
1.603642999999999930e+00   7.559062e-01   3.226311e-02
1.608354000000000061e+00   7.540620e-01   3.227257e-02
1.613064999999999971e+00   7.501691e-01   3.223290e-02
1.617776000000000103e+00   6.932532e-01   3.212202e-02
1.622487999999999930e+00   6.984796e-01   3.210578e-02
1.627199000000000062e+00   7.044928e-01   3.208124e-02
1.631909999999999972e+00   7.048872e-01   3.201438e-02
1.636621000000000103e+00   7.071831e-01   3.194383e-02
1.641332999999999931e+00   7.176754e-01   3.193654e-02
1.646044000000000063e+00   6.951217e-01   3.184291e-02
1.650754999999999972e+00   6.987767e-01   3.179730e-02
1.655466000000000104e+00   7.131533e-01   3.177989e-02
1.660177999999999932e+00   7.078902e-01   3.172248e-02
1.664889000000000063e+00   7.193305e-01   3.169452e-02
1.669599999999999973e+00   6.725519e-01   3.158907e-02
1.674311000000000105e+00   6.777861e-01   3.154607e-02
1.679022999999999932e+00   7.164654e-01   3.152523e-02
1.683734000000000064e+00   7.418429e-01   3.152031e-02
1.688444999999999974e+00   7.395054e-01   3.145058e-02
1.693156000000000105e+00   7.430217e-01   3.137958e-02
1.697867999999999933e+00   6.920968e-01   3.131869e-02
1.702579000000000065e+00   6.780804e-01   3.125180e-02
1.707289999999999974e+00   7.025875e-01   3.122510e-02
1.712002000000000024e+00   6.718898e-01   3.116618e-02
1.716712999999999933e+00   6.910372e-01   3.112546e-02
1.721424000000000065e+00   6.837934e-01   3.109787e-02
1.726134999999999975e+00   6.550731e-01   3.102119e-02
1.730847000000000024e+00   6.686514e-01   3.096816e-02
1.735557999999999934e+00   6.758948e-01   3.095532e-02
1.740269000000000066e+00   6.578659e-01   3.088982e-02
1.744979999999999976e+00   6.799120e-01   3.088798e-02
1.749692000000000025e+00   6.456323e-01   3.082219e-02
1.754402999999999935e+00   6.530524e-01   3.077437e-02
1.759114000000000066e+00   6.465255e-01   3.077907e-02
1.763824999999999976e+00   6.505007e-01   3.068424e-02
1.768537000000000026e+00   6.444111e-01   3.066218e-02
1.773247999999999935e+00   6.430969e-01   3.061938e-02
1.777959000000000067e+00   6.551407e-01   3.055972e-02
1.782669999999999977e+00   6.708739e-01   3.055610e-02
1.787382000000000026e+00   6.063937e-01   3.048355e-02
1.792092999999999936e+00   6.672150e-01   3.048223e-02
1.796804000000000068e+00   6.025832e-01   3.036057e-02
1.801514999999999977e+00   5.890946e-01   3.034792e-02
1.806227000000000027e+00   6.306804e-01   3.034814e-02
1.810937999999999937e+00   6.230922e-01   3.028797e-02
1.815649000000000068e+00   6.044380e-01   3.021048e-02
1.820359999999999978e+00   6.492626e-01   3.023766e-02
1.825072000000000028e+00   6.451719e-01   3.019389e-02
1.829782999999999937e+00   6.177290e-01   3.012176e-02
1.834494000000000069e+00   6.035995e-01   3.008585e-02
1.839204999999999979e+00   5.933982e-01   3.005881e-02
1.843917000000000028e+00   5.897954e-01   2.998926e-02
1.848627999999999938e+00   5.690536e-01   2.988974e-02
1.853339000000000070e+00   6.164062e-01   2.995094e-02
1.858049999999999979e+00   5.921465e-01   2.990787e-02
1.862762000000000029e+00   5.931143e-01   2.982596e-02
1.867472999999999939e+00   5.748654e-01   2.982637e-02
1.872184000000000070e+00   6.159971e-01   2.980585e-02
1.876894999999999980e+00   6.396993e-01   2.977701e-02
1.881607000000000030e+00   6.598288e-01   2.976582e-02
1.886317999999999939e+00   6.075222e-01   2.971347e-02
1.891029000000000071e+00   5.727326e-01   2.964359e-02
1.895740999999999898e+00   5.179632e-01   2.954120e-02
1.900452000000000030e+00   5.510765e-01   2.951566e-02
1.905162999999999940e+00   5.784546e-01   2.948724e-02
1.909874000000000072e+00   5.883625e-01   2.944248e-02
1.914585999999999899e+00   6.065462e-01   2.943402e-02
1.919297000000000031e+00   6.328905e-01   2.944887e-02
1.924007999999999940e+00   6.103745e-01   2.940725e-02
1.928719000000000072e+00   5.861376e-01   2.935080e-02
1.933430999999999900e+00   5.926230e-01   2.929513e-02
1.938142000000000031e+00   5.691427e-01   2.920399e-02
1.942852999999999941e+00   5.905746e-01   2.914393e-02
1.947564000000000073e+00   5.961847e-01   2.907526e-02
1.952275999999999900e+00   5.660018e-01   2.899094e-02
1.956987000000000032e+00   5.699284e-01   2.893937e-02
1.961697999999999942e+00   5.666775e-01   2.889727e-02
1.966409000000000074e+00   6.294878e-01   2.890462e-02
1.971120999999999901e+00   6.032346e-01   2.888551e-02
1.975832000000000033e+00   5.703724e-01   2.883765e-02
1.980542999999999942e+00   5.972541e-01   2.885965e-02
1.985254000000000074e+00   5.478211e-01   2.882550e-02
1.989965999999999902e+00   5.391190e-01   2.885608e-02
1.994677000000000033e+00   5.482361e-01   2.884853e-02
1.999387999999999943e+00   5.422172e-01   2.887054e-02
2.004099000000000075e+00   5.705900e-01   2.954649e-02
2.008811000000000124e+00   5.328182e-01   3.016572e-02
2.013522000000000034e+00   5.652438e-01   3.062940e-02
2.018232999999999944e+00   5.808984e-01   3.096992e-02
2.022943999999999853e+00   5.397921e-01   3.120148e-02
2.027655999999999903e+00   5.377260e-01   3.149317e-02
2.032366999999999813e+00   5.924871e-01   3.170934e-02
2.037078000000000166e+00   5.360732e-01   3.174780e-02
2.041789000000000076e+00   5.110339e-01   3.183221e-02
2.046501000000000126e+00   5.521433e-01   3.192313e-02
2.051212000000000035e+00   5.116190e-01   3.199906e-02
2.055922999999999945e+00   5.281695e-01   3.210227e-02
2.060633999999999855e+00   5.380282e-01   3.216457e-02
2.065345999999999904e+00   5.127750e-01   3.205670e-02
2.070056999999999814e+00   5.507156e-01   3.118299e-02
2.074768000000000168e+00   5.158673e-01   3.055287e-02
2.079480000000000217e+00   5.398371e-01   3.012940e-02
2.084191000000000127e+00   5.723952e-01   2.984825e-02
2.088902000000000037e+00   5.177675e-01   2.953717e-02
2.093612999999999946e+00   5.104730e-01   2.930795e-02
2.098324999999999996e+00   4.855733e-01   2.918866e-02
2.103035999999999905e+00   4.657031e-01   2.909338e-02
2.107746999999999815e+00   5.210200e-01   2.902237e-02
2.112458000000000169e+00   5.117146e-01   2.897255e-02
2.117170000000000218e+00   5.034211e-01   2.894832e-02
2.121881000000000128e+00   4.629227e-01   2.883309e-02
2.126592000000000038e+00   4.757187e-01   2.879105e-02
2.131302999999999948e+00   5.070175e-01   2.873851e-02
2.136014999999999997e+00   4.912199e-01   2.867755e-02
2.140725999999999907e+00   5.259622e-01   2.864329e-02
2.145436999999999816e+00   4.979091e-01   2.856744e-02
2.150148000000000170e+00   5.008640e-01   2.854268e-02
2.154860000000000220e+00   4.626294e-01   2.846705e-02
2.159571000000000129e+00   5.118821e-01   2.845270e-02
2.164282000000000039e+00   4.959555e-01   2.839734e-02
2.168992999999999949e+00   4.909532e-01   2.834684e-02
2.173704999999999998e+00   5.158889e-01   2.830769e-02
2.178415999999999908e+00   4.947393e-01   2.824171e-02
2.183126999999999818e+00   4.536304e-01   2.819563e-02
2.187838000000000171e+00   4.176656e-01   2.814376e-02
2.192550000000000221e+00   4.939577e-01   2.812127e-02
2.197261000000000131e+00   4.616525e-01   2.806334e-02
2.201972000000000040e+00   4.604932e-01   2.803758e-02
2.206682999999999950e+00   4.767950e-01   2.803024e-02
2.211395000000000000e+00   4.542690e-01   2.799247e-02
2.216105999999999909e+00   4.664078e-01   2.793437e-02
2.220816999999999819e+00   4.586390e-01   2.786775e-02
2.225528000000000173e+00   4.978265e-01   2.788520e-02
2.230239999999999778e+00   4.792032e-01   2.784044e-02
2.234951000000000132e+00   4.671914e-01   2.782150e-02
2.239662000000000042e+00   4.255418e-01   2.773877e-02
2.244372999999999951e+00   4.289795e-01   2.768158e-02
2.249085000000000001e+00   4.504682e-01   2.767593e-02
2.253795999999999911e+00   4.279817e-01   2.763264e-02
2.258506999999999820e+00   4.153942e-01   2.759334e-02
2.263218999999999870e+00   4.806875e-01   2.761017e-02
2.267929999999999779e+00   4.451043e-01   2.751743e-02
2.272641000000000133e+00   4.642232e-01   2.750446e-02
2.277352000000000043e+00   4.410548e-01   2.745256e-02
2.282064000000000092e+00   4.764543e-01   2.743414e-02
2.286775000000000002e+00   4.510639e-01   2.739121e-02
2.291485999999999912e+00   3.932820e-01   2.733381e-02
2.296196999999999822e+00   4.367703e-01   2.735436e-02
2.300908999999999871e+00   4.148586e-01   2.728938e-02
2.305619999999999781e+00   4.433428e-01   2.727851e-02
2.310331000000000135e+00   3.913919e-01   2.720716e-02
2.315042000000000044e+00   4.069139e-01   2.718004e-02
2.319754000000000094e+00   4.014203e-01   2.715075e-02
2.324465000000000003e+00   4.517085e-01   2.714893e-02
2.329175999999999913e+00   4.468456e-01   2.712468e-02
2.333886999999999823e+00   4.471292e-01   2.706954e-02
2.338598999999999872e+00   4.033302e-01   2.700830e-02
2.343309999999999782e+00   3.935321e-01   2.700569e-02
2.348021000000000136e+00   4.385817e-01   2.698787e-02
2.352732000000000046e+00   4.065653e-01   2.693342e-02
2.357444000000000095e+00   4.069743e-01   2.690766e-02
2.362155000000000005e+00   4.193319e-01   2.685943e-02
2.366865999999999914e+00   4.366578e-01   2.687033e-02
2.371576999999999824e+00   4.196643e-01   2.684263e-02
2.376288999999999874e+00   4.200817e-01   2.681500e-02
2.380999999999999783e+00   3.887158e-01   2.675641e-02
2.385711000000000137e+00   4.353972e-01   2.674317e-02
2.390422000000000047e+00   3.956686e-01   2.667377e-02
2.395134000000000096e+00   4.061576e-01   2.666404e-02
2.399845000000000006e+00   4.280432e-01   2.667671e-02
2.404555999999999916e+00   3.866325e-01   2.662894e-02
2.409266999999999825e+00   3.589030e-01   2.656067e-02
2.413978999999999875e+00   4.035413e-01   2.658446e-02
2.418689999999999785e+00   3.940406e-01   2.653755e-02
2.423401000000000138e+00   3.836982e-01   2.649776e-02
2.428112000000000048e+00   3.561613e-01   2.644742e-02
2.432824000000000098e+00   3.814903e-01   2.645548e-02
2.437535000000000007e+00   3.913985e-01   2.643311e-02
2.442245999999999917e+00   3.604118e-01   2.638112e-02
2.446957999999999966e+00   4.053896e-01   2.637393e-02
2.451668999999999876e+00   3.693145e-01   2.633505e-02
2.456379999999999786e+00   4.396106e-01   2.632245e-02
2.461091000000000140e+00   4.172909e-01   2.628685e-02
2.465803000000000189e+00   3.429691e-01   2.620707e-02
2.470514000000000099e+00   3.392308e-01   2.617462e-02
2.475225000000000009e+00   3.420343e-01   2.615042e-02
2.479935999999999918e+00   3.711692e-01   2.616670e-02
2.484647999999999968e+00   3.437970e-01   2.614516e-02
2.489358999999999877e+00   3.937441e-01   2.613553e-02
2.494069999999999787e+00   3.990322e-01   2.610413e-02
2.498781000000000141e+00   3.834176e-01   2.605184e-02
2.503493000000000190e+00   3.718629e-01   2.601207e-02
2.508204000000000100e+00   3.519919e-01   2.598677e-02
2.512915000000000010e+00   3.558664e-01   2.595612e-02
2.517625999999999920e+00   3.939861e-01   2.591991e-02
2.522337999999999969e+00   3.473394e-01   2.584926e-02
2.527048999999999879e+00   3.605522e-01   2.579574e-02
2.531759999999999788e+00   3.506075e-01   2.576848e-02
2.536471000000000142e+00   3.771620e-01   2.575312e-02
2.541183000000000192e+00   3.472564e-01   2.570629e-02
2.545894000000000101e+00   3.533736e-01   2.568756e-02
2.550605000000000011e+00   3.697602e-01   2.566433e-02
2.555315999999999921e+00   3.602722e-01   2.563721e-02
2.560027999999999970e+00   3.600773e-01   2.562461e-02
2.564738999999999880e+00   3.289199e-01   2.558138e-02
2.569449999999999790e+00   3.636028e-01   2.558057e-02
2.574161000000000143e+00   3.779676e-01   2.563521e-02
2.578873000000000193e+00   3.716255e-01   2.560199e-02
2.583584000000000103e+00   3.629848e-01   2.560809e-02
2.588295000000000012e+00   3.349014e-01   2.554089e-02
2.593005999999999922e+00   3.524839e-01   2.552030e-02
2.597717999999999972e+00   3.851536e-01   2.551425e-02
2.602428999999999881e+00   3.746268e-01   2.553483e-02
2.607139999999999791e+00   3.858737e-01   2.550884e-02
2.611851000000000145e+00   3.534517e-01   2.545318e-02
2.616563000000000194e+00   3.347128e-01   2.542677e-02
2.621274000000000104e+00   3.622087e-01   2.542384e-02
2.625985000000000014e+00   3.742323e-01   2.542019e-02
2.630697000000000063e+00   3.297839e-01   2.534414e-02
2.635407999999999973e+00   3.432574e-01   2.533639e-02
2.640118999999999883e+00   3.556628e-01   2.534178e-02
2.644829999999999792e+00   3.400556e-01   2.528797e-02
2.649541999999999842e+00   3.308649e-01   2.524859e-02
2.654253000000000196e+00   3.071593e-01   2.520159e-02
2.658964000000000105e+00   3.383139e-01   2.520669e-02
2.663675000000000015e+00   3.319351e-01   2.518476e-02
2.668387000000000064e+00   3.368437e-01   2.516034e-02
2.673097999999999974e+00   3.297263e-01   2.512675e-02
2.677808999999999884e+00   3.269228e-01   2.510829e-02
2.682519999999999794e+00   3.050426e-01   2.506779e-02
2.687231999999999843e+00   3.167895e-01   2.504320e-02
2.691943000000000197e+00   3.332389e-01   2.503813e-02
2.696654000000000106e+00   3.045892e-01   2.502664e-02
2.701365000000000016e+00   3.623511e-01   2.505470e-02
2.706077000000000066e+00   3.594039e-01   2.501297e-02
2.710787999999999975e+00   2.825342e-01   2.492039e-02
2.715498999999999885e+00   3.078040e-01   2.491368e-02
2.720209999999999795e+00   3.190769e-01   2.487026e-02
2.724921999999999844e+00   2.820637e-01   2.483400e-02
2.729633000000000198e+00   2.880298e-01   2.484363e-02
2.734344000000000108e+00   3.194697e-01   2.484422e-02
2.739055000000000017e+00   3.211304e-01   2.484031e-02
2.743767000000000067e+00   3.270611e-01   2.479711e-02
2.748477999999999977e+00   3.217360e-01   2.476927e-02
2.753188999999999886e+00   3.160514e-01   2.474526e-02
2.757899999999999796e+00   3.222194e-01   2.474446e-02
2.762611999999999846e+00   2.883294e-01   2.467888e-02
2.767323000000000199e+00   2.960724e-01   2.467051e-02
2.772034000000000109e+00   3.101167e-01   2.463920e-02
2.776745000000000019e+00   3.299443e-01   2.462424e-02
2.781457000000000068e+00   3.200880e-01   2.460677e-02
2.786167999999999978e+00   3.226798e-01   2.460142e-02
2.790878999999999888e+00   3.216523e-01   2.457088e-02
2.795589999999999797e+00   2.901182e-01   2.452841e-02
2.800301999999999847e+00   3.218060e-01   2.455471e-02
2.805013000000000201e+00   3.357315e-01   2.467680e-02
2.809724000000000110e+00   2.746675e-01   2.524218e-02
2.814436000000000160e+00   2.879851e-01   2.564964e-02
2.819147000000000070e+00   2.921137e-01   2.596414e-02
2.823857999999999979e+00   2.703780e-01   2.616619e-02
2.828568999999999889e+00   3.070140e-01   2.634425e-02
2.833280999999999938e+00   3.334421e-01   2.643198e-02
2.837991999999999848e+00   3.149205e-01   2.651091e-02
2.842703000000000202e+00   2.813611e-01   2.656376e-02
2.847414000000000112e+00   2.984318e-01   2.666215e-02
2.852126000000000161e+00   3.100984e-01   2.672324e-02
2.856837000000000071e+00   3.489957e-01   2.679564e-02
2.861547999999999981e+00   2.966788e-01   2.680627e-02
2.866258999999999890e+00   2.727125e-01   2.687379e-02
2.870970999999999940e+00   3.075375e-01   2.666539e-02
2.875681999999999849e+00   3.276488e-01   2.601193e-02
2.880393000000000203e+00   3.051132e-01   2.561055e-02
2.885104000000000113e+00   2.456571e-01   2.530687e-02
2.889816000000000162e+00   2.997768e-01   2.511498e-02
2.894527000000000072e+00   3.342814e-01   2.501623e-02
2.899237999999999982e+00   3.078592e-01   2.493477e-02
2.903948999999999891e+00   2.717057e-01   2.486258e-02
2.908660999999999941e+00   2.733037e-01   2.481356e-02
2.913371999999999851e+00   3.046739e-01   2.477790e-02
2.918083000000000204e+00   2.708875e-01   2.472150e-02
2.922794000000000114e+00   2.641228e-01   2.467090e-02
2.927506000000000164e+00   2.305964e-01   2.458563e-02
2.932217000000000073e+00   2.389169e-01   2.455183e-02
2.936927999999999983e+00   2.820841e-01   2.456141e-02
2.941638999999999893e+00   2.847235e-01   2.450041e-02
2.946350999999999942e+00   2.923267e-01   2.447852e-02
2.951061999999999852e+00   2.976612e-01   2.446183e-02
2.955773000000000206e+00   2.639828e-01   2.440276e-02
2.960484000000000115e+00   2.470496e-01   2.436305e-02
2.965196000000000165e+00   2.763654e-01   2.435514e-02
2.969907000000000075e+00   2.893366e-01   2.432779e-02
2.974617999999999984e+00   2.606262e-01   2.428911e-02
2.979328999999999894e+00   2.419394e-01   2.422597e-02
2.984040999999999944e+00   2.110861e-01   2.418451e-02
2.988751999999999853e+00   2.539855e-01   2.419567e-02
2.993463000000000207e+00   2.637432e-01   2.416558e-02
2.998174999999999812e+00   2.780361e-01   2.416127e-02
3.002886000000000166e+00   2.537746e-01   2.412101e-02
3.007597000000000076e+00   2.661651e-01   2.407606e-02
3.012307999999999986e+00   2.525231e-01   2.407508e-02
3.017020000000000035e+00   2.948424e-01   2.405584e-02
3.021730999999999945e+00   2.789995e-01   2.403446e-02
3.026441999999999855e+00   2.806150e-01   2.399581e-02
3.031153000000000208e+00   2.680972e-01   2.395724e-02
3.035864999999999814e+00   2.677556e-01   2.395507e-02
3.040576000000000167e+00   2.564263e-01   2.389532e-02
3.045287000000000077e+00   2.506685e-01   2.386026e-02
3.049997999999999987e+00   2.701100e-01   2.386137e-02
3.054710000000000036e+00   2.641395e-01   2.382537e-02
3.059420999999999946e+00   2.805523e-01   2.381095e-02
3.064131999999999856e+00   2.465132e-01   2.377154e-02
3.068843000000000210e+00   2.547582e-01   2.378190e-02
3.073554999999999815e+00   2.435690e-01   2.375614e-02
3.078266000000000169e+00   2.481115e-01   2.372593e-02
3.082977000000000078e+00   2.519370e-01   2.371162e-02
3.087687999999999988e+00   2.313011e-01   2.367701e-02
3.092400000000000038e+00   2.445827e-01   2.367444e-02
3.097110999999999947e+00   2.247467e-01   2.360237e-02
3.101821999999999857e+00   2.356890e-01   2.360294e-02
3.106533000000000211e+00   2.618619e-01   2.359631e-02
3.111244999999999816e+00   2.714764e-01   2.357817e-02
3.115956000000000170e+00   2.483937e-01   2.352099e-02
3.120667000000000080e+00   2.295617e-01   2.350627e-02
3.125377999999999989e+00   2.553318e-01   2.350661e-02
3.130090000000000039e+00   2.503882e-01   2.348702e-02
3.134800999999999949e+00   2.732046e-01   2.346391e-02
3.139511999999999858e+00   2.809755e-01   2.345040e-02
3.144223000000000212e+00   2.402446e-01   2.341143e-02
3.148934999999999818e+00   2.440763e-01   2.338102e-02
3.153646000000000171e+00   2.602954e-01   2.338751e-02
3.158357000000000081e+00   2.409690e-01   2.335511e-02
3.163067999999999991e+00   2.410485e-01   2.333312e-02
3.167780000000000040e+00   2.164576e-01   2.329699e-02
3.172490999999999950e+00   2.399481e-01   2.326544e-02
3.177201999999999860e+00   2.503396e-01   2.328595e-02
3.181913999999999909e+00   2.245521e-01   2.326665e-02
3.186624999999999819e+00   2.410747e-01   2.322549e-02
3.191336000000000173e+00   2.032836e-01   2.316423e-02
3.196047000000000082e+00   2.297334e-01   2.313934e-02
3.200759000000000132e+00   2.585500e-01   2.312191e-02
3.205470000000000041e+00   2.304596e-01   2.307527e-02
3.210180999999999951e+00   2.330099e-01   2.305520e-02
3.214891999999999861e+00   2.306897e-01   2.305386e-02
3.219603999999999910e+00   2.188477e-01   2.303753e-02
3.224314999999999820e+00   2.178799e-01   2.300926e-02
3.229026000000000174e+00   2.095737e-01   2.297538e-02
3.233737000000000084e+00   2.317700e-01   2.296449e-02
3.238449000000000133e+00   2.251616e-01   2.296318e-02
3.243160000000000043e+00   2.428142e-01   2.294470e-02
3.247870999999999952e+00   2.374182e-01   2.293865e-02
3.252581999999999862e+00   2.290068e-01   2.293534e-02
3.257293999999999912e+00   2.015698e-01   2.290581e-02
3.262004999999999821e+00   2.125311e-01   2.290533e-02
3.266716000000000175e+00   2.394011e-01   2.291636e-02
3.271427000000000085e+00   2.698998e-01   2.291878e-02
3.276139000000000134e+00   2.328293e-01   2.288210e-02
3.280850000000000044e+00   1.852653e-01   2.281546e-02
3.285560999999999954e+00   2.103629e-01   2.281528e-02
3.290271999999999863e+00   2.647069e-01   2.282536e-02
3.294983999999999913e+00   2.418253e-01   2.279196e-02
3.299694999999999823e+00   2.396932e-01   2.279121e-02
3.304406000000000176e+00   2.521932e-01   2.277478e-02
3.309117000000000086e+00   2.403777e-01   2.274584e-02
3.313829000000000136e+00   2.344123e-01   2.272593e-02
3.318540000000000045e+00   2.048361e-01   2.270670e-02
3.323250999999999955e+00   2.103997e-01   2.265550e-02
3.327961999999999865e+00   2.388906e-01   2.268158e-02
3.332673999999999914e+00   2.023825e-01   2.265198e-02
3.337384999999999824e+00   2.119439e-01   2.262136e-02
3.342096000000000178e+00   2.213606e-01   2.261237e-02
3.346807000000000087e+00   2.428684e-01   2.259046e-02
3.351519000000000137e+00   2.282112e-01   2.257951e-02
3.356230000000000047e+00   1.986027e-01   2.253405e-02
3.360940999999999956e+00   1.975167e-01   2.251471e-02
3.365653000000000006e+00   2.409436e-01   2.253764e-02
3.370363999999999916e+00   2.373280e-01   2.252090e-02
3.375074999999999825e+00   2.259745e-01   2.249879e-02
3.379786000000000179e+00   1.941703e-01   2.245836e-02
3.384497999999999784e+00   2.002705e-01   2.244754e-02
3.389209000000000138e+00   2.034557e-01   2.259068e-02
3.393920000000000048e+00   1.967860e-01   2.309385e-02
3.398630999999999958e+00   2.269703e-01   2.343934e-02
3.403343000000000007e+00   2.539238e-01   2.370252e-02
3.408053999999999917e+00   1.911454e-01   2.385184e-02
3.412764999999999826e+00   1.902143e-01   2.390995e-02
3.417476000000000180e+00   2.173719e-01   2.392404e-02
3.422187999999999786e+00   2.014379e-01   2.394037e-02
3.426899000000000139e+00   2.211034e-01   2.401466e-02
3.431610000000000049e+00   2.094246e-01   2.405409e-02
3.436320999999999959e+00   2.156654e-01   2.410019e-02
3.441033000000000008e+00   1.960125e-01   2.413180e-02
3.445743999999999918e+00   1.992854e-01   2.418890e-02
3.450454999999999828e+00   2.050061e-01   2.423988e-02
3.455166000000000182e+00   1.981254e-01   2.428161e-02
3.459877999999999787e+00   1.798070e-01   2.430643e-02
3.464589000000000141e+00   2.071414e-01   2.434193e-02
3.469300000000000050e+00   1.768517e-01   2.439366e-02
3.474010999999999960e+00   2.151301e-01   2.443323e-02
3.478723000000000010e+00   2.267232e-01   2.449486e-02
3.483433999999999919e+00   2.106221e-01   2.449532e-02
3.488144999999999829e+00   1.861638e-01   2.451755e-02
3.492856000000000183e+00   1.524456e-01   2.453367e-02
3.497567999999999788e+00   1.607000e-01   2.456956e-02
3.502279000000000142e+00   1.758327e-01   2.461440e-02
3.506990000000000052e+00   1.970789e-01   2.463966e-02
3.511700999999999961e+00   2.231351e-01   2.467448e-02
3.516413000000000011e+00   2.246497e-01   2.470675e-02
3.521123999999999921e+00   2.326954e-01   2.475750e-02
3.525834999999999830e+00   2.134001e-01   2.475903e-02
3.530546000000000184e+00   2.189594e-01   2.478778e-02
3.535257999999999790e+00   1.737833e-01   2.478987e-02
3.539969000000000143e+00   1.961377e-01   2.482747e-02
3.544680000000000053e+00   1.829274e-01   2.484045e-02
3.549392000000000102e+00   1.836680e-01   2.486444e-02
3.554103000000000012e+00   2.051925e-01   2.489834e-02
3.558813999999999922e+00   2.122538e-01   2.494388e-02
3.563524999999999832e+00   1.991741e-01   2.494203e-02
3.568236999999999881e+00   2.304897e-01   2.500350e-02
3.572947999999999791e+00   1.784925e-01   2.499474e-02
3.577659000000000145e+00   1.496712e-01   2.499566e-02
3.582370000000000054e+00   1.484793e-01   2.499946e-02
3.587082000000000104e+00   2.062654e-01   2.505395e-02
3.591793000000000013e+00   2.213047e-01   2.506746e-02
3.596503999999999923e+00   1.841682e-01   2.506323e-02
3.601214999999999833e+00   2.066026e-01   2.502580e-02
3.605926999999999882e+00   2.157555e-01   2.510712e-02
3.610637999999999792e+00   1.960369e-01   2.554695e-02
3.615349000000000146e+00   1.817189e-01   2.631824e-02
3.620060000000000056e+00   2.177978e-01   2.676651e-02
3.624772000000000105e+00   2.204854e-01   2.708326e-02
3.629483000000000015e+00   1.755420e-01   2.724559e-02
3.634193999999999924e+00   1.763882e-01   2.741070e-02
3.638904999999999834e+00   2.042426e-01   2.762818e-02
3.643616999999999884e+00   1.583911e-01   2.777437e-02
3.648327999999999793e+00   1.464128e-01   2.792581e-02
3.653039000000000147e+00   1.765997e-01   2.807736e-02
3.657750000000000057e+00   1.902821e-01   2.822282e-02
3.662462000000000106e+00   2.157438e-01   2.835120e-02
3.667173000000000016e+00   1.849634e-01   2.850311e-02
3.671883999999999926e+00   2.008093e-01   2.859838e-02
3.676594999999999835e+00   1.909865e-01   2.872237e-02
3.681306999999999885e+00   1.614036e-01   2.885197e-02
3.686017999999999795e+00   1.474625e-01   2.898532e-02
3.690729000000000148e+00   1.654657e-01   2.911461e-02
3.695440000000000058e+00   2.054882e-01   2.925240e-02
3.700152000000000108e+00   2.296708e-01   2.939600e-02
3.704863000000000017e+00   2.003576e-01   2.950505e-02
3.709573999999999927e+00   1.834433e-01   2.961167e-02
3.714284999999999837e+00   1.657261e-01   2.973520e-02
3.718996999999999886e+00   1.498487e-01   2.981832e-02
3.723707999999999796e+00   1.582021e-01   2.990494e-02
3.728419000000000150e+00   2.304864e-01   3.010358e-02
3.733131000000000199e+00   1.778443e-01   3.015215e-02
3.737842000000000109e+00   2.022814e-01   3.028369e-02
3.742553000000000019e+00   1.755258e-01   3.041947e-02
3.747263999999999928e+00   2.161611e-01   3.055276e-02
3.751975999999999978e+00   2.461252e-01   3.066259e-02
3.756686999999999887e+00   1.842661e-01   3.073953e-02
3.761397999999999797e+00   1.823678e-01   3.084592e-02
3.766109000000000151e+00   1.718689e-01   3.096857e-02
3.770821000000000200e+00   1.629633e-01   3.108654e-02
3.775532000000000110e+00   1.882904e-01   3.121188e-02
3.780243000000000020e+00   1.910764e-01   3.129627e-02
3.784953999999999930e+00   1.529151e-01   3.135073e-02
3.789665999999999979e+00   1.539053e-01   3.149127e-02
3.794376999999999889e+00   1.884705e-01   3.162943e-02
3.799087999999999798e+00   1.660294e-01   3.174142e-02
3.803799000000000152e+00   1.572117e-01   3.190384e-02
3.808511000000000202e+00   1.992134e-01   3.201087e-02
3.813222000000000111e+00   2.285754e-01   3.213157e-02
3.817933000000000021e+00   1.729920e-01   3.221075e-02
3.822643999999999931e+00   2.081160e-01   3.233762e-02
3.827355999999999980e+00   1.752418e-01   3.241060e-02
3.832066999999999890e+00   1.933261e-01   3.253901e-02
3.836777999999999800e+00   1.531951e-01   3.260243e-02
3.841489000000000154e+00   1.506254e-01   3.276736e-02
3.846201000000000203e+00   1.737013e-01   3.286004e-02
3.850912000000000113e+00   1.217740e-01   3.293168e-02
3.855623000000000022e+00   1.374739e-01   3.306644e-02
3.860333999999999932e+00   1.197882e-01   3.316779e-02
3.865045999999999982e+00   1.650332e-01   3.332818e-02
3.869756999999999891e+00   1.461362e-01   3.341553e-02
3.874467999999999801e+00   1.617732e-01   3.350988e-02
3.879179000000000155e+00   2.177602e-01   3.369201e-02
3.883891000000000204e+00   1.779437e-01   3.379595e-02
3.888602000000000114e+00   1.271253e-01   3.389857e-02
3.893313000000000024e+00   1.550034e-01   3.400712e-02
3.898023999999999933e+00   1.612109e-01   3.413372e-02
3.902735999999999983e+00   1.625901e-01   3.426888e-02
3.907446999999999893e+00   1.162363e-01   3.430006e-02
3.912157999999999802e+00   1.495944e-01   3.445728e-02
3.916869999999999852e+00   1.307222e-01   3.452811e-02
3.921581000000000206e+00   1.424793e-01   3.451286e-02
3.926292000000000115e+00   1.451547e-01   3.457316e-02
3.931003000000000025e+00   1.237078e-01   3.470816e-02
3.935715000000000074e+00   1.586587e-01   3.479921e-02
3.940425999999999984e+00   1.841336e-01   3.486600e-02
3.945136999999999894e+00   1.442269e-01   3.486236e-02
3.949847999999999804e+00   1.314924e-01   3.489685e-02
3.954559999999999853e+00   8.520588e-02   3.491230e-02
3.959271000000000207e+00   1.212786e-01   3.496206e-02
3.963982000000000117e+00   1.136236e-01   3.498992e-02
3.968693000000000026e+00   1.522644e-01   3.506057e-02
3.973405000000000076e+00   2.143247e-01   3.522455e-02
3.978115999999999985e+00   9.578482e-02   3.524918e-02
3.982826999999999895e+00   1.247586e-01   3.538110e-02
3.987537999999999805e+00   1.453057e-01   3.554749e-02
3.992249999999999854e+00   1.393037e-01   3.564688e-02
3.996961000000000208e+00   1.825311e-01   3.578020e-02
4.001672000000000118e+00   1.364610e-01   3.584284e-02
4.006382999999999583e+00   1.217173e-01   3.596023e-02
4.011095000000000077e+00   1.206180e-01   3.609617e-02
4.015806000000000431e+00   1.814033e-01   3.626749e-02
4.020516999999999896e+00   1.736701e-01   3.638833e-02
4.025228000000000250e+00   1.327301e-01   3.647510e-02
4.029939999999999856e+00   1.096161e-01   3.662110e-02
4.034651000000000209e+00   1.306199e-01   3.672629e-02
4.039361999999999675e+00   1.494539e-01   3.687330e-02
4.044073000000000029e+00   1.776098e-01   3.703575e-02
4.048784999999999634e+00   1.619858e-01   3.710250e-02
4.053495999999999988e+00   1.591535e-01   3.726145e-02
4.058207000000000342e+00   1.153338e-01   3.735063e-02
4.062917999999999807e+00   1.302331e-01   3.748069e-02
4.067630000000000301e+00   1.229999e-01   3.760249e-02
4.072340999999999767e+00   1.649254e-01   3.772065e-02
4.077052000000000120e+00   1.419596e-01   3.788161e-02
4.081762999999999586e+00   1.799297e-01   3.811173e-02
4.086475000000000080e+00   1.366773e-01   3.820572e-02
4.091186000000000433e+00   1.795245e-01   3.841434e-02
4.095896999999999899e+00   1.431125e-01   3.842990e-02
4.100609000000000393e+00   1.255968e-01   3.852882e-02
4.105319999999999858e+00   1.304629e-01   3.870493e-02
4.110031000000000212e+00   1.115975e-01   3.882737e-02
4.114741999999999678e+00   1.173877e-01   3.897622e-02
4.119454000000000171e+00   7.915658e-02   3.904372e-02
4.124164999999999637e+00   8.012447e-02   3.920087e-02
4.128875999999999991e+00   1.542422e-01   3.934044e-02
4.133587000000000344e+00   1.842939e-01   3.954370e-02
4.138298999999999950e+00   1.722684e-01   3.976427e-02
4.143010000000000304e+00   1.646077e-01   3.991792e-02
4.147720999999999769e+00   1.827408e-01   4.005442e-02
4.152432000000000123e+00   1.227902e-01   4.014749e-02
4.157143999999999728e+00   1.255832e-01   4.029708e-02
4.161855000000000082e+00   1.030159e-01   4.039292e-02
4.166566000000000436e+00   1.262423e-01   4.059903e-02
4.171276999999999902e+00   1.229715e-01   4.073220e-02
4.175989000000000395e+00   1.469970e-01   4.091460e-02
4.180699999999999861e+00   1.576854e-01   4.111082e-02
4.185411000000000215e+00   1.622323e-01   4.122437e-02
4.190121999999999680e+00   1.700299e-01   4.142878e-02
4.194834000000000174e+00   1.519363e-01   4.151550e-02
4.199544999999999639e+00   1.318243e-01   4.167075e-02
4.204255999999999993e+00   1.658089e-01   4.192042e-02
4.208967000000000347e+00   1.322659e-01   4.197050e-02
4.213678999999999952e+00   1.342494e-01   4.209882e-02
4.218390000000000306e+00   1.086883e-01   4.229989e-02
4.223100999999999772e+00   8.425307e-02   4.247295e-02
4.227812000000000126e+00   1.443491e-01   4.267764e-02
4.232523999999999731e+00   1.290884e-01   4.287253e-02
4.237235000000000085e+00   1.168048e-01   4.304298e-02
4.241946000000000438e+00   1.690611e-01   4.320837e-02
4.246656999999999904e+00   1.563314e-01   4.334504e-02
4.251369000000000398e+00   1.372860e-01   4.350212e-02
4.256079999999999863e+00   1.343663e-01   4.370376e-02
4.260791000000000217e+00   1.366919e-01   4.391944e-02
4.265501999999999683e+00   9.558175e-02   4.407526e-02
4.270214000000000176e+00   1.390500e-01   4.428643e-02
4.274924999999999642e+00   2.169513e-01   4.445113e-02
4.279635999999999996e+00   1.614478e-01   4.458628e-02
4.284347999999999601e+00   1.288293e-01   4.488054e-02
4.289058999999999955e+00   1.202378e-01   4.508269e-02
4.293770000000000309e+00   1.748904e-01   4.527537e-02
4.298480999999999774e+00   1.459661e-01   4.544921e-02
4.303193000000000268e+00   1.521936e-01   4.565148e-02
4.307903999999999733e+00   1.554095e-01   4.584940e-02
4.312615000000000087e+00   1.125682e-01   4.601538e-02
4.317326000000000441e+00   1.400112e-01   4.626629e-02
4.322038000000000046e+00   7.805640e-02   4.644415e-02
4.326749000000000400e+00   7.736553e-02   4.657152e-02
4.331459999999999866e+00   1.170625e-01   4.681098e-02
4.336171000000000220e+00   5.333096e-02   4.699348e-02
4.340882999999999825e+00   6.372868e-02   4.721591e-02
4.345594000000000179e+00   6.434000e-02   4.739870e-02
4.350304999999999644e+00   1.209576e-01   4.766349e-02
4.355015999999999998e+00   1.788279e-01   4.798402e-02
4.359727999999999604e+00   1.533448e-01   4.817229e-02
4.364438999999999957e+00   1.517133e-01   4.842013e-02
4.369150000000000311e+00   1.520125e-01   4.863475e-02
4.373860999999999777e+00   1.585789e-01   4.884098e-02
4.378573000000000270e+00   1.875600e-01   4.923227e-02
4.383283999999999736e+00   9.502035e-02   4.933388e-02
4.387995000000000090e+00   9.461754e-02   4.960923e-02
4.392706000000000444e+00   1.282293e-01   4.983207e-02
4.397418000000000049e+00   5.821772e-02   4.983465e-02
4.402129000000000403e+00   9.131746e-02   4.983067e-02
4.406839999999999868e+00   1.211964e-01   5.003035e-02
4.411551000000000222e+00   5.744263e-02   5.001860e-02
4.416262999999999828e+00   9.823333e-02   5.015721e-02
4.420974000000000181e+00   1.217865e-01   5.014147e-02
4.425684999999999647e+00   1.259463e-01   5.023120e-02
4.430396000000000001e+00   1.178313e-01   5.026471e-02
4.435107999999999606e+00   3.991904e-02   5.025874e-02
4.439818999999999960e+00   1.351165e-01   5.040891e-02
4.444530000000000314e+00   1.877861e-01   5.072036e-02
4.449240999999999779e+00   1.310454e-01   5.093559e-02
4.453953000000000273e+00   1.312248e-01   5.123566e-02
4.458663999999999739e+00   1.724225e-01   5.153350e-02
4.463375000000000092e+00   6.942754e-02   5.164433e-02
4.468086999999999698e+00   1.112973e-01   5.193298e-02
4.472798000000000052e+00   1.239045e-01   5.223408e-02
4.477509000000000405e+00   1.736928e-01   5.259411e-02
4.482219999999999871e+00   9.404202e-02   5.279819e-02
4.486932000000000365e+00   1.320859e-01   5.314791e-02
4.491642999999999830e+00   1.550363e-01   5.343688e-02
4.496354000000000184e+00   9.502263e-02   5.367955e-02
4.501064999999999650e+00   1.331575e-01   5.403162e-02
4.505777000000000143e+00   1.228916e-01   5.433608e-02
4.510487999999999609e+00   9.489930e-02   5.451523e-02
4.515198999999999963e+00   1.111968e-01   5.484453e-02
4.519910000000000316e+00   1.037214e-01   5.522127e-02
4.524621999999999922e+00   1.244375e-01   5.554853e-02
4.529333000000000276e+00   1.688140e-01   5.592993e-02
4.534043999999999741e+00   1.340927e-01   5.624675e-02
4.538755000000000095e+00   9.471202e-02   5.658623e-02
4.543466999999999700e+00   1.062517e-01   5.705830e-02
4.548178000000000054e+00   1.049110e-01   5.739160e-02
4.552889000000000408e+00   8.170728e-02   5.770035e-02
4.557599999999999874e+00   1.425675e-01   5.806259e-02
4.562312000000000367e+00   1.529366e-01   5.840598e-02
4.567022999999999833e+00   9.285386e-02   5.872336e-02
4.571734000000000187e+00   5.787026e-02   5.905894e-02
4.576444999999999652e+00   1.664122e-01   5.958217e-02
4.581157000000000146e+00   8.230825e-02   5.997956e-02
4.585867999999999611e+00   9.106386e-02   6.039383e-02
4.590578999999999965e+00   1.244334e-01   6.090149e-02
4.595290000000000319e+00   6.260816e-02   6.108504e-02
4.600001999999999924e+00   7.463728e-02   6.162260e-02
4.604713000000000278e+00   8.470333e-02   6.214918e-02
4.609423999999999744e+00   1.244320e-01   6.259282e-02
4.614135000000000097e+00   1.251161e-01   6.295586e-02
4.618846999999999703e+00   7.397368e-02   6.331055e-02
4.623558000000000057e+00   1.156895e-01   6.401564e-02
4.628269000000000410e+00   1.116275e-01   6.461752e-02
4.632979999999999876e+00   1.769407e-01   6.517369e-02
4.637692000000000370e+00   1.077226e-01   6.549868e-02
4.642402999999999835e+00   5.400000e-02   6.598631e-02
4.647114000000000189e+00   5.239219e-02   6.654310e-02
4.651825999999999794e+00  -2.813246e-03   6.687391e-02
4.656537000000000148e+00   9.203781e-02   6.747977e-02
4.661247999999999614e+00   1.343880e-01   6.817943e-02
4.665958999999999968e+00   1.446527e-01   6.889774e-02
4.670670999999999573e+00   1.004832e-01   6.942650e-02
4.675381999999999927e+00   6.730184e-02   7.009757e-02
4.680093000000000281e+00   1.947092e-01   7.095891e-02
4.684803999999999746e+00   1.735439e-01   7.154130e-02
4.689516000000000240e+00   1.170249e-01   7.209279e-02
4.694226999999999705e+00   1.321345e-01   7.278582e-02
4.698938000000000059e+00   4.491675e-02   7.351163e-02
4.703649000000000413e+00   1.297226e-01   7.434523e-02
4.708361000000000018e+00   1.293704e-01   7.489766e-02
4.713072000000000372e+00   1.112192e-01   7.592714e-02
4.717782999999999838e+00   9.991833e-02   7.649047e-02
4.722494000000000192e+00   2.186052e-01   7.740778e-02
4.727205999999999797e+00   2.537147e-01   7.862806e-02
4.731917000000000151e+00   1.922659e-01   7.939674e-02
4.736627999999999616e+00   1.522748e-01   8.002705e-02
4.741338999999999970e+00   2.320875e-01   8.128237e-02
4.746050999999999576e+00   9.784702e-02   8.171862e-02
4.750761999999999929e+00   6.161509e-02   8.274863e-02
4.755473000000000283e+00   2.248282e-01   8.418389e-02
4.760183999999999749e+00   2.629472e-01   8.526550e-02
4.764896000000000242e+00   8.407018e-02   8.615904e-02
4.769606999999999708e+00   7.013719e-02   8.724377e-02
4.774318000000000062e+00   8.078368e-02   8.845200e-02
4.779029000000000416e+00   1.188268e-01   9.001140e-02
4.783741000000000021e+00   2.745518e-02   9.096733e-02
4.788452000000000375e+00   1.147122e-01   9.264647e-02
4.793162999999999840e+00   2.304763e-02   9.389107e-02
4.797874000000000194e+00   8.140939e-02   9.525307e-02
4.802585999999999800e+00   5.979974e-02   9.672489e-02
4.807297000000000153e+00   3.237342e-02   9.828894e-02
4.812007999999999619e+00   2.420468e-01   1.008220e-01
4.816718999999999973e+00   1.943837e-01   1.026227e-01
4.821430999999999578e+00   4.085614e-03   1.042884e-01
4.826141999999999932e+00  -2.364184e-02   1.061148e-01
4.830853000000000286e+00  -1.996298e-02   1.086687e-01
4.835564999999999891e+00  -6.522711e-02   1.101508e-01
4.840276000000000245e+00   1.258504e-01   1.133014e-01
4.844986999999999711e+00   1.074302e-01   1.159557e-01
4.849698000000000064e+00   1.100378e-01   1.183510e-01
4.854409999999999670e+00   6.524930e-02   1.217493e-01
4.859121000000000024e+00   1.422600e-01   1.256169e-01
4.863832000000000377e+00   2.281107e-01   1.294787e-01
4.868542999999999843e+00   3.373825e-02   1.324582e-01
4.873255000000000337e+00  -2.869833e-02   1.366220e-01
4.877965999999999802e+00   4.292719e-02   1.415820e-01
4.882677000000000156e+00   1.688238e-01   1.469525e-01
4.887387999999999622e+00   1.592432e-01   1.525122e-01
4.892100000000000115e+00   5.634509e-02   1.585936e-01
4.896810999999999581e+00   1.641251e-01   1.680945e-01
4.901521999999999935e+00   8.295439e-02   1.765478e-01
4.906233000000000288e+00   2.236232e-01   1.872376e-01
4.910944999999999894e+00   2.144408e-01   1.998803e-01
4.915656000000000247e+00   4.158995e-01   2.154986e-01
4.920366999999999713e+00   3.849541e-01   2.345829e-01
4.925078000000000067e+00   2.188228e-01   2.575576e-01
4.929789999999999672e+00   1.540590e-01   2.939652e-01
4.934501000000000026e+00  -4.859508e-01   3.484849e-01
4.939212000000000380e+00  -4.842445e-01   4.557687e-01
4.943922999999999845e+00   4.569304e-01   7.989443e-01