# [1]
# Sample c= 2.43 mg/ml
# Intensity scaled by concentration
# Buffer subtracted data file:
# Protein DatFile = /data/visitor/mx1908/bm29/20161119/giulio/1d/mM30Acetate_104_ave.dat
# Buffer DatFile = /data/visitor/mx1908/bm29/20161119/giulio/ednaSub/mM30Acetate_104_ave_averbuffer.dat
# 
# AutoRg: Rg   =   0.9160 +/- 0.12 ( 13.6%)
# AutoRg: I(0) =   2.91 +/- 0.0285
# AutoRg: Points   155 to 240 ( 86 total)
# AutoRg: Quality: 63.4%
# 
# 
# Sample Information:
# Storage Temperature (degrees C): 20.0
# Measurement Temperature (degrees C): 20.01
# Concentration: 2.43
# Code: 
3.479420999999999903e-02   2.246136e+00   3.993267e+00
3.950545999999999919e-02   2.179572e+00   1.594711e+00
4.421672000000000102e-02   1.873206e+00   1.041746e+00
4.892798000000000286e-02   1.158880e+00   7.998270e-01
5.363923000000000302e-02   1.699451e+00   6.405613e-01
5.835048999999999791e-02   1.578922e+00   5.233422e-01
6.306174999999999975e-02   1.697803e+00   4.353026e-01
6.777299999999999991e-02   2.148816e+00   3.690047e-01
7.248425999999999481e-02   1.721646e+00   3.192139e-01
7.719552000000000358e-02   1.486288e+00   2.815513e-01
8.190677000000000374e-02   1.577364e+00   2.497534e-01
8.661802999999999864e-02   1.370898e+00   2.241665e-01
9.132928999999999353e-02   1.235244e+00   2.043532e-01
9.604053999999999369e-02   1.693047e+00   1.895137e-01
1.007518000000000025e-01   1.651729e+00   1.753301e-01
1.054631000000000041e-01   1.574455e+00   1.636295e-01
1.101743000000000028e-01   1.569458e+00   1.533415e-01
1.148856000000000044e-01   1.547889e+00   1.443607e-01
1.195968000000000031e-01   1.471064e+00   1.365028e-01
1.243081000000000047e-01   1.592974e+00   1.295514e-01
1.290193000000000034e-01   1.736490e+00   1.246966e-01
1.337306000000000050e-01   1.644604e+00   1.193998e-01
1.384419000000000066e-01   1.666611e+00   1.149618e-01
1.431531000000000053e-01   1.819084e+00   1.111390e-01
1.478644000000000069e-01   1.798055e+00   1.074628e-01
1.525756000000000057e-01   1.813420e+00   1.040787e-01
1.572869000000000073e-01   1.711766e+00   1.009945e-01
1.619981000000000060e-01   1.820938e+00   9.821174e-02
1.667094000000000076e-01   1.902723e+00   9.579061e-02
1.714206000000000063e-01   1.786319e+00   9.328947e-02
1.761319000000000079e-01   1.773037e+00   9.113668e-02
1.808432000000000095e-01   1.814865e+00   8.909793e-02
1.855544000000000082e-01   1.917648e+00   8.767874e-02
1.902657000000000098e-01   1.958813e+00   8.596466e-02
1.949769000000000085e-01   1.912098e+00   8.442036e-02
1.996882000000000101e-01   1.866138e+00   8.277415e-02
2.043994000000000089e-01   1.854754e+00   8.128902e-02
2.091107000000000105e-01   1.855583e+00   7.990878e-02
2.138220000000000121e-01   1.922136e+00   7.892409e-02
2.185332000000000108e-01   1.861615e+00   7.751808e-02
2.232445000000000124e-01   1.881277e+00   7.639830e-02
2.279557000000000111e-01   1.824502e+00   7.512129e-02
2.326670000000000127e-01   1.906245e+00   7.420993e-02
2.373782000000000114e-01   1.893632e+00   7.338655e-02
2.420895000000000130e-01   1.924767e+00   7.248637e-02
2.468007000000000117e-01   1.855594e+00   7.148392e-02
2.515120000000000133e-01   1.875116e+00   7.057398e-02
2.562232999999999872e-01   1.882630e+00   6.978603e-02
2.609345000000000137e-01   2.031656e+00   6.914390e-02
2.656457999999999875e-01   1.903455e+00   6.829933e-02
2.703570000000000140e-01   1.965258e+00   6.766804e-02
2.750682999999999878e-01   1.897795e+00   6.687662e-02
2.797795000000000143e-01   1.928111e+00   6.619430e-02
2.844907999999999881e-01   2.070062e+00   6.561475e-02
2.892021000000000175e-01   2.032446e+00   6.493798e-02
2.939132999999999885e-01   2.014424e+00   6.447319e-02
2.986246000000000178e-01   2.089058e+00   6.390785e-02
3.033357999999999888e-01   2.028003e+00   6.323886e-02
3.080471000000000181e-01   2.021309e+00   6.261782e-02
3.127582999999999891e-01   2.003626e+00   6.211977e-02
3.174696000000000184e-01   2.035334e+00   6.166750e-02
3.221808999999999923e-01   1.981964e+00   6.106213e-02
3.268921000000000188e-01   2.046792e+00   6.066396e-02
3.316033999999999926e-01   2.129222e+00   6.030405e-02
3.363146000000000191e-01   2.079965e+00   6.072143e-02
3.410258999999999929e-01   2.058814e+00   6.115004e-02
3.457371000000000194e-01   1.982593e+00   6.135552e-02
3.504483999999999932e-01   2.026037e+00   6.225340e-02
3.551596000000000197e-01   2.082742e+00   6.360726e-02
3.598708999999999936e-01   2.117727e+00   6.432375e-02
3.645822000000000229e-01   1.998768e+00   6.488702e-02
3.692933999999999939e-01   2.042203e+00   6.548507e-02
3.740047000000000232e-01   2.069170e+00   6.592203e-02
3.787158999999999942e-01   2.112383e+00   6.647396e-02
3.834272000000000236e-01   2.108672e+00   6.669046e-02
3.881383999999999945e-01   2.088881e+00   6.710137e-02
3.928497000000000239e-01   2.075979e+00   6.852953e-02
3.975609999999999977e-01   2.113601e+00   7.059034e-02
4.022722000000000242e-01   2.235539e+00   7.236990e-02
4.069834999999999980e-01   2.217853e+00   7.379588e-02
4.116947000000000245e-01   2.204586e+00   7.491567e-02
4.164059999999999984e-01   2.064226e+00   7.583332e-02
4.211172000000000248e-01   2.199510e+00   7.707962e-02
4.258284999999999987e-01   2.301693e+00   7.842027e-02
4.305397000000000252e-01   2.257931e+00   7.943333e-02
4.352509999999999990e-01   2.145332e+00   8.031731e-02
4.399622999999999728e-01   2.267599e+00   8.177073e-02
4.446734999999999993e-01   2.268672e+00   8.319060e-02
4.493847999999999732e-01   2.235357e+00   8.433583e-02
4.540959999999999996e-01   2.202940e+00   8.512896e-02
4.588072999999999735e-01   2.286666e+00   8.221289e-02
4.635185000000000000e-01   2.210290e+00   8.003887e-02
4.682297999999999738e-01   2.217474e+00   7.898618e-02
4.729411000000000032e-01   2.293667e+00   7.815123e-02
4.776522999999999741e-01   2.205568e+00   7.721243e-02
4.823636000000000035e-01   2.327498e+00   7.681649e-02
4.870747999999999744e-01   2.333378e+00   7.634119e-02
4.917861000000000038e-01   2.248951e+00   7.562789e-02
4.964972999999999748e-01   2.305875e+00   7.534022e-02
5.012086000000000041e-01   2.306451e+00   7.514946e-02
5.059198999999999780e-01   2.303067e+00   7.465265e-02
5.106311000000000044e-01   2.473571e+00   7.462640e-02
5.153423999999999783e-01   2.298529e+00   7.399220e-02
5.200536000000000048e-01   2.315658e+00   7.341537e-02
5.247648999999999786e-01   2.282862e+00   7.274954e-02
5.294761000000000051e-01   2.388615e+00   7.229979e-02
5.341873999999999789e-01   2.385248e+00   7.191500e-02
5.388986000000000054e-01   2.459798e+00   7.145321e-02
5.436098999999999792e-01   2.253031e+00   7.067586e-02
5.483211999999999531e-01   2.352265e+00   7.038730e-02
5.530323999999999796e-01   2.410112e+00   7.006225e-02
5.577436999999999534e-01   2.417487e+00   6.975269e-02
5.624548999999999799e-01   2.324556e+00   6.922856e-02
5.671661999999999537e-01   2.409824e+00   6.896963e-02
5.718773999999999802e-01   2.289081e+00   6.867518e-02
5.765886999999999540e-01   2.305375e+00   6.861030e-02
5.813000000000000389e-01   2.413538e+00   6.842985e-02
5.860111999999999544e-01   2.459953e+00   6.829654e-02
5.907225000000000392e-01   2.538983e+00   6.810122e-02
5.954336999999999547e-01   2.401158e+00   6.792630e-02
6.001450000000000395e-01   2.319538e+00   6.757694e-02
6.048561999999999550e-01   2.376006e+00   6.753868e-02
6.095675000000000399e-01   2.366551e+00   6.738662e-02
6.142788000000000137e-01   2.447651e+00   6.742406e-02
6.189900000000000402e-01   2.386650e+00   6.706055e-02
6.237013000000000140e-01   2.366739e+00   6.696451e-02
6.284125000000000405e-01   2.395293e+00   6.686391e-02
6.331238000000000143e-01   2.359612e+00   6.665129e-02
6.378350000000000408e-01   2.313821e+00   6.645757e-02
6.425463000000000147e-01   2.394590e+00   6.648866e-02
6.472575000000000411e-01   2.377846e+00   6.624626e-02
6.519688000000000150e-01   2.380200e+00   6.614851e-02
6.566800999999999888e-01   2.398702e+00   6.593125e-02
6.613913000000000153e-01   2.406362e+00   6.588180e-02
6.661025999999999891e-01   2.466894e+00   6.566760e-02
6.708138000000000156e-01   2.385713e+00   6.538862e-02
6.755250999999999895e-01   2.433696e+00   6.536965e-02
6.802363000000000159e-01   2.390518e+00   6.516568e-02
6.849475999999999898e-01   2.375559e+00   6.511749e-02
6.896588999999999636e-01   2.421493e+00   6.502369e-02
6.943700999999999901e-01   2.444590e+00   6.483098e-02
6.990813999999999639e-01   2.470102e+00   6.475030e-02
7.037925999999999904e-01   2.364648e+00   6.447583e-02
7.085038999999999643e-01   2.474341e+00   6.443066e-02
7.132150999999999907e-01   2.493231e+00   6.432226e-02
7.179263999999999646e-01   2.424625e+00   6.413572e-02
7.226375999999999911e-01   2.488533e+00   6.402579e-02
7.273488999999999649e-01   2.484921e+00   6.397460e-02
7.320602000000000498e-01   2.429195e+00   6.360130e-02
7.367713999999999652e-01   2.336318e+00   6.354761e-02
7.414827000000000501e-01   2.410385e+00   6.345479e-02
7.461938999999999655e-01   2.446725e+00   6.334210e-02
7.509052000000000504e-01   2.391518e+00   6.310836e-02
7.556163999999999659e-01   2.387776e+00   6.301734e-02
7.603277000000000507e-01   2.427158e+00   6.300867e-02
7.650390000000000246e-01   2.461013e+00   6.286239e-02
7.697502000000000510e-01   2.400405e+00   6.259248e-02
7.744615000000000249e-01   2.431136e+00   6.248170e-02
7.791727000000000514e-01   2.426219e+00   6.234024e-02
7.838840000000000252e-01   2.471145e+00   6.236941e-02
7.885952000000000517e-01   2.380628e+00   6.202373e-02
7.933065000000000255e-01   2.467967e+00   6.211049e-02
7.980177999999999994e-01   2.394731e+00   6.199266e-02
8.027290000000000258e-01   2.389772e+00   6.169315e-02
8.074402999999999997e-01   2.389825e+00   6.159212e-02
8.121515000000000262e-01   2.433044e+00   6.148600e-02
8.168628000000000000e-01   2.470470e+00   6.134022e-02
8.215740000000000265e-01   2.451809e+00   6.124752e-02
8.262853000000000003e-01   2.396758e+00   6.115278e-02
8.309965000000000268e-01   2.466253e+00   6.105492e-02
8.357078000000000007e-01   2.381167e+00   6.093737e-02
8.404190999999999745e-01   2.333072e+00   6.075411e-02
8.451303000000000010e-01   2.359135e+00   6.062367e-02
8.498415999999999748e-01   2.382548e+00   6.044970e-02
8.545528000000000013e-01   2.317840e+00   6.032526e-02
8.592640999999999751e-01   2.354373e+00   6.028347e-02
8.639753000000000016e-01   2.377359e+00   6.009881e-02
8.686865999999999755e-01   2.283763e+00   5.990611e-02
8.733978999999999493e-01   2.306480e+00   5.986026e-02
8.781090999999999758e-01   2.457288e+00   5.990488e-02
8.828203999999999496e-01   2.409236e+00   5.967495e-02
8.875315999999999761e-01   2.372856e+00   5.957885e-02
8.922428999999999499e-01   2.415081e+00   5.941642e-02
8.969540999999999764e-01   2.333125e+00   5.928853e-02
9.016653999999999503e-01   2.275856e+00   5.922022e-02
9.063767000000000351e-01   2.330336e+00   5.908634e-02
9.110878999999999506e-01   2.288781e+00   5.882179e-02
9.157992000000000354e-01   2.202670e+00   5.861621e-02
9.205103999999999509e-01   2.312218e+00   5.865833e-02
9.252217000000000358e-01   2.331359e+00   5.860259e-02
9.299328999999999512e-01   2.297691e+00   5.847910e-02
9.346442000000000361e-01   2.221574e+00   5.825271e-02
9.393553999999999515e-01   2.257687e+00   5.816893e-02
9.440667000000000364e-01   2.266451e+00   5.808696e-02
9.487780000000000102e-01   2.362361e+00   5.799438e-02
9.534892000000000367e-01   2.236515e+00   5.777041e-02
9.582005000000000106e-01   2.195116e+00   5.764244e-02
9.629117000000000370e-01   2.196116e+00   5.755439e-02
9.676230000000000109e-01   2.149331e+00   5.740245e-02
9.723342000000000374e-01   2.233970e+00   5.747154e-02
9.770455000000000112e-01   2.341487e+00   5.737866e-02
9.817567999999999850e-01   2.240810e+00   5.720182e-02
9.864680000000000115e-01   2.220085e+00   5.712880e-02
9.911792999999999854e-01   2.158664e+00   5.696187e-02
9.958905000000000118e-01   2.297279e+00   5.694685e-02
1.000601999999999991e+00   2.243827e+00   5.680866e-02
1.005312999999999901e+00   2.208132e+00   5.668278e-02
1.010024000000000033e+00   2.175505e+00   5.654194e-02
1.014736000000000082e+00   2.157418e+00   5.642585e-02
1.019446999999999992e+00   2.161578e+00   5.633581e-02
1.024157999999999902e+00   2.151118e+00   5.615831e-02
1.028869000000000034e+00   2.218940e+00   5.613273e-02
1.033581000000000083e+00   2.182922e+00   5.603683e-02
1.038291999999999993e+00   2.158651e+00   5.590395e-02
1.043002999999999902e+00   2.084027e+00   5.570749e-02
1.047714000000000034e+00   2.144363e+00   5.564489e-02
1.052426000000000084e+00   2.115597e+00   5.553425e-02
1.057136999999999993e+00   2.077283e+00   5.556567e-02
1.061847999999999903e+00   2.181970e+00   5.554079e-02
1.066559000000000035e+00   2.117903e+00   5.531708e-02
1.071271000000000084e+00   2.051922e+00   5.504266e-02
1.075981999999999994e+00   2.050770e+00   5.493242e-02
1.080692999999999904e+00   1.988277e+00   5.480898e-02
1.085404000000000035e+00   2.024735e+00   5.482351e-02
1.090116000000000085e+00   2.068502e+00   5.480579e-02
1.094826999999999995e+00   2.087315e+00   5.459980e-02
1.099537999999999904e+00   2.147808e+00   5.462878e-02
1.104249000000000036e+00   2.083575e+00   5.456856e-02
1.108961000000000086e+00   2.106914e+00   5.448479e-02
1.113671999999999995e+00   2.096662e+00   5.434498e-02
1.118382999999999905e+00   1.985261e+00   5.410426e-02
1.123094000000000037e+00   2.044662e+00   5.404738e-02
1.127806000000000086e+00   1.990449e+00   5.378574e-02
1.132516999999999996e+00   2.006911e+00   5.385933e-02
1.137227999999999906e+00   2.009088e+00   5.378492e-02
1.141939000000000037e+00   2.045931e+00   5.369273e-02
1.146651000000000087e+00   2.057658e+00   5.360795e-02
1.151361999999999997e+00   2.009006e+00   5.354976e-02
1.156072999999999906e+00   1.936755e+00   5.340704e-02
1.160784000000000038e+00   2.009921e+00   5.344514e-02
1.165496000000000087e+00   1.913041e+00   5.318173e-02
1.170206999999999997e+00   1.902505e+00   5.302551e-02
1.174917999999999907e+00   1.938019e+00   5.314467e-02
1.179629999999999956e+00   1.900734e+00   5.288553e-02
1.184341000000000088e+00   1.940266e+00   5.283715e-02
1.189051999999999998e+00   1.867687e+00   5.264842e-02
1.193762999999999908e+00   1.844390e+00   5.277562e-02
1.198474999999999957e+00   1.860422e+00   5.388547e-02
1.203186000000000089e+00   1.905058e+00   5.519085e-02
1.207896999999999998e+00   1.961931e+00   5.629851e-02
1.212607999999999908e+00   1.962103e+00   5.709081e-02
1.217319999999999958e+00   1.936035e+00   5.767604e-02
1.222031000000000089e+00   1.864245e+00   5.813025e-02
1.226741999999999999e+00   1.919725e+00   5.882011e-02
1.231452999999999909e+00   1.876077e+00   5.921885e-02
1.236164999999999958e+00   1.816166e+00   5.965883e-02
1.240876000000000090e+00   1.901719e+00   6.011084e-02
1.245587000000000000e+00   1.798713e+00   6.026448e-02
1.250297999999999909e+00   1.820035e+00   6.038368e-02
1.255009999999999959e+00   1.782322e+00   6.043460e-02
1.259721000000000091e+00   1.721712e+00   6.046425e-02
1.264432000000000000e+00   1.796051e+00   5.849297e-02
1.269142999999999910e+00   1.845298e+00   5.713335e-02
1.273854999999999960e+00   1.929539e+00   5.629025e-02
1.278566000000000091e+00   1.828483e+00   5.539528e-02
1.283277000000000001e+00   1.796760e+00   5.471844e-02
1.287987999999999911e+00   1.769901e+00   5.418005e-02
1.292699999999999960e+00   1.733552e+00   5.373647e-02
1.297411000000000092e+00   1.715398e+00   5.326783e-02
1.302122000000000002e+00   1.696569e+00   5.280316e-02
1.306832999999999911e+00   1.714217e+00   5.257130e-02
1.311544999999999961e+00   1.752385e+00   5.249996e-02
1.316256000000000093e+00   1.736536e+00   5.227128e-02
1.320967000000000002e+00   1.756862e+00   5.212260e-02
1.325677999999999912e+00   1.737680e+00   5.207539e-02
1.330389999999999961e+00   1.718827e+00   5.193551e-02
1.335101000000000093e+00   1.770479e+00   5.187460e-02
1.339812000000000003e+00   1.714494e+00   5.168740e-02
1.344522999999999913e+00   1.649536e+00   5.148283e-02
1.349234999999999962e+00   1.633755e+00   5.135345e-02
1.353946000000000094e+00   1.649777e+00   5.136284e-02
1.358657000000000004e+00   1.640653e+00   5.126724e-02
1.363369000000000053e+00   1.672357e+00   5.115982e-02
1.368079999999999963e+00   1.724088e+00   5.099566e-02
1.372791000000000095e+00   1.699251e+00   5.089387e-02
1.377502000000000004e+00   1.650389e+00   5.075248e-02
1.382214000000000054e+00   1.687640e+00   5.069829e-02
1.386924999999999963e+00   1.641595e+00   5.055914e-02
1.391636000000000095e+00   1.632453e+00   5.045505e-02
1.396347000000000005e+00   1.634393e+00   5.038955e-02
1.401059000000000054e+00   1.642882e+00   5.027674e-02
1.405769999999999964e+00   1.569994e+00   5.015238e-02
1.410481000000000096e+00   1.599974e+00   5.005044e-02
1.415192000000000005e+00   1.533611e+00   4.990510e-02
1.419904000000000055e+00   1.672646e+00   5.005118e-02
1.424614999999999965e+00   1.636862e+00   4.992007e-02
1.429326000000000096e+00   1.607760e+00   4.975294e-02
1.434037000000000006e+00   1.595898e+00   4.967935e-02
1.438749000000000056e+00   1.592102e+00   4.961343e-02
1.443459999999999965e+00   1.564752e+00   4.945758e-02
1.448171000000000097e+00   1.536910e+00   4.929519e-02
1.452882000000000007e+00   1.542259e+00   4.933806e-02
1.457594000000000056e+00   1.539220e+00   4.915108e-02
1.462304999999999966e+00   1.581826e+00   4.917538e-02
1.467016000000000098e+00   1.535355e+00   4.903679e-02
1.471727000000000007e+00   1.549097e+00   4.899806e-02
1.476439000000000057e+00   1.502959e+00   4.890707e-02
1.481149999999999967e+00   1.523478e+00   4.881382e-02
1.485861000000000098e+00   1.552231e+00   4.872984e-02
1.490572000000000008e+00   1.570786e+00   4.861219e-02
1.495284000000000058e+00   1.506206e+00   4.860517e-02
1.499994999999999967e+00   1.440054e+00   4.851151e-02
1.504706000000000099e+00   1.510535e+00   4.842667e-02
1.509417000000000009e+00   1.528472e+00   4.838710e-02
1.514129000000000058e+00   1.518366e+00   4.848476e-02
1.518839999999999968e+00   1.511443e+00   4.992854e-02
1.523551000000000100e+00   1.446163e+00   5.082784e-02
1.528262999999999927e+00   1.461077e+00   5.155006e-02
1.532974000000000059e+00   1.522235e+00   5.227840e-02
1.537684999999999969e+00   1.457270e+00   5.275290e-02
1.542396000000000100e+00   1.419055e+00   5.266488e-02
1.547107999999999928e+00   1.508073e+00   5.151430e-02
1.551819000000000059e+00   1.386354e+00   5.067467e-02
1.556529999999999969e+00   1.419121e+00   5.016625e-02
1.561241000000000101e+00   1.395613e+00   4.963260e-02
1.565952999999999928e+00   1.472669e+00   4.921683e-02
1.570664000000000060e+00   1.411623e+00   4.862783e-02
1.575374999999999970e+00   1.380298e+00   4.812657e-02
1.580086000000000102e+00   1.409487e+00   4.772148e-02
1.584797999999999929e+00   1.304143e+00   4.737334e-02
1.589509000000000061e+00   1.303782e+00   4.730305e-02
1.594219999999999970e+00   1.368374e+00   4.729221e-02
1.598931000000000102e+00   1.325800e+00   4.727954e-02
1.603642999999999930e+00   1.368053e+00   4.733345e-02
1.608354000000000061e+00   1.358735e+00   4.741549e-02
1.613064999999999971e+00   1.354340e+00   4.738490e-02
1.617776000000000103e+00   1.409598e+00   4.735278e-02
1.622487999999999930e+00   1.340680e+00   4.722610e-02
1.627199000000000062e+00   1.382868e+00   4.710509e-02
1.631909999999999972e+00   1.372337e+00   4.704598e-02
1.636621000000000103e+00   1.325493e+00   4.693982e-02
1.641332999999999931e+00   1.355318e+00   4.693742e-02
1.646044000000000063e+00   1.346457e+00   4.684137e-02
1.650754999999999972e+00   1.322169e+00   4.672599e-02
1.655466000000000104e+00   1.306907e+00   4.664619e-02
1.660177999999999932e+00   1.296336e+00   4.657510e-02
1.664889000000000063e+00   1.388708e+00   4.656891e-02
1.669599999999999973e+00   1.374146e+00   4.644243e-02
1.674311000000000105e+00   1.339069e+00   4.634896e-02
1.679022999999999932e+00   1.280139e+00   4.624337e-02
1.683734000000000064e+00   1.282054e+00   4.624207e-02
1.688444999999999974e+00   1.289157e+00   4.613303e-02
1.693156000000000105e+00   1.284993e+00   4.604016e-02
1.697867999999999933e+00   1.235964e+00   4.592839e-02
1.702579000000000065e+00   1.183601e+00   4.589483e-02
1.707289999999999974e+00   1.266399e+00   4.588891e-02
1.712002000000000024e+00   1.227357e+00   4.585670e-02
1.716712999999999933e+00   1.200743e+00   4.567476e-02
1.721424000000000065e+00   1.229909e+00   4.556777e-02
1.726134999999999975e+00   1.212273e+00   4.548017e-02
1.730847000000000024e+00   1.206374e+00   4.541498e-02
1.735557999999999934e+00   1.238441e+00   4.543544e-02
1.740269000000000066e+00   1.213055e+00   4.536062e-02
1.744979999999999976e+00   1.140485e+00   4.530788e-02
1.749692000000000025e+00   1.168478e+00   4.516496e-02
1.754402999999999935e+00   1.182874e+00   4.514066e-02
1.759114000000000066e+00   1.198969e+00   4.508980e-02
1.763824999999999976e+00   1.212046e+00   4.505876e-02
1.768537000000000026e+00   1.241128e+00   4.499226e-02
1.773247999999999935e+00   1.155851e+00   4.485211e-02
1.777959000000000067e+00   1.176460e+00   4.479061e-02
1.782669999999999977e+00   1.202533e+00   4.476600e-02
1.787382000000000026e+00   1.150280e+00   4.466408e-02
1.792092999999999936e+00   1.094558e+00   4.456626e-02
1.796804000000000068e+00   1.157517e+00   4.456149e-02
1.801514999999999977e+00   1.158098e+00   4.447480e-02
1.806227000000000027e+00   1.187288e+00   4.447634e-02
1.810937999999999937e+00   1.175330e+00   4.436682e-02
1.815649000000000068e+00   1.124369e+00   4.432167e-02
1.820359999999999978e+00   1.105891e+00   4.427763e-02
1.825072000000000028e+00   1.110850e+00   4.424684e-02
1.829782999999999937e+00   1.101842e+00   4.414007e-02
1.834494000000000069e+00   1.129040e+00   4.411084e-02
1.839204999999999979e+00   1.085082e+00   4.405661e-02
1.843917000000000028e+00   1.100405e+00   4.396085e-02
1.848627999999999938e+00   1.086901e+00   4.382573e-02
1.853339000000000070e+00   1.090479e+00   4.377357e-02
1.858049999999999979e+00   1.102322e+00   4.373216e-02
1.862762000000000029e+00   1.080899e+00   4.360389e-02
1.867472999999999939e+00   1.103539e+00   4.357231e-02
1.872184000000000070e+00   1.101480e+00   4.353309e-02
1.876894999999999980e+00   1.092020e+00   4.359500e-02
1.881607000000000030e+00   1.083841e+00   4.349609e-02
1.886317999999999939e+00   1.029590e+00   4.334822e-02
1.891029000000000071e+00   1.025528e+00   4.327256e-02
1.895740999999999898e+00   1.078588e+00   4.329300e-02
1.900452000000000030e+00   9.938561e-01   4.318458e-02
1.905162999999999940e+00   1.026377e+00   4.314164e-02
1.909874000000000072e+00   9.918008e-01   4.302132e-02
1.914585999999999899e+00   1.021974e+00   4.300676e-02
1.919297000000000031e+00   1.062830e+00   4.300053e-02
1.924007999999999940e+00   9.669599e-01   4.291663e-02
1.928719000000000072e+00   1.019032e+00   4.287418e-02
1.933430999999999900e+00   1.070826e+00   4.284177e-02
1.938142000000000031e+00   1.050122e+00   4.268398e-02
1.942852999999999941e+00   1.030493e+00   4.253383e-02
1.947564000000000073e+00   1.030925e+00   4.240270e-02
1.952275999999999900e+00   9.700948e-01   4.226530e-02
1.956987000000000032e+00   9.482601e-01   4.225126e-02
1.961697999999999942e+00   9.703074e-01   4.216243e-02
1.966409000000000074e+00   9.194519e-01   4.205264e-02
1.971120999999999901e+00   9.793442e-01   4.209395e-02
1.975832000000000033e+00   9.439079e-01   4.203805e-02
1.980542999999999942e+00   9.409982e-01   4.209762e-02
1.985254000000000074e+00   1.009772e+00   4.208687e-02
1.989965999999999902e+00   9.856027e-01   4.208712e-02
1.994677000000000033e+00   8.706038e-01   4.199056e-02
1.999387999999999943e+00   9.117166e-01   4.210340e-02
2.004099000000000075e+00   9.641085e-01   4.317255e-02
2.008811000000000124e+00   9.181951e-01   4.401801e-02
2.013522000000000034e+00   9.257904e-01   4.462961e-02
2.018232999999999944e+00   9.320468e-01   4.511308e-02
2.022943999999999853e+00   9.284812e-01   4.556514e-02
2.027655999999999903e+00   9.564351e-01   4.597768e-02
2.032366999999999813e+00   9.403362e-01   4.623881e-02
2.037078000000000166e+00   9.304679e-01   4.634421e-02
2.041789000000000076e+00   8.662109e-01   4.638465e-02
2.046501000000000126e+00   8.608226e-01   4.650174e-02
2.051212000000000035e+00   8.639460e-01   4.664439e-02
2.055922999999999945e+00   9.067504e-01   4.677500e-02
2.060633999999999855e+00   8.325352e-01   4.679914e-02
2.065345999999999904e+00   9.154696e-01   4.680993e-02
2.070056999999999814e+00   9.309102e-01   4.547552e-02
2.074768000000000168e+00   9.130271e-01   4.450844e-02
2.079480000000000217e+00   8.559961e-01   4.389029e-02
2.084191000000000127e+00   8.574260e-01   4.336140e-02
2.088902000000000037e+00   9.055122e-01   4.309224e-02
2.093612999999999946e+00   8.666607e-01   4.268397e-02
2.098324999999999996e+00   8.321527e-01   4.252807e-02
2.103035999999999905e+00   8.291913e-01   4.240389e-02
2.107746999999999815e+00   8.732441e-01   4.231311e-02
2.112458000000000169e+00   8.908857e-01   4.225722e-02
2.117170000000000218e+00   8.425856e-01   4.217089e-02
2.121881000000000128e+00   8.296289e-01   4.205396e-02
2.126592000000000038e+00   8.445149e-01   4.198068e-02
2.131302999999999948e+00   8.336655e-01   4.186374e-02
2.136014999999999997e+00   8.373714e-01   4.175325e-02
2.140725999999999907e+00   7.800693e-01   4.165007e-02
2.145436999999999816e+00   7.262689e-01   4.154773e-02
2.150148000000000170e+00   7.880131e-01   4.152601e-02
2.154860000000000220e+00   8.093176e-01   4.146021e-02
2.159571000000000129e+00   8.001990e-01   4.133209e-02
2.164282000000000039e+00   8.539916e-01   4.139002e-02
2.168992999999999949e+00   8.339631e-01   4.129895e-02
2.173704999999999998e+00   8.153932e-01   4.122158e-02
2.178415999999999908e+00   8.080999e-01   4.118264e-02
2.183126999999999818e+00   7.836196e-01   4.107899e-02
2.187838000000000171e+00   7.515035e-01   4.099385e-02
2.192550000000000221e+00   8.080394e-01   4.099397e-02
2.197261000000000131e+00   8.276529e-01   4.090711e-02
2.201972000000000040e+00   7.462553e-01   4.078008e-02
2.206682999999999950e+00   7.246391e-01   4.069263e-02
2.211395000000000000e+00   7.535985e-01   4.062318e-02
2.216105999999999909e+00   7.854934e-01   4.061955e-02
2.220816999999999819e+00   8.176309e-01   4.064194e-02
2.225528000000000173e+00   8.014958e-01   4.051208e-02
2.230239999999999778e+00   7.660444e-01   4.045826e-02
2.234951000000000132e+00   7.835979e-01   4.045563e-02
2.239662000000000042e+00   7.882058e-01   4.038364e-02
2.244372999999999951e+00   7.104929e-01   4.031975e-02
2.249085000000000001e+00   7.115166e-01   4.023311e-02
2.253795999999999911e+00   7.794584e-01   4.024125e-02
2.258506999999999820e+00   7.555846e-01   4.021367e-02
2.263218999999999870e+00   7.369766e-01   4.011893e-02
2.267929999999999779e+00   6.952897e-01   4.002856e-02
2.272641000000000133e+00   7.176086e-01   3.997608e-02
2.277352000000000043e+00   7.161122e-01   3.996703e-02
2.282064000000000092e+00   7.425030e-01   3.992543e-02
2.286775000000000002e+00   7.082763e-01   3.982972e-02
2.291485999999999912e+00   7.374593e-01   3.980430e-02
2.296196999999999822e+00   7.571864e-01   3.974462e-02
2.300908999999999871e+00   7.354869e-01   3.970428e-02
2.305619999999999781e+00   7.740592e-01   3.968116e-02
2.310331000000000135e+00   6.910874e-01   3.956041e-02
2.315042000000000044e+00   6.933178e-01   3.953178e-02
2.319754000000000094e+00   7.380839e-01   3.953944e-02
2.324465000000000003e+00   7.090832e-01   3.944771e-02
2.329175999999999913e+00   7.576740e-01   3.948994e-02
2.333886999999999823e+00   6.627103e-01   3.937624e-02
2.338598999999999872e+00   6.380746e-01   3.932515e-02
2.343309999999999782e+00   7.242868e-01   3.929621e-02
2.348021000000000136e+00   7.262768e-01   3.926418e-02
2.352732000000000046e+00   7.002444e-01   3.920912e-02
2.357444000000000095e+00   6.796495e-01   3.912709e-02
2.362155000000000005e+00   7.027840e-01   3.909281e-02
2.366865999999999914e+00   6.428593e-01   3.905631e-02
2.371576999999999824e+00   6.379561e-01   3.898779e-02
2.376288999999999874e+00   6.798904e-01   3.896375e-02
2.380999999999999783e+00   6.423082e-01   3.888044e-02
2.385711000000000137e+00   6.344631e-01   3.882491e-02
2.390422000000000047e+00   6.127671e-01   3.876632e-02
2.395134000000000096e+00   6.689989e-01   3.876372e-02
2.399845000000000006e+00   6.587423e-01   3.876924e-02
2.404555999999999916e+00   6.937666e-01   3.871112e-02
2.409266999999999825e+00   6.739141e-01   3.864933e-02
2.413978999999999875e+00   6.192735e-01   3.858582e-02
2.418689999999999785e+00   6.287762e-01   3.858546e-02
2.423401000000000138e+00   6.331323e-01   3.852184e-02
2.428112000000000048e+00   6.151400e-01   3.841433e-02
2.432824000000000098e+00   5.920625e-01   3.838699e-02
2.437535000000000007e+00   6.486020e-01   3.841765e-02
2.442245999999999917e+00   6.411419e-01   3.835898e-02
2.446957999999999966e+00   6.624776e-01   3.832106e-02
2.451668999999999876e+00   6.164539e-01   3.828086e-02
2.456379999999999786e+00   5.737924e-01   3.818517e-02
2.461091000000000140e+00   5.920115e-01   3.818704e-02
2.465803000000000189e+00   6.050089e-01   3.813332e-02
2.470514000000000099e+00   5.603943e-01   3.805722e-02
2.475225000000000009e+00   6.184634e-01   3.805714e-02
2.479935999999999918e+00   6.008282e-01   3.802343e-02
2.484647999999999968e+00   6.028290e-01   3.795744e-02
2.489358999999999877e+00   6.111033e-01   3.792255e-02
2.494069999999999787e+00   6.509787e-01   3.790420e-02
2.498781000000000141e+00   5.979745e-01   3.785744e-02
2.503493000000000190e+00   6.139601e-01   3.782398e-02
2.508204000000000100e+00   6.096056e-01   3.777407e-02
2.512915000000000010e+00   6.151507e-01   3.771953e-02
2.517625999999999920e+00   6.224359e-01   3.768332e-02
2.522337999999999969e+00   6.316226e-01   3.759809e-02
2.527048999999999879e+00   6.159965e-01   3.753800e-02
2.531759999999999788e+00   5.837891e-01   3.747409e-02
2.536471000000000142e+00   5.840372e-01   3.740713e-02
2.541183000000000192e+00   5.897928e-01   3.736030e-02
2.545894000000000101e+00   5.663325e-01   3.728008e-02
2.550605000000000011e+00   6.033249e-01   3.730342e-02
2.555315999999999921e+00   6.148483e-01   3.724779e-02
2.560027999999999970e+00   5.690792e-01   3.715253e-02
2.564738999999999880e+00   5.323427e-01   3.713390e-02
2.569449999999999790e+00   5.653975e-01   3.716786e-02
2.574161000000000143e+00   5.405324e-01   3.719123e-02
2.578873000000000193e+00   5.298033e-01   3.717424e-02
2.583584000000000103e+00   5.859876e-01   3.719485e-02
2.588295000000000012e+00   5.684674e-01   3.711934e-02
2.593005999999999922e+00   5.934647e-01   3.715378e-02
2.597717999999999972e+00   5.898693e-01   3.709668e-02
2.602428999999999881e+00   5.746301e-01   3.703914e-02
2.607139999999999791e+00   5.445015e-01   3.700695e-02
2.611851000000000145e+00   5.728776e-01   3.701687e-02
2.616563000000000194e+00   5.233777e-01   3.685591e-02
2.621274000000000104e+00   5.081050e-01   3.682023e-02
2.625985000000000014e+00   4.951975e-01   3.676546e-02
2.630697000000000063e+00   5.472137e-01   3.679396e-02
2.635407999999999973e+00   5.805746e-01   3.680518e-02
2.640118999999999883e+00   5.679736e-01   3.676864e-02
2.644829999999999792e+00   5.283496e-01   3.672672e-02
2.649541999999999842e+00   4.772829e-01   3.663925e-02
2.654253000000000196e+00   5.485030e-01   3.665328e-02
2.658964000000000105e+00   5.630115e-01   3.660841e-02
2.663675000000000015e+00   4.881502e-01   3.655213e-02
2.668387000000000064e+00   5.330626e-01   3.653379e-02
2.673097999999999974e+00   4.998386e-01   3.645789e-02
2.677808999999999884e+00   4.763980e-01   3.642743e-02
2.682519999999999794e+00   4.704129e-01   3.638641e-02
2.687231999999999843e+00   5.104690e-01   3.638199e-02
2.691943000000000197e+00   5.285794e-01   3.636282e-02
2.696654000000000106e+00   5.118289e-01   3.632786e-02
2.701365000000000016e+00   5.161776e-01   3.631674e-02
2.706077000000000066e+00   5.089680e-01   3.626573e-02
2.710787999999999975e+00   4.909037e-01   3.623250e-02
2.715498999999999885e+00   4.975212e-01   3.621001e-02
2.720209999999999795e+00   5.417074e-01   3.618197e-02
2.724921999999999844e+00   4.890712e-01   3.609543e-02
2.729633000000000198e+00   5.272179e-01   3.607988e-02
2.734344000000000108e+00   5.114482e-01   3.605125e-02
2.739055000000000017e+00   4.999656e-01   3.603660e-02
2.743767000000000067e+00   4.811455e-01   3.598767e-02
2.748477999999999977e+00   4.944463e-01   3.594676e-02
2.753188999999999886e+00   5.212753e-01   3.593098e-02
2.757899999999999796e+00   4.934627e-01   3.591743e-02
2.762611999999999846e+00   5.338881e-01   3.589367e-02
2.767323000000000199e+00   4.904332e-01   3.583456e-02
2.772034000000000109e+00   4.945649e-01   3.576838e-02
2.776745000000000019e+00   4.815687e-01   3.574408e-02
2.781457000000000068e+00   5.061901e-01   3.572271e-02
2.786167999999999978e+00   4.734785e-01   3.568811e-02
2.790878999999999888e+00   4.626377e-01   3.562046e-02
2.795589999999999797e+00   5.206782e-01   3.566764e-02
2.800301999999999847e+00   5.044470e-01   3.563882e-02
2.805013000000000201e+00   4.571465e-01   3.573979e-02
2.809724000000000110e+00   4.240607e-01   3.665030e-02
2.814436000000000160e+00   4.695000e-01   3.726622e-02
2.819147000000000070e+00   4.902071e-01   3.772407e-02
2.823857999999999979e+00   4.035159e-01   3.796440e-02
2.828568999999999889e+00   4.616644e-01   3.823223e-02
2.833280999999999938e+00   4.416490e-01   3.836967e-02
2.837991999999999848e+00   4.325141e-01   3.846648e-02
2.842703000000000202e+00   4.900361e-01   3.860745e-02
2.847414000000000112e+00   4.862876e-01   3.867935e-02
2.852126000000000161e+00   4.803826e-01   3.881377e-02
2.856837000000000071e+00   4.448439e-01   3.882197e-02
2.861547999999999981e+00   4.802357e-01   3.891947e-02
2.866258999999999890e+00   5.238377e-01   3.902562e-02
2.870970999999999940e+00   4.124307e-01   3.866239e-02
2.875681999999999849e+00   4.643391e-01   3.770958e-02
2.880393000000000203e+00   4.750955e-01   3.718928e-02
2.885104000000000113e+00   4.297609e-01   3.672161e-02
2.889816000000000162e+00   4.312221e-01   3.641827e-02
2.894527000000000072e+00   4.514811e-01   3.630284e-02
2.899237999999999982e+00   4.194904e-01   3.613570e-02
2.903948999999999891e+00   4.551295e-01   3.614477e-02
2.908660999999999941e+00   4.107373e-01   3.603954e-02
2.913371999999999851e+00   4.135665e-01   3.590602e-02
2.918083000000000204e+00   4.685902e-01   3.591298e-02
2.922794000000000114e+00   4.443319e-01   3.582910e-02
2.927506000000000164e+00   3.961966e-01   3.575521e-02
2.932217000000000073e+00   4.430245e-01   3.572152e-02
2.936927999999999983e+00   4.384130e-01   3.568259e-02
2.941638999999999893e+00   4.003214e-01   3.557850e-02
2.946350999999999942e+00   4.093182e-01   3.552237e-02
2.951061999999999852e+00   4.308084e-01   3.549225e-02
2.955773000000000206e+00   4.644566e-01   3.547105e-02
2.960484000000000115e+00   4.109155e-01   3.536086e-02
2.965196000000000165e+00   4.474685e-01   3.542174e-02
2.969907000000000075e+00   3.973956e-01   3.531793e-02
2.974617999999999984e+00   4.054772e-01   3.527254e-02
2.979328999999999894e+00   3.960722e-01   3.518202e-02
2.984040999999999944e+00   3.941520e-01   3.512917e-02
2.988751999999999853e+00   4.061095e-01   3.510028e-02
2.993463000000000207e+00   4.192274e-01   3.509622e-02
2.998174999999999812e+00   4.239849e-01   3.506644e-02
3.002886000000000166e+00   4.231597e-01   3.502172e-02
3.007597000000000076e+00   4.165596e-01   3.493587e-02
3.012307999999999986e+00   4.033841e-01   3.495998e-02
3.017020000000000035e+00   4.113479e-01   3.489877e-02
3.021730999999999945e+00   3.883071e-01   3.483054e-02
3.026441999999999855e+00   3.846785e-01   3.477298e-02
3.031153000000000208e+00   3.927260e-01   3.475557e-02
3.035864999999999814e+00   4.481877e-01   3.475080e-02
3.040576000000000167e+00   3.965240e-01   3.468802e-02
3.045287000000000077e+00   3.856705e-01   3.464524e-02
3.049997999999999987e+00   4.200918e-01   3.462324e-02
3.054710000000000036e+00   3.956557e-01   3.460813e-02
3.059420999999999946e+00   3.756701e-01   3.455590e-02
3.064131999999999856e+00   3.899438e-01   3.457019e-02
3.068843000000000210e+00   4.570698e-01   3.453584e-02
3.073554999999999815e+00   3.722722e-01   3.446481e-02
3.078266000000000169e+00   4.037771e-01   3.444236e-02
3.082977000000000078e+00   4.350818e-01   3.441736e-02
3.087687999999999988e+00   4.050901e-01   3.439516e-02
3.092400000000000038e+00   3.545869e-01   3.432433e-02
3.097110999999999947e+00   3.816462e-01   3.430045e-02
3.101821999999999857e+00   3.735543e-01   3.428822e-02
3.106533000000000211e+00   3.759893e-01   3.424256e-02
3.111244999999999816e+00   4.039221e-01   3.421080e-02
3.115956000000000170e+00   3.786708e-01   3.418205e-02
3.120667000000000080e+00   3.894850e-01   3.416566e-02
3.125377999999999989e+00   3.672672e-01   3.409710e-02
3.130090000000000039e+00   3.712893e-01   3.410060e-02
3.134800999999999949e+00   3.566794e-01   3.403034e-02
3.139511999999999858e+00   3.606955e-01   3.397715e-02
3.144223000000000212e+00   3.251699e-01   3.395460e-02
3.148934999999999818e+00   3.498845e-01   3.394304e-02
3.153646000000000171e+00   3.287016e-01   3.391626e-02
3.158357000000000081e+00   3.864289e-01   3.391421e-02
3.163067999999999991e+00   4.103236e-01   3.392768e-02
3.167780000000000040e+00   3.789914e-01   3.385969e-02
3.172490999999999950e+00   3.607553e-01   3.378386e-02
3.177201999999999860e+00   3.856071e-01   3.379820e-02
3.181913999999999909e+00   3.776689e-01   3.379808e-02
3.186624999999999819e+00   3.499958e-01   3.369941e-02
3.191336000000000173e+00   3.554573e-01   3.366958e-02
3.196047000000000082e+00   3.891004e-01   3.364628e-02
3.200759000000000132e+00   3.767357e-01   3.352100e-02
3.205470000000000041e+00   4.134751e-01   3.354258e-02
3.210180999999999951e+00   3.974270e-01   3.350967e-02
3.214891999999999861e+00   4.116939e-01   3.350154e-02
3.219603999999999910e+00   3.535971e-01   3.341453e-02
3.224314999999999820e+00   3.467178e-01   3.338620e-02
3.229026000000000174e+00   3.623117e-01   3.335407e-02
3.233737000000000084e+00   3.419765e-01   3.332922e-02
3.238449000000000133e+00   4.189109e-01   3.338984e-02
3.243160000000000043e+00   3.649823e-01   3.331638e-02
3.247870999999999952e+00   4.049279e-01   3.330396e-02
3.252581999999999862e+00   3.839614e-01   3.331981e-02
3.257293999999999912e+00   3.596535e-01   3.330024e-02
3.262004999999999821e+00   3.505097e-01   3.328828e-02
3.266716000000000175e+00   3.867066e-01   3.330853e-02
3.271427000000000085e+00   3.716944e-01   3.326611e-02
3.276139000000000134e+00   3.588546e-01   3.323473e-02
3.280850000000000044e+00   3.226435e-01   3.316249e-02
3.285560999999999954e+00   3.813017e-01   3.319112e-02
3.290271999999999863e+00   3.599743e-01   3.315074e-02
3.294983999999999913e+00   3.225592e-01   3.308158e-02
3.299694999999999823e+00   3.374924e-01   3.312143e-02
3.304406000000000176e+00   2.659445e-01   3.298908e-02
3.309117000000000086e+00   3.653391e-01   3.299369e-02
3.313829000000000136e+00   3.758292e-01   3.302852e-02
3.318540000000000045e+00   3.158762e-01   3.293431e-02
3.323250999999999955e+00   3.505241e-01   3.296977e-02
3.327961999999999865e+00   3.170324e-01   3.294793e-02
3.332673999999999914e+00   3.145111e-01   3.288277e-02
3.337384999999999824e+00   3.116320e-01   3.283638e-02
3.342096000000000178e+00   3.627254e-01   3.287323e-02
3.346807000000000087e+00   3.632333e-01   3.285087e-02
3.351519000000000137e+00   3.379393e-01   3.281167e-02
3.356230000000000047e+00   3.969274e-01   3.281674e-02
3.360940999999999956e+00   3.807192e-01   3.276304e-02
3.365653000000000006e+00   3.986802e-01   3.274571e-02
3.370363999999999916e+00   3.644627e-01   3.271427e-02
3.375074999999999825e+00   2.873551e-01   3.263759e-02
3.379786000000000179e+00   2.987216e-01   3.261617e-02
3.384497999999999784e+00   3.434388e-01   3.263812e-02
3.389209000000000138e+00   3.549094e-01   3.286523e-02
3.393920000000000048e+00   3.171870e-01   3.357822e-02
3.398630999999999958e+00   3.266203e-01   3.404819e-02
3.403343000000000007e+00   3.401026e-01   3.438523e-02
3.408053999999999917e+00   3.437844e-01   3.464346e-02
3.412764999999999826e+00   3.389116e-01   3.475529e-02
3.417476000000000180e+00   3.643285e-01   3.472427e-02
3.422187999999999786e+00   3.132203e-01   3.473651e-02
3.426899000000000139e+00   3.510458e-01   3.487936e-02
3.431610000000000049e+00   2.981076e-01   3.491849e-02
3.436320999999999959e+00   3.236334e-01   3.502158e-02
3.441033000000000008e+00   2.418191e-01   3.503915e-02
3.445743999999999918e+00   3.207442e-01   3.515941e-02
3.450454999999999828e+00   2.833432e-01   3.515506e-02
3.455166000000000182e+00   3.047765e-01   3.522397e-02
3.459877999999999787e+00   3.319386e-01   3.531622e-02
3.464589000000000141e+00   3.201826e-01   3.536880e-02
3.469300000000000050e+00   2.763949e-01   3.540795e-02
3.474010999999999960e+00   3.364316e-01   3.547009e-02
3.478723000000000010e+00   3.081844e-01   3.553678e-02
3.483433999999999919e+00   2.626691e-01   3.555758e-02
3.488144999999999829e+00   3.781436e-01   3.576110e-02
3.492856000000000183e+00   3.487398e-01   3.572899e-02
3.497567999999999788e+00   2.985551e-01   3.571579e-02
3.502279000000000142e+00   3.545731e-01   3.582678e-02
3.506990000000000052e+00   2.866014e-01   3.580550e-02
3.511700999999999961e+00   3.264609e-01   3.586315e-02
3.516413000000000011e+00   2.737406e-01   3.584970e-02
3.521123999999999921e+00   2.863655e-01   3.591554e-02
3.525834999999999830e+00   2.832030e-01   3.594877e-02
3.530546000000000184e+00   2.788001e-01   3.598805e-02
3.535257999999999790e+00   2.587451e-01   3.604413e-02
3.539969000000000143e+00   3.153959e-01   3.605376e-02
3.544680000000000053e+00   3.222401e-01   3.613659e-02
3.549392000000000102e+00   3.290560e-01   3.613173e-02
3.554103000000000012e+00   2.625542e-01   3.613025e-02
3.558813999999999922e+00   2.728037e-01   3.617069e-02
3.563524999999999832e+00   2.828155e-01   3.622874e-02
3.568236999999999881e+00   2.830681e-01   3.625614e-02
3.572947999999999791e+00   2.738606e-01   3.630799e-02
3.577659000000000145e+00   2.778835e-01   3.632448e-02
3.582370000000000054e+00   2.552436e-01   3.630092e-02
3.587082000000000104e+00   2.800159e-01   3.638948e-02
3.591793000000000013e+00   2.821296e-01   3.641949e-02
3.596503999999999923e+00   2.920571e-01   3.636469e-02
3.601214999999999833e+00   2.639338e-01   3.636092e-02
3.605926999999999882e+00   2.771551e-01   3.641634e-02
3.610637999999999792e+00   2.628395e-01   3.710292e-02
3.615349000000000146e+00   2.632396e-01   3.819401e-02
3.620060000000000056e+00   3.150574e-01   3.882900e-02
3.624772000000000105e+00   2.853206e-01   3.930010e-02
3.629483000000000015e+00   2.731990e-01   3.962840e-02
3.634193999999999924e+00   3.139748e-01   3.991804e-02
3.638904999999999834e+00   2.871650e-01   4.012272e-02
3.643616999999999884e+00   3.196490e-01   4.041085e-02
3.648327999999999793e+00   2.669729e-01   4.055673e-02
3.653039000000000147e+00   2.004802e-01   4.072526e-02
3.657750000000000057e+00   2.739333e-01   4.104342e-02
3.662462000000000106e+00   3.078362e-01   4.122759e-02
3.667173000000000016e+00   2.561043e-01   4.138609e-02
3.671883999999999926e+00   2.887881e-01   4.157896e-02
3.676594999999999835e+00   2.768826e-01   4.178628e-02
3.681306999999999885e+00   2.313506e-01   4.189539e-02
3.686017999999999795e+00   2.921647e-01   4.210669e-02
3.690729000000000148e+00   3.365024e-01   4.232515e-02
3.695440000000000058e+00   2.800770e-01   4.246525e-02
3.700152000000000108e+00   2.810054e-01   4.272259e-02
3.704863000000000017e+00   2.769440e-01   4.284715e-02
3.709573999999999927e+00   2.805275e-01   4.306408e-02
3.714284999999999837e+00   3.097444e-01   4.324873e-02
3.718996999999999886e+00   3.028869e-01   4.333472e-02
3.723707999999999796e+00   2.350363e-01   4.346926e-02
3.728419000000000150e+00   2.447042e-01   4.359884e-02
3.733131000000000199e+00   2.840254e-01   4.384156e-02
3.737842000000000109e+00   2.341713e-01   4.395015e-02
3.742553000000000019e+00   2.133829e-01   4.409460e-02
3.747263999999999928e+00   1.862796e-01   4.428806e-02
3.751975999999999978e+00   2.814103e-01   4.460854e-02
3.756686999999999887e+00   2.745079e-01   4.476770e-02
3.761397999999999797e+00   3.231716e-01   4.489152e-02
3.766109000000000151e+00   2.853963e-01   4.502614e-02
3.770821000000000200e+00   2.504157e-01   4.515827e-02
3.775532000000000110e+00   2.844251e-01   4.533038e-02
3.780243000000000020e+00   2.092438e-01   4.546938e-02
3.784953999999999930e+00   3.451494e-01   4.570965e-02
3.789665999999999979e+00   2.991601e-01   4.589776e-02
3.794376999999999889e+00   3.086851e-01   4.601404e-02
3.799087999999999798e+00   1.741482e-01   4.607817e-02
3.803799000000000152e+00   2.515430e-01   4.635275e-02
3.808511000000000202e+00   3.235096e-01   4.656571e-02
3.813222000000000111e+00   2.999190e-01   4.678263e-02
3.817933000000000021e+00   2.819370e-01   4.689751e-02
3.822643999999999931e+00   2.562047e-01   4.695739e-02
3.827355999999999980e+00   2.308585e-01   4.708230e-02
3.832066999999999890e+00   2.285357e-01   4.726409e-02
3.836777999999999800e+00   2.909185e-01   4.743114e-02
3.841489000000000154e+00   2.606121e-01   4.756931e-02
3.846201000000000203e+00   3.130252e-01   4.790081e-02
3.850912000000000113e+00   2.669748e-01   4.808041e-02
3.855623000000000022e+00   2.670633e-01   4.814743e-02
3.860333999999999932e+00   2.691641e-01   4.834027e-02
3.865045999999999982e+00   2.853057e-01   4.845653e-02
3.869756999999999891e+00   2.231342e-01   4.859445e-02
3.874467999999999801e+00   2.422353e-01   4.879725e-02
3.879179000000000155e+00   2.839789e-01   4.900033e-02
3.883891000000000204e+00   3.129241e-01   4.924649e-02
3.888602000000000114e+00   2.570857e-01   4.926828e-02
3.893313000000000024e+00   3.090461e-01   4.944026e-02
3.898023999999999933e+00   3.557115e-01   4.975112e-02
3.902735999999999983e+00   2.814081e-01   4.985418e-02
3.907446999999999893e+00   2.012930e-01   4.994846e-02
3.912157999999999802e+00   2.510123e-01   5.013153e-02
3.916869999999999852e+00   2.770963e-01   5.023250e-02
3.921581000000000206e+00   2.941873e-01   5.035736e-02
3.926292000000000115e+00   2.238714e-01   5.032577e-02
3.931003000000000025e+00   1.380958e-01   5.043537e-02
3.935715000000000074e+00   2.271480e-01   5.071407e-02
3.940425999999999984e+00   2.752583e-01   5.080054e-02
3.945136999999999894e+00   2.657195e-01   5.077154e-02
3.949847999999999804e+00   2.904794e-01   5.083740e-02
3.954559999999999853e+00   2.555735e-01   5.093711e-02
3.959271000000000207e+00   2.264799e-01   5.098399e-02
3.963982000000000117e+00   3.024712e-01   5.101343e-02
3.968693000000000026e+00   2.550891e-01   5.099272e-02
3.973405000000000076e+00   2.488571e-01   5.118611e-02
3.978115999999999985e+00   2.704372e-01   5.141678e-02
3.982826999999999895e+00   2.839599e-01   5.159593e-02
3.987537999999999805e+00   3.112444e-01   5.186371e-02
3.992249999999999854e+00   2.977605e-01   5.196588e-02
3.996961000000000208e+00   2.602208e-01   5.206211e-02
4.001672000000000118e+00   2.156922e-01   5.224239e-02
4.006382999999999583e+00   2.463395e-01   5.241336e-02
4.011095000000000077e+00   3.210832e-01   5.263924e-02
4.015806000000000431e+00   1.968146e-01   5.255939e-02
4.020516999999999896e+00   2.512064e-01   5.299864e-02
4.025228000000000250e+00   3.172158e-01   5.324922e-02
4.029939999999999856e+00   2.692401e-01   5.339952e-02
4.034651000000000209e+00   1.810452e-01   5.335264e-02
4.039361999999999675e+00   1.769044e-01   5.362274e-02
4.044073000000000029e+00   2.470055e-01   5.384423e-02
4.048784999999999634e+00   2.493781e-01   5.407922e-02
4.053495999999999988e+00   2.311044e-01   5.426741e-02
4.058207000000000342e+00   1.626543e-01   5.434387e-02
4.062917999999999807e+00   1.877047e-01   5.468864e-02
4.067630000000000301e+00   2.064002e-01   5.487908e-02
4.072340999999999767e+00   2.755016e-01   5.505850e-02
4.077052000000000120e+00   3.328290e-01   5.534592e-02
4.081762999999999586e+00   2.811219e-01   5.552633e-02
4.086475000000000080e+00   2.625076e-01   5.570163e-02
4.091186000000000433e+00   2.404586e-01   5.585095e-02
4.095896999999999899e+00   2.571518e-01   5.608166e-02
4.100609000000000393e+00   2.136973e-01   5.614251e-02
4.105319999999999858e+00   1.664606e-01   5.637140e-02
4.110031000000000212e+00   2.046265e-01   5.656598e-02
4.114741999999999678e+00   2.327740e-01   5.678859e-02
4.119454000000000171e+00   1.917927e-01   5.690322e-02
4.124164999999999637e+00   2.719208e-01   5.728467e-02
4.128875999999999991e+00   2.860871e-01   5.750141e-02
4.133587000000000344e+00   2.524556e-01   5.770231e-02
4.138298999999999950e+00   1.761839e-01   5.777225e-02
4.143010000000000304e+00   2.609704e-01   5.811878e-02
4.147720999999999769e+00   2.648456e-01   5.836758e-02
4.152432000000000123e+00   2.207802e-01   5.857618e-02
4.157143999999999728e+00   1.893489e-01   5.871606e-02
4.161855000000000082e+00   1.448692e-01   5.883241e-02
4.166566000000000436e+00   1.564679e-01   5.907394e-02
4.171276999999999902e+00   2.234818e-01   5.935107e-02
4.175989000000000395e+00   2.594983e-01   5.966890e-02
4.180699999999999861e+00   3.467193e-01   6.006604e-02
4.185411000000000215e+00   1.989006e-01   6.015390e-02
4.190121999999999680e+00   1.198192e-01   6.023460e-02
4.194834000000000174e+00   1.445851e-01   6.037228e-02
4.199544999999999639e+00   2.203213e-01   6.063737e-02
4.204255999999999993e+00   2.912824e-01   6.102042e-02
4.208967000000000347e+00   2.310805e-01   6.118123e-02
4.213678999999999952e+00   2.233367e-01   6.137748e-02
4.218390000000000306e+00   2.161235e-01   6.172065e-02
4.223100999999999772e+00   2.854822e-01   6.206071e-02
4.227812000000000126e+00   1.460809e-01   6.222560e-02
4.232523999999999731e+00   1.952289e-01   6.252638e-02
4.237235000000000085e+00   2.379514e-01   6.270609e-02
4.241946000000000438e+00   1.916645e-01   6.299090e-02
4.246656999999999904e+00   1.780681e-01   6.322216e-02
4.251369000000000398e+00   1.833968e-01   6.352822e-02
4.256079999999999863e+00   1.326907e-01   6.381651e-02
4.260791000000000217e+00   2.263291e-01   6.399638e-02
4.265501999999999683e+00   2.432922e-01   6.423742e-02
4.270214000000000176e+00   2.659958e-01   6.457846e-02
4.274924999999999642e+00   2.757532e-01   6.479945e-02
4.279635999999999996e+00   3.570946e-01   6.530793e-02
4.284347999999999601e+00   2.514259e-01   6.555898e-02
4.289058999999999955e+00   1.891821e-01   6.565650e-02
4.293770000000000309e+00   1.804127e-01   6.590094e-02
4.298480999999999774e+00   1.895775e-01   6.621067e-02
4.303193000000000268e+00   2.199218e-01   6.658700e-02
4.307903999999999733e+00   1.850616e-01   6.660204e-02
4.312615000000000087e+00   2.645613e-01   6.711519e-02
4.317326000000000441e+00   2.042353e-01   6.732315e-02
4.322038000000000046e+00   2.005799e-01   6.773375e-02
4.326749000000000400e+00   2.531800e-01   6.807815e-02
4.331459999999999866e+00   2.376695e-01   6.831289e-02
4.336171000000000220e+00   1.982042e-01   6.870210e-02
4.340882999999999825e+00   1.938349e-01   6.887459e-02
4.345594000000000179e+00   2.193052e-01   6.918345e-02
4.350304999999999644e+00   2.000629e-01   6.954305e-02
4.355015999999999998e+00   2.380012e-01   7.006068e-02
4.359727999999999604e+00   2.334723e-01   7.040793e-02
4.364438999999999957e+00   1.890873e-01   7.068305e-02
4.369150000000000311e+00   2.747873e-01   7.098611e-02
4.373860999999999777e+00   1.625669e-01   7.120884e-02
4.378573000000000270e+00   1.833746e-01   7.167873e-02
4.383283999999999736e+00   1.036587e-01   7.181500e-02
4.387995000000000090e+00   1.907793e-01   7.202307e-02
4.392706000000000444e+00   2.454832e-01   7.274731e-02
4.397418000000000049e+00   2.781546e-01   7.297915e-02
4.402129000000000403e+00   1.823158e-01   7.297051e-02
4.406839999999999868e+00   2.664426e-01   7.302311e-02
4.411551000000000222e+00   2.442524e-01   7.295026e-02
4.416262999999999828e+00   1.064147e-01   7.296791e-02
4.420974000000000181e+00   1.844243e-01   7.303971e-02
4.425684999999999647e+00   1.784997e-01   7.332290e-02
4.430396000000000001e+00   1.572951e-01   7.325214e-02
4.435107999999999606e+00   2.175457e-01   7.324838e-02
4.439818999999999960e+00   2.767001e-01   7.342533e-02
4.444530000000000314e+00   3.219814e-01   7.419985e-02
4.449240999999999779e+00   3.263800e-01   7.446397e-02
4.453953000000000273e+00   2.395971e-01   7.471793e-02
4.458663999999999739e+00   1.112041e-01   7.491907e-02
4.463375000000000092e+00   7.100976e-02   7.528465e-02
4.468086999999999698e+00   1.153183e-01   7.574396e-02
4.472798000000000052e+00   1.821105e-01   7.623399e-02
4.477509000000000405e+00   2.234486e-01   7.679194e-02
4.482219999999999871e+00   1.052908e-01   7.699334e-02
4.486932000000000365e+00   1.287267e-01   7.735456e-02
4.491642999999999830e+00   1.641821e-01   7.778856e-02
4.496354000000000184e+00   1.730992e-01   7.831794e-02
4.501064999999999650e+00   2.827830e-01   7.898064e-02
4.505777000000000143e+00   2.663695e-01   7.954849e-02
4.510487999999999609e+00   1.804815e-01   7.959415e-02
4.515198999999999963e+00   2.157657e-01   8.031651e-02
4.519910000000000316e+00   1.441278e-01   8.059125e-02
4.524621999999999922e+00   1.144064e-01   8.118978e-02
4.529333000000000276e+00   1.357324e-01   8.165070e-02
4.534043999999999741e+00   1.441630e-01   8.204725e-02
4.538755000000000095e+00   1.123421e-01   8.274262e-02
4.543466999999999700e+00   1.354407e-01   8.323629e-02
4.548178000000000054e+00   1.533751e-01   8.390738e-02
4.552889000000000408e+00   1.634224e-01   8.425296e-02
4.557599999999999874e+00   1.972891e-01   8.480869e-02
4.562312000000000367e+00   1.153898e-01   8.528400e-02
4.567022999999999833e+00   1.197671e-01   8.582331e-02
4.571734000000000187e+00   2.036204e-01   8.652557e-02
4.576444999999999652e+00   1.538361e-01   8.716792e-02
4.581157000000000146e+00   2.339967e-01   8.811132e-02
4.585867999999999611e+00   2.596129e-01   8.844375e-02
4.590578999999999965e+00   1.439061e-01   8.873978e-02
4.595290000000000319e+00   1.017119e-01   8.938778e-02
4.600001999999999924e+00   2.792131e-01   9.043691e-02
4.604713000000000278e+00   3.283733e-01   9.113798e-02
4.609423999999999744e+00   3.184548e-01   9.157703e-02
4.614135000000000097e+00   2.774843e-01   9.242471e-02
4.618846999999999703e+00   1.766618e-01   9.268344e-02
4.623558000000000057e+00   2.265066e-01   9.350853e-02
4.628269000000000410e+00   2.062809e-01   9.442633e-02
4.632979999999999876e+00   2.507532e-01   9.501171e-02
4.637692000000000370e+00   1.534196e-01   9.585971e-02
4.642402999999999835e+00   2.347378e-02   9.628203e-02
4.647114000000000189e+00  -2.300878e-02   9.668414e-02
4.651825999999999794e+00   2.133883e-01   9.811330e-02
4.656537000000000148e+00   2.202879e-01   9.918073e-02
4.661247999999999614e+00   1.339182e-01   9.978664e-02
4.665958999999999968e+00   1.752747e-01   1.003488e-01
4.670670999999999573e+00   8.528365e-02   1.011518e-01
4.675381999999999927e+00   2.070396e-01   1.022557e-01
4.680093000000000281e+00   1.442528e-01   1.030463e-01
4.684803999999999746e+00   2.543659e-01   1.043314e-01
4.689516000000000240e+00   2.287000e-01   1.053607e-01
4.694226999999999705e+00   1.748563e-01   1.066096e-01
4.698938000000000059e+00   2.094255e-01   1.073999e-01
4.703649000000000413e+00   6.954444e-02   1.077243e-01
4.708361000000000018e+00   6.577286e-02   1.091051e-01
4.713072000000000372e+00   5.927167e-02   1.107032e-01
4.717782999999999838e+00   2.269574e-01   1.121380e-01
4.722494000000000192e+00   1.772498e-01   1.134730e-01
4.727205999999999797e+00   1.460866e-02   1.141286e-01
4.731917000000000151e+00   1.699224e-01   1.151767e-01
4.736627999999999616e+00   2.622647e-01   1.171130e-01
4.741338999999999970e+00   2.657623e-01   1.185907e-01
4.746050999999999576e+00   6.605562e-02   1.198064e-01
4.750761999999999929e+00   1.436491e-01   1.214602e-01
4.755473000000000283e+00   2.967164e-01   1.230424e-01
4.760183999999999749e+00   9.942782e-02   1.239841e-01
4.764896000000000242e+00   4.422417e-02   1.259935e-01
4.769606999999999708e+00   1.668782e-01   1.280314e-01
4.774318000000000062e+00   4.499225e-01   1.303627e-01
4.779029000000000416e+00   2.268159e-01   1.320614e-01
4.783741000000000021e+00   2.857288e-01   1.334133e-01
4.788452000000000375e+00   3.094340e-01   1.357127e-01
4.793162999999999840e+00   1.298497e-01   1.374885e-01
4.797874000000000194e+00   1.293940e-01   1.394752e-01
4.802585999999999800e+00   2.577735e-01   1.423290e-01
4.807297000000000153e+00   4.005278e-01   1.451265e-01
4.812007999999999619e+00   3.026084e-01   1.464707e-01
4.816718999999999973e+00   2.862332e-01   1.499897e-01
4.821430999999999578e+00   1.467200e-01   1.525585e-01
4.826141999999999932e+00   2.472065e-01   1.555654e-01
4.830853000000000286e+00   1.688201e-01   1.587358e-01
4.835564999999999891e+00   2.086057e-01   1.625054e-01
4.840276000000000245e+00   2.241930e-02   1.651568e-01
4.844986999999999711e+00   3.104008e-02   1.696013e-01
4.849698000000000064e+00   1.731768e-01   1.744840e-01
4.854409999999999670e+00   2.158013e-02   1.793726e-01
4.859121000000000024e+00   7.875201e-02   1.839631e-01
4.863832000000000377e+00   2.589043e-01   1.899863e-01
4.868542999999999843e+00   1.293115e-01   1.948536e-01
4.873255000000000337e+00   1.583066e-01   2.016872e-01
4.877965999999999802e+00   2.404302e-01   2.090247e-01
4.882677000000000156e+00   1.570873e-02   2.151987e-01
4.887387999999999622e+00   2.081107e-02   2.219594e-01
4.892100000000000115e+00   1.357060e-01   2.341931e-01
4.896810999999999581e+00  -2.316319e-02   2.456597e-01
4.901521999999999935e+00  -2.686182e-01   2.576045e-01
4.906233000000000288e+00   5.499749e-03   2.723380e-01
4.910944999999999894e+00   2.883886e-01   2.902528e-01
4.915656000000000247e+00   1.012361e-01   3.121941e-01
4.920366999999999713e+00   2.346746e-01   3.426529e-01
4.925078000000000067e+00   1.132957e-01   3.782784e-01
4.929789999999999672e+00  -4.570029e-01   4.303857e-01
4.934501000000000026e+00   3.851341e-01   5.192663e-01
4.939212000000000380e+00   7.503720e-01   6.831827e-01
4.943922999999999845e+00   1.934382e-01   1.217525e+00