# [2]
# Sample c= 2.43 mg/ml
# Intensity scaled by concentration
# Buffer subtracted data file:
# Protein DatFile = /data/visitor/mx1908/bm29/20161119/giulio/1d/mM30Acetate_106_ave.dat
# Buffer DatFile = /data/visitor/mx1908/bm29/20161119/giulio/ednaSub/mM30Acetate_106_ave_averbuffer.dat
# 
# AutoRg: Rg   =   0.9375 +/- 0.12 ( 12.6%)
# AutoRg: I(0) =   2.98 +/- 0.0239
# AutoRg: Points   163 to 249 ( 87 total)
# AutoRg: Quality: 62.4%
# 
# 
# Sample Information:
# Storage Temperature (degrees C): 20.0
# Measurement Temperature (degrees C): 20.01
# Concentration: 2.43
# Code: 
3.479420999999999903e-02   2.146621e+00   3.994528e+00
3.950545999999999919e-02   3.130018e-01   1.595695e+00
4.421672000000000102e-02   8.029056e-01   1.042792e+00
4.892798000000000286e-02   1.402960e+00   8.011259e-01
5.363923000000000302e-02   8.741904e-01   6.408186e-01
5.835048999999999791e-02  -1.087590e-01   5.240810e-01
6.306174999999999975e-02   3.339278e-03   4.346342e-01
6.777299999999999991e-02   6.217791e-01   3.694355e-01
7.248425999999999481e-02   5.134214e-01   3.195438e-01
7.719552000000000358e-02   9.993164e-01   2.823481e-01
8.190677000000000374e-02   1.041706e+00   2.500268e-01
8.661802999999999864e-02   1.184123e+00   2.251590e-01
9.132928999999999353e-02   1.088170e+00   2.060023e-01
9.604053999999999369e-02   1.334619e+00   1.902000e-01
1.007518000000000025e-01   1.370616e+00   1.760020e-01
1.054631000000000041e-01   1.341334e+00   1.640131e-01
1.101743000000000028e-01   1.473866e+00   1.542472e-01
1.148856000000000044e-01   1.439539e+00   1.450668e-01
1.195968000000000031e-01   1.327529e+00   1.371329e-01
1.243081000000000047e-01   1.577027e+00   1.303404e-01
1.290193000000000034e-01   1.413029e+00   1.246121e-01
1.337306000000000050e-01   1.391058e+00   1.194075e-01
1.384419000000000066e-01   1.461932e+00   1.149530e-01
1.431531000000000053e-01   1.512160e+00   1.107863e-01
1.478644000000000069e-01   1.693717e+00   1.076194e-01
1.525756000000000057e-01   1.643768e+00   1.041891e-01
1.572869000000000073e-01   1.681889e+00   1.012110e-01
1.619981000000000060e-01   1.768797e+00   9.820558e-02
1.667094000000000076e-01   1.692926e+00   9.555164e-02
1.714206000000000063e-01   1.722534e+00   9.341029e-02
1.761319000000000079e-01   1.765354e+00   9.129847e-02
1.808432000000000095e-01   1.714588e+00   8.903116e-02
1.855544000000000082e-01   1.730370e+00   8.739738e-02
1.902657000000000098e-01   1.826508e+00   8.571321e-02
1.949769000000000085e-01   1.710725e+00   8.402509e-02
1.996882000000000101e-01   1.671239e+00   8.265994e-02
2.043994000000000089e-01   1.867306e+00   8.131206e-02
2.091107000000000105e-01   1.886505e+00   8.009597e-02
2.138220000000000121e-01   1.786387e+00   7.877614e-02
2.185332000000000108e-01   1.785722e+00   7.742430e-02
2.232445000000000124e-01   1.783395e+00   7.623897e-02
2.279557000000000111e-01   1.956846e+00   7.529263e-02
2.326670000000000127e-01   1.956621e+00   7.443669e-02
2.373782000000000114e-01   1.821405e+00   7.339305e-02
2.420895000000000130e-01   1.843499e+00   7.239424e-02
2.468007000000000117e-01   1.814445e+00   7.151426e-02
2.515120000000000133e-01   1.867461e+00   7.063815e-02
2.562232999999999872e-01   1.761295e+00   6.976900e-02
2.609345000000000137e-01   1.862782e+00   6.900415e-02
2.656457999999999875e-01   1.992361e+00   6.842253e-02
2.703570000000000140e-01   1.956691e+00   6.764242e-02
2.750682999999999878e-01   1.944073e+00   6.705971e-02
2.797795000000000143e-01   1.949723e+00   6.628766e-02
2.844907999999999881e-01   1.889418e+00   6.547733e-02
2.892021000000000175e-01   1.983995e+00   6.499653e-02
2.939132999999999885e-01   1.943310e+00   6.440219e-02
2.986246000000000178e-01   1.906145e+00   6.357884e-02
3.033357999999999888e-01   1.916833e+00   6.306015e-02
3.080471000000000181e-01   2.012656e+00   6.267836e-02
3.127582999999999891e-01   1.973252e+00   6.213537e-02
3.174696000000000184e-01   1.918973e+00   6.155055e-02
3.221808999999999923e-01   2.014366e+00   6.116405e-02
3.268921000000000188e-01   2.007459e+00   6.062475e-02
3.316033999999999926e-01   2.032647e+00   6.032795e-02
3.363146000000000191e-01   2.050985e+00   6.077343e-02
3.410258999999999929e-01   1.978570e+00   6.113443e-02
3.457371000000000194e-01   1.930310e+00   6.137964e-02
3.504483999999999932e-01   1.955993e+00   6.224698e-02
3.551596000000000197e-01   2.079352e+00   6.363541e-02
3.598708999999999936e-01   2.170113e+00   6.449791e-02
3.645822000000000229e-01   2.035260e+00   6.500199e-02
3.692933999999999939e-01   2.006008e+00   6.546509e-02
3.740047000000000232e-01   2.103781e+00   6.605104e-02
3.787158999999999942e-01   2.208857e+00   6.648703e-02
3.834272000000000236e-01   2.127140e+00   6.668951e-02
3.881383999999999945e-01   2.046999e+00   6.702029e-02
3.928497000000000239e-01   2.123729e+00   6.880629e-02
3.975609999999999977e-01   2.207876e+00   7.078516e-02
4.022722000000000242e-01   2.097326e+00   7.219440e-02
4.069834999999999980e-01   2.167312e+00   7.365276e-02
4.116947000000000245e-01   2.201623e+00   7.496268e-02
4.164059999999999984e-01   2.218976e+00   7.605091e-02
4.211172000000000248e-01   2.186042e+00   7.713566e-02
4.258284999999999987e-01   2.275447e+00   7.836856e-02
4.305397000000000252e-01   2.187407e+00   7.940457e-02
4.352509999999999990e-01   2.169437e+00   8.030207e-02
4.399622999999999728e-01   2.281272e+00   8.181730e-02
4.446734999999999993e-01   2.237442e+00   8.316068e-02
4.493847999999999732e-01   2.271911e+00   8.435335e-02
4.540959999999999996e-01   2.232521e+00   8.506491e-02
4.588072999999999735e-01   2.347463e+00   8.233352e-02
4.635185000000000000e-01   2.224832e+00   8.009751e-02
4.682297999999999738e-01   2.235136e+00   7.897411e-02
4.729411000000000032e-01   2.204595e+00   7.797540e-02
4.776522999999999741e-01   2.267523e+00   7.717766e-02
4.823636000000000035e-01   2.225117e+00   7.667352e-02
4.870747999999999744e-01   2.326364e+00   7.631471e-02
4.917861000000000038e-01   2.315432e+00   7.575184e-02
4.964972999999999748e-01   2.248740e+00   7.516381e-02
5.012086000000000041e-01   2.264205e+00   7.500895e-02
5.059198999999999780e-01   2.249403e+00   7.464644e-02
5.106311000000000044e-01   2.264629e+00   7.433109e-02
5.153423999999999783e-01   2.255530e+00   7.386322e-02
5.200536000000000048e-01   2.404241e+00   7.352405e-02
5.247648999999999786e-01   2.353576e+00   7.297809e-02
5.294761000000000051e-01   2.264151e+00   7.231467e-02
5.341873999999999789e-01   2.363560e+00   7.186541e-02
5.388986000000000054e-01   2.376189e+00   7.149277e-02
5.436098999999999792e-01   2.357575e+00   7.100345e-02
5.483211999999999531e-01   2.369315e+00   7.035489e-02
5.530323999999999796e-01   2.428271e+00   7.017005e-02
5.577436999999999534e-01   2.339149e+00   6.960506e-02
5.624548999999999799e-01   2.296801e+00   6.920088e-02
5.671661999999999537e-01   2.300140e+00   6.887237e-02
5.718773999999999802e-01   2.277660e+00   6.872898e-02
5.765886999999999540e-01   2.292382e+00   6.865984e-02
5.813000000000000389e-01   2.438839e+00   6.855917e-02
5.860111999999999544e-01   2.377174e+00   6.829405e-02
5.907225000000000392e-01   2.435610e+00   6.812704e-02
5.954336999999999547e-01   2.363702e+00   6.784620e-02
6.001450000000000395e-01   2.482743e+00   6.800853e-02
6.048561999999999550e-01   2.517042e+00   6.794688e-02
6.095675000000000399e-01   2.400772e+00   6.749955e-02
6.142788000000000137e-01   2.418865e+00   6.736097e-02
6.189900000000000402e-01   2.473749e+00   6.725336e-02
6.237013000000000140e-01   2.470464e+00   6.715392e-02
6.284125000000000405e-01   2.403807e+00   6.681952e-02
6.331238000000000143e-01   2.414292e+00   6.684974e-02
6.378350000000000408e-01   2.365697e+00   6.663511e-02
6.425463000000000147e-01   2.423043e+00   6.649084e-02
6.472575000000000411e-01   2.425745e+00   6.633874e-02
6.519688000000000150e-01   2.383283e+00   6.613490e-02
6.566800999999999888e-01   2.406932e+00   6.599531e-02
6.613913000000000153e-01   2.347761e+00   6.568119e-02
6.661025999999999891e-01   2.515414e+00   6.568377e-02
6.708138000000000156e-01   2.432324e+00   6.553318e-02
6.755250999999999895e-01   2.494453e+00   6.549794e-02
6.802363000000000159e-01   2.462622e+00   6.542888e-02
6.849475999999999898e-01   2.371616e+00   6.506975e-02
6.896588999999999636e-01   2.410004e+00   6.501292e-02
6.943700999999999901e-01   2.474979e+00   6.487896e-02
6.990813999999999639e-01   2.491395e+00   6.477983e-02
7.037925999999999904e-01   2.385778e+00   6.457628e-02
7.085038999999999643e-01   2.482270e+00   6.451921e-02
7.132150999999999907e-01   2.548871e+00   6.443820e-02
7.179263999999999646e-01   2.480615e+00   6.430657e-02
7.226375999999999911e-01   2.508547e+00   6.415783e-02
7.273488999999999649e-01   2.433611e+00   6.389843e-02
7.320602000000000498e-01   2.554537e+00   6.391076e-02
7.367713999999999652e-01   2.456664e+00   6.366397e-02
7.414827000000000501e-01   2.420037e+00   6.352513e-02
7.461938999999999655e-01   2.459658e+00   6.350645e-02
7.509052000000000504e-01   2.452201e+00   6.329628e-02
7.556163999999999659e-01   2.453566e+00   6.309563e-02
7.603277000000000507e-01   2.492088e+00   6.308902e-02
7.650390000000000246e-01   2.490037e+00   6.286733e-02
7.697502000000000510e-01   2.434834e+00   6.263618e-02
7.744615000000000249e-01   2.370072e+00   6.246664e-02
7.791727000000000514e-01   2.403970e+00   6.243094e-02
7.838840000000000252e-01   2.399755e+00   6.228226e-02
7.885952000000000517e-01   2.428422e+00   6.208622e-02
7.933065000000000255e-01   2.398097e+00   6.207613e-02
7.980177999999999994e-01   2.422886e+00   6.209359e-02
8.027290000000000258e-01   2.443539e+00   6.180105e-02
8.074402999999999997e-01   2.446962e+00   6.161536e-02
8.121515000000000262e-01   2.426130e+00   6.150710e-02
8.168628000000000000e-01   2.425869e+00   6.130727e-02
8.215740000000000265e-01   2.442957e+00   6.131202e-02
8.262853000000000003e-01   2.431720e+00   6.121117e-02
8.309965000000000268e-01   2.434708e+00   6.096612e-02
8.357078000000000007e-01   2.372503e+00   6.091705e-02
8.404190999999999745e-01   2.387113e+00   6.085329e-02
8.451303000000000010e-01   2.382245e+00   6.073076e-02
8.498415999999999748e-01   2.463089e+00   6.057797e-02
8.545528000000000013e-01   2.407397e+00   6.049446e-02
8.592640999999999751e-01   2.385659e+00   6.032559e-02
8.639753000000000016e-01   2.467706e+00   6.024149e-02
8.686865999999999755e-01   2.320572e+00   5.990856e-02
8.733978999999999493e-01   2.369859e+00   5.996337e-02
8.781090999999999758e-01   2.378533e+00   5.978456e-02
8.828203999999999496e-01   2.301982e+00   5.965884e-02
8.875315999999999761e-01   2.343933e+00   5.955849e-02
8.922428999999999499e-01   2.385124e+00   5.944632e-02
8.969540999999999764e-01   2.282626e+00   5.926028e-02
9.016653999999999503e-01   2.311948e+00   5.914426e-02
9.063767000000000351e-01   2.274283e+00   5.899647e-02
9.110878999999999506e-01   2.363942e+00   5.898105e-02
9.157992000000000354e-01   2.354173e+00   5.885798e-02
9.205103999999999509e-01   2.412954e+00   5.877491e-02
9.252217000000000358e-01   2.351224e+00   5.867404e-02
9.299328999999999512e-01   2.301868e+00   5.854238e-02
9.346442000000000361e-01   2.282013e+00   5.821943e-02
9.393553999999999515e-01   2.287839e+00   5.821318e-02
9.440667000000000364e-01   2.301806e+00   5.825630e-02
9.487780000000000102e-01   2.369010e+00   5.805882e-02
9.534892000000000367e-01   2.283136e+00   5.796154e-02
9.582005000000000106e-01   2.315262e+00   5.788500e-02
9.629117000000000370e-01   2.270638e+00   5.775891e-02
9.676230000000000109e-01   2.178930e+00   5.749100e-02
9.723342000000000374e-01   2.252263e+00   5.748379e-02
9.770455000000000112e-01   2.335828e+00   5.744256e-02
9.817567999999999850e-01   2.312247e+00   5.730783e-02
9.864680000000000115e-01   2.244349e+00   5.710264e-02
9.911792999999999854e-01   2.184487e+00   5.695521e-02
9.958905000000000118e-01   2.246621e+00   5.695245e-02
1.000601999999999991e+00   2.257438e+00   5.679462e-02
1.005312999999999901e+00   2.220998e+00   5.671319e-02
1.010024000000000033e+00   2.230005e+00   5.668012e-02
1.014736000000000082e+00   2.210843e+00   5.649969e-02
1.019446999999999992e+00   2.222852e+00   5.647832e-02
1.024157999999999902e+00   2.182052e+00   5.630162e-02
1.028869000000000034e+00   2.138566e+00   5.611039e-02
1.033581000000000083e+00   2.236248e+00   5.607543e-02
1.038291999999999993e+00   2.174038e+00   5.600989e-02
1.043002999999999902e+00   2.179872e+00   5.585849e-02
1.047714000000000034e+00   2.224974e+00   5.576692e-02
1.052426000000000084e+00   2.175824e+00   5.562305e-02
1.057136999999999993e+00   2.110132e+00   5.554016e-02
1.061847999999999903e+00   2.135520e+00   5.546882e-02
1.066559000000000035e+00   2.144610e+00   5.539383e-02
1.071271000000000084e+00   2.111658e+00   5.528734e-02
1.075981999999999994e+00   2.103063e+00   5.505035e-02
1.080692999999999904e+00   2.108002e+00   5.501931e-02
1.085404000000000035e+00   2.072003e+00   5.485437e-02
1.090116000000000085e+00   2.149173e+00   5.498696e-02
1.094826999999999995e+00   2.139022e+00   5.480112e-02
1.099537999999999904e+00   2.182075e+00   5.471603e-02
1.104249000000000036e+00   2.093640e+00   5.456188e-02
1.108961000000000086e+00   2.088177e+00   5.447548e-02
1.113671999999999995e+00   2.076971e+00   5.432953e-02
1.118382999999999905e+00   2.077573e+00   5.426283e-02
1.123094000000000037e+00   2.055176e+00   5.406085e-02
1.127806000000000086e+00   2.078705e+00   5.396077e-02
1.132516999999999996e+00   2.025365e+00   5.382417e-02
1.137227999999999906e+00   2.002328e+00   5.378301e-02
1.141939000000000037e+00   2.026696e+00   5.374373e-02
1.146651000000000087e+00   2.040418e+00   5.363892e-02
1.151361999999999997e+00   1.980413e+00   5.353196e-02
1.156072999999999906e+00   1.982081e+00   5.346224e-02
1.160784000000000038e+00   1.980255e+00   5.337655e-02
1.165496000000000087e+00   1.949746e+00   5.328453e-02
1.170206999999999997e+00   2.010390e+00   5.316662e-02
1.174917999999999907e+00   1.918482e+00   5.307642e-02
1.179629999999999956e+00   1.931348e+00   5.295169e-02
1.184341000000000088e+00   1.978160e+00   5.290402e-02
1.189051999999999998e+00   1.965893e+00   5.285275e-02
1.193762999999999908e+00   1.944985e+00   5.286506e-02
1.198474999999999957e+00   1.921667e+00   5.398961e-02
1.203186000000000089e+00   1.941412e+00   5.538475e-02
1.207896999999999998e+00   1.999091e+00   5.642441e-02
1.212607999999999908e+00   1.980127e+00   5.716089e-02
1.217319999999999958e+00   1.966574e+00   5.773381e-02
1.222031000000000089e+00   1.928459e+00   5.832460e-02
1.226741999999999999e+00   1.855173e+00   5.872370e-02
1.231452999999999909e+00   1.965564e+00   5.923734e-02
1.236164999999999958e+00   1.856757e+00   5.972806e-02
1.240876000000000090e+00   1.904568e+00   6.026093e-02
1.245587000000000000e+00   1.907341e+00   6.046293e-02
1.250297999999999909e+00   1.819772e+00   6.042373e-02
1.255009999999999959e+00   1.939739e+00   6.078527e-02
1.259721000000000091e+00   1.837837e+00   6.059951e-02
1.264432000000000000e+00   1.815585e+00   5.870877e-02
1.269142999999999910e+00   1.886102e+00   5.719294e-02
1.273854999999999960e+00   1.800176e+00   5.602926e-02
1.278566000000000091e+00   1.795249e+00   5.528958e-02
1.283277000000000001e+00   1.786888e+00   5.474217e-02
1.287987999999999911e+00   1.820521e+00   5.434957e-02
1.292699999999999960e+00   1.731600e+00   5.371424e-02
1.297411000000000092e+00   1.774366e+00   5.334633e-02
1.302122000000000002e+00   1.848528e+00   5.305238e-02
1.306832999999999911e+00   1.768771e+00   5.270581e-02
1.311544999999999961e+00   1.762360e+00   5.251125e-02
1.316256000000000093e+00   1.837150e+00   5.241229e-02
1.320967000000000002e+00   1.794181e+00   5.223979e-02
1.325677999999999912e+00   1.739870e+00   5.209988e-02
1.330389999999999961e+00   1.717243e+00   5.190413e-02
1.335101000000000093e+00   1.726241e+00   5.189174e-02
1.339812000000000003e+00   1.732861e+00   5.174347e-02
1.344522999999999913e+00   1.700753e+00   5.160894e-02
1.349234999999999962e+00   1.758440e+00   5.154757e-02
1.353946000000000094e+00   1.662202e+00   5.138927e-02
1.358657000000000004e+00   1.688523e+00   5.122786e-02
1.363369000000000053e+00   1.683192e+00   5.117294e-02
1.368079999999999963e+00   1.712007e+00   5.106673e-02
1.372791000000000095e+00   1.722056e+00   5.097890e-02
1.377502000000000004e+00   1.654182e+00   5.076622e-02
1.382214000000000054e+00   1.643948e+00   5.078399e-02
1.386924999999999963e+00   1.678008e+00   5.067702e-02
1.391636000000000095e+00   1.665872e+00   5.052431e-02
1.396347000000000005e+00   1.625853e+00   5.040792e-02
1.401059000000000054e+00   1.678494e+00   5.039805e-02
1.405769999999999964e+00   1.626469e+00   5.024953e-02
1.410481000000000096e+00   1.634754e+00   5.015648e-02
1.415192000000000005e+00   1.635534e+00   5.011373e-02
1.419904000000000055e+00   1.613696e+00   4.999849e-02
1.424614999999999965e+00   1.613406e+00   4.987401e-02
1.429326000000000096e+00   1.645573e+00   4.985046e-02
1.434037000000000006e+00   1.567524e+00   4.963902e-02
1.438749000000000056e+00   1.594217e+00   4.960945e-02
1.443459999999999965e+00   1.604549e+00   4.955899e-02
1.448171000000000097e+00   1.607754e+00   4.943531e-02
1.452882000000000007e+00   1.596450e+00   4.938750e-02
1.457594000000000056e+00   1.571997e+00   4.924815e-02
1.462304999999999966e+00   1.521651e+00   4.910331e-02
1.467016000000000098e+00   1.570351e+00   4.912798e-02
1.471727000000000007e+00   1.567089e+00   4.904740e-02
1.476439000000000057e+00   1.531180e+00   4.897789e-02
1.481149999999999967e+00   1.538081e+00   4.889647e-02
1.485861000000000098e+00   1.551275e+00   4.874823e-02
1.490572000000000008e+00   1.494451e+00   4.856342e-02
1.495284000000000058e+00   1.510951e+00   4.860747e-02
1.499994999999999967e+00   1.531301e+00   4.859644e-02
1.504706000000000099e+00   1.493814e+00   4.836030e-02
1.509417000000000009e+00   1.527404e+00   4.846631e-02
1.514129000000000058e+00   1.471077e+00   4.848353e-02
1.518839999999999968e+00   1.500627e+00   4.990504e-02
1.523551000000000100e+00   1.560738e+00   5.102799e-02
1.528262999999999927e+00   1.489892e+00   5.170218e-02
1.532974000000000059e+00   1.479002e+00   5.224798e-02
1.537684999999999969e+00   1.409571e+00   5.267266e-02
1.542396000000000100e+00   1.444756e+00   5.276151e-02
1.547107999999999928e+00   1.453719e+00   5.141119e-02
1.551819000000000059e+00   1.479249e+00   5.078076e-02
1.556529999999999969e+00   1.421172e+00   5.023786e-02
1.561241000000000101e+00   1.389717e+00   4.964879e-02
1.565952999999999928e+00   1.400619e+00   4.918270e-02
1.570664000000000060e+00   1.407702e+00   4.868492e-02
1.575374999999999970e+00   1.391814e+00   4.818989e-02
1.580086000000000102e+00   1.375941e+00   4.773285e-02
1.584797999999999929e+00   1.404661e+00   4.752119e-02
1.589509000000000061e+00   1.374995e+00   4.735428e-02
1.594219999999999970e+00   1.331526e+00   4.725910e-02
1.598931000000000102e+00   1.360703e+00   4.737106e-02
1.603642999999999930e+00   1.415707e+00   4.751292e-02
1.608354000000000061e+00   1.391592e+00   4.751313e-02
1.613064999999999971e+00   1.355343e+00   4.740040e-02
1.617776000000000103e+00   1.407056e+00   4.741739e-02
1.622487999999999930e+00   1.325971e+00   4.722532e-02
1.627199000000000062e+00   1.356232e+00   4.713117e-02
1.631909999999999972e+00   1.386196e+00   4.716141e-02
1.636621000000000103e+00   1.304015e+00   4.695208e-02
1.641332999999999931e+00   1.344793e+00   4.691712e-02
1.646044000000000063e+00   1.390457e+00   4.688796e-02
1.650754999999999972e+00   1.339917e+00   4.673185e-02
1.655466000000000104e+00   1.307720e+00   4.666025e-02
1.660177999999999932e+00   1.288232e+00   4.653407e-02
1.664889000000000063e+00   1.290026e+00   4.650886e-02
1.669599999999999973e+00   1.324944e+00   4.645359e-02
1.674311000000000105e+00   1.259061e+00   4.629074e-02
1.679022999999999932e+00   1.263134e+00   4.622084e-02
1.683734000000000064e+00   1.331262e+00   4.628191e-02
1.688444999999999974e+00   1.304315e+00   4.614926e-02
1.693156000000000105e+00   1.267463e+00   4.604637e-02
1.697867999999999933e+00   1.253715e+00   4.602317e-02
1.702579000000000065e+00   1.220840e+00   4.587935e-02
1.707289999999999974e+00   1.229206e+00   4.584090e-02
1.712002000000000024e+00   1.250238e+00   4.578598e-02
1.716712999999999933e+00   1.237857e+00   4.568693e-02
1.721424000000000065e+00   1.245491e+00   4.565387e-02
1.726134999999999975e+00   1.177333e+00   4.549178e-02
1.730847000000000024e+00   1.184324e+00   4.542550e-02
1.735557999999999934e+00   1.195021e+00   4.539861e-02
1.740269000000000066e+00   1.222686e+00   4.535167e-02
1.744979999999999976e+00   1.192778e+00   4.536433e-02
1.749692000000000025e+00   1.230097e+00   4.522972e-02
1.754402999999999935e+00   1.193230e+00   4.511344e-02
1.759114000000000066e+00   1.168541e+00   4.501269e-02
1.763824999999999976e+00   1.180539e+00   4.502069e-02
1.768537000000000026e+00   1.188012e+00   4.496597e-02
1.773247999999999935e+00   1.211416e+00   4.488439e-02
1.777959000000000067e+00   1.164566e+00   4.474912e-02
1.782669999999999977e+00   1.183259e+00   4.478510e-02
1.787382000000000026e+00   1.187173e+00   4.470638e-02
1.792092999999999936e+00   1.175500e+00   4.461784e-02
1.796804000000000068e+00   1.126733e+00   4.455215e-02
1.801514999999999977e+00   1.174859e+00   4.449510e-02
1.806227000000000027e+00   1.136458e+00   4.442231e-02
1.810937999999999937e+00   1.177583e+00   4.443399e-02
1.815649000000000068e+00   1.164842e+00   4.430547e-02
1.820359999999999978e+00   1.122117e+00   4.426467e-02
1.825072000000000028e+00   1.072140e+00   4.419421e-02
1.829782999999999937e+00   1.089543e+00   4.413080e-02
1.834494000000000069e+00   1.086306e+00   4.405430e-02
1.839204999999999979e+00   1.063898e+00   4.398255e-02
1.843917000000000028e+00   1.069875e+00   4.390225e-02
1.848627999999999938e+00   1.031240e+00   4.371590e-02
1.853339000000000070e+00   1.099926e+00   4.374655e-02
1.858049999999999979e+00   1.064914e+00   4.367567e-02
1.862762000000000029e+00   1.114385e+00   4.363935e-02
1.867472999999999939e+00   1.084213e+00   4.360241e-02
1.872184000000000070e+00   1.066807e+00   4.355345e-02
1.876894999999999980e+00   1.093608e+00   4.357891e-02
1.881607000000000030e+00   1.037265e+00   4.348968e-02
1.886317999999999939e+00   1.066072e+00   4.340433e-02
1.891029000000000071e+00   1.022575e+00   4.330208e-02
1.895740999999999898e+00   1.063301e+00   4.328015e-02
1.900452000000000030e+00   1.025292e+00   4.324529e-02
1.905162999999999940e+00   1.059394e+00   4.319643e-02
1.909874000000000072e+00   1.075983e+00   4.312811e-02
1.914585999999999899e+00   1.026526e+00   4.298614e-02
1.919297000000000031e+00   1.009179e+00   4.295627e-02
1.924007999999999940e+00   9.832831e-01   4.298980e-02
1.928719000000000072e+00   9.936807e-01   4.288642e-02
1.933430999999999900e+00   1.026383e+00   4.283391e-02
1.938142000000000031e+00   1.065138e+00   4.273001e-02
1.942852999999999941e+00   1.020067e+00   4.257066e-02
1.947564000000000073e+00   1.031091e+00   4.248027e-02
1.952275999999999900e+00   1.023879e+00   4.233011e-02
1.956987000000000032e+00   9.396309e-01   4.227568e-02
1.961697999999999942e+00   9.940163e-01   4.223768e-02
1.966409000000000074e+00   9.827293e-01   4.217781e-02
1.971120999999999901e+00   9.534496e-01   4.214624e-02
1.975832000000000033e+00   9.168161e-01   4.211955e-02
1.980542999999999942e+00   9.393907e-01   4.209089e-02
1.985254000000000074e+00   1.040231e+00   4.213012e-02
1.989965999999999902e+00   9.910585e-01   4.213367e-02
1.994677000000000033e+00   9.938351e-01   4.215379e-02
1.999387999999999943e+00   9.916220e-01   4.220397e-02
2.004099000000000075e+00   9.582109e-01   4.316733e-02
2.008811000000000124e+00   9.271378e-01   4.402939e-02
2.013522000000000034e+00   9.385698e-01   4.472122e-02
2.018232999999999944e+00   9.775577e-01   4.519785e-02
2.022943999999999853e+00   9.714234e-01   4.567015e-02
2.027655999999999903e+00   9.705058e-01   4.602298e-02
2.032366999999999813e+00   8.873955e-01   4.618292e-02
2.037078000000000166e+00   9.157478e-01   4.636473e-02
2.041789000000000076e+00   9.428599e-01   4.652379e-02
2.046501000000000126e+00   8.764001e-01   4.649602e-02
2.051212000000000035e+00   9.267742e-01   4.674289e-02
2.055922999999999945e+00   9.291075e-01   4.685912e-02
2.060633999999999855e+00   8.772706e-01   4.686349e-02
2.065345999999999904e+00   9.105020e-01   4.684886e-02
2.070056999999999814e+00   9.210891e-01   4.551289e-02
2.074768000000000168e+00   9.500913e-01   4.461892e-02
2.079480000000000217e+00   8.965176e-01   4.395108e-02
2.084191000000000127e+00   8.516696e-01   4.342237e-02
2.088902000000000037e+00   8.342071e-01   4.302906e-02
2.093612999999999946e+00   9.296086e-01   4.284732e-02
2.098324999999999996e+00   8.646656e-01   4.259829e-02
2.103035999999999905e+00   8.908933e-01   4.248912e-02
2.107746999999999815e+00   8.628000e-01   4.233745e-02
2.112458000000000169e+00   8.459887e-01   4.223354e-02
2.117170000000000218e+00   7.787614e-01   4.210935e-02
2.121881000000000128e+00   8.017191e-01   4.204168e-02
2.126592000000000038e+00   8.344377e-01   4.198259e-02
2.131302999999999948e+00   8.485277e-01   4.195676e-02
2.136014999999999997e+00   8.490061e-01   4.181496e-02
2.140725999999999907e+00   7.948349e-01   4.166806e-02
2.145436999999999816e+00   8.269197e-01   4.167261e-02
2.150148000000000170e+00   8.330464e-01   4.158911e-02
2.154860000000000220e+00   8.742737e-01   4.157792e-02
2.159571000000000129e+00   8.749265e-01   4.148674e-02
2.164282000000000039e+00   7.837876e-01   4.134709e-02
2.168992999999999949e+00   8.450928e-01   4.130074e-02
2.173704999999999998e+00   8.280644e-01   4.124634e-02
2.178415999999999908e+00   8.390989e-01   4.121556e-02
2.183126999999999818e+00   7.882686e-01   4.104503e-02
2.187838000000000171e+00   7.691112e-01   4.098990e-02
2.192550000000000221e+00   7.911005e-01   4.097281e-02
2.197261000000000131e+00   8.317008e-01   4.092971e-02
2.201972000000000040e+00   8.154745e-01   4.090420e-02
2.206682999999999950e+00   8.127301e-01   4.083432e-02
2.211395000000000000e+00   8.110374e-01   4.071742e-02
2.216105999999999909e+00   7.950772e-01   4.065744e-02
2.220816999999999819e+00   7.521273e-01   4.055422e-02
2.225528000000000173e+00   7.794784e-01   4.051319e-02
2.230239999999999778e+00   7.509433e-01   4.049702e-02
2.234951000000000132e+00   7.515505e-01   4.048149e-02
2.239662000000000042e+00   8.099855e-01   4.038760e-02
2.244372999999999951e+00   7.273068e-01   4.030386e-02
2.249085000000000001e+00   7.402892e-01   4.026921e-02
2.253795999999999911e+00   7.750371e-01   4.024941e-02
2.258506999999999820e+00   7.336529e-01   4.015362e-02
2.263218999999999870e+00   7.859794e-01   4.021499e-02
2.267929999999999779e+00   7.519649e-01   4.008575e-02
2.272641000000000133e+00   7.318254e-01   3.997652e-02
2.277352000000000043e+00   6.959299e-01   3.995463e-02
2.282064000000000092e+00   7.735634e-01   3.995956e-02
2.286775000000000002e+00   6.730971e-01   3.982771e-02
2.291485999999999912e+00   7.142871e-01   3.976908e-02
2.296196999999999822e+00   7.177477e-01   3.971764e-02
2.300908999999999871e+00   6.788086e-01   3.965942e-02
2.305619999999999781e+00   6.859958e-01   3.960414e-02
2.310331000000000135e+00   6.699750e-01   3.956782e-02
2.315042000000000044e+00   6.934914e-01   3.956241e-02
2.319754000000000094e+00   6.966000e-01   3.950066e-02
2.324465000000000003e+00   7.014213e-01   3.942889e-02
2.329175999999999913e+00   6.961179e-01   3.938418e-02
2.333886999999999823e+00   6.979334e-01   3.941827e-02
2.338598999999999872e+00   7.162910e-01   3.936875e-02
2.343309999999999782e+00   6.622587e-01   3.925306e-02
2.348021000000000136e+00   7.133766e-01   3.928921e-02
2.352732000000000046e+00   6.910318e-01   3.922786e-02
2.357444000000000095e+00   6.702805e-01   3.915146e-02
2.362155000000000005e+00   6.703827e-01   3.909259e-02
2.366865999999999914e+00   6.693532e-01   3.907176e-02
2.371576999999999824e+00   6.436091e-01   3.901370e-02
2.376288999999999874e+00   6.177003e-01   3.893115e-02
2.380999999999999783e+00   6.057529e-01   3.886572e-02
2.385711000000000137e+00   6.255079e-01   3.886145e-02
2.390422000000000047e+00   6.427438e-01   3.883802e-02
2.395134000000000096e+00   7.273927e-01   3.886747e-02
2.399845000000000006e+00   6.640345e-01   3.877218e-02
2.404555999999999916e+00   6.663342e-01   3.868097e-02
2.409266999999999825e+00   6.527072e-01   3.866123e-02
2.413978999999999875e+00   6.859327e-01   3.866987e-02
2.418689999999999785e+00   6.330316e-01   3.863393e-02
2.423401000000000138e+00   6.246012e-01   3.851502e-02
2.428112000000000048e+00   6.472710e-01   3.850149e-02
2.432824000000000098e+00   6.052911e-01   3.842558e-02
2.437535000000000007e+00   6.342714e-01   3.841111e-02
2.442245999999999917e+00   6.323509e-01   3.836016e-02
2.446957999999999966e+00   6.375973e-01   3.833360e-02
2.451668999999999876e+00   6.037883e-01   3.830158e-02
2.456379999999999786e+00   5.866928e-01   3.825348e-02
2.461091000000000140e+00   6.287232e-01   3.822950e-02
2.465803000000000189e+00   6.144893e-01   3.812908e-02
2.470514000000000099e+00   6.292318e-01   3.815019e-02
2.475225000000000009e+00   6.070965e-01   3.807654e-02
2.479935999999999918e+00   6.126555e-01   3.801173e-02
2.484647999999999968e+00   6.196423e-01   3.800628e-02
2.489358999999999877e+00   6.491445e-01   3.798467e-02
2.494069999999999787e+00   5.990062e-01   3.790335e-02
2.498781000000000141e+00   6.324731e-01   3.788875e-02
2.503493000000000190e+00   5.956919e-01   3.784795e-02
2.508204000000000100e+00   5.969284e-01   3.779098e-02
2.512915000000000010e+00   5.930690e-01   3.771511e-02
2.517625999999999920e+00   6.130275e-01   3.767131e-02
2.522337999999999969e+00   6.044312e-01   3.757783e-02
2.527048999999999879e+00   6.149611e-01   3.752665e-02
2.531759999999999788e+00   5.911149e-01   3.746199e-02
2.536471000000000142e+00   5.511393e-01   3.736517e-02
2.541183000000000192e+00   5.941568e-01   3.737156e-02
2.545894000000000101e+00   5.953422e-01   3.734166e-02
2.550605000000000011e+00   5.625903e-01   3.724972e-02
2.555315999999999921e+00   5.678501e-01   3.720518e-02
2.560027999999999970e+00   6.176090e-01   3.723217e-02
2.564738999999999880e+00   5.475947e-01   3.714353e-02
2.569449999999999790e+00   5.664746e-01   3.720234e-02
2.574161000000000143e+00   5.166441e-01   3.720475e-02
2.578873000000000193e+00   5.316421e-01   3.719878e-02
2.583584000000000103e+00   5.678185e-01   3.720057e-02
2.588295000000000012e+00   5.538117e-01   3.716100e-02
2.593005999999999922e+00   5.845811e-01   3.714441e-02
2.597717999999999972e+00   5.599730e-01   3.703353e-02
2.602428999999999881e+00   5.623089e-01   3.704673e-02
2.607139999999999791e+00   6.048202e-01   3.707781e-02
2.611851000000000145e+00   5.446000e-01   3.696988e-02
2.616563000000000194e+00   5.626634e-01   3.690997e-02
2.621274000000000104e+00   5.246811e-01   3.686076e-02
2.625985000000000014e+00   5.016025e-01   3.683190e-02
2.630697000000000063e+00   5.252692e-01   3.682210e-02
2.635407999999999973e+00   5.673853e-01   3.679973e-02
2.640118999999999883e+00   6.035644e-01   3.684694e-02
2.644829999999999792e+00   5.213437e-01   3.677082e-02
2.649541999999999842e+00   5.082063e-01   3.669777e-02
2.654253000000000196e+00   5.328432e-01   3.665511e-02
2.658964000000000105e+00   5.609672e-01   3.664103e-02
2.663675000000000015e+00   5.539699e-01   3.659070e-02
2.668387000000000064e+00   5.298286e-01   3.650806e-02
2.673097999999999974e+00   5.010271e-01   3.646096e-02
2.677808999999999884e+00   5.322234e-01   3.646478e-02
2.682519999999999794e+00   5.772770e-01   3.649849e-02
2.687231999999999843e+00   5.782480e-01   3.644320e-02
2.691943000000000197e+00   5.707694e-01   3.640355e-02
2.696654000000000106e+00   5.541419e-01   3.640370e-02
2.701365000000000016e+00   5.313793e-01   3.635827e-02
2.706077000000000066e+00   4.978719e-01   3.623043e-02
2.710787999999999975e+00   5.103123e-01   3.623547e-02
2.715498999999999885e+00   4.932895e-01   3.621724e-02
2.720209999999999795e+00   4.983356e-01   3.615732e-02
2.724921999999999844e+00   4.876331e-01   3.607991e-02
2.729633000000000198e+00   4.625310e-01   3.609184e-02
2.734344000000000108e+00   4.748548e-01   3.603438e-02
2.739055000000000017e+00   4.804302e-01   3.599471e-02
2.743767000000000067e+00   5.132028e-01   3.603339e-02
2.748477999999999977e+00   5.120251e-01   3.595574e-02
2.753188999999999886e+00   4.818322e-01   3.592439e-02
2.757899999999999796e+00   4.837511e-01   3.593296e-02
2.762611999999999846e+00   5.103359e-01   3.589688e-02
2.767323000000000199e+00   4.604395e-01   3.581534e-02
2.772034000000000109e+00   4.927536e-01   3.579733e-02
2.776745000000000019e+00   4.902595e-01   3.574854e-02
2.781457000000000068e+00   5.284918e-01   3.575355e-02
2.786167999999999978e+00   4.763743e-01   3.572223e-02
2.790878999999999888e+00   4.760202e-01   3.566564e-02
2.795589999999999797e+00   4.930380e-01   3.565086e-02
2.800301999999999847e+00   5.335411e-01   3.567750e-02
2.805013000000000201e+00   5.426066e-01   3.584474e-02
2.809724000000000110e+00   4.617159e-01   3.669794e-02
2.814436000000000160e+00   4.253737e-01   3.721281e-02
2.819147000000000070e+00   4.659180e-01   3.768799e-02
2.823857999999999979e+00   4.332823e-01   3.802517e-02
2.828568999999999889e+00   4.977481e-01   3.825141e-02
2.833280999999999938e+00   4.201305e-01   3.837181e-02
2.837991999999999848e+00   4.233947e-01   3.844311e-02
2.842703000000000202e+00   4.510249e-01   3.854874e-02
2.847414000000000112e+00   4.547158e-01   3.866340e-02
2.852126000000000161e+00   4.094566e-01   3.876633e-02
2.856837000000000071e+00   4.686455e-01   3.887900e-02
2.861547999999999981e+00   4.905319e-01   3.893968e-02
2.866258999999999890e+00   4.446805e-01   3.897535e-02
2.870970999999999940e+00   4.381370e-01   3.868311e-02
2.875681999999999849e+00   4.376960e-01   3.766971e-02
2.880393000000000203e+00   4.779356e-01   3.717331e-02
2.885104000000000113e+00   4.781101e-01   3.676865e-02
2.889816000000000162e+00   4.417626e-01   3.644767e-02
2.894527000000000072e+00   4.487334e-01   3.630555e-02
2.899237999999999982e+00   3.875596e-01   3.617375e-02
2.903948999999999891e+00   4.206275e-01   3.611726e-02
2.908660999999999941e+00   4.376393e-01   3.603809e-02
2.913371999999999851e+00   4.349883e-01   3.595631e-02
2.918083000000000204e+00   4.594135e-01   3.588487e-02
2.922794000000000114e+00   4.367986e-01   3.584555e-02
2.927506000000000164e+00   4.247360e-01   3.581069e-02
2.932217000000000073e+00   4.219737e-01   3.571741e-02
2.936927999999999983e+00   4.483991e-01   3.568444e-02
2.941638999999999893e+00   4.602778e-01   3.563289e-02
2.946350999999999942e+00   4.303364e-01   3.554405e-02
2.951061999999999852e+00   4.403879e-01   3.551433e-02
2.955773000000000206e+00   4.015655e-01   3.544297e-02
2.960484000000000115e+00   4.650915e-01   3.545823e-02
2.965196000000000165e+00   4.965876e-01   3.544673e-02
2.969907000000000075e+00   4.333273e-01   3.528551e-02
2.974617999999999984e+00   4.053743e-01   3.523372e-02
2.979328999999999894e+00   4.026037e-01   3.519721e-02
2.984040999999999944e+00   3.930313e-01   3.514401e-02
2.988751999999999853e+00   4.502916e-01   3.515730e-02
2.993463000000000207e+00   4.032995e-01   3.511134e-02
2.998174999999999812e+00   3.747224e-01   3.505738e-02
3.002886000000000166e+00   4.252346e-01   3.507106e-02
3.007597000000000076e+00   4.117169e-01   3.496768e-02
3.012307999999999986e+00   3.909557e-01   3.495905e-02
3.017020000000000035e+00   3.827549e-01   3.483372e-02
3.021730999999999945e+00   3.920311e-01   3.483254e-02
3.026441999999999855e+00   3.675260e-01   3.479475e-02
3.031153000000000208e+00   4.019384e-01   3.477221e-02
3.035864999999999814e+00   4.125463e-01   3.472456e-02
3.040576000000000167e+00   3.843437e-01   3.471688e-02
3.045287000000000077e+00   3.932753e-01   3.468359e-02
3.049997999999999987e+00   4.271324e-01   3.467097e-02
3.054710000000000036e+00   4.285895e-01   3.463919e-02
3.059420999999999946e+00   3.490131e-01   3.452717e-02
3.064131999999999856e+00   3.778314e-01   3.457189e-02
3.068843000000000210e+00   4.679440e-01   3.459901e-02
3.073554999999999815e+00   4.148936e-01   3.456141e-02
3.078266000000000169e+00   4.240606e-01   3.447870e-02
3.082977000000000078e+00   4.210348e-01   3.440849e-02
3.087687999999999988e+00   3.749607e-01   3.437238e-02
3.092400000000000038e+00   3.817568e-01   3.436846e-02
3.097110999999999947e+00   3.782690e-01   3.429264e-02
3.101821999999999857e+00   3.822161e-01   3.428324e-02
3.106533000000000211e+00   3.736879e-01   3.421016e-02
3.111244999999999816e+00   3.924683e-01   3.423012e-02
3.115956000000000170e+00   4.030696e-01   3.423313e-02
3.120667000000000080e+00   3.484123e-01   3.415841e-02
3.125377999999999989e+00   3.433983e-01   3.409537e-02
3.130090000000000039e+00   3.626115e-01   3.410741e-02
3.134800999999999949e+00   3.837232e-01   3.405298e-02
3.139511999999999858e+00   4.386919e-01   3.406321e-02
3.144223000000000212e+00   3.784016e-01   3.403784e-02
3.148934999999999818e+00   4.035581e-01   3.400486e-02
3.153646000000000171e+00   3.892050e-01   3.395174e-02
3.158357000000000081e+00   3.657334e-01   3.390030e-02
3.163067999999999991e+00   3.532288e-01   3.387672e-02
3.167780000000000040e+00   4.070190e-01   3.392036e-02
3.172490999999999950e+00   3.667007e-01   3.379187e-02
3.177201999999999860e+00   3.597805e-01   3.378891e-02
3.181913999999999909e+00   3.803167e-01   3.383467e-02
3.186624999999999819e+00   3.623619e-01   3.375204e-02
3.191336000000000173e+00   3.412658e-01   3.366937e-02
3.196047000000000082e+00   4.011147e-01   3.363243e-02
3.200759000000000132e+00   3.986364e-01   3.358305e-02
3.205470000000000041e+00   4.035271e-01   3.356066e-02
3.210180999999999951e+00   4.037898e-01   3.348704e-02
3.214891999999999861e+00   3.867767e-01   3.349585e-02
3.219603999999999910e+00   3.956799e-01   3.346487e-02
3.224314999999999820e+00   3.603891e-01   3.339086e-02
3.229026000000000174e+00   3.520323e-01   3.337110e-02
3.233737000000000084e+00   3.448533e-01   3.336903e-02
3.238449000000000133e+00   3.306759e-01   3.331790e-02
3.243160000000000043e+00   3.458067e-01   3.332318e-02
3.247870999999999952e+00   3.449808e-01   3.327566e-02
3.252581999999999862e+00   3.413975e-01   3.329823e-02
3.257293999999999912e+00   3.630285e-01   3.328235e-02
3.262004999999999821e+00   3.417455e-01   3.328418e-02
3.266716000000000175e+00   3.487738e-01   3.328002e-02
3.271427000000000085e+00   3.453881e-01   3.324409e-02
3.276139000000000134e+00   3.455433e-01   3.324076e-02
3.280850000000000044e+00   3.652546e-01   3.319068e-02
3.285560999999999954e+00   3.805701e-01   3.317150e-02
3.290271999999999863e+00   3.697107e-01   3.314076e-02
3.294983999999999913e+00   3.529663e-01   3.314567e-02
3.299694999999999823e+00   2.975571e-01   3.304003e-02
3.304406000000000176e+00   3.034127e-01   3.301205e-02
3.309117000000000086e+00   3.550821e-01   3.298086e-02
3.313829000000000136e+00   3.794373e-01   3.305475e-02
3.318540000000000045e+00   3.458826e-01   3.299255e-02
3.323250999999999955e+00   3.733800e-01   3.298444e-02
3.327961999999999865e+00   3.581481e-01   3.295036e-02
3.332673999999999914e+00   3.494708e-01   3.290444e-02
3.337384999999999824e+00   3.315932e-01   3.289599e-02
3.342096000000000178e+00   3.157868e-01   3.283032e-02
3.346807000000000087e+00   3.137719e-01   3.283132e-02
3.351519000000000137e+00   3.244883e-01   3.278948e-02
3.356230000000000047e+00   3.319176e-01   3.277574e-02
3.360940999999999956e+00   3.450360e-01   3.275688e-02
3.365653000000000006e+00   3.730602e-01   3.273077e-02
3.370363999999999916e+00   3.313021e-01   3.267914e-02
3.375074999999999825e+00   3.250166e-01   3.268873e-02
3.379786000000000179e+00   3.066446e-01   3.263226e-02
3.384497999999999784e+00   3.155404e-01   3.260657e-02
3.389209000000000138e+00   2.948439e-01   3.279581e-02
3.393920000000000048e+00   3.389736e-01   3.361164e-02
3.398630999999999958e+00   3.713312e-01   3.408483e-02
3.403343000000000007e+00   3.601544e-01   3.441045e-02
3.408053999999999917e+00   3.694992e-01   3.466761e-02
3.412764999999999826e+00   3.171877e-01   3.474075e-02
3.417476000000000180e+00   3.806582e-01   3.477797e-02
3.422187999999999786e+00   3.271545e-01   3.475463e-02
3.426899000000000139e+00   3.117029e-01   3.484024e-02
3.431610000000000049e+00   3.610254e-01   3.495824e-02
3.436320999999999959e+00   3.188406e-01   3.502637e-02
3.441033000000000008e+00   2.350637e-01   3.503477e-02
3.445743999999999918e+00   2.780883e-01   3.514437e-02
3.450454999999999828e+00   3.003002e-01   3.519802e-02
3.455166000000000182e+00   3.136488e-01   3.522380e-02
3.459877999999999787e+00   3.361755e-01   3.531223e-02
3.464589000000000141e+00   2.957483e-01   3.540262e-02
3.469300000000000050e+00   2.872179e-01   3.543462e-02
3.474010999999999960e+00   3.272452e-01   3.551130e-02
3.478723000000000010e+00   2.962920e-01   3.553709e-02
3.483433999999999919e+00   3.270325e-01   3.558680e-02
3.488144999999999829e+00   3.123337e-01   3.564596e-02
3.492856000000000183e+00   2.918222e-01   3.571414e-02
3.497567999999999788e+00   2.563612e-01   3.574079e-02
3.502279000000000142e+00   2.993158e-01   3.577084e-02
3.506990000000000052e+00   3.182916e-01   3.585500e-02
3.511700999999999961e+00   3.239011e-01   3.583079e-02
3.516413000000000011e+00   3.339442e-01   3.591821e-02
3.521123999999999921e+00   3.071507e-01   3.594319e-02
3.525834999999999830e+00   2.760734e-01   3.596573e-02
3.530546000000000184e+00   3.183068e-01   3.603139e-02
3.535257999999999790e+00   3.127620e-01   3.609532e-02
3.539969000000000143e+00   3.050935e-01   3.609799e-02
3.544680000000000053e+00   2.442045e-01   3.608023e-02
3.549392000000000102e+00   2.914173e-01   3.616397e-02
3.554103000000000012e+00   3.028023e-01   3.620825e-02
3.558813999999999922e+00   3.131034e-01   3.621364e-02
3.563524999999999832e+00   3.461363e-01   3.633800e-02
3.568236999999999881e+00   2.729037e-01   3.627284e-02
3.572947999999999791e+00   2.752184e-01   3.633394e-02
3.577659000000000145e+00   2.798578e-01   3.636244e-02
3.582370000000000054e+00   2.604818e-01   3.632158e-02
3.587082000000000104e+00   2.775488e-01   3.635571e-02
3.591793000000000013e+00   2.986320e-01   3.640755e-02
3.596503999999999923e+00   2.889735e-01   3.642600e-02
3.601214999999999833e+00   2.367899e-01   3.638564e-02
3.605926999999999882e+00   2.479753e-01   3.640806e-02
3.610637999999999792e+00   2.563563e-01   3.711266e-02
3.615349000000000146e+00   3.138767e-01   3.829641e-02
3.620060000000000056e+00   3.516349e-01   3.891387e-02
3.624772000000000105e+00   3.420248e-01   3.934411e-02
3.629483000000000015e+00   2.957275e-01   3.962882e-02
3.634193999999999924e+00   2.933838e-01   3.985457e-02
3.638904999999999834e+00   3.130917e-01   4.014631e-02
3.643616999999999884e+00   3.385945e-01   4.042206e-02
3.648327999999999793e+00   2.865754e-01   4.057614e-02
3.653039000000000147e+00   2.674868e-01   4.076949e-02
3.657750000000000057e+00   2.741150e-01   4.100871e-02
3.662462000000000106e+00   3.188392e-01   4.128294e-02
3.667173000000000016e+00   2.712238e-01   4.140839e-02
3.671883999999999926e+00   3.094115e-01   4.157853e-02
3.676594999999999835e+00   2.794631e-01   4.183347e-02
3.681306999999999885e+00   2.896043e-01   4.203202e-02
3.686017999999999795e+00   2.756225e-01   4.210671e-02
3.690729000000000148e+00   2.373094e-01   4.229381e-02
3.695440000000000058e+00   2.753751e-01   4.250061e-02
3.700152000000000108e+00   2.669197e-01   4.268391e-02
3.704863000000000017e+00   2.819771e-01   4.287993e-02
3.709573999999999927e+00   2.913038e-01   4.307864e-02
3.714284999999999837e+00   2.451909e-01   4.319412e-02
3.718996999999999886e+00   2.954144e-01   4.332680e-02
3.723707999999999796e+00   3.042997e-01   4.359948e-02
3.728419000000000150e+00   3.076305e-01   4.377393e-02
3.733131000000000199e+00   2.964052e-01   4.386543e-02
3.737842000000000109e+00   2.607460e-01   4.402660e-02
3.742553000000000019e+00   2.885652e-01   4.418351e-02
3.747263999999999928e+00   2.294979e-01   4.437896e-02
3.751975999999999978e+00   2.576108e-01   4.458715e-02
3.756686999999999887e+00   2.252888e-01   4.474186e-02
3.761397999999999797e+00   1.955913e-01   4.484118e-02
3.766109000000000151e+00   2.771093e-01   4.502719e-02
3.770821000000000200e+00   2.623815e-01   4.518345e-02
3.775532000000000110e+00   2.833492e-01   4.535649e-02
3.780243000000000020e+00   2.397926e-01   4.556435e-02
3.784953999999999930e+00   2.808472e-01   4.572999e-02
3.789665999999999979e+00   3.054596e-01   4.591089e-02
3.794376999999999889e+00   2.844407e-01   4.599659e-02
3.799087999999999798e+00   2.250639e-01   4.615514e-02
3.803799000000000152e+00   2.380945e-01   4.633051e-02
3.808511000000000202e+00   2.806847e-01   4.655122e-02
3.813222000000000111e+00   3.167570e-01   4.682167e-02
3.817933000000000021e+00   2.979409e-01   4.692924e-02
3.822643999999999931e+00   2.955892e-01   4.705076e-02
3.827355999999999980e+00   2.500890e-01   4.715114e-02
3.832066999999999890e+00   2.521009e-01   4.728825e-02
3.836777999999999800e+00   2.566654e-01   4.749946e-02
3.841489000000000154e+00   1.908822e-01   4.753012e-02
3.846201000000000203e+00   2.297572e-01   4.778926e-02
3.850912000000000113e+00   2.204601e-01   4.799894e-02
3.855623000000000022e+00   2.003436e-01   4.810825e-02
3.860333999999999932e+00   2.201567e-01   4.832883e-02
3.865045999999999982e+00   2.516238e-01   4.848295e-02
3.869756999999999891e+00   2.875923e-01   4.870017e-02
3.874467999999999801e+00   3.029708e-01   4.885578e-02
3.879179000000000155e+00   2.723049e-01   4.891308e-02
3.883891000000000204e+00   2.996674e-01   4.912959e-02
3.888602000000000114e+00   3.092763e-01   4.933655e-02
3.893313000000000024e+00   3.059914e-01   4.944507e-02
3.898023999999999933e+00   2.659652e-01   4.966468e-02
3.902735999999999983e+00   1.976164e-01   4.976203e-02
3.907446999999999893e+00   2.516605e-01   4.999468e-02
3.912157999999999802e+00   2.988676e-01   5.011521e-02
3.916869999999999852e+00   2.697323e-01   5.023690e-02
3.921581000000000206e+00   2.930768e-01   5.037676e-02
3.926292000000000115e+00   2.906173e-01   5.045576e-02
3.931003000000000025e+00   2.416974e-01   5.061199e-02
3.935715000000000074e+00   1.967436e-01   5.065905e-02
3.940425999999999984e+00   2.422829e-01   5.073648e-02
3.945136999999999894e+00   2.691573e-01   5.076469e-02
3.949847999999999804e+00   2.735014e-01   5.090436e-02
3.954559999999999853e+00   1.832268e-01   5.088285e-02
3.959271000000000207e+00   2.117243e-01   5.096194e-02
3.963982000000000117e+00   2.836922e-01   5.102610e-02
3.968693000000000026e+00   2.732981e-01   5.104389e-02
3.973405000000000076e+00   2.369029e-01   5.122286e-02
3.978115999999999985e+00   1.936888e-01   5.132650e-02
3.982826999999999895e+00   2.485374e-01   5.157432e-02
3.987537999999999805e+00   2.883068e-01   5.180223e-02
3.992249999999999854e+00   2.973897e-01   5.197825e-02
3.996961000000000208e+00   3.159172e-01   5.220930e-02
4.001672000000000118e+00   2.819669e-01   5.233201e-02
4.006382999999999583e+00   2.393810e-01   5.238848e-02
4.011095000000000077e+00   3.124551e-01   5.266003e-02
4.015806000000000431e+00   3.036054e-01   5.283222e-02
4.020516999999999896e+00   2.092756e-01   5.298552e-02
4.025228000000000250e+00   2.021916e-01   5.314181e-02
4.029939999999999856e+00   2.360493e-01   5.335602e-02
4.034651000000000209e+00   2.539792e-01   5.354382e-02
4.039361999999999675e+00   2.318659e-01   5.366065e-02
4.044073000000000029e+00   3.478899e-01   5.403140e-02
4.048784999999999634e+00   2.768849e-01   5.411795e-02
4.053495999999999988e+00   2.491035e-01   5.424548e-02
4.058207000000000342e+00   2.586052e-01   5.444183e-02
4.062917999999999807e+00   2.278780e-01   5.467676e-02
4.067630000000000301e+00   1.882717e-01   5.495813e-02
4.072340999999999767e+00   2.343643e-01   5.511298e-02
4.077052000000000120e+00   2.419543e-01   5.524526e-02
4.081762999999999586e+00   2.071994e-01   5.540558e-02
4.086475000000000080e+00   2.096628e-01   5.554934e-02
4.091186000000000433e+00   2.163796e-01   5.587120e-02
4.095896999999999899e+00   2.737139e-01   5.612529e-02
4.100609000000000393e+00   2.479600e-01   5.632136e-02
4.105319999999999858e+00   1.766033e-01   5.634627e-02
4.110031000000000212e+00   2.805150e-01   5.662118e-02
4.114741999999999678e+00   2.129445e-01   5.676343e-02
4.119454000000000171e+00   2.329114e-01   5.699703e-02
4.124164999999999637e+00   2.266606e-01   5.721782e-02
4.128875999999999991e+00   2.425298e-01   5.743935e-02
4.133587000000000344e+00   2.334218e-01   5.761297e-02
4.138298999999999950e+00   2.241361e-01   5.782914e-02
4.143010000000000304e+00   2.073395e-01   5.802846e-02
4.147720999999999769e+00   1.249968e-01   5.824779e-02
4.152432000000000123e+00   1.531913e-01   5.842957e-02
4.157143999999999728e+00   1.594082e-01   5.867291e-02
4.161855000000000082e+00   2.294740e-01   5.899808e-02
4.166566000000000436e+00   2.820588e-01   5.926589e-02
4.171276999999999902e+00   2.222763e-01   5.933636e-02
4.175989000000000395e+00   2.777350e-01   5.975187e-02
4.180699999999999861e+00   2.864751e-01   5.996961e-02
4.185411000000000215e+00   2.021544e-01   6.009435e-02
4.190121999999999680e+00   2.197430e-01   6.038556e-02
4.194834000000000174e+00   1.733195e-01   6.038377e-02
4.199544999999999639e+00   2.190721e-01   6.083935e-02
4.204255999999999993e+00   2.684163e-01   6.104453e-02
4.208967000000000347e+00   1.622237e-01   6.128329e-02
4.213678999999999952e+00   1.440521e-01   6.140988e-02
4.218390000000000306e+00   1.258561e-01   6.162036e-02
4.223100999999999772e+00   1.843331e-01   6.194409e-02
4.227812000000000126e+00   1.862739e-01   6.217855e-02
4.232523999999999731e+00   1.959791e-01   6.244393e-02
4.237235000000000085e+00   2.417467e-01   6.280736e-02
4.241946000000000438e+00   2.035677e-01   6.293593e-02
4.246656999999999904e+00   2.057679e-01   6.325862e-02
4.251369000000000398e+00   1.317847e-01   6.353280e-02
4.256079999999999863e+00   1.527733e-01   6.376987e-02
4.260791000000000217e+00   1.521882e-01   6.400912e-02
4.265501999999999683e+00   2.118771e-01   6.421948e-02
4.270214000000000176e+00   3.367945e-01   6.461438e-02
4.274924999999999642e+00   2.374286e-01   6.485871e-02
4.279635999999999996e+00   2.374083e-01   6.509392e-02
4.284347999999999601e+00   1.992216e-01   6.548840e-02
4.289058999999999955e+00   2.379839e-01   6.559817e-02
4.293770000000000309e+00   1.938307e-01   6.587811e-02
4.298480999999999774e+00   1.949926e-01   6.627073e-02
4.303193000000000268e+00   1.352883e-01   6.651800e-02
4.307903999999999733e+00   2.216520e-01   6.680460e-02
4.312615000000000087e+00   3.011310e-01   6.726349e-02
4.317326000000000441e+00   2.642600e-01   6.740021e-02
4.322038000000000046e+00   1.457551e-01   6.766001e-02
4.326749000000000400e+00   1.957320e-01   6.796359e-02
4.331459999999999866e+00   2.115701e-01   6.831159e-02
4.336171000000000220e+00   2.514352e-01   6.881458e-02
4.340882999999999825e+00   2.221451e-01   6.891078e-02
4.345594000000000179e+00   1.283528e-01   6.905749e-02
4.350304999999999644e+00   1.818167e-01   6.940464e-02
4.355015999999999998e+00   2.487622e-01   6.998840e-02
4.359727999999999604e+00   1.988177e-01   7.011891e-02
4.364438999999999957e+00   2.528793e-01   7.073683e-02
4.369150000000000311e+00   3.579090e-01   7.110115e-02
4.373860999999999777e+00   3.118427e-01   7.166084e-02
4.378573000000000270e+00   2.705268e-01   7.194339e-02
4.383283999999999736e+00   3.145961e-01   7.213796e-02
4.387995000000000090e+00   1.574261e-01   7.217211e-02
4.392706000000000444e+00   2.172102e-01   7.269787e-02
4.397418000000000049e+00   2.159006e-01   7.292063e-02
4.402129000000000403e+00   2.132286e-01   7.313336e-02
4.406839999999999868e+00   2.184825e-01   7.303614e-02
4.411551000000000222e+00   2.145078e-01   7.312137e-02
4.416262999999999828e+00   1.450232e-01   7.308300e-02
4.420974000000000181e+00   2.504544e-01   7.325136e-02
4.425684999999999647e+00   1.619492e-01   7.344586e-02
4.430396000000000001e+00   1.924709e-01   7.335377e-02
4.435107999999999606e+00   2.747878e-01   7.344930e-02
4.439818999999999960e+00   1.874307e-01   7.358696e-02
4.444530000000000314e+00   2.490639e-01   7.406724e-02
4.449240999999999779e+00   2.335072e-01   7.428551e-02
4.453953000000000273e+00   2.186761e-01   7.485874e-02
4.458663999999999739e+00   3.026357e-01   7.549950e-02
4.463375000000000092e+00   1.650983e-01   7.552249e-02
4.468086999999999698e+00   2.191176e-01   7.608920e-02
4.472798000000000052e+00   2.106138e-01   7.642002e-02
4.477509000000000405e+00   1.437854e-01   7.654146e-02
4.482219999999999871e+00   1.340111e-01   7.722769e-02
4.486932000000000365e+00   2.363973e-01   7.760002e-02
4.491642999999999830e+00   2.587478e-01   7.799289e-02
4.496354000000000184e+00   6.256305e-02   7.795716e-02
4.501064999999999650e+00   1.974749e-01   7.886845e-02
4.505777000000000143e+00   2.132426e-01   7.935458e-02
4.510487999999999609e+00   2.287444e-01   7.971404e-02
4.515198999999999963e+00   1.838887e-01   8.043307e-02
4.519910000000000316e+00   1.991993e-01   8.093586e-02
4.524621999999999922e+00   2.737162e-01   8.153440e-02
4.529333000000000276e+00   1.861914e-01   8.176210e-02
4.534043999999999741e+00   2.890604e-01   8.235702e-02
4.538755000000000095e+00   2.346480e-01   8.292644e-02
4.543466999999999700e+00   2.254791e-01   8.324113e-02
4.548178000000000054e+00   1.027128e-01   8.371273e-02
4.552889000000000408e+00   1.674968e-01   8.413938e-02
4.557599999999999874e+00   1.466797e-01   8.460764e-02
4.562312000000000367e+00   1.073447e-01   8.503428e-02
4.567022999999999833e+00   1.960781e-01   8.599445e-02
4.571734000000000187e+00   2.337358e-01   8.657764e-02
4.576444999999999652e+00   2.242027e-01   8.732864e-02
4.581157000000000146e+00   2.260499e-01   8.790972e-02
4.585867999999999611e+00   3.552263e-01   8.879608e-02
4.590578999999999965e+00   2.836207e-01   8.939540e-02
4.595290000000000319e+00   2.930596e-01   8.977376e-02
4.600001999999999924e+00   1.829529e-01   8.980543e-02
4.604713000000000278e+00   2.242725e-01   9.065293e-02
4.609423999999999744e+00   2.707755e-01   9.146818e-02
4.614135000000000097e+00   9.381939e-02   9.184169e-02
4.618846999999999703e+00   4.881660e-02   9.219818e-02
4.623558000000000057e+00   2.340463e-01   9.368940e-02
4.628269000000000410e+00   2.048089e-01   9.444284e-02
4.632979999999999876e+00   1.750074e-01   9.494492e-02
4.637692000000000370e+00   1.620962e-01   9.566422e-02
4.642402999999999835e+00   2.278930e-01   9.671821e-02
4.647114000000000189e+00   2.018626e-01   9.730887e-02
4.651825999999999794e+00   2.185618e-01   9.835125e-02
4.656537000000000148e+00   1.467116e-01   9.898256e-02
4.661247999999999614e+00   2.659380e-01   9.994750e-02
4.665958999999999968e+00   1.730502e-01   1.005208e-01
4.670670999999999573e+00   6.677821e-02   1.012713e-01
4.675381999999999927e+00   2.287319e-01   1.021819e-01
4.680093000000000281e+00   2.198665e-01   1.033093e-01
4.684803999999999746e+00   1.636402e-01   1.043762e-01
4.689516000000000240e+00   1.369046e-01   1.051108e-01
4.694226999999999705e+00   6.229332e-02   1.059276e-01
4.698938000000000059e+00  -7.393832e-02   1.070286e-01
4.703649000000000413e+00   1.270481e-01   1.087259e-01
4.708361000000000018e+00   2.147426e-01   1.097318e-01
4.713072000000000372e+00   2.237357e-02   1.107281e-01
4.717782999999999838e+00   1.359676e-01   1.121356e-01
4.722494000000000192e+00   1.154012e-01   1.133060e-01
4.727205999999999797e+00   1.514654e-01   1.149298e-01
4.731917000000000151e+00   2.327459e-01   1.157838e-01
4.736627999999999616e+00   2.748921e-01   1.171878e-01
4.741338999999999970e+00   2.156094e-01   1.185059e-01
4.746050999999999576e+00   5.164641e-02   1.197299e-01
4.750761999999999929e+00   1.338527e-01   1.213552e-01
4.755473000000000283e+00   1.014865e-01   1.225733e-01
4.760183999999999749e+00   1.754277e-01   1.246134e-01
4.764896000000000242e+00   1.776159e-01   1.267764e-01
4.769606999999999708e+00   1.394043e-01   1.281661e-01
4.774318000000000062e+00   1.416588e-01   1.286238e-01
4.779029000000000416e+00   6.476580e-02   1.308184e-01
4.783741000000000021e+00   2.689586e-01   1.338403e-01
4.788452000000000375e+00   9.819408e-02   1.350718e-01
4.793162999999999840e+00   1.411248e-01   1.372490e-01
4.797874000000000194e+00   1.265547e-01   1.395392e-01
4.802585999999999800e+00   2.046120e-01   1.418751e-01
4.807297000000000153e+00   1.537161e-01   1.441533e-01
4.812007999999999619e+00   1.387027e-01   1.467331e-01
4.816718999999999973e+00   1.012623e-01   1.493492e-01
4.821430999999999578e+00   2.895040e-01   1.537140e-01
4.826141999999999932e+00   1.624893e-02   1.552906e-01
4.830853000000000286e+00   1.412840e-01   1.587152e-01
4.835564999999999891e+00   1.179510e-01   1.624617e-01
4.840276000000000245e+00  -1.824930e-01   1.650675e-01
4.844986999999999711e+00   6.110837e-03   1.691428e-01
4.849698000000000064e+00   2.444584e-01   1.735112e-01
4.854409999999999670e+00  -3.222478e-02   1.782801e-01
4.859121000000000024e+00  -1.480903e-02   1.826734e-01
4.863832000000000377e+00   9.787782e-02   1.886245e-01
4.868542999999999843e+00  -4.350194e-02   1.927340e-01
4.873255000000000337e+00   8.734666e-02   1.997657e-01
4.877965999999999802e+00   2.500190e-01   2.081015e-01
4.882677000000000156e+00   2.212022e-01   2.151015e-01
4.887387999999999622e+00   5.201930e-02   2.232482e-01
4.892100000000000115e+00   2.348751e-01   2.333040e-01
4.896810999999999581e+00   1.351631e-01   2.479201e-01
4.901521999999999935e+00  -1.169714e-01   2.579625e-01
4.906233000000000288e+00  -1.464511e-01   2.700056e-01
4.910944999999999894e+00   1.586391e-01   2.900056e-01
4.915656000000000247e+00   2.912767e-01   3.183590e-01
4.920366999999999713e+00   5.915067e-01   3.421459e-01
4.925078000000000067e+00   2.059659e-01   3.761408e-01
4.929789999999999672e+00  -5.389124e-02   4.379151e-01
4.934501000000000026e+00  -3.320457e-01   5.153390e-01
4.939212000000000380e+00  -1.416511e-02   6.795828e-01
4.943922999999999845e+00  -1.283689e+00   1.185546e+00