# [2]
# Sample c= 1.93 mg/ml
# Intensity scaled by concentration
# Buffer subtracted data file:
# Protein DatFile = /data/visitor/mx1908/bm29/20161119/giulio/1d/mM60_028_ave.dat
# Buffer DatFile = /data/visitor/mx1908/bm29/20161119/giulio/ednaSub/mM60_028_ave_averbuffer.dat
# 
# AutoRg: Rg   =   0.4736 +/- 0.36 ( 76.1%)
# AutoRg: I(0) =   1.41 +/- 0.0104
# AutoRg: Points   99 to 232 ( 134 total)
# AutoRg: Quality: 62.4%
# 
# 
# Sample Information:
# Storage Temperature (degrees C): 20.0
# Measurement Temperature (degrees C): 20.01
# Concentration: 1.93
# Code: 
3.479420999999999903e-02  -2.270083e+00   3.788949e+00
3.950545999999999919e-02   1.899600e+00   1.505495e+00
4.421672000000000102e-02   1.109321e+00   9.822941e-01
4.892798000000000286e-02   2.458538e+00   7.518152e-01
5.363923000000000302e-02   2.337718e+00   6.015491e-01
5.835048999999999791e-02   1.973336e+00   4.923290e-01
6.306174999999999975e-02   1.886968e+00   4.079000e-01
6.777299999999999991e-02   1.528772e+00   3.459607e-01
7.248425999999999481e-02   1.114583e+00   2.987134e-01
7.719552000000000358e-02   1.289292e+00   2.630667e-01
8.190677000000000374e-02   9.271128e-01   2.323734e-01
8.661802999999999864e-02   1.330407e+00   2.086942e-01
9.132928999999999353e-02   1.306453e+00   1.900289e-01
9.604053999999999369e-02   1.208555e+00   1.746992e-01
1.007518000000000025e-01   1.136336e+00   1.611268e-01
1.054631000000000041e-01   1.160100e+00   1.496166e-01
1.101743000000000028e-01   1.269357e+00   1.399094e-01
1.148856000000000044e-01   1.131172e+00   1.310963e-01
1.195968000000000031e-01   1.247517e+00   1.239416e-01
1.243081000000000047e-01   1.232456e+00   1.175614e-01
1.290193000000000034e-01   1.116752e+00   1.119178e-01
1.337306000000000050e-01   1.309787e+00   1.072588e-01
1.384419000000000066e-01   1.285990e+00   1.029044e-01
1.431531000000000053e-01   1.208206e+00   9.860824e-02
1.478644000000000069e-01   1.136735e+00   9.521684e-02
1.525756000000000057e-01   1.249968e+00   9.242273e-02
1.572869000000000073e-01   1.211010e+00   8.960753e-02
1.619981000000000060e-01   1.109347e+00   8.667990e-02
1.667094000000000076e-01   1.146824e+00   8.444898e-02
1.714206000000000063e-01   1.220376e+00   8.260557e-02
1.761319000000000079e-01   1.176237e+00   8.043429e-02
1.808432000000000095e-01   1.187568e+00   7.839619e-02
1.855544000000000082e-01   1.169465e+00   7.683939e-02
1.902657000000000098e-01   1.194157e+00   7.535424e-02
1.949769000000000085e-01   1.221779e+00   7.394677e-02
1.996882000000000101e-01   1.238685e+00   7.232462e-02
2.043994000000000089e-01   1.244051e+00   7.111293e-02
2.091107000000000105e-01   1.214271e+00   6.993589e-02
2.138220000000000121e-01   1.182577e+00   6.881593e-02
2.185332000000000108e-01   1.192014e+00   6.773219e-02
2.232445000000000124e-01   1.236933e+00   6.661944e-02
2.279557000000000111e-01   1.238072e+00   6.574651e-02
2.326670000000000127e-01   1.207150e+00   6.477462e-02
2.373782000000000114e-01   1.249685e+00   6.387166e-02
2.420895000000000130e-01   1.233493e+00   6.298734e-02
2.468007000000000117e-01   1.385812e+00   6.226032e-02
2.515120000000000133e-01   1.366107e+00   6.155068e-02
2.562232999999999872e-01   1.322795e+00   6.085075e-02
2.609345000000000137e-01   1.246996e+00   5.995034e-02
2.656457999999999875e-01   1.223045e+00   5.934729e-02
2.703570000000000140e-01   1.309391e+00   5.874365e-02
2.750682999999999878e-01   1.286656e+00   5.826567e-02
2.797795000000000143e-01   1.206439e+00   5.749720e-02
2.844907999999999881e-01   1.226740e+00   5.687543e-02
2.892021000000000175e-01   1.261988e+00   5.637279e-02
2.939132999999999885e-01   1.290372e+00   5.588129e-02
2.986246000000000178e-01   1.279529e+00   5.530178e-02
3.033357999999999888e-01   1.227672e+00   5.478271e-02
3.080471000000000181e-01   1.164463e+00   5.429545e-02
3.127582999999999891e-01   1.306745e+00   5.391520e-02
3.174696000000000184e-01   1.251593e+00   5.339449e-02
3.221808999999999923e-01   1.286422e+00   5.302381e-02
3.268921000000000188e-01   1.266743e+00   5.255491e-02
3.316033999999999926e-01   1.194411e+00   5.210852e-02
3.363146000000000191e-01   1.324414e+00   5.263204e-02
3.410258999999999929e-01   1.351689e+00   5.318009e-02
3.457371000000000194e-01   1.358373e+00   5.333046e-02
3.504483999999999932e-01   1.308732e+00   5.410331e-02
3.551596000000000197e-01   1.361994e+00   5.522964e-02
3.598708999999999936e-01   1.245401e+00   5.577342e-02
3.645822000000000229e-01   1.230781e+00   5.627881e-02
3.692933999999999939e-01   1.269814e+00   5.676774e-02
3.740047000000000232e-01   1.318407e+00   5.721830e-02
3.787158999999999942e-01   1.303134e+00   5.757764e-02
3.834272000000000236e-01   1.314807e+00   5.783327e-02
3.881383999999999945e-01   1.319930e+00   5.820157e-02
3.928497000000000239e-01   1.335698e+00   5.952304e-02
3.975609999999999977e-01   1.289348e+00   6.134087e-02
4.022722000000000242e-01   1.208338e+00   6.256381e-02
4.069834999999999980e-01   1.266650e+00   6.377494e-02
4.116947000000000245e-01   1.387055e+00   6.494584e-02
4.164059999999999984e-01   1.319613e+00   6.571493e-02
4.211172000000000248e-01   1.353282e+00   6.671366e-02
4.258284999999999987e-01   1.361592e+00   6.784933e-02
4.305397000000000252e-01   1.317840e+00   6.864876e-02
4.352509999999999990e-01   1.347891e+00   6.956477e-02
4.399622999999999728e-01   1.349008e+00   7.067621e-02
4.446734999999999993e-01   1.360215e+00   7.195575e-02
4.493847999999999732e-01   1.255802e+00   7.283801e-02
4.540959999999999996e-01   1.399849e+00   7.367849e-02
4.588072999999999735e-01   1.398336e+00   7.113180e-02
4.635185000000000000e-01   1.407922e+00   6.946045e-02
4.682297999999999738e-01   1.390966e+00   6.835292e-02
4.729411000000000032e-01   1.464462e+00   6.760448e-02
4.776522999999999741e-01   1.355774e+00   6.696085e-02
4.823636000000000035e-01   1.277614e+00   6.634483e-02
4.870747999999999744e-01   1.302705e+00   6.591865e-02
4.917861000000000038e-01   1.467186e+00   6.574894e-02
4.964972999999999748e-01   1.396849e+00   6.524346e-02
5.012086000000000041e-01   1.352411e+00   6.492156e-02
5.059198999999999780e-01   1.313935e+00   6.459423e-02
5.106311000000000044e-01   1.404117e+00   6.437046e-02
5.153423999999999783e-01   1.373170e+00   6.393755e-02
5.200536000000000048e-01   1.339222e+00   6.342021e-02
5.247648999999999786e-01   1.350763e+00   6.296304e-02
5.294761000000000051e-01   1.321672e+00   6.261564e-02
5.341873999999999789e-01   1.367280e+00   6.214186e-02
5.388986000000000054e-01   1.369746e+00   6.170776e-02
5.436098999999999792e-01   1.324332e+00   6.131678e-02
5.483211999999999531e-01   1.352459e+00   6.093217e-02
5.530323999999999796e-01   1.312322e+00   6.048996e-02
5.577436999999999534e-01   1.327274e+00   6.011114e-02
5.624548999999999799e-01   1.338644e+00   5.978751e-02
5.671661999999999537e-01   1.345228e+00   5.958049e-02
5.718773999999999802e-01   1.305272e+00   5.940252e-02
5.765886999999999540e-01   1.331405e+00   5.923478e-02
5.813000000000000389e-01   1.298960e+00   5.901154e-02
5.860111999999999544e-01   1.313180e+00   5.894389e-02
5.907225000000000392e-01   1.365956e+00   5.884732e-02
5.954336999999999547e-01   1.345036e+00   5.866728e-02
6.001450000000000395e-01   1.384761e+00   5.851334e-02
6.048561999999999550e-01   1.438680e+00   5.846210e-02
6.095675000000000399e-01   1.414547e+00   5.832203e-02
6.142788000000000137e-01   1.436661e+00   5.829430e-02
6.189900000000000402e-01   1.430851e+00   5.810889e-02
6.237013000000000140e-01   1.400674e+00   5.792330e-02
6.284125000000000405e-01   1.329008e+00   5.775769e-02
6.331238000000000143e-01   1.339712e+00   5.758856e-02
6.378350000000000408e-01   1.403884e+00   5.755708e-02
6.425463000000000147e-01   1.424416e+00   5.735705e-02
6.472575000000000411e-01   1.381559e+00   5.720398e-02
6.519688000000000150e-01   1.326849e+00   5.705189e-02
6.566800999999999888e-01   1.317039e+00   5.693370e-02
6.613913000000000153e-01   1.337175e+00   5.670971e-02
6.661025999999999891e-01   1.374933e+00   5.667800e-02
6.708138000000000156e-01   1.335564e+00   5.660525e-02
6.755250999999999895e-01   1.356054e+00   5.640978e-02
6.802363000000000159e-01   1.322693e+00   5.636783e-02
6.849475999999999898e-01   1.290650e+00   5.623113e-02
6.896588999999999636e-01   1.353202e+00   5.597789e-02
6.943700999999999901e-01   1.389934e+00   5.585928e-02
6.990813999999999639e-01   1.473731e+00   5.592793e-02
7.037925999999999904e-01   1.362530e+00   5.566776e-02
7.085038999999999643e-01   1.302764e+00   5.554885e-02
7.132150999999999907e-01   1.382973e+00   5.548994e-02
7.179263999999999646e-01   1.415497e+00   5.545611e-02
7.226375999999999911e-01   1.275638e+00   5.519600e-02
7.273488999999999649e-01   1.260707e+00   5.502278e-02
7.320602000000000498e-01   1.426623e+00   5.501273e-02
7.367713999999999652e-01   1.351057e+00   5.491547e-02
7.414827000000000501e-01   1.297659e+00   5.476288e-02
7.461938999999999655e-01   1.406919e+00   5.472685e-02
7.509052000000000504e-01   1.459837e+00   5.465355e-02
7.556163999999999659e-01   1.402270e+00   5.450656e-02
7.603277000000000507e-01   1.384480e+00   5.436072e-02
7.650390000000000246e-01   1.414451e+00   5.432841e-02
7.697502000000000510e-01   1.345717e+00   5.413704e-02
7.744615000000000249e-01   1.394657e+00   5.404992e-02
7.791727000000000514e-01   1.433738e+00   5.397052e-02
7.838840000000000252e-01   1.386651e+00   5.387004e-02
7.885952000000000517e-01   1.351600e+00   5.357637e-02
7.933065000000000255e-01   1.287082e+00   5.348193e-02
7.980177999999999994e-01   1.417913e+00   5.363631e-02
8.027290000000000258e-01   1.339649e+00   5.340387e-02
8.074402999999999997e-01   1.445918e+00   5.343324e-02
8.121515000000000262e-01   1.323545e+00   5.315949e-02
8.168628000000000000e-01   1.302252e+00   5.295427e-02
8.215740000000000265e-01   1.439017e+00   5.300654e-02
8.262853000000000003e-01   1.419350e+00   5.292358e-02
8.309965000000000268e-01   1.404223e+00   5.267120e-02
8.357078000000000007e-01   1.318511e+00   5.253182e-02
8.404190999999999745e-01   1.312476e+00   5.252527e-02
8.451303000000000010e-01   1.383711e+00   5.245551e-02
8.498415999999999748e-01   1.364415e+00   5.229692e-02
8.545528000000000013e-01   1.340902e+00   5.225465e-02
8.592640999999999751e-01   1.358807e+00   5.211329e-02
8.639753000000000016e-01   1.428066e+00   5.211728e-02
8.686865999999999755e-01   1.329115e+00   5.187904e-02
8.733978999999999493e-01   1.366598e+00   5.189234e-02
8.781090999999999758e-01   1.341539e+00   5.171729e-02
8.828203999999999496e-01   1.306997e+00   5.161047e-02
8.875315999999999761e-01   1.289261e+00   5.148508e-02
8.922428999999999499e-01   1.313322e+00   5.136868e-02
8.969540999999999764e-01   1.301364e+00   5.130532e-02
9.016653999999999503e-01   1.362649e+00   5.130236e-02
9.063767000000000351e-01   1.313970e+00   5.113310e-02
9.110878999999999506e-01   1.323115e+00   5.094757e-02
9.157992000000000354e-01   1.322368e+00   5.093698e-02
9.205103999999999509e-01   1.264448e+00   5.089334e-02
9.252217000000000358e-01   1.290878e+00   5.071431e-02
9.299328999999999512e-01   1.301578e+00   5.062312e-02
9.346442000000000361e-01   1.295335e+00   5.048108e-02
9.393553999999999515e-01   1.318997e+00   5.046326e-02
9.440667000000000364e-01   1.338884e+00   5.045443e-02
9.487780000000000102e-01   1.352224e+00   5.034324e-02
9.534892000000000367e-01   1.366628e+00   5.016879e-02
9.582005000000000106e-01   1.369371e+00   5.008844e-02
9.629117000000000370e-01   1.340023e+00   4.998893e-02
9.676230000000000109e-01   1.289992e+00   4.981856e-02
9.723342000000000374e-01   1.305666e+00   4.978530e-02
9.770455000000000112e-01   1.330961e+00   4.977647e-02
9.817567999999999850e-01   1.264890e+00   4.959380e-02
9.864680000000000115e-01   1.289975e+00   4.951188e-02
9.911792999999999854e-01   1.309973e+00   4.942507e-02
9.958905000000000118e-01   1.287781e+00   4.936527e-02
1.000601999999999991e+00   1.289238e+00   4.927541e-02
1.005312999999999901e+00   1.330850e+00   4.925556e-02
1.010024000000000033e+00   1.363752e+00   4.916575e-02
1.014736000000000082e+00   1.358607e+00   4.909926e-02
1.019446999999999992e+00   1.265179e+00   4.889732e-02
1.024157999999999902e+00   1.241720e+00   4.876995e-02
1.028869000000000034e+00   1.341521e+00   4.877194e-02
1.033581000000000083e+00   1.406352e+00   4.878337e-02
1.038291999999999993e+00   1.295542e+00   4.861775e-02
1.043002999999999902e+00   1.371847e+00   4.856472e-02
1.047714000000000034e+00   1.270276e+00   4.842358e-02
1.052426000000000084e+00   1.300113e+00   4.836475e-02
1.057136999999999993e+00   1.314694e+00   4.827486e-02
1.061847999999999903e+00   1.285280e+00   4.818155e-02
1.066559000000000035e+00   1.262824e+00   4.801130e-02
1.071271000000000084e+00   1.229765e+00   4.795160e-02
1.075981999999999994e+00   1.243281e+00   4.794967e-02
1.080692999999999904e+00   1.279701e+00   4.789167e-02
1.085404000000000035e+00   1.287556e+00   4.778248e-02
1.090116000000000085e+00   1.294870e+00   4.768844e-02
1.094826999999999995e+00   1.263619e+00   4.759151e-02
1.099537999999999904e+00   1.229094e+00   4.751100e-02
1.104249000000000036e+00   1.224291e+00   4.743465e-02
1.108961000000000086e+00   1.253361e+00   4.735506e-02
1.113671999999999995e+00   1.283165e+00   4.728385e-02
1.118382999999999905e+00   1.294758e+00   4.728102e-02
1.123094000000000037e+00   1.268019e+00   4.711863e-02
1.127806000000000086e+00   1.176886e+00   4.693829e-02
1.132516999999999996e+00   1.268633e+00   4.699681e-02
1.137227999999999906e+00   1.173107e+00   4.689905e-02
1.141939000000000037e+00   1.129740e+00   4.671082e-02
1.146651000000000087e+00   1.164743e+00   4.667867e-02
1.151361999999999997e+00   1.120345e+00   4.662331e-02
1.156072999999999906e+00   1.155862e+00   4.653010e-02
1.160784000000000038e+00   1.234188e+00   4.653316e-02
1.165496000000000087e+00   1.234450e+00   4.637924e-02
1.170206999999999997e+00   1.199771e+00   4.633016e-02
1.174917999999999907e+00   1.130300e+00   4.621698e-02
1.179629999999999956e+00   1.183439e+00   4.617374e-02
1.184341000000000088e+00   1.133299e+00   4.608446e-02
1.189051999999999998e+00   1.217582e+00   4.607517e-02
1.193762999999999908e+00   1.141233e+00   4.608885e-02
1.198474999999999957e+00   1.198601e+00   4.709897e-02
1.203186000000000089e+00   1.213272e+00   4.830591e-02
1.207896999999999998e+00   1.218083e+00   4.911491e-02
1.212607999999999908e+00   1.161257e+00   4.972033e-02
1.217319999999999958e+00   1.143375e+00   5.025475e-02
1.222031000000000089e+00   1.177373e+00   5.084143e-02
1.226741999999999999e+00   1.173711e+00   5.128516e-02
1.231452999999999909e+00   1.258696e+00   5.176290e-02
1.236164999999999958e+00   1.260003e+00   5.222455e-02
1.240876000000000090e+00   1.133842e+00   5.251452e-02
1.245587000000000000e+00   1.122628e+00   5.276863e-02
1.250297999999999909e+00   1.160624e+00   5.288520e-02
1.255009999999999959e+00   1.153735e+00   5.304051e-02
1.259721000000000091e+00   1.172413e+00   5.303924e-02
1.264432000000000000e+00   1.142000e+00   5.127983e-02
1.269142999999999910e+00   1.029628e+00   4.989868e-02
1.273854999999999960e+00   1.140691e+00   4.909700e-02
1.278566000000000091e+00   1.171781e+00   4.845898e-02
1.283277000000000001e+00   1.103770e+00   4.789726e-02
1.287987999999999911e+00   1.106946e+00   4.748835e-02
1.292699999999999960e+00   1.136223e+00   4.707787e-02
1.297411000000000092e+00   1.154583e+00   4.673105e-02
1.302122000000000002e+00   1.118928e+00   4.632682e-02
1.306832999999999911e+00   1.064468e+00   4.607760e-02
1.311544999999999961e+00   1.055815e+00   4.594338e-02
1.316256000000000093e+00   1.011984e+00   4.578047e-02
1.320967000000000002e+00   1.067075e+00   4.569702e-02
1.325677999999999912e+00   1.027102e+00   4.560175e-02
1.330389999999999961e+00   1.115533e+00   4.553779e-02
1.335101000000000093e+00   1.106340e+00   4.542554e-02
1.339812000000000003e+00   1.030729e+00   4.518137e-02
1.344522999999999913e+00   1.026060e+00   4.513896e-02
1.349234999999999962e+00   1.027365e+00   4.507606e-02
1.353946000000000094e+00   1.061504e+00   4.499480e-02
1.358657000000000004e+00   1.058920e+00   4.486442e-02
1.363369000000000053e+00   1.040254e+00   4.479133e-02
1.368079999999999963e+00   1.028207e+00   4.471555e-02
1.372791000000000095e+00   1.088982e+00   4.461557e-02
1.377502000000000004e+00   9.792387e-01   4.452166e-02
1.382214000000000054e+00   1.046717e+00   4.447380e-02
1.386924999999999963e+00   1.017422e+00   4.434260e-02
1.391636000000000095e+00   1.003260e+00   4.421437e-02
1.396347000000000005e+00   9.928394e-01   4.416585e-02
1.401059000000000054e+00   9.821533e-01   4.411529e-02
1.405769999999999964e+00   1.045857e+00   4.404695e-02
1.410481000000000096e+00   9.637819e-01   4.395191e-02
1.415192000000000005e+00   1.038894e+00   4.389258e-02
1.419904000000000055e+00   1.060760e+00   4.383842e-02
1.424614999999999965e+00   9.795969e-01   4.380431e-02
1.429326000000000096e+00   1.056102e+00   4.371526e-02
1.434037000000000006e+00   1.055302e+00   4.362131e-02
1.438749000000000056e+00   1.018075e+00   4.352872e-02
1.443459999999999965e+00   1.006786e+00   4.347350e-02
1.448171000000000097e+00   9.357480e-01   4.336336e-02
1.452882000000000007e+00   9.869955e-01   4.327347e-02
1.457594000000000056e+00   9.920480e-01   4.325616e-02
1.462304999999999966e+00   9.349367e-01   4.314529e-02
1.467016000000000098e+00   9.169908e-01   4.305632e-02
1.471727000000000007e+00   1.013700e+00   4.307362e-02
1.476439000000000057e+00   1.007280e+00   4.299764e-02
1.481149999999999967e+00   1.021307e+00   4.290303e-02
1.485861000000000098e+00   9.479273e-01   4.284230e-02
1.490572000000000008e+00   9.314604e-01   4.273371e-02
1.495284000000000058e+00   9.172986e-01   4.267942e-02
1.499994999999999967e+00   9.225559e-01   4.259936e-02
1.504706000000000099e+00   9.750959e-01   4.259386e-02
1.509417000000000009e+00   9.772795e-01   4.254513e-02
1.514129000000000058e+00   9.596010e-01   4.267234e-02
1.518839999999999968e+00   9.181170e-01   4.386081e-02
1.523551000000000100e+00   9.242771e-01   4.477933e-02
1.528262999999999927e+00   9.177776e-01   4.540313e-02
1.532974000000000059e+00   8.640509e-01   4.586010e-02
1.537684999999999969e+00   9.016352e-01   4.636333e-02
1.542396000000000100e+00   8.347528e-01   4.634392e-02
1.547107999999999928e+00   9.677456e-01   4.525370e-02
1.551819000000000059e+00   9.977761e-01   4.466793e-02
1.556529999999999969e+00   9.503572e-01   4.414121e-02
1.561241000000000101e+00   9.459217e-01   4.373851e-02
1.565952999999999928e+00   8.740632e-01   4.327327e-02
1.570664000000000060e+00   8.686419e-01   4.284050e-02
1.575374999999999970e+00   9.125427e-01   4.243076e-02
1.580086000000000102e+00   9.179261e-01   4.201185e-02
1.584797999999999929e+00   9.065567e-01   4.179175e-02
1.589509000000000061e+00   8.683958e-01   4.170956e-02
1.594219999999999970e+00   8.905224e-01   4.166610e-02
1.598931000000000102e+00   9.007095e-01   4.167795e-02
1.603642999999999930e+00   9.002472e-01   4.178406e-02
1.608354000000000061e+00   8.765493e-01   4.181966e-02
1.613064999999999971e+00   7.808706e-01   4.173549e-02
1.617776000000000103e+00   8.319278e-01   4.165029e-02
1.622487999999999930e+00   8.802511e-01   4.162615e-02
1.627199000000000062e+00   9.041064e-01   4.154776e-02
1.631909999999999972e+00   8.551428e-01   4.144842e-02
1.636621000000000103e+00   9.116246e-01   4.141094e-02
1.641332999999999931e+00   8.628343e-01   4.130469e-02
1.646044000000000063e+00   8.418087e-01   4.125352e-02
1.650754999999999972e+00   8.064004e-01   4.115198e-02
1.655466000000000104e+00   8.447788e-01   4.112462e-02
1.660177999999999932e+00   8.249598e-01   4.102509e-02
1.664889000000000063e+00   8.508239e-01   4.102865e-02
1.669599999999999973e+00   7.754947e-01   4.087016e-02
1.674311000000000105e+00   7.831885e-01   4.081613e-02
1.679022999999999932e+00   7.500910e-01   4.073271e-02
1.683734000000000064e+00   7.714875e-01   4.072628e-02
1.688444999999999974e+00   8.021681e-01   4.065667e-02
1.693156000000000105e+00   8.250149e-01   4.062409e-02
1.697867999999999933e+00   8.393131e-01   4.055007e-02
1.702579000000000065e+00   7.637701e-01   4.048087e-02
1.707289999999999974e+00   7.602845e-01   4.037103e-02
1.712002000000000024e+00   8.032356e-01   4.039440e-02
1.716712999999999933e+00   8.449077e-01   4.034937e-02
1.721424000000000065e+00   7.581106e-01   4.023327e-02
1.726134999999999975e+00   7.578285e-01   4.018223e-02
1.730847000000000024e+00   7.947938e-01   4.016728e-02
1.735557999999999934e+00   8.105267e-01   4.011353e-02
1.740269000000000066e+00   7.859252e-01   4.000762e-02
1.744979999999999976e+00   7.241322e-01   3.991778e-02
1.749692000000000025e+00   7.248758e-01   3.983711e-02
1.754402999999999935e+00   7.279133e-01   3.980754e-02
1.759114000000000066e+00   7.618465e-01   3.977502e-02
1.763824999999999976e+00   8.094102e-01   3.974180e-02
1.768537000000000026e+00   7.173423e-01   3.968365e-02
1.773247999999999935e+00   7.433329e-01   3.961900e-02
1.777959000000000067e+00   7.418064e-01   3.957178e-02
1.782669999999999977e+00   7.454270e-01   3.946713e-02
1.787382000000000026e+00   7.095236e-01   3.943137e-02
1.792092999999999936e+00   7.086982e-01   3.941272e-02
1.796804000000000068e+00   6.620064e-01   3.932575e-02
1.801514999999999977e+00   7.171660e-01   3.927499e-02
1.806227000000000027e+00   7.103387e-01   3.921698e-02
1.810937999999999937e+00   7.377369e-01   3.915666e-02
1.815649000000000068e+00   6.920172e-01   3.909902e-02
1.820359999999999978e+00   7.609418e-01   3.911673e-02
1.825072000000000028e+00   7.528737e-01   3.908440e-02
1.829782999999999937e+00   7.147951e-01   3.896683e-02
1.834494000000000069e+00   7.157217e-01   3.893888e-02
1.839204999999999979e+00   6.787702e-01   3.887329e-02
1.843917000000000028e+00   7.129255e-01   3.884541e-02
1.848627999999999938e+00   6.668803e-01   3.873265e-02
1.853339000000000070e+00   6.893438e-01   3.864586e-02
1.858049999999999979e+00   6.764020e-01   3.863432e-02
1.862762000000000029e+00   6.719542e-01   3.861848e-02
1.867472999999999939e+00   7.402689e-01   3.858642e-02
1.872184000000000070e+00   7.772921e-01   3.858573e-02
1.876894999999999980e+00   6.491713e-01   3.849265e-02
1.881607000000000030e+00   6.393808e-01   3.842271e-02
1.886317999999999939e+00   7.018199e-01   3.838534e-02
1.891029000000000071e+00   6.485204e-01   3.833120e-02
1.895740999999999898e+00   6.922324e-01   3.831888e-02
1.900452000000000030e+00   6.792228e-01   3.825892e-02
1.905162999999999940e+00   6.611287e-01   3.819564e-02
1.909874000000000072e+00   7.249354e-01   3.820338e-02
1.914585999999999899e+00   6.783714e-01   3.810703e-02
1.919297000000000031e+00   6.853006e-01   3.806843e-02
1.924007999999999940e+00   6.922542e-01   3.801652e-02
1.928719000000000072e+00   6.676824e-01   3.799611e-02
1.933430999999999900e+00   6.677906e-01   3.794574e-02
1.938142000000000031e+00   6.748306e-01   3.779430e-02
1.942852999999999941e+00   6.245938e-01   3.766155e-02
1.947564000000000073e+00   6.461809e-01   3.753153e-02
1.952275999999999900e+00   6.212765e-01   3.748802e-02
1.956987000000000032e+00   6.407985e-01   3.743235e-02
1.961697999999999942e+00   6.602501e-01   3.739974e-02
1.966409000000000074e+00   6.106292e-01   3.732762e-02
1.971120999999999901e+00   5.954433e-01   3.730069e-02
1.975832000000000033e+00   6.029755e-01   3.730007e-02
1.980542999999999942e+00   6.179509e-01   3.730638e-02
1.985254000000000074e+00   6.142648e-01   3.728380e-02
1.989965999999999902e+00   6.306081e-01   3.731168e-02
1.994677000000000033e+00   6.020805e-01   3.731664e-02
1.999387999999999943e+00   6.110654e-01   3.735641e-02
2.004099000000000075e+00   6.289921e-01   3.822022e-02
2.008811000000000124e+00   6.416139e-01   3.906348e-02
2.013522000000000034e+00   5.714469e-01   3.956729e-02
2.018232999999999944e+00   5.860015e-01   3.996867e-02
2.022943999999999853e+00   6.282193e-01   4.039649e-02
2.027655999999999903e+00   5.899429e-01   4.075014e-02
2.032366999999999813e+00   6.404039e-01   4.102177e-02
2.037078000000000166e+00   5.993551e-01   4.107077e-02
2.041789000000000076e+00   5.996411e-01   4.122976e-02
2.046501000000000126e+00   5.671156e-01   4.130247e-02
2.051212000000000035e+00   5.668535e-01   4.139912e-02
2.055922999999999945e+00   5.890088e-01   4.150346e-02
2.060633999999999855e+00   5.449649e-01   4.157267e-02
2.065345999999999904e+00   6.543613e-01   4.161217e-02
2.070056999999999814e+00   6.292139e-01   4.034932e-02
2.074768000000000168e+00   6.052669e-01   3.952506e-02
2.079480000000000217e+00   5.583641e-01   3.896690e-02
2.084191000000000127e+00   5.520757e-01   3.849968e-02
2.088902000000000037e+00   5.643776e-01   3.818895e-02
2.093612999999999946e+00   5.485856e-01   3.792783e-02
2.098324999999999996e+00   5.079210e-01   3.772641e-02
2.103035999999999905e+00   4.969982e-01   3.761861e-02
2.107746999999999815e+00   5.296754e-01   3.757377e-02
2.112458000000000169e+00   5.367747e-01   3.750006e-02
2.117170000000000218e+00   5.194148e-01   3.739036e-02
2.121881000000000128e+00   5.178985e-01   3.730148e-02
2.126592000000000038e+00   4.632709e-01   3.717919e-02
2.131302999999999948e+00   5.378775e-01   3.718767e-02
2.136014999999999997e+00   5.358594e-01   3.709804e-02
2.140725999999999907e+00   5.736359e-01   3.703945e-02
2.145436999999999816e+00   5.740535e-01   3.695699e-02
2.150148000000000170e+00   5.864319e-01   3.692984e-02
2.154860000000000220e+00   5.963517e-01   3.689822e-02
2.159571000000000129e+00   5.126094e-01   3.678878e-02
2.164282000000000039e+00   4.151992e-01   3.663714e-02
2.168992999999999949e+00   5.063958e-01   3.661196e-02
2.173704999999999998e+00   5.266373e-01   3.660679e-02
2.178415999999999908e+00   5.776176e-01   3.656276e-02
2.183126999999999818e+00   5.531830e-01   3.650374e-02
2.187838000000000171e+00   5.146603e-01   3.648451e-02
2.192550000000000221e+00   5.601765e-01   3.645267e-02
2.197261000000000131e+00   5.427640e-01   3.637560e-02
2.201972000000000040e+00   5.416988e-01   3.631114e-02
2.206682999999999950e+00   5.621825e-01   3.625821e-02
2.211395000000000000e+00   5.479994e-01   3.620882e-02
2.216105999999999909e+00   5.182999e-01   3.616705e-02
2.220816999999999819e+00   5.322595e-01   3.608956e-02
2.225528000000000173e+00   4.920815e-01   3.603098e-02
2.230239999999999778e+00   5.164771e-01   3.600545e-02
2.234951000000000132e+00   5.078649e-01   3.596083e-02
2.239662000000000042e+00   4.770166e-01   3.592539e-02
2.244372999999999951e+00   5.505166e-01   3.588309e-02
2.249085000000000001e+00   5.430299e-01   3.583135e-02
2.253795999999999911e+00   4.669614e-01   3.573118e-02
2.258506999999999820e+00   4.687350e-01   3.569976e-02
2.263218999999999870e+00   4.933685e-01   3.568092e-02
2.267929999999999779e+00   5.058642e-01   3.562329e-02
2.272641000000000133e+00   4.927253e-01   3.558357e-02
2.277352000000000043e+00   5.120165e-01   3.553964e-02
2.282064000000000092e+00   4.613300e-01   3.546758e-02
2.286775000000000002e+00   4.908356e-01   3.545420e-02
2.291485999999999912e+00   4.313455e-01   3.538114e-02
2.296196999999999822e+00   4.661349e-01   3.532822e-02
2.300908999999999871e+00   4.705747e-01   3.531082e-02
2.305619999999999781e+00   4.091189e-01   3.525121e-02
2.310331000000000135e+00   4.937598e-01   3.524594e-02
2.315042000000000044e+00   4.623296e-01   3.517516e-02
2.319754000000000094e+00   4.502640e-01   3.511947e-02
2.324465000000000003e+00   4.286993e-01   3.508498e-02
2.329175999999999913e+00   4.736799e-01   3.508806e-02
2.333886999999999823e+00   4.375178e-01   3.500997e-02
2.338598999999999872e+00   4.475584e-01   3.496869e-02
2.343309999999999782e+00   4.845126e-01   3.494075e-02
2.348021000000000136e+00   4.593649e-01   3.490895e-02
2.352732000000000046e+00   4.754485e-01   3.489657e-02
2.357444000000000095e+00   4.078123e-01   3.482314e-02
2.362155000000000005e+00   4.213341e-01   3.476248e-02
2.366865999999999914e+00   4.635544e-01   3.476103e-02
2.371576999999999824e+00   4.330311e-01   3.473227e-02
2.376288999999999874e+00   4.318388e-01   3.470177e-02
2.380999999999999783e+00   4.046782e-01   3.460568e-02
2.385711000000000137e+00   4.702198e-01   3.462683e-02
2.390422000000000047e+00   4.754440e-01   3.456887e-02
2.395134000000000096e+00   4.209092e-01   3.449613e-02
2.399845000000000006e+00   4.203533e-01   3.450351e-02
2.404555999999999916e+00   4.510801e-01   3.446345e-02
2.409266999999999825e+00   4.123262e-01   3.442706e-02
2.413978999999999875e+00   4.622341e-01   3.439922e-02
2.418689999999999785e+00   4.292035e-01   3.430863e-02
2.423401000000000138e+00   3.893092e-01   3.427743e-02
2.428112000000000048e+00   4.629065e-01   3.429602e-02
2.432824000000000098e+00   4.292900e-01   3.425997e-02
2.437535000000000007e+00   3.721582e-01   3.415589e-02
2.442245999999999917e+00   3.747869e-01   3.412479e-02
2.446957999999999966e+00   4.011966e-01   3.408887e-02
2.451668999999999876e+00   3.611653e-01   3.403975e-02
2.456379999999999786e+00   4.273566e-01   3.401873e-02
2.461091000000000140e+00   4.025464e-01   3.399859e-02
2.465803000000000189e+00   4.121526e-01   3.396977e-02
2.470514000000000099e+00   4.576567e-01   3.398977e-02
2.475225000000000009e+00   4.209843e-01   3.389601e-02
2.479935999999999918e+00   3.887274e-01   3.384526e-02
2.484647999999999968e+00   3.433787e-01   3.381047e-02
2.489358999999999877e+00   4.018981e-01   3.381393e-02
2.494069999999999787e+00   4.298365e-01   3.376003e-02
2.498781000000000141e+00   3.738900e-01   3.372852e-02
2.503493000000000190e+00   3.786651e-01   3.369401e-02
2.508204000000000100e+00   4.036371e-01   3.366383e-02
2.512915000000000010e+00   3.903701e-01   3.359165e-02
2.517625999999999920e+00   3.926823e-01   3.351327e-02
2.522337999999999969e+00   3.725952e-01   3.343626e-02
2.527048999999999879e+00   3.816996e-01   3.340198e-02
2.531759999999999788e+00   3.937549e-01   3.335636e-02
2.536471000000000142e+00   3.944376e-01   3.330294e-02
2.541183000000000192e+00   3.351276e-01   3.326097e-02
2.545894000000000101e+00   3.640220e-01   3.324423e-02
2.550605000000000011e+00   4.376685e-01   3.322277e-02
2.555315999999999921e+00   4.425150e-01   3.320463e-02
2.560027999999999970e+00   3.283743e-01   3.313717e-02
2.564738999999999880e+00   3.018989e-01   3.310235e-02
2.569449999999999790e+00   3.459649e-01   3.312836e-02
2.574161000000000143e+00   3.004505e-01   3.310960e-02
2.578873000000000193e+00   3.462704e-01   3.313220e-02
2.583584000000000103e+00   3.631564e-01   3.312034e-02
2.588295000000000012e+00   3.342123e-01   3.308466e-02
2.593005999999999922e+00   3.877457e-01   3.305173e-02
2.597717999999999972e+00   4.019454e-01   3.303886e-02
2.602428999999999881e+00   3.442123e-01   3.298217e-02
2.607139999999999791e+00   3.766931e-01   3.296893e-02
2.611851000000000145e+00   3.605919e-01   3.293701e-02
2.616563000000000194e+00   3.170863e-01   3.287933e-02
2.621274000000000104e+00   3.605341e-01   3.288086e-02
2.625985000000000014e+00   3.539590e-01   3.286092e-02
2.630697000000000063e+00   3.886632e-01   3.285583e-02
2.635407999999999973e+00   3.942256e-01   3.280925e-02
2.640118999999999883e+00   3.573515e-01   3.276888e-02
2.644829999999999792e+00   3.740541e-01   3.273383e-02
2.649541999999999842e+00   3.328107e-01   3.268112e-02
2.654253000000000196e+00   3.301835e-01   3.267273e-02
2.658964000000000105e+00   3.654392e-01   3.264014e-02
2.663675000000000015e+00   3.743702e-01   3.261213e-02
2.668387000000000064e+00   3.815252e-01   3.258914e-02
2.673097999999999974e+00   3.182713e-01   3.251373e-02
2.677808999999999884e+00   3.298417e-01   3.247093e-02
2.682519999999999794e+00   3.807978e-01   3.248487e-02
2.687231999999999843e+00   3.438254e-01   3.244027e-02
2.691943000000000197e+00   3.485212e-01   3.241856e-02
2.696654000000000106e+00   3.032966e-01   3.236766e-02
2.701365000000000016e+00   3.502803e-01   3.236315e-02
2.706077000000000066e+00   3.380563e-01   3.233263e-02
2.710787999999999975e+00   3.585444e-01   3.233762e-02
2.715498999999999885e+00   3.473151e-01   3.228922e-02
2.720209999999999795e+00   3.584976e-01   3.225683e-02
2.724921999999999844e+00   3.566528e-01   3.224044e-02
2.729633000000000198e+00   3.141595e-01   3.222507e-02
2.734344000000000108e+00   3.277782e-01   3.216214e-02
2.739055000000000017e+00   2.979678e-01   3.208513e-02
2.743767000000000067e+00   2.983709e-01   3.208933e-02
2.748477999999999977e+00   3.051920e-01   3.207555e-02
2.753188999999999886e+00   3.156417e-01   3.204621e-02
2.757899999999999796e+00   3.572292e-01   3.202782e-02
2.762611999999999846e+00   3.081291e-01   3.197576e-02
2.767323000000000199e+00   3.208505e-01   3.196593e-02
2.772034000000000109e+00   3.551593e-01   3.193189e-02
2.776745000000000019e+00   3.474670e-01   3.187454e-02
2.781457000000000068e+00   3.179111e-01   3.184928e-02
2.786167999999999978e+00   3.059533e-01   3.184185e-02
2.790878999999999888e+00   3.205859e-01   3.183726e-02
2.795589999999999797e+00   3.279047e-01   3.179995e-02
2.800301999999999847e+00   3.536377e-01   3.179952e-02
2.805013000000000201e+00   3.353149e-01   3.191038e-02
2.809724000000000110e+00   2.656435e-01   3.269850e-02
2.814436000000000160e+00   2.812124e-01   3.319914e-02
2.819147000000000070e+00   2.739755e-01   3.361548e-02
2.823857999999999979e+00   2.889556e-01   3.390021e-02
2.828568999999999889e+00   3.096438e-01   3.410930e-02
2.833280999999999938e+00   3.202168e-01   3.421907e-02
2.837991999999999848e+00   3.208691e-01   3.433452e-02
2.842703000000000202e+00   3.443768e-01   3.445083e-02
2.847414000000000112e+00   3.378895e-01   3.454491e-02
2.852126000000000161e+00   3.522516e-01   3.463494e-02
2.856837000000000071e+00   3.018626e-01   3.464326e-02
2.861547999999999981e+00   3.176644e-01   3.475850e-02
2.866258999999999890e+00   3.169819e-01   3.481108e-02
2.870970999999999940e+00   3.319317e-01   3.455131e-02
2.875681999999999849e+00   3.617082e-01   3.369357e-02
2.880393000000000203e+00   3.763499e-01   3.316314e-02
2.885104000000000113e+00   2.986919e-01   3.279006e-02
2.889816000000000162e+00   3.021504e-01   3.255570e-02
2.894527000000000072e+00   2.864230e-01   3.240379e-02
2.899237999999999982e+00   2.972884e-01   3.231781e-02
2.903948999999999891e+00   3.014999e-01   3.224164e-02
2.908660999999999941e+00   2.966046e-01   3.215543e-02
2.913371999999999851e+00   2.521146e-01   3.205246e-02
2.918083000000000204e+00   3.067608e-01   3.203256e-02
2.922794000000000114e+00   3.013032e-01   3.199404e-02
2.927506000000000164e+00   3.065733e-01   3.192091e-02
2.932217000000000073e+00   3.248121e-01   3.188371e-02
2.936927999999999983e+00   3.087526e-01   3.182828e-02
2.941638999999999893e+00   2.419762e-01   3.174144e-02
2.946350999999999942e+00   2.818147e-01   3.173097e-02
2.951061999999999852e+00   3.035163e-01   3.168463e-02
2.955773000000000206e+00   3.010170e-01   3.164395e-02
2.960484000000000115e+00   3.190506e-01   3.162961e-02
2.965196000000000165e+00   3.104858e-01   3.155860e-02
2.969907000000000075e+00   2.802958e-01   3.151379e-02
2.974617999999999984e+00   3.384469e-01   3.151377e-02
2.979328999999999894e+00   3.137453e-01   3.143923e-02
2.984040999999999944e+00   2.837951e-01   3.139151e-02
2.988751999999999853e+00   2.539648e-01   3.133998e-02
2.993463000000000207e+00   2.356323e-01   3.130337e-02
2.998174999999999812e+00   2.286855e-01   3.128461e-02
3.002886000000000166e+00   2.757553e-01   3.124695e-02
3.007597000000000076e+00   2.883301e-01   3.120710e-02
3.012307999999999986e+00   3.017915e-01   3.120878e-02
3.017020000000000035e+00   2.907531e-01   3.116272e-02
3.021730999999999945e+00   2.964259e-01   3.112338e-02
3.026441999999999855e+00   2.933758e-01   3.110045e-02
3.031153000000000208e+00   2.570425e-01   3.103836e-02
3.035864999999999814e+00   2.795033e-01   3.101954e-02
3.040576000000000167e+00   2.537544e-01   3.094725e-02
3.045287000000000077e+00   2.610478e-01   3.095394e-02
3.049997999999999987e+00   2.480334e-01   3.094410e-02
3.054710000000000036e+00   2.815479e-01   3.091372e-02
3.059420999999999946e+00   2.904569e-01   3.089411e-02
3.064131999999999856e+00   2.707620e-01   3.084465e-02
3.068843000000000210e+00   2.626246e-01   3.080988e-02
3.073554999999999815e+00   2.548073e-01   3.080342e-02
3.078266000000000169e+00   2.665654e-01   3.075550e-02
3.082977000000000078e+00   2.892699e-01   3.073675e-02
3.087687999999999988e+00   1.822437e-01   3.065576e-02
3.092400000000000038e+00   2.201174e-01   3.062568e-02
3.097110999999999947e+00   2.566927e-01   3.061754e-02
3.101821999999999857e+00   2.705570e-01   3.057247e-02
3.106533000000000211e+00   2.297064e-01   3.057383e-02
3.111244999999999816e+00   2.220816e-01   3.054547e-02
3.115956000000000170e+00   2.730213e-01   3.053935e-02
3.120667000000000080e+00   2.599399e-01   3.048953e-02
3.125377999999999989e+00   2.362893e-01   3.045875e-02
3.130090000000000039e+00   2.126132e-01   3.042673e-02
3.134800999999999949e+00   2.096767e-01   3.039976e-02
3.139511999999999858e+00   2.575480e-01   3.039760e-02
3.144223000000000212e+00   2.481172e-01   3.038010e-02
3.148934999999999818e+00   2.434277e-01   3.033556e-02
3.153646000000000171e+00   2.704786e-01   3.028563e-02
3.158357000000000081e+00   2.682520e-01   3.029328e-02
3.163067999999999991e+00   2.558279e-01   3.027170e-02
3.167780000000000040e+00   1.864753e-01   3.020112e-02
3.172490999999999950e+00   2.322961e-01   3.019083e-02
3.177201999999999860e+00   2.125336e-01   3.018353e-02
3.181913999999999909e+00   2.021879e-01   3.016998e-02
3.186624999999999819e+00   2.361367e-01   3.013781e-02
3.191336000000000173e+00   2.343810e-01   3.007671e-02
3.196047000000000082e+00   1.941651e-01   2.998446e-02
3.200759000000000132e+00   2.611805e-01   2.999357e-02
3.205470000000000041e+00   2.169985e-01   2.995357e-02
3.210180999999999951e+00   2.164170e-01   2.990726e-02
3.214891999999999861e+00   2.037543e-01   2.987775e-02
3.219603999999999910e+00   2.124930e-01   2.986412e-02
3.224314999999999820e+00   2.183646e-01   2.983731e-02
3.229026000000000174e+00   2.174001e-01   2.978571e-02
3.233737000000000084e+00   2.398878e-01   2.980135e-02
3.238449000000000133e+00   2.394223e-01   2.976104e-02
3.243160000000000043e+00   2.736491e-01   2.979810e-02
3.247870999999999952e+00   2.292942e-01   2.976886e-02
3.252581999999999862e+00   2.378577e-01   2.976774e-02
3.257293999999999912e+00   2.707276e-01   2.979312e-02
3.262004999999999821e+00   2.424622e-01   2.976779e-02
3.266716000000000175e+00   2.959250e-01   2.974910e-02
3.271427000000000085e+00   2.303599e-01   2.968440e-02
3.276139000000000134e+00   2.225642e-01   2.964988e-02
3.280850000000000044e+00   2.664706e-01   2.968027e-02
3.285560999999999954e+00   2.730521e-01   2.965330e-02
3.290271999999999863e+00   1.920728e-01   2.957469e-02
3.294983999999999913e+00   1.925647e-01   2.955585e-02
3.299694999999999823e+00   1.973252e-01   2.952666e-02
3.304406000000000176e+00   2.571846e-01   2.953944e-02
3.309117000000000086e+00   2.486409e-01   2.950130e-02
3.313829000000000136e+00   1.738764e-01   2.946048e-02
3.318540000000000045e+00   1.896876e-01   2.940730e-02
3.323250999999999955e+00   2.191280e-01   2.942278e-02
3.327961999999999865e+00   2.102952e-01   2.942324e-02
3.332673999999999914e+00   1.796137e-01   2.937495e-02
3.337384999999999824e+00   2.010614e-01   2.935829e-02
3.342096000000000178e+00   2.061203e-01   2.932615e-02
3.346807000000000087e+00   2.382847e-01   2.931460e-02
3.351519000000000137e+00   2.172539e-01   2.928887e-02
3.356230000000000047e+00   2.241678e-01   2.929044e-02
3.360940999999999956e+00   2.045772e-01   2.925673e-02
3.365653000000000006e+00   2.422167e-01   2.924471e-02
3.370363999999999916e+00   2.199037e-01   2.920379e-02
3.375074999999999825e+00   1.715073e-01   2.918671e-02
3.379786000000000179e+00   2.673109e-01   2.920407e-02
3.384497999999999784e+00   1.782640e-01   2.913120e-02
3.389209000000000138e+00   2.219249e-01   2.935079e-02
3.393920000000000048e+00   2.116665e-01   3.000944e-02
3.398630999999999958e+00   1.875047e-01   3.042760e-02
3.403343000000000007e+00   2.289587e-01   3.075158e-02
3.408053999999999917e+00   2.336759e-01   3.097906e-02
3.412764999999999826e+00   1.940274e-01   3.105827e-02
3.417476000000000180e+00   1.842285e-01   3.102921e-02
3.422187999999999786e+00   2.061708e-01   3.107039e-02
3.426899000000000139e+00   2.173130e-01   3.113929e-02
3.431610000000000049e+00   2.132158e-01   3.116777e-02
3.436320999999999959e+00   1.963763e-01   3.127563e-02
3.441033000000000008e+00   2.060765e-01   3.136098e-02
3.445743999999999918e+00   2.173926e-01   3.141533e-02
3.450454999999999828e+00   2.107752e-01   3.147998e-02
3.455166000000000182e+00   2.251590e-01   3.151370e-02
3.459877999999999787e+00   1.795325e-01   3.153444e-02
3.464589000000000141e+00   2.185870e-01   3.163298e-02
3.469300000000000050e+00   2.004279e-01   3.165938e-02
3.474010999999999960e+00   2.120653e-01   3.171825e-02
3.478723000000000010e+00   2.057924e-01   3.174579e-02
3.483433999999999919e+00   2.060739e-01   3.182478e-02
3.488144999999999829e+00   1.950211e-01   3.182556e-02
3.492856000000000183e+00   2.006726e-01   3.184067e-02
3.497567999999999788e+00   2.132763e-01   3.190880e-02
3.502279000000000142e+00   1.967043e-01   3.195586e-02
3.506990000000000052e+00   1.901814e-01   3.197625e-02
3.511700999999999961e+00   1.909813e-01   3.203273e-02
3.516413000000000011e+00   2.286262e-01   3.210159e-02
3.521123999999999921e+00   1.625513e-01   3.209308e-02
3.525834999999999830e+00   1.059926e-01   3.209910e-02
3.530546000000000184e+00   2.440348e-01   3.220922e-02
3.535257999999999790e+00   2.172502e-01   3.223735e-02
3.539969000000000143e+00   1.368043e-01   3.219194e-02
3.544680000000000053e+00   2.050405e-01   3.227981e-02
3.549392000000000102e+00   2.049423e-01   3.229321e-02
3.554103000000000012e+00   1.856414e-01   3.232117e-02
3.558813999999999922e+00   1.774158e-01   3.235711e-02
3.563524999999999832e+00   1.976418e-01   3.241654e-02
3.568236999999999881e+00   1.974531e-01   3.241140e-02
3.572947999999999791e+00   2.198568e-01   3.246545e-02
3.577659000000000145e+00   2.173393e-01   3.247127e-02
3.582370000000000054e+00   2.054216e-01   3.249136e-02
3.587082000000000104e+00   1.997674e-01   3.254431e-02
3.591793000000000013e+00   2.188824e-01   3.259007e-02
3.596503999999999923e+00   2.193970e-01   3.254070e-02
3.601214999999999833e+00   1.942283e-01   3.254586e-02
3.605926999999999882e+00   1.887330e-01   3.254482e-02
3.610637999999999792e+00   1.801387e-01   3.317358e-02
3.615349000000000146e+00   1.165259e-01   3.412804e-02
3.620060000000000056e+00   1.483694e-01   3.471902e-02
3.624772000000000105e+00   1.720634e-01   3.512178e-02
3.629483000000000015e+00   1.230058e-01   3.537603e-02
3.634193999999999924e+00   1.575574e-01   3.561499e-02
3.638904999999999834e+00   1.804305e-01   3.588038e-02
3.643616999999999884e+00   2.132581e-01   3.611884e-02
3.648327999999999793e+00   1.744474e-01   3.627242e-02
3.653039000000000147e+00   1.686320e-01   3.645231e-02
3.657750000000000057e+00   1.895362e-01   3.661909e-02
3.662462000000000106e+00   1.932186e-01   3.683713e-02
3.667173000000000016e+00   1.975465e-01   3.701230e-02
3.671883999999999926e+00   1.569547e-01   3.720859e-02
3.676594999999999835e+00   1.499924e-01   3.733741e-02
3.681306999999999885e+00   1.437823e-01   3.743472e-02
3.686017999999999795e+00   1.979303e-01   3.769055e-02
3.690729000000000148e+00   1.983457e-01   3.784455e-02
3.695440000000000058e+00   2.026849e-01   3.799056e-02
3.700152000000000108e+00   1.783740e-01   3.813578e-02
3.704863000000000017e+00   2.178275e-01   3.832432e-02
3.709573999999999927e+00   1.855224e-01   3.843648e-02
3.714284999999999837e+00   1.996477e-01   3.865246e-02
3.718996999999999886e+00   1.744294e-01   3.878234e-02
3.723707999999999796e+00   1.588595e-01   3.890915e-02
3.728419000000000150e+00   1.772885e-01   3.905955e-02
3.733131000000000199e+00   1.732189e-01   3.924760e-02
3.737842000000000109e+00   2.065628e-01   3.936700e-02
3.742553000000000019e+00   2.377523e-01   3.952439e-02
3.747263999999999928e+00   1.956127e-01   3.968962e-02
3.751975999999999978e+00   2.092929e-01   3.981599e-02
3.756686999999999887e+00   2.328838e-01   3.998221e-02
3.761397999999999797e+00   2.282132e-01   4.015621e-02
3.766109000000000151e+00   2.083700e-01   4.033089e-02
3.770821000000000200e+00   1.798115e-01   4.041953e-02
3.775532000000000110e+00   1.669382e-01   4.049510e-02
3.780243000000000020e+00   1.780840e-01   4.066093e-02
3.784953999999999930e+00   1.868920e-01   4.082807e-02
3.789665999999999979e+00   1.478241e-01   4.094259e-02
3.794376999999999889e+00   1.777704e-01   4.116000e-02
3.799087999999999798e+00   2.162596e-01   4.134799e-02
3.803799000000000152e+00   1.976462e-01   4.146976e-02
3.808511000000000202e+00   2.033583e-01   4.156625e-02
3.813222000000000111e+00   1.494315e-01   4.166881e-02
3.817933000000000021e+00   1.721174e-01   4.182348e-02
3.822643999999999931e+00   1.682708e-01   4.198372e-02
3.827355999999999980e+00   1.133208e-01   4.208135e-02
3.832066999999999890e+00   1.890500e-01   4.231060e-02
3.836777999999999800e+00   1.763807e-01   4.249502e-02
3.841489000000000154e+00   1.405790e-01   4.261450e-02
3.846201000000000203e+00   1.442024e-01   4.272292e-02
3.850912000000000113e+00   1.791195e-01   4.289355e-02
3.855623000000000022e+00   1.675807e-01   4.305424e-02
3.860333999999999932e+00   1.286821e-01   4.318460e-02
3.865045999999999982e+00   1.820304e-01   4.336469e-02
3.869756999999999891e+00   1.364043e-01   4.342801e-02
3.874467999999999801e+00   2.823659e-01   4.368821e-02
3.879179000000000155e+00   1.785731e-01   4.381130e-02
3.883891000000000204e+00   1.447003e-01   4.388353e-02
3.888602000000000114e+00   2.323814e-01   4.416312e-02
3.893313000000000024e+00   2.189640e-01   4.423709e-02
3.898023999999999933e+00   1.485810e-01   4.437594e-02
3.902735999999999983e+00   1.255134e-01   4.454382e-02
3.907446999999999893e+00   1.082068e-01   4.467364e-02
3.912157999999999802e+00   1.188804e-01   4.484294e-02
3.916869999999999852e+00   1.844385e-01   4.488220e-02
3.921581000000000206e+00   1.385796e-01   4.488032e-02
3.926292000000000115e+00   2.206541e-01   4.505813e-02
3.931003000000000025e+00   1.763922e-01   4.520578e-02
3.935715000000000074e+00   1.691363e-01   4.531771e-02
3.940425999999999984e+00   1.899534e-01   4.533245e-02
3.945136999999999894e+00   1.399863e-01   4.534823e-02
3.949847999999999804e+00   2.182711e-01   4.550453e-02
3.954559999999999853e+00   2.231141e-01   4.558573e-02
3.959271000000000207e+00   2.227732e-01   4.561118e-02
3.963982000000000117e+00   1.766758e-01   4.554412e-02
3.968693000000000026e+00   1.975467e-01   4.568262e-02
3.973405000000000076e+00   1.769286e-01   4.584563e-02
3.978115999999999985e+00   1.587506e-01   4.588569e-02
3.982826999999999895e+00   1.317874e-01   4.605016e-02
3.987537999999999805e+00   1.689458e-01   4.622470e-02
3.992249999999999854e+00   1.832729e-01   4.635978e-02
3.996961000000000208e+00   2.435623e-01   4.665027e-02
4.001672000000000118e+00   1.554077e-01   4.669551e-02
4.006382999999999583e+00   8.003621e-02   4.677628e-02
4.011095000000000077e+00   9.142372e-02   4.700133e-02
4.015806000000000431e+00   1.393364e-01   4.721851e-02
4.020516999999999896e+00   1.964714e-01   4.738728e-02
4.025228000000000250e+00   1.213448e-01   4.744964e-02
4.029939999999999856e+00   1.203303e-01   4.759153e-02
4.034651000000000209e+00   9.730268e-02   4.777016e-02
4.039361999999999675e+00   1.284183e-01   4.799286e-02
4.044073000000000029e+00   1.601379e-01   4.818000e-02
4.048784999999999634e+00   1.726371e-01   4.834023e-02
4.053495999999999988e+00   1.355905e-01   4.848467e-02
4.058207000000000342e+00   1.105340e-01   4.859176e-02
4.062917999999999807e+00   1.580651e-01   4.884298e-02
4.067630000000000301e+00   1.656394e-01   4.896124e-02
4.072340999999999767e+00   1.557491e-01   4.916228e-02
4.077052000000000120e+00   1.628123e-01   4.937192e-02
4.081762999999999586e+00   1.197163e-01   4.952579e-02
4.086475000000000080e+00   1.640919e-01   4.971320e-02
4.091186000000000433e+00   1.824475e-01   4.986755e-02
4.095896999999999899e+00   1.579533e-01   5.001652e-02
4.100609000000000393e+00   1.746436e-01   5.024569e-02
4.105319999999999858e+00   1.683266e-01   5.047938e-02
4.110031000000000212e+00   1.923765e-01   5.067457e-02
4.114741999999999678e+00   8.711667e-02   5.078795e-02
4.119454000000000171e+00   1.281650e-01   5.087265e-02
4.124164999999999637e+00   1.320927e-01   5.115069e-02
4.128875999999999991e+00   9.968273e-02   5.139262e-02
4.133587000000000344e+00   1.147794e-01   5.149847e-02
4.138298999999999950e+00   1.395694e-01   5.171635e-02
4.143010000000000304e+00   1.635085e-01   5.192119e-02
4.147720999999999769e+00   1.597802e-01   5.210886e-02
4.152432000000000123e+00   5.475285e-02   5.221041e-02
4.157143999999999728e+00   4.598854e-02   5.242183e-02
4.161855000000000082e+00   1.833674e-01   5.267980e-02
4.166566000000000436e+00   1.933739e-01   5.288700e-02
4.171276999999999902e+00   1.403175e-01   5.302471e-02
4.175989000000000395e+00   9.255541e-02   5.321513e-02
4.180699999999999861e+00   1.021575e-01   5.356228e-02
4.185411000000000215e+00   1.193962e-01   5.372318e-02
4.190121999999999680e+00   1.636415e-01   5.383360e-02
4.194834000000000174e+00   1.926995e-01   5.411684e-02
4.199544999999999639e+00   1.916132e-01   5.431715e-02
4.204255999999999993e+00   1.404535e-01   5.456697e-02
4.208967000000000347e+00   1.070251e-01   5.473361e-02
4.213678999999999952e+00   1.332107e-01   5.495930e-02
4.218390000000000306e+00   2.354740e-01   5.523052e-02
4.223100999999999772e+00   1.667251e-01   5.541107e-02
4.227812000000000126e+00   1.454055e-01   5.561946e-02
4.232523999999999731e+00   1.261075e-01   5.582168e-02
4.237235000000000085e+00   1.444544e-01   5.604057e-02
4.241946000000000438e+00   1.631930e-01   5.629773e-02
4.246656999999999904e+00   1.394851e-01   5.643926e-02
4.251369000000000398e+00   6.379364e-02   5.665735e-02
4.256079999999999863e+00   5.540389e-02   5.701061e-02
4.260791000000000217e+00   1.468834e-01   5.726264e-02
4.265501999999999683e+00   6.191560e-02   5.741367e-02
4.270214000000000176e+00   8.393109e-02   5.769398e-02
4.274924999999999642e+00   1.696715e-01   5.802665e-02
4.279635999999999996e+00   1.933258e-01   5.819053e-02
4.284347999999999601e+00   1.737865e-01   5.854075e-02
4.289058999999999955e+00   2.219895e-01   5.877268e-02
4.293770000000000309e+00   1.293845e-01   5.895013e-02
4.298480999999999774e+00   5.358756e-02   5.910651e-02
4.303193000000000268e+00   1.859518e-01   5.947744e-02
4.307903999999999733e+00   1.396480e-01   5.972115e-02
4.312615000000000087e+00   1.031230e-01   5.983206e-02
4.317326000000000441e+00   1.008264e-01   6.025716e-02
4.322038000000000046e+00   7.842009e-02   6.049935e-02
4.326749000000000400e+00   1.144921e-01   6.081218e-02
4.331459999999999866e+00   1.093834e-01   6.114521e-02
4.336171000000000220e+00   1.075587e-01   6.133182e-02
4.340882999999999825e+00   2.223693e-01   6.164794e-02
4.345594000000000179e+00   2.116196e-01   6.194867e-02
4.350304999999999644e+00   2.336047e-01   6.241264e-02
4.355015999999999998e+00   1.675221e-01   6.262222e-02
4.359727999999999604e+00   1.514309e-01   6.278897e-02
4.364438999999999957e+00   1.639469e-01   6.308664e-02
4.369150000000000311e+00   1.228545e-01   6.341153e-02
4.373860999999999777e+00   1.862757e-01   6.368300e-02
4.378573000000000270e+00   1.344762e-01   6.416576e-02
4.383283999999999736e+00   1.481305e-01   6.433281e-02
4.387995000000000090e+00   2.512001e-01   6.473153e-02
4.392706000000000444e+00   1.933440e-01   6.495726e-02
4.397418000000000049e+00   1.541648e-01   6.527051e-02
4.402129000000000403e+00   1.149455e-01   6.517179e-02
4.406839999999999868e+00   1.710552e-01   6.532459e-02
4.411551000000000222e+00   1.739077e-01   6.558820e-02
4.416262999999999828e+00   1.794781e-01   6.549050e-02
4.420974000000000181e+00   1.160080e-01   6.533148e-02
4.425684999999999647e+00   1.449619e-01   6.542645e-02
4.430396000000000001e+00   1.346061e-01   6.551041e-02
4.435107999999999606e+00   1.432840e-01   6.566387e-02
4.439818999999999960e+00   1.236377e-01   6.584846e-02
4.444530000000000314e+00   1.153930e-01   6.615014e-02
4.449240999999999779e+00   1.264010e-01   6.640517e-02
4.453953000000000273e+00   7.187245e-02   6.669236e-02
4.458663999999999739e+00   1.075340e-02   6.703955e-02
4.463375000000000092e+00   1.375503e-01   6.747497e-02
4.468086999999999698e+00   1.271488e-01   6.776070e-02
4.472798000000000052e+00   8.729059e-02   6.811727e-02
4.477509000000000405e+00   7.725086e-02   6.850041e-02
4.482219999999999871e+00   1.880007e-01   6.887630e-02
4.486932000000000365e+00   2.255030e-01   6.940910e-02
4.491642999999999830e+00   1.402214e-01   6.973160e-02
4.496354000000000184e+00   8.264090e-02   6.997505e-02
4.501064999999999650e+00   1.798191e-01   7.051120e-02
4.505777000000000143e+00   6.323820e-02   7.075655e-02
4.510487999999999609e+00   1.596213e-01   7.122190e-02
4.515198999999999963e+00   1.235835e-01   7.167810e-02
4.519910000000000316e+00   4.230734e-02   7.213885e-02
4.524621999999999922e+00   1.066195e-01   7.239789e-02
4.529333000000000276e+00   4.104427e-02   7.282434e-02
4.534043999999999741e+00   4.642896e-02   7.342146e-02
4.538755000000000095e+00   1.239474e-01   7.390419e-02
4.543466999999999700e+00   1.747841e-01   7.439798e-02
4.548178000000000054e+00   1.602109e-01   7.480152e-02
4.552889000000000408e+00   1.383803e-01   7.534135e-02
4.557599999999999874e+00   1.590633e-01   7.584781e-02
4.562312000000000367e+00   2.037029e-01   7.642084e-02
4.567022999999999833e+00   1.482362e-01   7.680767e-02
4.571734000000000187e+00   1.344874e-01   7.749063e-02
4.576444999999999652e+00   1.694568e-01   7.785943e-02
4.581157000000000146e+00   2.291102e-01   7.836928e-02
4.585867999999999611e+00   1.772054e-01   7.891529e-02
4.590578999999999965e+00   1.589216e-01   7.939491e-02
4.595290000000000319e+00   3.839027e-02   7.993862e-02
4.600001999999999924e+00   8.000328e-02   8.054719e-02
4.604713000000000278e+00   1.402315e-01   8.102803e-02
4.609423999999999744e+00   1.013286e-01   8.159378e-02
4.614135000000000097e+00   1.701158e-01   8.238451e-02
4.618846999999999703e+00   1.817503e-01   8.311240e-02
4.623558000000000057e+00   1.110658e-01   8.364427e-02
4.628269000000000410e+00   5.965083e-02   8.436488e-02
4.632979999999999876e+00   1.202578e-01   8.498706e-02
4.637692000000000370e+00   4.134793e-02   8.551410e-02
4.642402999999999835e+00   1.443059e-01   8.641081e-02
4.647114000000000189e+00   1.295671e-01   8.697440e-02
4.651825999999999794e+00   1.949382e-01   8.779108e-02
4.656537000000000148e+00   1.503764e-01   8.833353e-02
4.661247999999999614e+00   5.856220e-02   8.898007e-02
4.665958999999999968e+00   1.205941e-01   8.984923e-02
4.670670999999999573e+00   1.322239e-01   9.071481e-02
4.675381999999999927e+00   5.012090e-03   9.125307e-02
4.680093000000000281e+00   2.739874e-01   9.259028e-02
4.684803999999999746e+00   2.438818e-01   9.369285e-02
4.689516000000000240e+00   1.396000e-01   9.434057e-02
4.694226999999999705e+00   2.158081e-01   9.531036e-02
4.698938000000000059e+00   1.890757e-01   9.649634e-02
4.703649000000000413e+00  -6.124381e-03   9.679525e-02
4.708361000000000018e+00  -1.721883e-02   9.795120e-02
4.713072000000000372e+00   2.336324e-02   9.862676e-02
4.717782999999999838e+00   1.560250e-01   9.992272e-02
4.722494000000000192e+00   1.805826e-01   1.012414e-01
4.727205999999999797e+00   7.476871e-02   1.022942e-01
4.731917000000000151e+00   1.896507e-01   1.036165e-01
4.736627999999999616e+00   1.245200e-01   1.045077e-01
4.741338999999999970e+00   1.491925e-01   1.058979e-01
4.746050999999999576e+00   1.956680e-01   1.074516e-01
4.750761999999999929e+00   8.812832e-02   1.084782e-01
4.755473000000000283e+00   1.768977e-01   1.098992e-01
4.760183999999999749e+00   9.053777e-02   1.108277e-01
4.764896000000000242e+00  -2.078768e-02   1.120338e-01
4.769606999999999708e+00   2.111143e-01   1.144099e-01
4.774318000000000062e+00   1.752241e-01   1.159334e-01
4.779029000000000416e+00   5.194830e-02   1.175747e-01
4.783741000000000021e+00   5.751402e-02   1.192744e-01
4.788452000000000375e+00   9.153598e-02   1.212644e-01
4.793162999999999840e+00  -8.315912e-02   1.228240e-01
4.797874000000000194e+00   9.565907e-02   1.248273e-01
4.802585999999999800e+00   1.068995e-01   1.267016e-01
4.807297000000000153e+00   6.579847e-02   1.289455e-01
4.812007999999999619e+00  -4.677599e-02   1.308352e-01
4.816718999999999973e+00   8.199090e-02   1.340582e-01
4.821430999999999578e+00   3.996580e-02   1.366849e-01
4.826141999999999932e+00   1.388448e-01   1.391004e-01
4.830853000000000286e+00   1.070988e-01   1.418132e-01
4.835564999999999891e+00   3.661518e-01   1.455229e-01
4.840276000000000245e+00   2.060820e-01   1.487140e-01
4.844986999999999711e+00   1.319986e-01   1.521941e-01
4.849698000000000064e+00  -5.918054e-02   1.554911e-01
4.854409999999999670e+00   2.464197e-01   1.601948e-01
4.859121000000000024e+00   5.050757e-02   1.638482e-01
4.863832000000000377e+00  -9.895403e-02   1.677631e-01
4.868542999999999843e+00  -5.047314e-02   1.736348e-01
4.873255000000000337e+00   1.697620e-01   1.801248e-01
4.877965999999999802e+00  -2.312594e-02   1.855338e-01
4.882677000000000156e+00  -3.947476e-02   1.917797e-01
4.887387999999999622e+00   6.008932e-02   1.997291e-01
4.892100000000000115e+00  -1.428683e-01   2.083182e-01
4.896810999999999581e+00   1.463751e-02   2.181200e-01
4.901521999999999935e+00   3.552634e-01   2.319961e-01
4.906233000000000288e+00   9.139355e-02   2.440220e-01
4.910944999999999894e+00   2.332518e-01   2.608969e-01
4.915656000000000247e+00   3.806448e-01   2.804324e-01
4.920366999999999713e+00  -2.822447e-02   3.035908e-01
4.925078000000000067e+00   2.083756e-01   3.377739e-01
4.929789999999999672e+00   2.432512e-01   3.835188e-01
4.934501000000000026e+00   1.826885e-01   4.627445e-01
4.939212000000000380e+00  -2.513797e-01   6.035956e-01
4.943922999999999845e+00  -1.180490e+00   1.040730e+00