# [10]
# Sample c= 14.1 mg/ml
# Intensity scaled by concentration
# Buffer subtracted data file:
# Protein DatFile = /data/visitor/mx1908/bm29/20161119/giulio/1d/mM150_087_ave.dat
# Buffer DatFile = /data/visitor/mx1908/bm29/20161119/giulio/ednaSub/mM150_087_ave_averbuffer.dat
# 
# AutoRg: Rg   =   0.6230 +/- 0.13 ( 20.5%)
# AutoRg: I(0) =   1.79 +/- 0.0077
# AutoRg: Points   221 to 286 ( 66 total)
# AutoRg: Quality: 59.3%
# 
# 
# Sample Information:
# Storage Temperature (degrees C): 20.0
# Measurement Temperature (degrees C): 19.95
# Concentration: 14.1
# Code: 
3.479420999999999903e-02   1.004603e+00   5.644467e-01
3.950545999999999919e-02   1.483291e+00   2.252450e-01
4.421672000000000102e-02   1.295353e+00   1.471302e-01
4.892798000000000286e-02   1.365565e+00   1.128857e-01
5.363923000000000302e-02   1.538488e+00   9.081331e-02
5.835048999999999791e-02   1.431643e+00   7.456356e-02
6.306174999999999975e-02   1.391719e+00   6.219482e-02
6.777299999999999991e-02   1.408601e+00   5.312644e-02
7.248425999999999481e-02   1.424181e+00   4.617323e-02
7.719552000000000358e-02   1.369317e+00   4.092470e-02
8.190677000000000374e-02   1.351739e+00   3.654704e-02
8.661802999999999864e-02   1.388432e+00   3.308388e-02
9.132928999999999353e-02   1.361066e+00   3.034554e-02
9.604053999999999369e-02   1.376443e+00   2.820389e-02
1.007518000000000025e-01   1.418546e+00   2.633777e-02
1.054631000000000041e-01   1.409280e+00   2.464226e-02
1.101743000000000028e-01   1.392298e+00   2.321185e-02
1.148856000000000044e-01   1.387887e+00   2.197330e-02
1.195968000000000031e-01   1.395053e+00   2.092981e-02
1.243081000000000047e-01   1.387182e+00   2.000001e-02
1.290193000000000034e-01   1.371777e+00   1.917001e-02
1.337306000000000050e-01   1.383063e+00   1.845765e-02
1.384419000000000066e-01   1.407653e+00   1.785333e-02
1.431531000000000053e-01   1.352217e+00   1.718201e-02
1.478644000000000069e-01   1.388774e+00   1.674760e-02
1.525756000000000057e-01   1.400050e+00   1.628810e-02
1.572869000000000073e-01   1.394967e+00   1.587852e-02
1.619981000000000060e-01   1.402467e+00   1.548005e-02
1.667094000000000076e-01   1.405754e+00   1.511208e-02
1.714206000000000063e-01   1.405924e+00   1.476787e-02
1.761319000000000079e-01   1.392727e+00   1.444500e-02
1.808432000000000095e-01   1.392280e+00   1.412773e-02
1.855544000000000082e-01   1.387320e+00   1.387504e-02
1.902657000000000098e-01   1.390505e+00   1.365060e-02
1.949769000000000085e-01   1.386096e+00   1.343202e-02
1.996882000000000101e-01   1.381244e+00   1.317481e-02
2.043994000000000089e-01   1.411091e+00   1.300942e-02
2.091107000000000105e-01   1.404626e+00   1.279738e-02
2.138220000000000121e-01   1.419574e+00   1.264087e-02
2.185332000000000108e-01   1.410210e+00   1.244731e-02
2.232445000000000124e-01   1.407015e+00   1.225095e-02
2.279557000000000111e-01   1.410306e+00   1.209304e-02
2.326670000000000127e-01   1.400326e+00   1.195291e-02
2.373782000000000114e-01   1.395112e+00   1.178278e-02
2.420895000000000130e-01   1.410960e+00   1.166485e-02
2.468007000000000117e-01   1.419565e+00   1.152938e-02
2.515120000000000133e-01   1.406105e+00   1.138654e-02
2.562232999999999872e-01   1.393993e+00   1.125894e-02
2.609345000000000137e-01   1.410491e+00   1.113287e-02
2.656457999999999875e-01   1.406264e+00   1.102274e-02
2.703570000000000140e-01   1.410922e+00   1.092758e-02
2.750682999999999878e-01   1.418358e+00   1.083671e-02
2.797795000000000143e-01   1.418158e+00   1.071580e-02
2.844907999999999881e-01   1.408336e+00   1.059768e-02
2.892021000000000175e-01   1.398801e+00   1.050372e-02
2.939132999999999885e-01   1.407381e+00   1.042995e-02
2.986246000000000178e-01   1.415317e+00   1.031861e-02
3.033357999999999888e-01   1.420215e+00   1.024159e-02
3.080471000000000181e-01   1.420746e+00   1.016131e-02
3.127582999999999891e-01   1.427294e+00   1.008165e-02
3.174696000000000184e-01   1.422023e+00   9.997655e-03
3.221808999999999923e-01   1.423621e+00   9.913634e-03
3.268921000000000188e-01   1.421779e+00   9.839097e-03
3.316033999999999926e-01   1.420250e+00   9.781013e-03
3.363146000000000191e-01   1.435564e+00   9.873086e-03
3.410258999999999929e-01   1.433919e+00   9.951422e-03
3.457371000000000194e-01   1.433055e+00   9.992845e-03
3.504483999999999932e-01   1.431699e+00   1.013156e-02
3.551596000000000197e-01   1.447848e+00   1.036212e-02
3.598708999999999936e-01   1.441418e+00   1.047603e-02
3.645822000000000229e-01   1.437619e+00   1.057895e-02
3.692933999999999939e-01   1.440675e+00   1.066837e-02
3.740047000000000232e-01   1.447084e+00   1.075439e-02
3.787158999999999942e-01   1.445369e+00   1.081829e-02
3.834272000000000236e-01   1.440667e+00   1.086872e-02
3.881383999999999945e-01   1.461964e+00   1.094013e-02
3.928497000000000239e-01   1.469554e+00   1.121346e-02
3.975609999999999977e-01   1.460994e+00   1.155356e-02
4.022722000000000242e-01   1.459324e+00   1.179945e-02
4.069834999999999980e-01   1.457613e+00   1.200964e-02
4.116947000000000245e-01   1.445431e+00   1.218413e-02
4.164059999999999984e-01   1.452215e+00   1.237788e-02
4.211172000000000248e-01   1.458875e+00   1.257936e-02
4.258284999999999987e-01   1.463410e+00   1.277612e-02
4.305397000000000252e-01   1.471673e+00   1.296481e-02
4.352509999999999990e-01   1.451945e+00   1.311276e-02
4.399622999999999728e-01   1.444926e+00   1.330941e-02
4.446734999999999993e-01   1.464677e+00   1.357666e-02
4.493847999999999732e-01   1.468891e+00   1.378100e-02
4.540959999999999996e-01   1.451598e+00   1.384767e-02
4.588072999999999735e-01   1.474261e+00   1.339484e-02
4.635185000000000000e-01   1.488753e+00   1.309837e-02
4.682297999999999738e-01   1.489522e+00   1.292409e-02
4.729411000000000032e-01   1.487424e+00   1.276479e-02
4.776522999999999741e-01   1.459931e+00   1.263378e-02
4.823636000000000035e-01   1.468960e+00   1.254320e-02
4.870747999999999744e-01   1.477360e+00   1.246165e-02
4.917861000000000038e-01   1.468386e+00   1.238049e-02
4.964972999999999748e-01   1.481455e+00   1.231968e-02
5.012086000000000041e-01   1.460617e+00   1.222555e-02
5.059198999999999780e-01   1.488379e+00   1.221892e-02
5.106311000000000044e-01   1.461598e+00   1.213261e-02
5.153423999999999783e-01   1.480391e+00   1.208671e-02
5.200536000000000048e-01   1.465174e+00   1.196514e-02
5.247648999999999786e-01   1.475226e+00   1.189288e-02
5.294761000000000051e-01   1.480268e+00   1.183648e-02
5.341873999999999789e-01   1.493256e+00   1.175664e-02
5.388986000000000054e-01   1.489164e+00   1.167222e-02
5.436098999999999792e-01   1.485539e+00   1.159584e-02
5.483211999999999531e-01   1.485247e+00   1.152852e-02
5.530323999999999796e-01   1.478025e+00   1.145153e-02
5.577436999999999534e-01   1.495204e+00   1.140606e-02
5.624548999999999799e-01   1.493678e+00   1.133125e-02
5.671661999999999537e-01   1.495045e+00   1.128079e-02
5.718773999999999802e-01   1.496307e+00   1.125604e-02
5.765886999999999540e-01   1.488701e+00   1.123011e-02
5.813000000000000389e-01   1.491249e+00   1.121013e-02
5.860111999999999544e-01   1.498884e+00   1.118692e-02
5.907225000000000392e-01   1.506441e+00   1.116297e-02
5.954336999999999547e-01   1.498427e+00   1.112898e-02
6.001450000000000395e-01   1.500922e+00   1.110220e-02
6.048561999999999550e-01   1.498604e+00   1.107934e-02
6.095675000000000399e-01   1.495934e+00   1.105359e-02
6.142788000000000137e-01   1.503550e+00   1.103361e-02
6.189900000000000402e-01   1.508583e+00   1.101476e-02
6.237013000000000140e-01   1.515096e+00   1.099959e-02
6.284125000000000405e-01   1.506865e+00   1.096948e-02
6.331238000000000143e-01   1.512976e+00   1.093984e-02
6.378350000000000408e-01   1.522308e+00   1.092155e-02
6.425463000000000147e-01   1.507284e+00   1.088492e-02
6.472575000000000411e-01   1.506060e+00   1.086342e-02
6.519688000000000150e-01   1.495465e+00   1.082000e-02
6.566800999999999888e-01   1.515186e+00   1.081433e-02
6.613913000000000153e-01   1.517118e+00   1.079300e-02
6.661025999999999891e-01   1.524633e+00   1.078599e-02
6.708138000000000156e-01   1.529568e+00   1.075834e-02
6.755250999999999895e-01   1.528181e+00   1.074478e-02
6.802363000000000159e-01   1.537416e+00   1.073191e-02
6.849475999999999898e-01   1.529275e+00   1.069953e-02
6.896588999999999636e-01   1.533557e+00   1.066909e-02
6.943700999999999901e-01   1.524129e+00   1.064593e-02
6.990813999999999639e-01   1.524412e+00   1.062650e-02
7.037925999999999904e-01   1.508562e+00   1.059283e-02
7.085038999999999643e-01   1.544204e+00   1.061313e-02
7.132150999999999907e-01   1.532953e+00   1.056480e-02
7.179263999999999646e-01   1.527381e+00   1.054361e-02
7.226375999999999911e-01   1.529002e+00   1.051944e-02
7.273488999999999649e-01   1.526601e+00   1.049610e-02
7.320602000000000498e-01   1.532973e+00   1.047079e-02
7.367713999999999652e-01   1.534152e+00   1.045054e-02
7.414827000000000501e-01   1.532412e+00   1.043819e-02
7.461938999999999655e-01   1.549025e+00   1.044063e-02
7.509052000000000504e-01   1.553900e+00   1.041545e-02
7.556163999999999659e-01   1.547020e+00   1.039553e-02
7.603277000000000507e-01   1.545553e+00   1.037710e-02
7.650390000000000246e-01   1.543655e+00   1.035062e-02
7.697502000000000510e-01   1.544250e+00   1.031705e-02
7.744615000000000249e-01   1.527192e+00   1.029145e-02
7.791727000000000514e-01   1.531253e+00   1.027173e-02
7.838840000000000252e-01   1.535846e+00   1.025879e-02
7.885952000000000517e-01   1.555563e+00   1.025773e-02
7.933065000000000255e-01   1.565768e+00   1.025703e-02
7.980177999999999994e-01   1.565902e+00   1.024188e-02
8.027290000000000258e-01   1.553583e+00   1.019969e-02
8.074402999999999997e-01   1.546500e+00   1.017468e-02
8.121515000000000262e-01   1.546622e+00   1.015483e-02
8.168628000000000000e-01   1.550713e+00   1.013857e-02
8.215740000000000265e-01   1.548997e+00   1.011857e-02
8.262853000000000003e-01   1.553755e+00   1.010619e-02
8.309965000000000268e-01   1.551399e+00   1.007726e-02
8.357078000000000007e-01   1.565326e+00   1.007239e-02
8.404190999999999745e-01   1.547564e+00   1.003001e-02
8.451303000000000010e-01   1.560574e+00   1.002876e-02
8.498415999999999748e-01   1.549921e+00   9.993157e-03
8.545528000000000013e-01   1.546077e+00   9.973091e-03
8.592640999999999751e-01   1.545438e+00   9.954606e-03
8.639753000000000016e-01   1.566407e+00   9.963033e-03
8.686865999999999755e-01   1.556594e+00   9.934548e-03
8.733978999999999493e-01   1.557012e+00   9.911322e-03
8.781090999999999758e-01   1.564261e+00   9.903340e-03
8.828203999999999496e-01   1.566027e+00   9.883246e-03
8.875315999999999761e-01   1.571637e+00   9.872910e-03
8.922428999999999499e-01   1.559093e+00   9.837499e-03
8.969540999999999764e-01   1.543077e+00   9.808273e-03
9.016653999999999503e-01   1.542623e+00   9.794373e-03
9.063767000000000351e-01   1.553650e+00   9.782866e-03
9.110878999999999506e-01   1.566098e+00   9.772581e-03
9.157992000000000354e-01   1.573270e+00   9.761721e-03
9.205103999999999509e-01   1.559774e+00   9.737973e-03
9.252217000000000358e-01   1.551215e+00   9.712074e-03
9.299328999999999512e-01   1.557513e+00   9.695850e-03
9.346442000000000361e-01   1.545991e+00   9.670105e-03
9.393553999999999515e-01   1.552265e+00   9.660842e-03
9.440667000000000364e-01   1.561822e+00   9.650534e-03
9.487780000000000102e-01   1.557604e+00   9.634284e-03
9.534892000000000367e-01   1.547154e+00   9.604863e-03
9.582005000000000106e-01   1.547590e+00   9.585129e-03
9.629117000000000370e-01   1.544947e+00   9.565968e-03
9.676230000000000109e-01   1.556887e+00   9.562569e-03
9.723342000000000374e-01   1.550889e+00   9.547548e-03
9.770455000000000112e-01   1.542794e+00   9.522115e-03
9.817567999999999850e-01   1.546492e+00   9.503352e-03
9.864680000000000115e-01   1.546623e+00   9.481215e-03
9.911792999999999854e-01   1.572187e+00   9.487056e-03
9.958905000000000118e-01   1.561926e+00   9.461754e-03
1.000601999999999991e+00   1.541938e+00   9.436091e-03
1.005312999999999901e+00   1.557550e+00   9.421815e-03
1.010024000000000033e+00   1.553196e+00   9.412550e-03
1.014736000000000082e+00   1.548119e+00   9.395049e-03
1.019446999999999992e+00   1.550949e+00   9.382571e-03
1.024157999999999902e+00   1.540224e+00   9.342601e-03
1.028869000000000034e+00   1.540786e+00   9.327734e-03
1.033581000000000083e+00   1.541897e+00   9.314640e-03
1.038291999999999993e+00   1.551855e+00   9.309459e-03
1.043002999999999902e+00   1.548514e+00   9.288894e-03
1.047714000000000034e+00   1.547282e+00   9.271147e-03
1.052426000000000084e+00   1.538608e+00   9.259074e-03
1.057136999999999993e+00   1.536240e+00   9.238635e-03
1.061847999999999903e+00   1.530621e+00   9.219698e-03
1.066559000000000035e+00   1.530405e+00   9.199228e-03
1.071271000000000084e+00   1.539843e+00   9.189937e-03
1.075981999999999994e+00   1.553711e+00   9.193333e-03
1.080692999999999904e+00   1.533609e+00   9.166111e-03
1.085404000000000035e+00   1.533393e+00   9.148968e-03
1.090116000000000085e+00   1.525858e+00   9.117774e-03
1.094826999999999995e+00   1.533353e+00   9.110817e-03
1.099537999999999904e+00   1.530220e+00   9.097919e-03
1.104249000000000036e+00   1.529248e+00   9.069525e-03
1.108961000000000086e+00   1.530755e+00   9.071275e-03
1.113671999999999995e+00   1.533933e+00   9.054465e-03
1.118382999999999905e+00   1.520505e+00   9.021342e-03
1.123094000000000037e+00   1.519191e+00   9.009319e-03
1.127806000000000086e+00   1.519388e+00   8.993539e-03
1.132516999999999996e+00   1.520217e+00   8.977827e-03
1.137227999999999906e+00   1.520228e+00   8.973666e-03
1.141939000000000037e+00   1.519349e+00   8.949218e-03
1.146651000000000087e+00   1.522056e+00   8.940604e-03
1.151361999999999997e+00   1.516180e+00   8.920990e-03
1.156072999999999906e+00   1.508983e+00   8.905047e-03
1.160784000000000038e+00   1.509096e+00   8.892035e-03
1.165496000000000087e+00   1.498801e+00   8.865331e-03
1.170206999999999997e+00   1.498288e+00   8.847658e-03
1.174917999999999907e+00   1.509131e+00   8.848256e-03
1.179629999999999956e+00   1.493890e+00   8.825289e-03
1.184341000000000088e+00   1.511944e+00   8.825261e-03
1.189051999999999998e+00   1.495027e+00   8.800070e-03
1.193762999999999908e+00   1.496660e+00   8.797784e-03
1.198474999999999957e+00   1.491653e+00   8.983184e-03
1.203186000000000089e+00   1.475876e+00   9.201346e-03
1.207896999999999998e+00   1.505097e+00   9.380160e-03
1.212607999999999908e+00   1.502972e+00   9.506901e-03
1.217319999999999958e+00   1.483706e+00   9.594256e-03
1.222031000000000089e+00   1.472585e+00   9.680783e-03
1.226741999999999999e+00   1.481219e+00   9.779533e-03
1.231452999999999909e+00   1.460773e+00   9.859731e-03
1.236164999999999958e+00   1.475926e+00   9.953856e-03
1.240876000000000090e+00   1.467949e+00   1.001366e-02
1.245587000000000000e+00   1.477328e+00   1.005562e-02
1.250297999999999909e+00   1.476059e+00   1.008809e-02
1.255009999999999959e+00   1.461891e+00   1.009646e-02
1.259721000000000091e+00   1.458872e+00   1.010086e-02
1.264432000000000000e+00   1.468431e+00   9.754892e-03
1.269142999999999910e+00   1.455397e+00   9.497569e-03
1.273854999999999960e+00   1.462237e+00   9.339770e-03
1.278566000000000091e+00   1.459473e+00   9.215860e-03
1.283277000000000001e+00   1.453929e+00   9.117759e-03
1.287987999999999911e+00   1.439933e+00   9.021142e-03
1.292699999999999960e+00   1.442381e+00   8.940494e-03
1.297411000000000092e+00   1.448597e+00   8.870305e-03
1.302122000000000002e+00   1.433545e+00   8.794584e-03
1.306832999999999911e+00   1.438210e+00   8.759617e-03
1.311544999999999961e+00   1.440056e+00   8.729539e-03
1.316256000000000093e+00   1.424757e+00   8.693579e-03
1.320967000000000002e+00   1.420806e+00   8.672232e-03
1.325677999999999912e+00   1.421521e+00   8.645601e-03
1.330389999999999961e+00   1.419513e+00   8.623150e-03
1.335101000000000093e+00   1.426111e+00   8.612196e-03
1.339812000000000003e+00   1.434007e+00   8.599581e-03
1.344522999999999913e+00   1.416006e+00   8.566252e-03
1.349234999999999962e+00   1.404636e+00   8.536746e-03
1.353946000000000094e+00   1.404935e+00   8.515508e-03
1.358657000000000004e+00   1.412030e+00   8.514535e-03
1.363369000000000053e+00   1.423366e+00   8.502119e-03
1.368079999999999963e+00   1.413499e+00   8.475007e-03
1.372791000000000095e+00   1.405113e+00   8.457202e-03
1.377502000000000004e+00   1.400725e+00   8.438793e-03
1.382214000000000054e+00   1.414482e+00   8.432447e-03
1.386924999999999963e+00   1.383179e+00   8.394920e-03
1.391636000000000095e+00   1.387760e+00   8.379229e-03
1.396347000000000005e+00   1.372931e+00   8.348996e-03
1.401059000000000054e+00   1.373472e+00   8.335642e-03
1.405769999999999964e+00   1.376345e+00   8.327103e-03
1.410481000000000096e+00   1.370250e+00   8.302659e-03
1.415192000000000005e+00   1.364427e+00   8.282914e-03
1.419904000000000055e+00   1.356122e+00   8.262206e-03
1.424614999999999965e+00   1.362508e+00   8.250177e-03
1.429326000000000096e+00   1.360905e+00   8.239618e-03
1.434037000000000006e+00   1.350045e+00   8.217355e-03
1.438749000000000056e+00   1.356493e+00   8.205630e-03
1.443459999999999965e+00   1.363836e+00   8.198445e-03
1.448171000000000097e+00   1.350215e+00   8.170667e-03
1.452882000000000007e+00   1.356352e+00   8.164628e-03
1.457594000000000056e+00   1.347889e+00   8.149078e-03
1.462304999999999966e+00   1.344213e+00   8.132840e-03
1.467016000000000098e+00   1.331695e+00   8.102993e-03
1.471727000000000007e+00   1.321837e+00   8.084545e-03
1.476439000000000057e+00   1.320398e+00   8.073670e-03
1.481149999999999967e+00   1.309594e+00   8.041378e-03
1.485861000000000098e+00   1.311499e+00   8.034332e-03
1.490572000000000008e+00   1.319223e+00   8.029914e-03
1.495284000000000058e+00   1.313744e+00   8.007596e-03
1.499994999999999967e+00   1.303394e+00   7.991124e-03
1.504706000000000099e+00   1.308476e+00   7.985385e-03
1.509417000000000009e+00   1.300344e+00   7.973010e-03
1.514129000000000058e+00   1.306795e+00   7.996995e-03
1.518839999999999968e+00   1.313148e+00   8.228945e-03
1.523551000000000100e+00   1.293923e+00   8.378596e-03
1.528262999999999927e+00   1.306447e+00   8.518537e-03
1.532974000000000059e+00   1.276641e+00   8.593348e-03
1.537684999999999969e+00   1.279564e+00   8.678829e-03
1.542396000000000100e+00   1.274561e+00   8.674691e-03
1.547107999999999928e+00   1.276893e+00   8.455418e-03
1.551819000000000059e+00   1.283731e+00   8.340303e-03
1.556529999999999969e+00   1.270376e+00   8.248058e-03
1.561241000000000101e+00   1.251312e+00   8.144578e-03
1.565952999999999928e+00   1.258156e+00   8.075861e-03
1.570664000000000060e+00   1.264466e+00   7.992638e-03
1.575374999999999970e+00   1.254688e+00   7.909703e-03
1.580086000000000102e+00   1.245917e+00   7.825968e-03
1.584797999999999929e+00   1.241627e+00   7.782705e-03
1.589509000000000061e+00   1.240831e+00   7.764863e-03
1.594219999999999970e+00   1.229127e+00   7.745477e-03
1.598931000000000102e+00   1.221946e+00   7.745812e-03
1.603642999999999930e+00   1.226654e+00   7.765747e-03
1.608354000000000061e+00   1.222729e+00   7.768410e-03
1.613064999999999971e+00   1.228180e+00   7.759231e-03
1.617776000000000103e+00   1.219524e+00   7.741634e-03
1.622487999999999930e+00   1.213246e+00   7.725411e-03
1.627199000000000062e+00   1.203690e+00   7.708351e-03
1.631909999999999972e+00   1.209017e+00   7.690682e-03
1.636621000000000103e+00   1.210998e+00   7.687794e-03
1.641332999999999931e+00   1.187287e+00   7.643883e-03
1.646044000000000063e+00   1.197823e+00   7.646482e-03
1.650754999999999972e+00   1.194145e+00   7.636078e-03
1.655466000000000104e+00   1.193021e+00   7.618833e-03
1.660177999999999932e+00   1.175446e+00   7.584368e-03
1.664889000000000063e+00   1.168550e+00   7.570662e-03
1.669599999999999973e+00   1.169314e+00   7.559637e-03
1.674311000000000105e+00   1.179352e+00   7.554732e-03
1.679022999999999932e+00   1.172148e+00   7.540337e-03
1.683734000000000064e+00   1.160870e+00   7.514024e-03
1.688444999999999974e+00   1.157815e+00   7.505694e-03
1.693156000000000105e+00   1.147578e+00   7.483069e-03
1.697867999999999933e+00   1.149325e+00   7.471034e-03
1.702579000000000065e+00   1.139433e+00   7.457895e-03
1.707289999999999974e+00   1.141131e+00   7.447375e-03
1.712002000000000024e+00   1.132024e+00   7.423113e-03
1.716712999999999933e+00   1.130916e+00   7.410105e-03
1.721424000000000065e+00   1.129088e+00   7.407727e-03
1.726134999999999975e+00   1.136004e+00   7.402103e-03
1.730847000000000024e+00   1.119958e+00   7.374500e-03
1.735557999999999934e+00   1.114703e+00   7.355364e-03
1.740269000000000066e+00   1.121993e+00   7.352042e-03
1.744979999999999976e+00   1.114395e+00   7.340642e-03
1.749692000000000025e+00   1.109749e+00   7.325317e-03
1.754402999999999935e+00   1.094244e+00   7.297041e-03
1.759114000000000066e+00   1.087848e+00   7.285866e-03
1.763824999999999976e+00   1.088291e+00   7.271703e-03
1.768537000000000026e+00   1.086258e+00   7.266850e-03
1.773247999999999935e+00   1.087494e+00   7.252929e-03
1.777959000000000067e+00   1.077254e+00   7.238816e-03
1.782669999999999977e+00   1.077381e+00   7.230532e-03
1.787382000000000026e+00   1.073651e+00   7.217592e-03
1.792092999999999936e+00   1.058284e+00   7.190520e-03
1.796804000000000068e+00   1.056181e+00   7.181765e-03
1.801514999999999977e+00   1.068144e+00   7.173738e-03
1.806227000000000027e+00   1.072866e+00   7.168660e-03
1.810937999999999937e+00   1.063810e+00   7.157165e-03
1.815649000000000068e+00   1.053870e+00   7.138942e-03
1.820359999999999978e+00   1.044794e+00   7.122951e-03
1.825072000000000028e+00   1.045793e+00   7.113159e-03
1.829782999999999937e+00   1.025311e+00   7.085769e-03
1.834494000000000069e+00   1.029404e+00   7.080897e-03
1.839204999999999979e+00   1.030616e+00   7.074248e-03
1.843917000000000028e+00   1.029405e+00   7.064240e-03
1.848627999999999938e+00   1.014004e+00   7.036929e-03
1.853339000000000070e+00   1.016608e+00   7.026410e-03
1.858049999999999979e+00   1.014437e+00   7.013166e-03
1.862762000000000029e+00   1.011432e+00   7.005397e-03
1.867472999999999939e+00   1.005859e+00   6.990078e-03
1.872184000000000070e+00   1.000141e+00   6.981891e-03
1.876894999999999980e+00   1.008306e+00   6.979962e-03
1.881607000000000030e+00   9.929343e-01   6.957008e-03
1.886317999999999939e+00   9.900231e-01   6.943398e-03
1.891029000000000071e+00   9.852834e-01   6.935366e-03
1.895740999999999898e+00   9.766613e-01   6.917473e-03
1.900452000000000030e+00   9.809581e-01   6.909488e-03
1.905162999999999940e+00   9.666916e-01   6.895592e-03
1.909874000000000072e+00   9.649610e-01   6.881314e-03
1.914585999999999899e+00   9.719764e-01   6.876404e-03
1.919297000000000031e+00   9.663062e-01   6.864848e-03
1.924007999999999940e+00   9.588442e-01   6.850439e-03
1.928719000000000072e+00   9.518948e-01   6.837732e-03
1.933430999999999900e+00   9.583934e-01   6.827422e-03
1.938142000000000031e+00   9.434115e-01   6.803021e-03
1.942852999999999941e+00   9.331641e-01   6.778089e-03
1.947564000000000073e+00   9.327540e-01   6.754758e-03
1.952275999999999900e+00   9.326322e-01   6.737640e-03
1.956987000000000032e+00   9.298699e-01   6.725333e-03
1.961697999999999942e+00   9.255828e-01   6.713289e-03
1.966409000000000074e+00   9.176447e-01   6.700961e-03
1.971120999999999901e+00   9.270918e-01   6.698522e-03
1.975832000000000033e+00   9.195527e-01   6.692143e-03
1.980542999999999942e+00   9.249013e-01   6.696677e-03
1.985254000000000074e+00   9.057786e-01   6.682085e-03
1.989965999999999902e+00   9.023234e-01   6.682410e-03
1.994677000000000033e+00   9.076877e-01   6.688645e-03
1.999387999999999943e+00   9.033041e-01   6.691827e-03
2.004099000000000075e+00   9.066954e-01   6.848348e-03
2.008811000000000124e+00   8.948283e-01   6.983139e-03
2.013522000000000034e+00   8.924403e-01   7.077143e-03
2.018232999999999944e+00   8.871724e-01   7.149327e-03
2.022943999999999853e+00   8.810194e-01   7.212233e-03
2.027655999999999903e+00   8.849181e-01   7.280336e-03
2.032366999999999813e+00   8.668886e-01   7.301531e-03
2.037078000000000166e+00   8.679223e-01   7.326402e-03
2.041789000000000076e+00   8.607821e-01   7.337853e-03
2.046501000000000126e+00   8.606083e-01   7.361456e-03
2.051212000000000035e+00   8.610405e-01   7.372994e-03
2.055922999999999945e+00   8.669619e-01   7.392860e-03
2.060633999999999855e+00   8.633837e-01   7.409563e-03
2.065345999999999904e+00   8.506506e-01   7.375139e-03
2.070056999999999814e+00   8.489268e-01   7.161144e-03
2.074768000000000168e+00   8.444125e-01   7.020350e-03
2.079480000000000217e+00   8.427193e-01   6.922816e-03
2.084191000000000127e+00   8.355078e-01   6.837230e-03
2.088902000000000037e+00   8.340261e-01   6.776598e-03
2.093612999999999946e+00   8.300753e-01   6.728675e-03
2.098324999999999996e+00   8.294738e-01   6.703317e-03
2.103035999999999905e+00   8.268552e-01   6.675832e-03
2.107746999999999815e+00   8.236681e-01   6.654058e-03
2.112458000000000169e+00   8.189450e-01   6.637449e-03
2.117170000000000218e+00   8.046784e-01   6.611787e-03
2.121881000000000128e+00   8.077562e-01   6.596003e-03
2.126592000000000038e+00   8.025594e-01   6.575729e-03
2.131302999999999948e+00   8.064804e-01   6.570458e-03
2.136014999999999997e+00   7.951587e-01   6.548696e-03
2.140725999999999907e+00   7.887952e-01   6.534327e-03
2.145436999999999816e+00   7.918808e-01   6.521829e-03
2.150148000000000170e+00   7.801147e-01   6.501252e-03
2.154860000000000220e+00   7.791616e-01   6.493694e-03
2.159571000000000129e+00   7.798403e-01   6.480178e-03
2.164282000000000039e+00   7.787037e-01   6.466184e-03
2.168992999999999949e+00   7.711391e-01   6.455240e-03
2.173704999999999998e+00   7.652865e-01   6.438621e-03
2.178415999999999908e+00   7.759730e-01   6.432243e-03
2.183126999999999818e+00   7.643338e-01   6.416577e-03
2.187838000000000171e+00   7.604744e-01   6.403504e-03
2.192550000000000221e+00   7.549393e-01   6.383555e-03
2.197261000000000131e+00   7.434016e-01   6.367274e-03
2.201972000000000040e+00   7.476874e-01   6.356875e-03
2.206682999999999950e+00   7.357652e-01   6.340716e-03
2.211395000000000000e+00   7.320604e-01   6.336341e-03
2.216105999999999909e+00   7.383469e-01   6.330542e-03
2.220816999999999819e+00   7.384091e-01   6.319600e-03
2.225528000000000173e+00   7.331644e-01   6.311681e-03
2.230239999999999778e+00   7.265589e-01   6.296948e-03
2.234951000000000132e+00   7.311694e-01   6.295276e-03
2.239662000000000042e+00   7.280055e-01   6.277540e-03
2.244372999999999951e+00   7.194013e-01   6.264368e-03
2.249085000000000001e+00   7.165050e-01   6.255483e-03
2.253795999999999911e+00   7.179154e-01   6.245629e-03
2.258506999999999820e+00   7.146775e-01   6.232528e-03
2.263218999999999870e+00   7.074947e-01   6.221591e-03
2.267929999999999779e+00   7.014949e-01   6.209248e-03
2.272641000000000133e+00   7.030957e-01   6.201231e-03
2.277352000000000043e+00   7.072833e-01   6.195150e-03
2.282064000000000092e+00   7.057836e-01   6.187872e-03
2.286775000000000002e+00   6.959770e-01   6.173551e-03
2.291485999999999912e+00   6.917756e-01   6.160528e-03
2.296196999999999822e+00   6.904183e-01   6.161365e-03
2.300908999999999871e+00   6.908579e-01   6.148741e-03
2.305619999999999781e+00   6.781158e-01   6.126958e-03
2.310331000000000135e+00   6.784545e-01   6.116876e-03
2.315042000000000044e+00   6.713188e-01   6.109119e-03
2.319754000000000094e+00   6.717587e-01   6.104424e-03
2.324465000000000003e+00   6.611182e-01   6.083252e-03
2.329175999999999913e+00   6.618191e-01   6.075871e-03
2.333886999999999823e+00   6.667418e-01   6.068792e-03
2.338598999999999872e+00   6.682844e-01   6.070738e-03
2.343309999999999782e+00   6.609437e-01   6.056720e-03
2.348021000000000136e+00   6.519757e-01   6.042596e-03
2.352732000000000046e+00   6.575989e-01   6.039294e-03
2.357444000000000095e+00   6.433595e-01   6.021605e-03
2.362155000000000005e+00   6.444586e-01   6.012618e-03
2.366865999999999914e+00   6.460950e-01   6.008849e-03
2.371576999999999824e+00   6.461399e-01   6.002220e-03
2.376288999999999874e+00   6.401938e-01   5.987762e-03
2.380999999999999783e+00   6.363326e-01   5.985155e-03
2.385711000000000137e+00   6.411069e-01   5.977920e-03
2.390422000000000047e+00   6.309454e-01   5.965179e-03
2.395134000000000096e+00   6.326966e-01   5.955741e-03
2.399845000000000006e+00   6.306611e-01   5.949908e-03
2.404555999999999916e+00   6.249113e-01   5.940624e-03
2.409266999999999825e+00   6.246829e-01   5.932180e-03
2.413978999999999875e+00   6.201988e-01   5.921156e-03
2.418689999999999785e+00   6.130101e-01   5.911877e-03
2.423401000000000138e+00   6.189117e-01   5.907291e-03
2.428112000000000048e+00   6.188995e-01   5.896615e-03
2.432824000000000098e+00   6.148580e-01   5.891405e-03
2.437535000000000007e+00   6.057037e-01   5.883821e-03
2.442245999999999917e+00   6.014895e-01   5.875337e-03
2.446957999999999966e+00   6.075257e-01   5.869265e-03
2.451668999999999876e+00   5.990849e-01   5.857505e-03
2.456379999999999786e+00   5.982298e-01   5.850046e-03
2.461091000000000140e+00   5.994312e-01   5.840317e-03
2.465803000000000189e+00   6.064886e-01   5.836284e-03
2.470514000000000099e+00   5.941430e-01   5.824834e-03
2.475225000000000009e+00   5.844834e-01   5.803024e-03
2.479935999999999918e+00   5.941393e-01   5.813011e-03
2.484647999999999968e+00   5.873246e-01   5.804963e-03
2.489358999999999877e+00   5.742824e-01   5.782703e-03
2.494069999999999787e+00   5.730925e-01   5.776306e-03
2.498781000000000141e+00   5.624140e-01   5.761118e-03
2.503493000000000190e+00   5.693195e-01   5.759264e-03
2.508204000000000100e+00   5.720636e-01   5.759134e-03
2.512915000000000010e+00   5.670939e-01   5.747395e-03
2.517625999999999920e+00   5.623540e-01   5.728409e-03
2.522337999999999969e+00   5.574756e-01   5.713312e-03
2.527048999999999879e+00   5.568467e-01   5.701762e-03
2.531759999999999788e+00   5.599302e-01   5.694449e-03
2.536471000000000142e+00   5.540226e-01   5.685777e-03
2.541183000000000192e+00   5.493607e-01   5.672266e-03
2.545894000000000101e+00   5.528019e-01   5.673442e-03
2.550605000000000011e+00   5.577211e-01   5.670917e-03
2.555315999999999921e+00   5.445930e-01   5.658030e-03
2.560027999999999970e+00   5.450380e-01   5.651082e-03
2.564738999999999880e+00   5.507025e-01   5.650940e-03
2.569449999999999790e+00   5.430567e-01   5.645513e-03
2.574161000000000143e+00   5.329558e-01   5.643862e-03
2.578873000000000193e+00   5.326553e-01   5.639985e-03
2.583584000000000103e+00   5.296474e-01   5.634518e-03
2.588295000000000012e+00   5.369717e-01   5.636082e-03
2.593005999999999922e+00   5.317404e-01   5.620418e-03
2.597717999999999972e+00   5.271291e-01   5.613001e-03
2.602428999999999881e+00   5.280853e-01   5.610438e-03
2.607139999999999791e+00   5.179591e-01   5.594794e-03
2.611851000000000145e+00   5.208045e-01   5.588878e-03
2.616563000000000194e+00   5.197225e-01   5.581785e-03
2.621274000000000104e+00   5.087470e-01   5.571876e-03
2.625985000000000014e+00   5.152034e-01   5.572318e-03
2.630697000000000063e+00   5.023179e-01   5.552714e-03
2.635407999999999973e+00   5.063309e-01   5.553423e-03
2.640118999999999883e+00   5.154227e-01   5.558000e-03
2.644829999999999792e+00   5.175310e-01   5.555278e-03
2.649541999999999842e+00   5.049810e-01   5.537214e-03
2.654253000000000196e+00   5.050649e-01   5.533450e-03
2.658964000000000105e+00   5.016688e-01   5.524394e-03
2.663675000000000015e+00   4.997360e-01   5.515437e-03
2.668387000000000064e+00   4.956822e-01   5.505399e-03
2.673097999999999974e+00   4.903274e-01   5.498109e-03
2.677808999999999884e+00   4.818639e-01   5.487911e-03
2.682519999999999794e+00   4.870602e-01   5.482600e-03
2.687231999999999843e+00   4.836263e-01   5.479069e-03
2.691943000000000197e+00   4.822380e-01   5.472544e-03
2.696654000000000106e+00   4.782559e-01   5.461108e-03
2.701365000000000016e+00   4.822703e-01   5.460579e-03
2.706077000000000066e+00   4.841155e-01   5.456058e-03
2.710787999999999975e+00   4.787067e-01   5.445156e-03
2.715498999999999885e+00   4.727999e-01   5.439115e-03
2.720209999999999795e+00   4.823360e-01   5.440052e-03
2.724921999999999844e+00   4.791955e-01   5.433155e-03
2.729633000000000198e+00   4.738654e-01   5.420254e-03
2.734344000000000108e+00   4.700622e-01   5.410151e-03
2.739055000000000017e+00   4.625336e-01   5.405693e-03
2.743767000000000067e+00   4.677077e-01   5.400174e-03
2.748477999999999977e+00   4.670156e-01   5.396689e-03
2.753188999999999886e+00   4.512394e-01   5.385782e-03
2.757899999999999796e+00   4.567416e-01   5.382219e-03
2.762611999999999846e+00   4.615730e-01   5.382986e-03
2.767323000000000199e+00   4.600866e-01   5.374814e-03
2.772034000000000109e+00   4.624253e-01   5.371705e-03
2.776745000000000019e+00   4.475868e-01   5.359344e-03
2.781457000000000068e+00   4.411588e-01   5.345041e-03
2.786167999999999978e+00   4.491530e-01   5.344080e-03
2.790878999999999888e+00   4.468040e-01   5.338506e-03
2.795589999999999797e+00   4.498202e-01   5.333397e-03
2.800301999999999847e+00   4.446065e-01   5.327468e-03
2.805013000000000201e+00   4.401945e-01   5.346101e-03
2.809724000000000110e+00   4.453208e-01   5.481890e-03
2.814436000000000160e+00   4.381416e-01   5.569500e-03
2.819147000000000070e+00   4.317485e-01   5.634101e-03
2.823857999999999979e+00   4.347593e-01   5.684281e-03
2.828568999999999889e+00   4.400791e-01   5.716753e-03
2.833280999999999938e+00   4.320696e-01   5.730244e-03
2.837991999999999848e+00   4.338356e-01   5.750540e-03
2.842703000000000202e+00   4.374564e-01   5.766930e-03
2.847414000000000112e+00   4.276598e-01   5.776418e-03
2.852126000000000161e+00   4.278111e-01   5.787405e-03
2.856837000000000071e+00   4.269103e-01   5.796924e-03
2.861547999999999981e+00   4.267083e-01   5.811118e-03
2.866258999999999890e+00   4.258389e-01   5.824843e-03
2.870970999999999940e+00   4.233956e-01   5.773434e-03
2.875681999999999849e+00   4.174553e-01   5.629452e-03
2.880393000000000203e+00   4.163905e-01   5.533629e-03
2.885104000000000113e+00   4.177921e-01   5.481783e-03
2.889816000000000162e+00   4.199439e-01   5.435037e-03
2.894527000000000072e+00   4.145061e-01   5.409260e-03
2.899237999999999982e+00   4.107474e-01   5.390601e-03
2.903948999999999891e+00   4.158674e-01   5.379857e-03
2.908660999999999941e+00   4.097996e-01   5.364192e-03
2.913371999999999851e+00   4.048650e-01   5.345448e-03
2.918083000000000204e+00   4.001651e-01   5.338911e-03
2.922794000000000114e+00   3.998926e-01   5.325799e-03
2.927506000000000164e+00   4.075101e-01   5.320407e-03
2.932217000000000073e+00   4.012005e-01   5.307286e-03
2.936927999999999983e+00   3.957643e-01   5.297437e-03
2.941638999999999893e+00   3.943305e-01   5.288137e-03
2.946350999999999942e+00   3.984571e-01   5.281713e-03
2.951061999999999852e+00   3.979911e-01   5.271530e-03
2.955773000000000206e+00   3.970882e-01   5.262403e-03
2.960484000000000115e+00   3.917932e-01   5.256409e-03
2.965196000000000165e+00   3.910054e-01   5.249494e-03
2.969907000000000075e+00   3.890008e-01   5.242053e-03
2.974617999999999984e+00   3.819886e-01   5.225613e-03
2.979328999999999894e+00   3.821638e-01   5.218353e-03
2.984040999999999944e+00   3.789711e-01   5.214659e-03
2.988751999999999853e+00   3.835140e-01   5.209808e-03
2.993463000000000207e+00   3.702340e-01   5.197430e-03
2.998174999999999812e+00   3.752788e-01   5.189880e-03
3.002886000000000166e+00   3.712905e-01   5.188981e-03
3.007597000000000076e+00   3.726578e-01   5.175550e-03
3.012307999999999986e+00   3.660947e-01   5.165226e-03
3.017020000000000035e+00   3.765728e-01   5.166316e-03
3.021730999999999945e+00   3.636889e-01   5.153018e-03
3.026441999999999855e+00   3.638078e-01   5.146121e-03
3.031153000000000208e+00   3.736661e-01   5.150189e-03
3.035864999999999814e+00   3.626499e-01   5.134661e-03
3.040576000000000167e+00   3.664452e-01   5.131407e-03
3.045287000000000077e+00   3.627574e-01   5.125758e-03
3.049997999999999987e+00   3.676279e-01   5.128359e-03
3.054710000000000036e+00   3.629758e-01   5.119334e-03
3.059420999999999946e+00   3.586517e-01   5.107380e-03
3.064131999999999856e+00   3.506831e-01   5.096988e-03
3.068843000000000210e+00   3.509983e-01   5.091480e-03
3.073554999999999815e+00   3.542999e-01   5.089856e-03
3.078266000000000169e+00   3.576015e-01   5.087229e-03
3.082977000000000078e+00   3.571362e-01   5.084241e-03
3.087687999999999988e+00   3.552565e-01   5.072698e-03
3.092400000000000038e+00   3.595330e-01   5.071139e-03
3.097110999999999947e+00   3.458565e-01   5.054746e-03
3.101821999999999857e+00   3.469065e-01   5.049027e-03
3.106533000000000211e+00   3.487861e-01   5.047773e-03
3.111244999999999816e+00   3.472764e-01   5.041809e-03
3.115956000000000170e+00   3.485263e-01   5.034789e-03
3.120667000000000080e+00   3.492186e-01   5.031056e-03
3.125377999999999989e+00   3.404794e-01   5.027828e-03
3.130090000000000039e+00   3.294055e-01   5.016484e-03
3.134800999999999949e+00   3.334928e-01   5.013241e-03
3.139511999999999858e+00   3.352263e-01   5.008860e-03
3.144223000000000212e+00   3.351738e-01   5.001674e-03
3.148934999999999818e+00   3.381533e-01   5.001285e-03
3.153646000000000171e+00   3.336443e-01   4.992349e-03
3.158357000000000081e+00   3.362134e-01   4.991573e-03
3.163067999999999991e+00   3.354548e-01   4.980107e-03
3.167780000000000040e+00   3.323789e-01   4.976421e-03
3.172490999999999950e+00   3.187951e-01   4.966027e-03
3.177201999999999860e+00   3.251978e-01   4.968326e-03
3.181913999999999909e+00   3.296240e-01   4.967338e-03
3.186624999999999819e+00   3.227760e-01   4.952145e-03
3.191336000000000173e+00   3.238914e-01   4.943530e-03
3.196047000000000082e+00   3.197400e-01   4.935441e-03
3.200759000000000132e+00   3.258682e-01   4.933948e-03
3.205470000000000041e+00   3.229675e-01   4.922945e-03
3.210180999999999951e+00   3.180706e-01   4.911699e-03
3.214891999999999861e+00   3.207053e-01   4.912210e-03
3.219603999999999910e+00   3.185352e-01   4.906250e-03
3.224314999999999820e+00   3.184033e-01   4.902413e-03
3.229026000000000174e+00   3.139226e-01   4.897486e-03
3.233737000000000084e+00   3.079432e-01   4.886138e-03
3.238449000000000133e+00   3.164440e-01   4.888514e-03
3.243160000000000043e+00   3.130180e-01   4.881962e-03
3.247870999999999952e+00   3.137032e-01   4.879615e-03
3.252581999999999862e+00   3.066855e-01   4.877201e-03
3.257293999999999912e+00   3.087463e-01   4.878834e-03
3.262004999999999821e+00   3.013888e-01   4.872648e-03
3.266716000000000175e+00   3.127970e-01   4.873222e-03
3.271427000000000085e+00   3.055187e-01   4.867010e-03
3.276139000000000134e+00   3.083036e-01   4.864070e-03
3.280850000000000044e+00   3.058573e-01   4.857700e-03
3.285560999999999954e+00   3.052567e-01   4.855999e-03
3.290271999999999863e+00   3.041668e-01   4.843471e-03
3.294983999999999913e+00   3.021576e-01   4.841388e-03
3.299694999999999823e+00   3.008140e-01   4.840495e-03
3.304406000000000176e+00   3.024336e-01   4.838184e-03
3.309117000000000086e+00   3.000893e-01   4.831060e-03
3.313829000000000136e+00   3.025333e-01   4.826718e-03
3.318540000000000045e+00   2.892556e-01   4.814543e-03
3.323250999999999955e+00   2.859397e-01   4.812719e-03
3.327961999999999865e+00   2.944656e-01   4.814501e-03
3.332673999999999914e+00   2.987971e-01   4.812076e-03
3.337384999999999824e+00   2.930977e-01   4.801043e-03
3.342096000000000178e+00   2.980138e-01   4.800106e-03
3.346807000000000087e+00   2.868525e-01   4.787402e-03
3.351519000000000137e+00   2.893413e-01   4.789286e-03
3.356230000000000047e+00   2.838328e-01   4.784539e-03
3.360940999999999956e+00   2.834678e-01   4.779558e-03
3.365653000000000006e+00   2.842139e-01   4.775309e-03
3.370363999999999916e+00   2.873624e-01   4.775900e-03
3.375074999999999825e+00   2.763816e-01   4.762371e-03
3.379786000000000179e+00   2.797812e-01   4.764066e-03
3.384497999999999784e+00   2.793045e-01   4.759179e-03
3.389209000000000138e+00   2.764647e-01   4.782653e-03
3.393920000000000048e+00   2.830673e-01   4.898807e-03
3.398630999999999958e+00   2.820761e-01   4.966869e-03
3.403343000000000007e+00   2.741270e-01   5.013544e-03
3.408053999999999917e+00   2.730240e-01   5.045416e-03
3.412764999999999826e+00   2.693942e-01   5.063411e-03
3.417476000000000180e+00   2.811705e-01   5.071865e-03
3.422187999999999786e+00   2.748004e-01   5.069894e-03
3.426899000000000139e+00   2.798387e-01   5.085430e-03
3.431610000000000049e+00   2.756005e-01   5.094952e-03
3.436320999999999959e+00   2.777260e-01   5.107071e-03
3.441033000000000008e+00   2.727678e-01   5.112338e-03
3.445743999999999918e+00   2.706706e-01   5.115357e-03
3.450454999999999828e+00   2.736700e-01   5.128489e-03
3.455166000000000182e+00   2.791247e-01   5.140783e-03
3.459877999999999787e+00   2.698202e-01   5.140776e-03
3.464589000000000141e+00   2.594147e-01   5.143252e-03
3.469300000000000050e+00   2.610623e-01   5.150509e-03
3.474010999999999960e+00   2.620108e-01   5.162950e-03
3.478723000000000010e+00   2.555501e-01   5.171682e-03
3.483433999999999919e+00   2.655982e-01   5.178078e-03
3.488144999999999829e+00   2.661320e-01   5.187394e-03
3.492856000000000183e+00   2.661644e-01   5.195491e-03
3.497567999999999788e+00   2.602684e-01   5.193916e-03
3.502279000000000142e+00   2.596480e-01   5.198494e-03
3.506990000000000052e+00   2.576948e-01   5.203329e-03
3.511700999999999961e+00   2.653167e-01   5.215368e-03
3.516413000000000011e+00   2.577334e-01   5.216905e-03
3.521123999999999921e+00   2.569491e-01   5.220749e-03
3.525834999999999830e+00   2.651747e-01   5.231181e-03
3.530546000000000184e+00   2.596707e-01   5.233800e-03
3.535257999999999790e+00   2.515349e-01   5.234118e-03
3.539969000000000143e+00   2.556887e-01   5.236614e-03
3.544680000000000053e+00   2.525540e-01   5.239631e-03
3.549392000000000102e+00   2.503841e-01   5.243909e-03
3.554103000000000012e+00   2.525471e-01   5.252320e-03
3.558813999999999922e+00   2.479039e-01   5.254826e-03
3.563524999999999832e+00   2.474582e-01   5.262204e-03
3.568236999999999881e+00   2.466601e-01   5.260140e-03
3.572947999999999791e+00   2.461977e-01   5.264405e-03
3.577659000000000145e+00   2.464642e-01   5.265274e-03
3.582370000000000054e+00   2.528714e-01   5.282048e-03
3.587082000000000104e+00   2.463906e-01   5.278791e-03
3.591793000000000013e+00   2.403054e-01   5.274749e-03
3.596503999999999923e+00   2.404716e-01   5.274274e-03
3.601214999999999833e+00   2.371538e-01   5.272222e-03
3.605926999999999882e+00   2.448466e-01   5.284273e-03
3.610637999999999792e+00   2.361028e-01   5.373487e-03
3.615349000000000146e+00   2.395110e-01   5.536686e-03
3.620060000000000056e+00   2.353338e-01   5.630706e-03
3.624772000000000105e+00   2.438929e-01   5.699268e-03
3.629483000000000015e+00   2.438618e-01   5.743835e-03
3.634193999999999924e+00   2.350174e-01   5.775785e-03
3.638904999999999834e+00   2.505382e-01   5.822031e-03
3.643616999999999884e+00   2.395393e-01   5.844119e-03
3.648327999999999793e+00   2.298139e-01   5.865082e-03
3.653039000000000147e+00   2.338834e-01   5.901796e-03
3.657750000000000057e+00   2.351503e-01   5.931750e-03
3.662462000000000106e+00   2.426187e-01   5.968684e-03
3.667173000000000016e+00   2.305944e-01   5.986660e-03
3.671883999999999926e+00   2.257406e-01   6.010606e-03
3.676594999999999835e+00   2.363384e-01   6.049054e-03
3.681306999999999885e+00   2.246054e-01   6.060425e-03
3.686017999999999795e+00   2.157307e-01   6.076171e-03
3.690729000000000148e+00   2.163735e-01   6.105996e-03
3.695440000000000058e+00   2.210159e-01   6.137777e-03
3.700152000000000108e+00   2.308325e-01   6.174776e-03
3.704863000000000017e+00   2.246703e-01   6.194929e-03
3.709573999999999927e+00   2.235031e-01   6.217983e-03
3.714284999999999837e+00   2.294407e-01   6.245419e-03
3.718996999999999886e+00   2.276025e-01   6.269169e-03
3.723707999999999796e+00   2.228037e-01   6.287514e-03
3.728419000000000150e+00   2.259043e-01   6.313939e-03
3.733131000000000199e+00   2.236518e-01   6.328968e-03
3.737842000000000109e+00   2.212724e-01   6.358374e-03
3.742553000000000019e+00   2.220150e-01   6.384717e-03
3.747263999999999928e+00   2.183169e-01   6.399769e-03
3.751975999999999978e+00   2.234398e-01   6.428748e-03
3.756686999999999887e+00   2.251247e-01   6.449800e-03
3.761397999999999797e+00   2.211028e-01   6.468276e-03
3.766109000000000151e+00   2.223439e-01   6.498423e-03
3.770821000000000200e+00   2.177705e-01   6.519910e-03
3.775532000000000110e+00   2.155598e-01   6.540402e-03
3.780243000000000020e+00   2.160416e-01   6.564675e-03
3.784953999999999930e+00   2.089892e-01   6.585037e-03
3.789665999999999979e+00   2.102145e-01   6.609647e-03
3.794376999999999889e+00   2.122314e-01   6.632030e-03
3.799087999999999798e+00   2.166785e-01   6.658381e-03
3.803799000000000152e+00   2.186410e-01   6.681582e-03
3.808511000000000202e+00   2.096968e-01   6.701403e-03
3.813222000000000111e+00   2.118472e-01   6.723269e-03
3.817933000000000021e+00   2.196311e-01   6.744269e-03
3.822643999999999931e+00   2.064196e-01   6.766179e-03
3.827355999999999980e+00   2.115233e-01   6.796100e-03
3.832066999999999890e+00   2.089572e-01   6.815372e-03
3.836777999999999800e+00   2.035752e-01   6.827719e-03
3.841489000000000154e+00   2.107227e-01   6.864316e-03
3.846201000000000203e+00   2.045362e-01   6.876541e-03
3.850912000000000113e+00   1.998829e-01   6.909467e-03
3.855623000000000022e+00   2.124905e-01   6.931664e-03
3.860333999999999932e+00   2.069343e-01   6.956213e-03
3.865045999999999982e+00   2.045282e-01   6.975857e-03
3.869756999999999891e+00   2.045397e-01   6.999535e-03
3.874467999999999801e+00   2.085551e-01   7.027700e-03
3.879179000000000155e+00   2.066665e-01   7.047811e-03
3.883891000000000204e+00   2.020450e-01   7.065872e-03
3.888602000000000114e+00   1.913896e-01   7.081739e-03
3.893313000000000024e+00   2.030945e-01   7.114820e-03
3.898023999999999933e+00   2.027158e-01   7.130568e-03
3.902735999999999983e+00   2.050349e-01   7.163309e-03
3.907446999999999893e+00   1.959476e-01   7.182806e-03
3.912157999999999802e+00   1.826057e-01   7.191711e-03
3.916869999999999852e+00   1.934242e-01   7.219921e-03
3.921581000000000206e+00   2.002359e-01   7.223696e-03
3.926292000000000115e+00   2.024767e-01   7.233218e-03
3.931003000000000025e+00   1.927674e-01   7.260708e-03
3.935715000000000074e+00   1.922543e-01   7.286596e-03
3.940425999999999984e+00   1.987922e-01   7.286046e-03
3.945136999999999894e+00   1.903691e-01   7.291667e-03
3.949847999999999804e+00   1.907365e-01   7.294513e-03
3.954559999999999853e+00   1.911344e-01   7.305139e-03
3.959271000000000207e+00   1.872113e-01   7.304425e-03
3.963982000000000117e+00   1.915864e-01   7.309860e-03
3.968693000000000026e+00   1.855741e-01   7.319671e-03
3.973405000000000076e+00   1.815820e-01   7.336157e-03
3.978115999999999985e+00   1.806543e-01   7.364650e-03
3.982826999999999895e+00   1.836927e-01   7.399222e-03
3.987537999999999805e+00   1.849524e-01   7.420009e-03
3.992249999999999854e+00   1.806805e-01   7.438903e-03
3.996961000000000208e+00   1.780761e-01   7.455047e-03
4.001672000000000118e+00   1.720056e-01   7.483765e-03
4.006382999999999583e+00   1.801172e-01   7.514228e-03
4.011095000000000077e+00   1.874761e-01   7.548606e-03
4.015806000000000431e+00   1.836899e-01   7.561548e-03
4.020516999999999896e+00   1.806572e-01   7.585551e-03
4.025228000000000250e+00   1.773484e-01   7.610821e-03
4.029939999999999856e+00   1.924286e-01   7.652081e-03
4.034651000000000209e+00   1.847349e-01   7.663188e-03
4.039361999999999675e+00   1.839786e-01   7.687259e-03
4.044073000000000029e+00   1.870880e-01   7.725264e-03
4.048784999999999634e+00   1.760583e-01   7.733862e-03
4.053495999999999988e+00   1.773333e-01   7.766377e-03
4.058207000000000342e+00   1.731450e-01   7.801613e-03
4.062917999999999807e+00   1.770927e-01   7.834742e-03
4.067630000000000301e+00   1.821991e-01   7.856912e-03
4.072340999999999767e+00   1.816342e-01   7.886583e-03
4.077052000000000120e+00   1.834060e-01   7.925288e-03
4.081762999999999586e+00   1.796320e-01   7.938966e-03
4.086475000000000080e+00   1.730011e-01   7.962521e-03
4.091186000000000433e+00   1.812883e-01   7.980785e-03
4.095896999999999899e+00   1.753002e-01   8.007334e-03
4.100609000000000393e+00   1.759451e-01   8.039645e-03
4.105319999999999858e+00   1.778515e-01   8.077946e-03
4.110031000000000212e+00   1.825187e-01   8.108998e-03
4.114741999999999678e+00   1.691325e-01   8.132884e-03
4.119454000000000171e+00   1.601490e-01   8.138922e-03
4.124164999999999637e+00   1.706855e-01   8.172024e-03
4.128875999999999991e+00   1.806623e-01   8.219439e-03
4.133587000000000344e+00   1.823753e-01   8.256221e-03
4.138298999999999950e+00   1.773683e-01   8.279551e-03
4.143010000000000304e+00   1.704643e-01   8.299108e-03
4.147720999999999769e+00   1.638418e-01   8.319280e-03
4.152432000000000123e+00   1.676560e-01   8.358381e-03
4.157143999999999728e+00   1.684244e-01   8.388445e-03
4.161855000000000082e+00   1.758266e-01   8.421407e-03
4.166566000000000436e+00   1.697368e-01   8.451753e-03
4.171276999999999902e+00   1.668520e-01   8.484425e-03
4.175989000000000395e+00   1.648771e-01   8.518899e-03
4.180699999999999861e+00   1.716674e-01   8.571872e-03
4.185411000000000215e+00   1.745401e-01   8.587403e-03
4.190121999999999680e+00   1.783322e-01   8.625092e-03
4.194834000000000174e+00   1.655270e-01   8.645313e-03
4.199544999999999639e+00   1.712640e-01   8.685077e-03
4.204255999999999993e+00   1.711623e-01   8.723715e-03
4.208967000000000347e+00   1.710861e-01   8.756561e-03
4.213678999999999952e+00   1.582250e-01   8.776758e-03
4.218390000000000306e+00   1.691572e-01   8.824266e-03
4.223100999999999772e+00   1.663241e-01   8.841274e-03
4.227812000000000126e+00   1.679152e-01   8.887686e-03
4.232523999999999731e+00   1.628284e-01   8.911458e-03
4.237235000000000085e+00   1.638563e-01   8.945246e-03
4.241946000000000438e+00   1.536442e-01   8.965252e-03
4.246656999999999904e+00   1.513784e-01   9.002120e-03
4.251369000000000398e+00   1.590685e-01   9.050069e-03
4.256079999999999863e+00   1.399692e-01   9.093503e-03
4.260791000000000217e+00   1.542014e-01   9.130988e-03
4.265501999999999683e+00   1.647241e-01   9.181408e-03
4.270214000000000176e+00   1.672384e-01   9.209835e-03
4.274924999999999642e+00   1.636070e-01   9.257533e-03
4.279635999999999996e+00   1.591893e-01   9.280105e-03
4.284347999999999601e+00   1.582507e-01   9.319815e-03
4.289058999999999955e+00   1.600105e-01   9.364015e-03
4.293770000000000309e+00   1.641840e-01   9.397737e-03
4.298480999999999774e+00   1.526888e-01   9.436799e-03
4.303193000000000268e+00   1.562490e-01   9.480360e-03
4.307903999999999733e+00   1.578372e-01   9.525760e-03
4.312615000000000087e+00   1.539984e-01   9.562524e-03
4.317326000000000441e+00   1.383357e-01   9.589311e-03
4.322038000000000046e+00   1.604488e-01   9.669575e-03
4.326749000000000400e+00   1.577015e-01   9.695503e-03
4.331459999999999866e+00   1.561486e-01   9.731895e-03
4.336171000000000220e+00   1.473118e-01   9.772382e-03
4.340882999999999825e+00   1.555018e-01   9.827851e-03
4.345594000000000179e+00   1.516231e-01   9.873993e-03
4.350304999999999644e+00   1.546084e-01   9.927861e-03
4.355015999999999998e+00   1.572792e-01   9.972481e-03
4.359727999999999604e+00   1.638598e-01   1.001004e-02
4.364438999999999957e+00   1.721324e-01   1.006572e-02
4.369150000000000311e+00   1.676447e-01   1.011723e-02
4.373860999999999777e+00   1.547445e-01   1.015480e-02
4.378573000000000270e+00   1.516990e-01   1.019825e-02
4.383283999999999736e+00   1.506033e-01   1.024700e-02
4.387995000000000090e+00   1.548909e-01   1.029933e-02
4.392706000000000444e+00   1.405674e-01   1.031680e-02
4.397418000000000049e+00   1.480608e-01   1.037647e-02
4.402129000000000403e+00   1.485575e-01   1.039324e-02
4.406839999999999868e+00   1.575317e-01   1.040320e-02
4.411551000000000222e+00   1.344967e-01   1.038184e-02
4.416262999999999828e+00   1.464077e-01   1.041177e-02
4.420974000000000181e+00   1.529172e-01   1.041426e-02
4.425684999999999647e+00   1.565630e-01   1.046627e-02
4.430396000000000001e+00   1.550835e-01   1.045004e-02
4.435107999999999606e+00   1.361437e-01   1.042828e-02
4.439818999999999960e+00   1.414060e-01   1.046979e-02
4.444530000000000314e+00   1.396646e-01   1.049948e-02
4.449240999999999779e+00   1.373746e-01   1.055789e-02
4.453953000000000273e+00   1.399615e-01   1.060204e-02
4.458663999999999739e+00   1.418173e-01   1.066407e-02
4.463375000000000092e+00   1.378874e-01   1.071121e-02
4.468086999999999698e+00   1.272390e-01   1.078033e-02
4.472798000000000052e+00   1.310403e-01   1.084524e-02
4.477509000000000405e+00   1.169410e-01   1.087363e-02
4.482219999999999871e+00   1.271546e-01   1.094029e-02
4.486932000000000365e+00   1.396755e-01   1.102442e-02
4.491642999999999830e+00   1.438526e-01   1.107984e-02
4.496354000000000184e+00   1.504571e-01   1.114984e-02
4.501064999999999650e+00   1.318261e-01   1.119417e-02
4.505777000000000143e+00   1.389395e-01   1.126055e-02
4.510487999999999609e+00   1.418315e-01   1.133687e-02
4.515198999999999963e+00   1.338620e-01   1.139606e-02
4.519910000000000316e+00   1.523039e-01   1.148666e-02
4.524621999999999922e+00   1.491191e-01   1.153161e-02
4.529333000000000276e+00   1.447026e-01   1.160051e-02
4.534043999999999741e+00   1.285123e-01   1.167068e-02
4.538755000000000095e+00   1.434477e-01   1.173179e-02
4.543466999999999700e+00   1.431835e-01   1.182753e-02
4.548178000000000054e+00   1.430164e-01   1.190562e-02
4.552889000000000408e+00   1.346932e-01   1.195366e-02
4.557599999999999874e+00   1.470762e-01   1.204823e-02
4.562312000000000367e+00   1.484141e-01   1.208965e-02
4.567022999999999833e+00   1.234279e-01   1.214017e-02
4.571734000000000187e+00   1.295164e-01   1.224257e-02
4.576444999999999652e+00   1.213533e-01   1.233192e-02
4.581157000000000146e+00   1.501913e-01   1.244301e-02
4.585867999999999611e+00   1.447262e-01   1.252202e-02
4.590578999999999965e+00   1.395867e-01   1.263621e-02
4.595290000000000319e+00   1.479852e-01   1.275056e-02
4.600001999999999924e+00   1.446683e-01   1.280756e-02
4.604713000000000278e+00   1.242536e-01   1.290231e-02
4.609423999999999744e+00   1.465638e-01   1.302131e-02
4.614135000000000097e+00   1.374949e-01   1.309315e-02
4.618846999999999703e+00   1.157774e-01   1.315445e-02
4.623558000000000057e+00   1.376351e-01   1.326668e-02
4.628269000000000410e+00   1.462126e-01   1.339261e-02
4.632979999999999876e+00   1.411742e-01   1.351355e-02
4.637692000000000370e+00   1.461260e-01   1.359115e-02
4.642402999999999835e+00   1.270355e-01   1.365566e-02
4.647114000000000189e+00   1.389341e-01   1.379464e-02
4.651825999999999794e+00   1.280429e-01   1.389953e-02
4.656537000000000148e+00   1.387826e-01   1.402584e-02
4.661247999999999614e+00   1.354599e-01   1.415493e-02
4.665958999999999968e+00   1.265996e-01   1.424800e-02
4.670670999999999573e+00   1.168137e-01   1.436676e-02
4.675381999999999927e+00   1.346793e-01   1.452965e-02
4.680093000000000281e+00   1.367799e-01   1.469439e-02
4.684803999999999746e+00   1.218995e-01   1.477556e-02
4.689516000000000240e+00   1.191554e-01   1.487116e-02
4.694226999999999705e+00   1.184738e-01   1.505525e-02
4.698938000000000059e+00   1.252918e-01   1.516807e-02
4.703649000000000413e+00   1.479019e-01   1.542767e-02
4.708361000000000018e+00   1.412016e-01   1.558437e-02
4.713072000000000372e+00   1.154403e-01   1.566098e-02
4.717782999999999838e+00   1.392071e-01   1.588252e-02
4.722494000000000192e+00   1.455218e-01   1.607545e-02
4.727205999999999797e+00   1.329514e-01   1.621427e-02
4.731917000000000151e+00   1.280714e-01   1.637461e-02
4.736627999999999616e+00   1.162378e-01   1.658779e-02
4.741338999999999970e+00   1.361425e-01   1.688551e-02
4.746050999999999576e+00   1.347927e-01   1.700874e-02
4.750761999999999929e+00   1.426252e-01   1.721285e-02
4.755473000000000283e+00   8.687818e-02   1.726839e-02
4.760183999999999749e+00   1.094541e-01   1.761897e-02
4.764896000000000242e+00   1.278098e-01   1.789630e-02
4.769606999999999708e+00   1.298120e-01   1.808142e-02
4.774318000000000062e+00   1.216804e-01   1.835314e-02
4.779029000000000416e+00   1.182451e-01   1.855867e-02
4.783741000000000021e+00   1.353532e-01   1.889439e-02
4.788452000000000375e+00   1.445013e-01   1.921562e-02
4.793162999999999840e+00   1.362956e-01   1.951851e-02
4.797874000000000194e+00   1.384144e-01   1.988794e-02
4.802585999999999800e+00   1.194626e-01   2.015457e-02
4.807297000000000153e+00   1.240102e-01   2.053615e-02
4.812007999999999619e+00   1.038512e-01   2.079543e-02
4.816718999999999973e+00   1.373016e-01   2.125669e-02
4.821430999999999578e+00   1.311026e-01   2.164275e-02
4.826141999999999932e+00   1.259659e-01   2.203967e-02
4.830853000000000286e+00   1.112656e-01   2.242464e-02
4.835564999999999891e+00   9.673054e-02   2.279392e-02
4.840276000000000245e+00   1.153540e-01   2.340181e-02
4.844986999999999711e+00   1.138586e-01   2.402283e-02
4.849698000000000064e+00   1.222850e-01   2.460778e-02
4.854409999999999670e+00   1.496690e-01   2.528970e-02
4.859121000000000024e+00   1.393097e-01   2.594474e-02
4.863832000000000377e+00   1.431529e-01   2.683375e-02
4.868542999999999843e+00   1.254603e-01   2.762850e-02
4.873255000000000337e+00   1.196997e-01   2.842086e-02
4.877965999999999802e+00   1.418908e-01   2.922197e-02
4.882677000000000156e+00   1.066027e-01   3.028421e-02
4.887387999999999622e+00   8.635140e-02   3.171283e-02
4.892100000000000115e+00   1.080181e-01   3.315552e-02
4.896810999999999581e+00   1.368812e-01   3.477661e-02
4.901521999999999935e+00   9.957279e-02   3.637235e-02
4.906233000000000288e+00   1.158572e-01   3.850517e-02
4.910944999999999894e+00   1.595282e-01   4.133033e-02
4.915656000000000247e+00   9.112270e-02   4.386337e-02
4.920366999999999713e+00   1.115155e-01   4.826901e-02
4.925078000000000067e+00   6.850711e-02   5.331403e-02
4.929789999999999672e+00   1.095569e-01   6.081676e-02
4.934501000000000026e+00   1.997854e-01   7.305238e-02
4.939212000000000380e+00   1.692041e-01   9.539682e-02
4.943922999999999845e+00   4.944465e-02   1.666953e-01