# [5]
# Sample c= 13.56 mg/ml
# Intensity scaled by concentration
# Buffer subtracted data file:
# Protein DatFile = /data/visitor/mx1908/bm29/20161119/giulio/1d/mM150_076_ave.dat
# Buffer DatFile = /data/visitor/mx1908/bm29/20161119/giulio/ednaSub/mM150_076_ave_averbuffer.dat
# 
# AutoRg: Rg   =   0.6775 +/- 0.12 ( 18.1%)
# AutoRg: I(0) =   1.20 +/- 0.0070
# AutoRg: Points   260 to 334 ( 75 total)
# AutoRg: Quality: 59.4%
# 
# 
# Sample Information:
# Storage Temperature (degrees C): 20.0
# Measurement Temperature (degrees C): 19.95
# Concentration: 13.56
# Code: 
3.479420999999999903e-02   6.200383e-01   5.663868e-01
3.950545999999999919e-02   9.106062e-01   2.251325e-01
4.421672000000000102e-02   8.617537e-01   1.470479e-01
4.892798000000000286e-02   9.437316e-01   1.127188e-01
5.363923000000000302e-02   9.219830e-01   9.035060e-02
5.835048999999999791e-02   8.050382e-01   7.406747e-02
6.306174999999999975e-02   6.903385e-01   6.148749e-02
6.777299999999999991e-02   7.679277e-01   5.233949e-02
7.248425999999999481e-02   8.334548e-01   4.542188e-02
7.719552000000000358e-02   8.128058e-01   4.009840e-02
8.190677000000000374e-02   7.953176e-01   3.560931e-02
8.661802999999999864e-02   7.484052e-01   3.201432e-02
9.132928999999999353e-02   7.920159e-01   2.937065e-02
9.604053999999999369e-02   7.764333e-01   2.714361e-02
1.007518000000000025e-01   7.502271e-01   2.508138e-02
1.054631000000000041e-01   7.570015e-01   2.342765e-02
1.101743000000000028e-01   7.862038e-01   2.202333e-02
1.148856000000000044e-01   7.817887e-01   2.078804e-02
1.195968000000000031e-01   7.870676e-01   1.972961e-02
1.243081000000000047e-01   7.973649e-01   1.879251e-02
1.290193000000000034e-01   8.077687e-01   1.801460e-02
1.337306000000000050e-01   8.190551e-01   1.728450e-02
1.384419000000000066e-01   7.795052e-01   1.661444e-02
1.431531000000000053e-01   7.741346e-01   1.599000e-02
1.478644000000000069e-01   8.076027e-01   1.552415e-02
1.525756000000000057e-01   7.826192e-01   1.507741e-02
1.572869000000000073e-01   7.869947e-01   1.465642e-02
1.619981000000000060e-01   7.805462e-01   1.423612e-02
1.667094000000000076e-01   7.933846e-01   1.391948e-02
1.714206000000000063e-01   7.807496e-01   1.356996e-02
1.761319000000000079e-01   7.858116e-01   1.325507e-02
1.808432000000000095e-01   8.061284e-01   1.297007e-02
1.855544000000000082e-01   8.075871e-01   1.273853e-02
1.902657000000000098e-01   7.927284e-01   1.251434e-02
1.949769000000000085e-01   7.801896e-01   1.226452e-02
1.996882000000000101e-01   7.706537e-01   1.202723e-02
2.043994000000000089e-01   8.024012e-01   1.185845e-02
2.091107000000000105e-01   7.953910e-01   1.168186e-02
2.138220000000000121e-01   7.934676e-01   1.150544e-02
2.185332000000000108e-01   8.006800e-01   1.132296e-02
2.232445000000000124e-01   8.045894e-01   1.115976e-02
2.279557000000000111e-01   8.046032e-01   1.102144e-02
2.326670000000000127e-01   7.999035e-01   1.086908e-02
2.373782000000000114e-01   8.100112e-01   1.073248e-02
2.420895000000000130e-01   7.910435e-01   1.058264e-02
2.468007000000000117e-01   7.945896e-01   1.046654e-02
2.515120000000000133e-01   7.956329e-01   1.034206e-02
2.562232999999999872e-01   8.034933e-01   1.023100e-02
2.609345000000000137e-01   8.037835e-01   1.009484e-02
2.656457999999999875e-01   7.845723e-01   9.989109e-03
2.703570000000000140e-01   7.887158e-01   9.888187e-03
2.750682999999999878e-01   8.089618e-01   9.813952e-03
2.797795000000000143e-01   8.033178e-01   9.696703e-03
2.844907999999999881e-01   8.047894e-01   9.612788e-03
2.892021000000000175e-01   8.158861e-01   9.534281e-03
2.939132999999999885e-01   8.070694e-01   9.445594e-03
2.986246000000000178e-01   8.071123e-01   9.346921e-03
3.033357999999999888e-01   7.975343e-01   9.258252e-03
3.080471000000000181e-01   8.045011e-01   9.192473e-03
3.127582999999999891e-01   8.093405e-01   9.116503e-03
3.174696000000000184e-01   8.134930e-01   9.041040e-03
3.221808999999999923e-01   8.098297e-01   8.967020e-03
3.268921000000000188e-01   8.171303e-01   8.901162e-03
3.316033999999999926e-01   8.111406e-01   8.848822e-03
3.363146000000000191e-01   8.099892e-01   8.911801e-03
3.410258999999999929e-01   8.081587e-01   8.990578e-03
3.457371000000000194e-01   8.168648e-01   9.027607e-03
3.504483999999999932e-01   8.288870e-01   9.157831e-03
3.551596000000000197e-01   8.172228e-01   9.348998e-03
3.598708999999999936e-01   8.178530e-01   9.466645e-03
3.645822000000000229e-01   8.137020e-01   9.558353e-03
3.692933999999999939e-01   8.365092e-01   9.649847e-03
3.740047000000000232e-01   8.321318e-01   9.722363e-03
3.787158999999999942e-01   8.333970e-01   9.782614e-03
3.834272000000000236e-01   8.330451e-01   9.821780e-03
3.881383999999999945e-01   8.340888e-01   9.883839e-03
3.928497000000000239e-01   8.243225e-01   1.010709e-02
3.975609999999999977e-01   8.394438e-01   1.042543e-02
4.022722000000000242e-01   8.361349e-01   1.064509e-02
4.069834999999999980e-01   8.231716e-01   1.083491e-02
4.116947000000000245e-01   8.354435e-01   1.102475e-02
4.164059999999999984e-01   8.387604e-01   1.119750e-02
4.211172000000000248e-01   8.293893e-01   1.134710e-02
4.258284999999999987e-01   8.490302e-01   1.154294e-02
4.305397000000000252e-01   8.407909e-01   1.167819e-02
4.352509999999999990e-01   8.394349e-01   1.185338e-02
4.399622999999999728e-01   8.392597e-01   1.202140e-02
4.446734999999999993e-01   8.408573e-01   1.224968e-02
4.493847999999999732e-01   8.503894e-01   1.243000e-02
4.540959999999999996e-01   8.520192e-01   1.252827e-02
4.588072999999999735e-01   8.600850e-01   1.210781e-02
4.635185000000000000e-01   8.608165e-01   1.181944e-02
4.682297999999999738e-01   8.557074e-01   1.164469e-02
4.729411000000000032e-01   8.481505e-01   1.151306e-02
4.776522999999999741e-01   8.449756e-01   1.139566e-02
4.823636000000000035e-01   8.521897e-01   1.131845e-02
4.870747999999999744e-01   8.588727e-01   1.124897e-02
4.917861000000000038e-01   8.438398e-01   1.118367e-02
4.964972999999999748e-01   8.467415e-01   1.111248e-02
5.012086000000000041e-01   8.523268e-01   1.105599e-02
5.059198999999999780e-01   8.638194e-01   1.102277e-02
5.106311000000000044e-01   8.591750e-01   1.097835e-02
5.153423999999999783e-01   8.615018e-01   1.090300e-02
5.200536000000000048e-01   8.570965e-01   1.082095e-02
5.247648999999999786e-01   8.461377e-01   1.073989e-02
5.294761000000000051e-01   8.540264e-01   1.068145e-02
5.341873999999999789e-01   8.651126e-01   1.061002e-02
5.388986000000000054e-01   8.673533e-01   1.054006e-02
5.436098999999999792e-01   8.650766e-01   1.047778e-02
5.483211999999999531e-01   8.653294e-01   1.040661e-02
5.530323999999999796e-01   8.739663e-01   1.033969e-02
5.577436999999999534e-01   8.755672e-01   1.029314e-02
5.624548999999999799e-01   8.781739e-01   1.023466e-02
5.671661999999999537e-01   8.722979e-01   1.017952e-02
5.718773999999999802e-01   8.642117e-01   1.015763e-02
5.765886999999999540e-01   8.881229e-01   1.015059e-02
5.813000000000000389e-01   8.882326e-01   1.012562e-02
5.860111999999999544e-01   8.823018e-01   1.009895e-02
5.907225000000000392e-01   8.616837e-01   1.005302e-02
5.954336999999999547e-01   8.783097e-01   1.004728e-02
6.001450000000000395e-01   8.887684e-01   1.003299e-02
6.048561999999999550e-01   8.830081e-01   1.000444e-02
6.095675000000000399e-01   8.684490e-01   9.976552e-03
6.142788000000000137e-01   8.842360e-01   9.981159e-03
6.189900000000000402e-01   8.846245e-01   9.931728e-03
6.237013000000000140e-01   8.921829e-01   9.916546e-03
6.284125000000000405e-01   8.901914e-01   9.910130e-03
6.331238000000000143e-01   8.872092e-01   9.875276e-03
6.378350000000000408e-01   8.830686e-01   9.843849e-03
6.425463000000000147e-01   8.930923e-01   9.834530e-03
6.472575000000000411e-01   8.961104e-01   9.811285e-03
6.519688000000000150e-01   8.943804e-01   9.786895e-03
6.566800999999999888e-01   8.966639e-01   9.761582e-03
6.613913000000000153e-01   8.854257e-01   9.730419e-03
6.661025999999999891e-01   8.867061e-01   9.726388e-03
6.708138000000000156e-01   8.907299e-01   9.714038e-03
6.755250999999999895e-01   8.848177e-01   9.677015e-03
6.802363000000000159e-01   9.055444e-01   9.675705e-03
6.849475999999999898e-01   9.026374e-01   9.650827e-03
6.896588999999999636e-01   9.099681e-01   9.647297e-03
6.943700999999999901e-01   9.076522e-01   9.613628e-03
6.990813999999999639e-01   8.955737e-01   9.590327e-03
7.037925999999999904e-01   9.010810e-01   9.583570e-03
7.085038999999999643e-01   8.983130e-01   9.541871e-03
7.132150999999999907e-01   9.029718e-01   9.542803e-03
7.179263999999999646e-01   9.122827e-01   9.521171e-03
7.226375999999999911e-01   9.188143e-01   9.508916e-03
7.273488999999999649e-01   9.154432e-01   9.488052e-03
7.320602000000000498e-01   9.199667e-01   9.460733e-03
7.367713999999999652e-01   9.285572e-01   9.461416e-03
7.414827000000000501e-01   9.186177e-01   9.427715e-03
7.461938999999999655e-01   9.245918e-01   9.414036e-03
7.509052000000000504e-01   9.210433e-01   9.392748e-03
7.556163999999999659e-01   9.182968e-01   9.382068e-03
7.603277000000000507e-01   9.253999e-01   9.363702e-03
7.650390000000000246e-01   9.111013e-01   9.336215e-03
7.697502000000000510e-01   9.155359e-01   9.315207e-03
7.744615000000000249e-01   9.380108e-01   9.326200e-03
7.791727000000000514e-01   9.427679e-01   9.318638e-03
7.838840000000000252e-01   9.247635e-01   9.270548e-03
7.885952000000000517e-01   9.247501e-01   9.257747e-03
7.933065000000000255e-01   9.241356e-01   9.245019e-03
7.980177999999999994e-01   9.377958e-01   9.234558e-03
8.027290000000000258e-01   9.355323e-01   9.206281e-03
8.074402999999999997e-01   9.246727e-01   9.191557e-03
8.121515000000000262e-01   9.221410e-01   9.151142e-03
8.168628000000000000e-01   9.353260e-01   9.138170e-03
8.215740000000000265e-01   9.337456e-01   9.140191e-03
8.262853000000000003e-01   9.371784e-01   9.126962e-03
8.309965000000000268e-01   9.323331e-01   9.101629e-03
8.357078000000000007e-01   9.285638e-01   9.079085e-03
8.404190999999999745e-01   9.402179e-01   9.076320e-03
8.451303000000000010e-01   9.405998e-01   9.064191e-03
8.498415999999999748e-01   9.413325e-01   9.040466e-03
8.545528000000000013e-01   9.412725e-01   9.027828e-03
8.592640999999999751e-01   9.375215e-01   9.006642e-03
8.639753000000000016e-01   9.407976e-01   9.001659e-03
8.686865999999999755e-01   9.446778e-01   8.975385e-03
8.733978999999999493e-01   9.470828e-01   8.965126e-03
8.781090999999999758e-01   9.398276e-01   8.944300e-03
8.828203999999999496e-01   9.426282e-01   8.926157e-03
8.875315999999999761e-01   9.477099e-01   8.922954e-03
8.922428999999999499e-01   9.538958e-01   8.910134e-03
8.969540999999999764e-01   9.437424e-01   8.883661e-03
9.016653999999999503e-01   9.458666e-01   8.875279e-03
9.063767000000000351e-01   9.440187e-01   8.842525e-03
9.110878999999999506e-01   9.652984e-01   8.835771e-03
9.157992000000000354e-01   9.504880e-01   8.819491e-03
9.205103999999999509e-01   9.447329e-01   8.801849e-03
9.252217000000000358e-01   9.443884e-01   8.778927e-03
9.299328999999999512e-01   9.448451e-01   8.769228e-03
9.346442000000000361e-01   9.561776e-01   8.760934e-03
9.393553999999999515e-01   9.500313e-01   8.746342e-03
9.440667000000000364e-01   9.579144e-01   8.735899e-03
9.487780000000000102e-01   9.479583e-01   8.708819e-03
9.534892000000000367e-01   9.458025e-01   8.692072e-03
9.582005000000000106e-01   9.473162e-01   8.677963e-03
9.629117000000000370e-01   9.550620e-01   8.662517e-03
9.676230000000000109e-01   9.491039e-01   8.647015e-03
9.723342000000000374e-01   9.531022e-01   8.637281e-03
9.770455000000000112e-01   9.568158e-01   8.625967e-03
9.817567999999999850e-01   9.565668e-01   8.610131e-03
9.864680000000000115e-01   9.451893e-01   8.589608e-03
9.911792999999999854e-01   9.444091e-01   8.572172e-03
9.958905000000000118e-01   9.541484e-01   8.573092e-03
1.000601999999999991e+00   9.689011e-01   8.562954e-03
1.005312999999999901e+00   9.619462e-01   8.541588e-03
1.010024000000000033e+00   9.498774e-01   8.521794e-03
1.014736000000000082e+00   9.594861e-01   8.514079e-03
1.019446999999999992e+00   9.646554e-01   8.504755e-03
1.024157999999999902e+00   9.624274e-01   8.489267e-03
1.028869000000000034e+00   9.568343e-01   8.466128e-03
1.033581000000000083e+00   9.483763e-01   8.445852e-03
1.038291999999999993e+00   9.468222e-01   8.429276e-03
1.043002999999999902e+00   9.538041e-01   8.422598e-03
1.047714000000000034e+00   9.578260e-01   8.414982e-03
1.052426000000000084e+00   9.556798e-01   8.395793e-03
1.057136999999999993e+00   9.531702e-01   8.389000e-03
1.061847999999999903e+00   9.499524e-01   8.374510e-03
1.066559000000000035e+00   9.585947e-01   8.356175e-03
1.071271000000000084e+00   9.567007e-01   8.342918e-03
1.075981999999999994e+00   9.579673e-01   8.343273e-03
1.080692999999999904e+00   9.589717e-01   8.323224e-03
1.085404000000000035e+00   9.648711e-01   8.307659e-03
1.090116000000000085e+00   9.638508e-01   8.294831e-03
1.094826999999999995e+00   9.535175e-01   8.271418e-03
1.099537999999999904e+00   9.560681e-01   8.270351e-03
1.104249000000000036e+00   9.584130e-01   8.250353e-03
1.108961000000000086e+00   9.641280e-01   8.241087e-03
1.113671999999999995e+00   9.447110e-01   8.218491e-03
1.118382999999999905e+00   9.447933e-01   8.207784e-03
1.123094000000000037e+00   9.626714e-01   8.194514e-03
1.127806000000000086e+00   9.564487e-01   8.178108e-03
1.132516999999999996e+00   9.585892e-01   8.171383e-03
1.137227999999999906e+00   9.485441e-01   8.151928e-03
1.141939000000000037e+00   9.569632e-01   8.151404e-03
1.146651000000000087e+00   9.527729e-01   8.125353e-03
1.151361999999999997e+00   9.488809e-01   8.108275e-03
1.156072999999999906e+00   9.440987e-01   8.100587e-03
1.160784000000000038e+00   9.383846e-01   8.090887e-03
1.165496000000000087e+00   9.363445e-01   8.072047e-03
1.170206999999999997e+00   9.404900e-01   8.056255e-03
1.174917999999999907e+00   9.519636e-01   8.057641e-03
1.179629999999999956e+00   9.576260e-01   8.048752e-03
1.184341000000000088e+00   9.338732e-01   8.014482e-03
1.189051999999999998e+00   9.334813e-01   7.999790e-03
1.193762999999999908e+00   9.455049e-01   8.017321e-03
1.198474999999999957e+00   9.609062e-01   8.205697e-03
1.203186000000000089e+00   9.474759e-01   8.402645e-03
1.207896999999999998e+00   9.516726e-01   8.542521e-03
1.212607999999999908e+00   9.387610e-01   8.651206e-03
1.217319999999999958e+00   9.319497e-01   8.746795e-03
1.222031000000000089e+00   9.411550e-01   8.840874e-03
1.226741999999999999e+00   9.384915e-01   8.918916e-03
1.231452999999999909e+00   9.428017e-01   9.007291e-03
1.236164999999999958e+00   9.394098e-01   9.085894e-03
1.240876000000000090e+00   9.423116e-01   9.151451e-03
1.245587000000000000e+00   9.280093e-01   9.182729e-03
1.250297999999999909e+00   9.200358e-01   9.197008e-03
1.255009999999999959e+00   9.445441e-01   9.237439e-03
1.259721000000000091e+00   9.338910e-01   9.223781e-03
1.264432000000000000e+00   9.244178e-01   8.899577e-03
1.269142999999999910e+00   9.284799e-01   8.680485e-03
1.273854999999999960e+00   9.348279e-01   8.538989e-03
1.278566000000000091e+00   9.387639e-01   8.434131e-03
1.283277000000000001e+00   9.332382e-01   8.328140e-03
1.287987999999999911e+00   9.354848e-01   8.260344e-03
1.292699999999999960e+00   9.147573e-01   8.172035e-03
1.297411000000000092e+00   9.210444e-01   8.109262e-03
1.302122000000000002e+00   9.241390e-01   8.058704e-03
1.306832999999999911e+00   9.172154e-01   8.009175e-03
1.311544999999999961e+00   9.168171e-01   7.983900e-03
1.316256000000000093e+00   9.075813e-01   7.954788e-03
1.320967000000000002e+00   9.146598e-01   7.930643e-03
1.325677999999999912e+00   9.036601e-01   7.910383e-03
1.330389999999999961e+00   9.074356e-01   7.896224e-03
1.335101000000000093e+00   9.142360e-01   7.884303e-03
1.339812000000000003e+00   9.083682e-01   7.854902e-03
1.344522999999999913e+00   9.075519e-01   7.846578e-03
1.349234999999999962e+00   9.002628e-01   7.820042e-03
1.353946000000000094e+00   9.014717e-01   7.801685e-03
1.358657000000000004e+00   9.128336e-01   7.794892e-03
1.363369000000000053e+00   9.146387e-01   7.787992e-03
1.368079999999999963e+00   9.031646e-01   7.768328e-03
1.372791000000000095e+00   9.003913e-01   7.754956e-03
1.377502000000000004e+00   9.006836e-01   7.729244e-03
1.382214000000000054e+00   8.969103e-01   7.709852e-03
1.386924999999999963e+00   8.848433e-01   7.688907e-03
1.391636000000000095e+00   8.906089e-01   7.678160e-03
1.396347000000000005e+00   8.879417e-01   7.668810e-03
1.401059000000000054e+00   8.822101e-01   7.645771e-03
1.405769999999999964e+00   8.805575e-01   7.629665e-03
1.410481000000000096e+00   8.927399e-01   7.629048e-03
1.415192000000000005e+00   8.885545e-01   7.618159e-03
1.419904000000000055e+00   8.888990e-01   7.596178e-03
1.424614999999999965e+00   8.828979e-01   7.575499e-03
1.429326000000000096e+00   8.733282e-01   7.556137e-03
1.434037000000000006e+00   8.698710e-01   7.544825e-03
1.438749000000000056e+00   8.685137e-01   7.535381e-03
1.443459999999999965e+00   8.631191e-01   7.519036e-03
1.448171000000000097e+00   8.703372e-01   7.506377e-03
1.452882000000000007e+00   8.685413e-01   7.498683e-03
1.457594000000000056e+00   8.687483e-01   7.485081e-03
1.462304999999999966e+00   8.734079e-01   7.480068e-03
1.467016000000000098e+00   8.678373e-01   7.459517e-03
1.471727000000000007e+00   8.656555e-01   7.445528e-03
1.476439000000000057e+00   8.564270e-01   7.432688e-03
1.481149999999999967e+00   8.490377e-01   7.405277e-03
1.485861000000000098e+00   8.453290e-01   7.392984e-03
1.490572000000000008e+00   8.400863e-01   7.385349e-03
1.495284000000000058e+00   8.445125e-01   7.382564e-03
1.499994999999999967e+00   8.416820e-01   7.362882e-03
1.504706000000000099e+00   8.369408e-01   7.346236e-03
1.509417000000000009e+00   8.478888e-01   7.346075e-03
1.514129000000000058e+00   8.400033e-01   7.355431e-03
1.518839999999999968e+00   8.460095e-01   7.573011e-03
1.523551000000000100e+00   8.382520e-01   7.723191e-03
1.528262999999999927e+00   8.410446e-01   7.834464e-03
1.532974000000000059e+00   8.386782e-01   7.927273e-03
1.537684999999999969e+00   8.347296e-01   8.003647e-03
1.542396000000000100e+00   8.307311e-01   8.002259e-03
1.547107999999999928e+00   8.271810e-01   7.792825e-03
1.551819000000000059e+00   8.342076e-01   7.695841e-03
1.556529999999999969e+00   8.199015e-01   7.602552e-03
1.561241000000000101e+00   8.236600e-01   7.531531e-03
1.565952999999999928e+00   8.267978e-01   7.459196e-03
1.570664000000000060e+00   8.229455e-01   7.379952e-03
1.575374999999999970e+00   8.166159e-01   7.299878e-03
1.580086000000000102e+00   8.043086e-01   7.232953e-03
1.584797999999999929e+00   8.167213e-01   7.198398e-03
1.589509000000000061e+00   8.158909e-01   7.184321e-03
1.594219999999999970e+00   8.004393e-01   7.169702e-03
1.598931000000000102e+00   8.082696e-01   7.173446e-03
1.603642999999999930e+00   8.103862e-01   7.194077e-03
1.608354000000000061e+00   7.957667e-01   7.187093e-03
1.613064999999999971e+00   7.882213e-01   7.172972e-03
1.617776000000000103e+00   7.865972e-01   7.151653e-03
1.622487999999999930e+00   7.794022e-01   7.130568e-03
1.627199000000000062e+00   7.791780e-01   7.126462e-03
1.631909999999999972e+00   7.872970e-01   7.120121e-03
1.636621000000000103e+00   7.827006e-01   7.103885e-03
1.641332999999999931e+00   7.823425e-01   7.093792e-03
1.646044000000000063e+00   7.793022e-01   7.077874e-03
1.650754999999999972e+00   7.714665e-01   7.059435e-03
1.655466000000000104e+00   7.673665e-01   7.047003e-03
1.660177999999999932e+00   7.731494e-01   7.039413e-03
1.664889000000000063e+00   7.705972e-01   7.025582e-03
1.669599999999999973e+00   7.744292e-01   7.021353e-03
1.674311000000000105e+00   7.645196e-01   6.996397e-03
1.679022999999999932e+00   7.671519e-01   6.991093e-03
1.683734000000000064e+00   7.602903e-01   6.973447e-03
1.688444999999999974e+00   7.570155e-01   6.963350e-03
1.693156000000000105e+00   7.502981e-01   6.946631e-03
1.697867999999999933e+00   7.383616e-01   6.926225e-03
1.702579000000000065e+00   7.506815e-01   6.922870e-03
1.707289999999999974e+00   7.446894e-01   6.909517e-03
1.712002000000000024e+00   7.520981e-01   6.906559e-03
1.716712999999999933e+00   7.424889e-01   6.891571e-03
1.721424000000000065e+00   7.431560e-01   6.885614e-03
1.726134999999999975e+00   7.346043e-01   6.869534e-03
1.730847000000000024e+00   7.340344e-01   6.852370e-03
1.735557999999999934e+00   7.305570e-01   6.836099e-03
1.740269000000000066e+00   7.342279e-01   6.835451e-03
1.744979999999999976e+00   7.330719e-01   6.838091e-03
1.749692000000000025e+00   7.296255e-01   6.817575e-03
1.754402999999999935e+00   7.160235e-01   6.792706e-03
1.759114000000000066e+00   7.131574e-01   6.777378e-03
1.763824999999999976e+00   7.157271e-01   6.780720e-03
1.768537000000000026e+00   7.120897e-01   6.762475e-03
1.773247999999999935e+00   7.113270e-01   6.750788e-03
1.777959000000000067e+00   7.024850e-01   6.746795e-03
1.782669999999999977e+00   7.104147e-01   6.735456e-03
1.787382000000000026e+00   7.067414e-01   6.725259e-03
1.792092999999999936e+00   6.945934e-01   6.710434e-03
1.796804000000000068e+00   6.994758e-01   6.701365e-03
1.801514999999999977e+00   6.934161e-01   6.695461e-03
1.806227000000000027e+00   6.944792e-01   6.678938e-03
1.810937999999999937e+00   6.935524e-01   6.664882e-03
1.815649000000000068e+00   6.898004e-01   6.656008e-03
1.820359999999999978e+00   6.910385e-01   6.648600e-03
1.825072000000000028e+00   6.909622e-01   6.645639e-03
1.829782999999999937e+00   6.897668e-01   6.629186e-03
1.834494000000000069e+00   6.782981e-01   6.607547e-03
1.839204999999999979e+00   6.751879e-01   6.607052e-03
1.843917000000000028e+00   6.735065e-01   6.592506e-03
1.848627999999999938e+00   6.684060e-01   6.578837e-03
1.853339000000000070e+00   6.772406e-01   6.579970e-03
1.858049999999999979e+00   6.649899e-01   6.563564e-03
1.862762000000000029e+00   6.662163e-01   6.554304e-03
1.867472999999999939e+00   6.714556e-01   6.546240e-03
1.872184000000000070e+00   6.645190e-01   6.532626e-03
1.876894999999999980e+00   6.615812e-01   6.523440e-03
1.881607000000000030e+00   6.646293e-01   6.517832e-03
1.886317999999999939e+00   6.547904e-01   6.502687e-03
1.891029000000000071e+00   6.494074e-01   6.491655e-03
1.895740999999999898e+00   6.492206e-01   6.479303e-03
1.900452000000000030e+00   6.403456e-01   6.463642e-03
1.905162999999999940e+00   6.443404e-01   6.458052e-03
1.909874000000000072e+00   6.472810e-01   6.452677e-03
1.914585999999999899e+00   6.484017e-01   6.448172e-03
1.919297000000000031e+00   6.403303e-01   6.436729e-03
1.924007999999999940e+00   6.399387e-01   6.425240e-03
1.928719000000000072e+00   6.370611e-01   6.408897e-03
1.933430999999999900e+00   6.354150e-01   6.404923e-03
1.938142000000000031e+00   6.251495e-01   6.380759e-03
1.942852999999999941e+00   6.250714e-01   6.359878e-03
1.947564000000000073e+00   6.233886e-01   6.339854e-03
1.952275999999999900e+00   6.215086e-01   6.326847e-03
1.956987000000000032e+00   6.166393e-01   6.315871e-03
1.961697999999999942e+00   6.123297e-01   6.308675e-03
1.966409000000000074e+00   6.092334e-01   6.295921e-03
1.971120999999999901e+00   6.134473e-01   6.294258e-03
1.975832000000000033e+00   6.116388e-01   6.292226e-03
1.980542999999999942e+00   6.054404e-01   6.281920e-03
1.985254000000000074e+00   6.008826e-01   6.276904e-03
1.989965999999999902e+00   5.939230e-01   6.270482e-03
1.994677000000000033e+00   5.908032e-01   6.276228e-03
1.999387999999999943e+00   6.009260e-01   6.290564e-03
2.004099000000000075e+00   5.910146e-01   6.425380e-03
2.008811000000000124e+00   5.912769e-01   6.562199e-03
2.013522000000000034e+00   5.850598e-01   6.650475e-03
2.018232999999999944e+00   5.882639e-01   6.729159e-03
2.022943999999999853e+00   5.831549e-01   6.783077e-03
2.027655999999999903e+00   5.889325e-01   6.850324e-03
2.032366999999999813e+00   5.758450e-01   6.875391e-03
2.037078000000000166e+00   5.795540e-01   6.892757e-03
2.041789000000000076e+00   5.819578e-01   6.912107e-03
2.046501000000000126e+00   5.781371e-01   6.935355e-03
2.051212000000000035e+00   5.749680e-01   6.951664e-03
2.055922999999999945e+00   5.646965e-01   6.963149e-03
2.060633999999999855e+00   5.573149e-01   6.961705e-03
2.065345999999999904e+00   5.588911e-01   6.954996e-03
2.070056999999999814e+00   5.624465e-01   6.747753e-03
2.074768000000000168e+00   5.655767e-01   6.619287e-03
2.079480000000000217e+00   5.610006e-01   6.524108e-03
2.084191000000000127e+00   5.619331e-01   6.452387e-03
2.088902000000000037e+00   5.504620e-01   6.386629e-03
2.093612999999999946e+00   5.433329e-01   6.333508e-03
2.098324999999999996e+00   5.506936e-01   6.322562e-03
2.103035999999999905e+00   5.478407e-01   6.296890e-03
2.107746999999999815e+00   5.438775e-01   6.283104e-03
2.112458000000000169e+00   5.507282e-01   6.276573e-03
2.117170000000000218e+00   5.366094e-01   6.248303e-03
2.121881000000000128e+00   5.353826e-01   6.226591e-03
2.126592000000000038e+00   5.411690e-01   6.227797e-03
2.131302999999999948e+00   5.391434e-01   6.212453e-03
2.136014999999999997e+00   5.352649e-01   6.199610e-03
2.140725999999999907e+00   5.299603e-01   6.182691e-03
2.145436999999999816e+00   5.281780e-01   6.166215e-03
2.150148000000000170e+00   5.235796e-01   6.156461e-03
2.154860000000000220e+00   5.263058e-01   6.144881e-03
2.159571000000000129e+00   5.245909e-01   6.133903e-03
2.164282000000000039e+00   5.182741e-01   6.118451e-03
2.168992999999999949e+00   5.240406e-01   6.112357e-03
2.173704999999999998e+00   5.163131e-01   6.102682e-03
2.178415999999999908e+00   5.144279e-01   6.092541e-03
2.183126999999999818e+00   5.186805e-01   6.077707e-03
2.187838000000000171e+00   5.063036e-01   6.061197e-03
2.192550000000000221e+00   5.049354e-01   6.048293e-03
2.197261000000000131e+00   5.044299e-01   6.046149e-03
2.201972000000000040e+00   4.943736e-01   6.028069e-03
2.206682999999999950e+00   4.918056e-01   6.016627e-03
2.211395000000000000e+00   4.894876e-01   6.007431e-03
2.216105999999999909e+00   4.969521e-01   6.004455e-03
2.220816999999999819e+00   4.931137e-01   5.992985e-03
2.225528000000000173e+00   4.825392e-01   5.974852e-03
2.230239999999999778e+00   4.833870e-01   5.970185e-03
2.234951000000000132e+00   4.874829e-01   5.967447e-03
2.239662000000000042e+00   4.823096e-01   5.953408e-03
2.244372999999999951e+00   4.824985e-01   5.947004e-03
2.249085000000000001e+00   4.888597e-01   5.939329e-03
2.253795999999999911e+00   4.887577e-01   5.938671e-03
2.258506999999999820e+00   4.834779e-01   5.925406e-03
2.263218999999999870e+00   4.790733e-01   5.916821e-03
2.267929999999999779e+00   4.706785e-01   5.897906e-03
2.272641000000000133e+00   4.679035e-01   5.891742e-03
2.277352000000000043e+00   4.651109e-01   5.885339e-03
2.282064000000000092e+00   4.659049e-01   5.875484e-03
2.286775000000000002e+00   4.611293e-01   5.864906e-03
2.291485999999999912e+00   4.624411e-01   5.852902e-03
2.296196999999999822e+00   4.717148e-01   5.859842e-03
2.300908999999999871e+00   4.596800e-01   5.837514e-03
2.305619999999999781e+00   4.560091e-01   5.833188e-03
2.310331000000000135e+00   4.547701e-01   5.827457e-03
2.315042000000000044e+00   4.565937e-01   5.818673e-03
2.319754000000000094e+00   4.534979e-01   5.808075e-03
2.324465000000000003e+00   4.598820e-01   5.805791e-03
2.329175999999999913e+00   4.523540e-01   5.792702e-03
2.333886999999999823e+00   4.445673e-01   5.780447e-03
2.338598999999999872e+00   4.517966e-01   5.781547e-03
2.343309999999999782e+00   4.459634e-01   5.768751e-03
2.348021000000000136e+00   4.359252e-01   5.754322e-03
2.352732000000000046e+00   4.333317e-01   5.749577e-03
2.357444000000000095e+00   4.487267e-01   5.753576e-03
2.362155000000000005e+00   4.457703e-01   5.744058e-03
2.366865999999999914e+00   4.380650e-01   5.734925e-03
2.371576999999999824e+00   4.310283e-01   5.723207e-03
2.376288999999999874e+00   4.225715e-01   5.713582e-03
2.380999999999999783e+00   4.288233e-01   5.703801e-03
2.385711000000000137e+00   4.260758e-01   5.691850e-03
2.390422000000000047e+00   4.304600e-01   5.693257e-03
2.395134000000000096e+00   4.318047e-01   5.690573e-03
2.399845000000000006e+00   4.180305e-01   5.677083e-03
2.404555999999999916e+00   4.246221e-01   5.671920e-03
2.409266999999999825e+00   4.231142e-01   5.664576e-03
2.413978999999999875e+00   4.228768e-01   5.659855e-03
2.418689999999999785e+00   4.156084e-01   5.644022e-03
2.423401000000000138e+00   4.220698e-01   5.642145e-03
2.428112000000000048e+00   4.128147e-01   5.632116e-03
2.432824000000000098e+00   4.057186e-01   5.620403e-03
2.437535000000000007e+00   4.143881e-01   5.625900e-03
2.442245999999999917e+00   4.105727e-01   5.615338e-03
2.446957999999999966e+00   4.119617e-01   5.610914e-03
2.451668999999999876e+00   4.094672e-01   5.600406e-03
2.456379999999999786e+00   4.069169e-01   5.588054e-03
2.461091000000000140e+00   3.945093e-01   5.578509e-03
2.465803000000000189e+00   4.020068e-01   5.573107e-03
2.470514000000000099e+00   3.964650e-01   5.569323e-03
2.475225000000000009e+00   4.110803e-01   5.570723e-03
2.479935999999999918e+00   3.868667e-01   5.547482e-03
2.484647999999999968e+00   3.988089e-01   5.549045e-03
2.489358999999999877e+00   3.981503e-01   5.543559e-03
2.494069999999999787e+00   3.981684e-01   5.533146e-03
2.498781000000000141e+00   3.885819e-01   5.523751e-03
2.503493000000000190e+00   3.914126e-01   5.521973e-03
2.508204000000000100e+00   3.836388e-01   5.512620e-03
2.512915000000000010e+00   3.904816e-01   5.512088e-03
2.517625999999999920e+00   3.939400e-01   5.498451e-03
2.522337999999999969e+00   3.818144e-01   5.473177e-03
2.527048999999999879e+00   3.828070e-01   5.471597e-03
2.531759999999999788e+00   3.810801e-01   5.463771e-03
2.536471000000000142e+00   3.765893e-01   5.450343e-03
2.541183000000000192e+00   3.705432e-01   5.444269e-03
2.545894000000000101e+00   3.703506e-01   5.436103e-03
2.550605000000000011e+00   3.663389e-01   5.425464e-03
2.555315999999999921e+00   3.790078e-01   5.427051e-03
2.560027999999999970e+00   3.710377e-01   5.418901e-03
2.564738999999999880e+00   3.731524e-01   5.421645e-03
2.569449999999999790e+00   3.750377e-01   5.427512e-03
2.574161000000000143e+00   3.671748e-01   5.420030e-03
2.578873000000000193e+00   3.723858e-01   5.421906e-03
2.583584000000000103e+00   3.699881e-01   5.420910e-03
2.588295000000000012e+00   3.696215e-01   5.409734e-03
2.593005999999999922e+00   3.585544e-01   5.395163e-03
2.597717999999999972e+00   3.633654e-01   5.393480e-03
2.602428999999999881e+00   3.618567e-01   5.386471e-03
2.607139999999999791e+00   3.553785e-01   5.380744e-03
2.611851000000000145e+00   3.598805e-01   5.371699e-03
2.616563000000000194e+00   3.548385e-01   5.368045e-03
2.621274000000000104e+00   3.535596e-01   5.365759e-03
2.625985000000000014e+00   3.496119e-01   5.357884e-03
2.630697000000000063e+00   3.555552e-01   5.354737e-03
2.635407999999999973e+00   3.562562e-01   5.346171e-03
2.640118999999999883e+00   3.485634e-01   5.337039e-03
2.644829999999999792e+00   3.465830e-01   5.333069e-03
2.649541999999999842e+00   3.468414e-01   5.322155e-03
2.654253000000000196e+00   3.528369e-01   5.326677e-03
2.658964000000000105e+00   3.467951e-01   5.319048e-03
2.663675000000000015e+00   3.410537e-01   5.309745e-03
2.668387000000000064e+00   3.452241e-01   5.302195e-03
2.673097999999999974e+00   3.459204e-01   5.300509e-03
2.677808999999999884e+00   3.383437e-01   5.292846e-03
2.682519999999999794e+00   3.396953e-01   5.289123e-03
2.687231999999999843e+00   3.340363e-01   5.274185e-03
2.691943000000000197e+00   3.352809e-01   5.272157e-03
2.696654000000000106e+00   3.481544e-01   5.277999e-03
2.701365000000000016e+00   3.393046e-01   5.269244e-03
2.706077000000000066e+00   3.384309e-01   5.258926e-03
2.710787999999999975e+00   3.313885e-01   5.250581e-03
2.715498999999999885e+00   3.311628e-01   5.245606e-03
2.720209999999999795e+00   3.314020e-01   5.239936e-03
2.724921999999999844e+00   3.363025e-01   5.238419e-03
2.729633000000000198e+00   3.285967e-01   5.229699e-03
2.734344000000000108e+00   3.205776e-01   5.223400e-03
2.739055000000000017e+00   3.302367e-01   5.225019e-03
2.743767000000000067e+00   3.242617e-01   5.212389e-03
2.748477999999999977e+00   3.207143e-01   5.205473e-03
2.753188999999999886e+00   3.216038e-01   5.206352e-03
2.757899999999999796e+00   3.158879e-01   5.193505e-03
2.762611999999999846e+00   3.164520e-01   5.190927e-03
2.767323000000000199e+00   3.200363e-01   5.188402e-03
2.772034000000000109e+00   3.185404e-01   5.181549e-03
2.776745000000000019e+00   3.173785e-01   5.174220e-03
2.781457000000000068e+00   3.254754e-01   5.172744e-03
2.786167999999999978e+00   3.157286e-01   5.167801e-03
2.790878999999999888e+00   3.094526e-01   5.161222e-03
2.795589999999999797e+00   3.093934e-01   5.155003e-03
2.800301999999999847e+00   3.103211e-01   5.151211e-03
2.805013000000000201e+00   3.198187e-01   5.178768e-03
2.809724000000000110e+00   3.165760e-01   5.312948e-03
2.814436000000000160e+00   3.107960e-01   5.389008e-03
2.819147000000000070e+00   3.080266e-01   5.449790e-03
2.823857999999999979e+00   3.000581e-01   5.493673e-03
2.828568999999999889e+00   2.958284e-01   5.516967e-03
2.833280999999999938e+00   2.981881e-01   5.539730e-03
2.837991999999999848e+00   3.015544e-01   5.558781e-03
2.842703000000000202e+00   3.039131e-01   5.575873e-03
2.847414000000000112e+00   3.045341e-01   5.591725e-03
2.852126000000000161e+00   3.021612e-01   5.602477e-03
2.856837000000000071e+00   2.975280e-01   5.610294e-03
2.861547999999999981e+00   2.901120e-01   5.615169e-03
2.866258999999999890e+00   2.910267e-01   5.628044e-03
2.870970999999999940e+00   2.946737e-01   5.585335e-03
2.875681999999999849e+00   2.964831e-01   5.448510e-03
2.880393000000000203e+00   2.973000e-01   5.364118e-03
2.885104000000000113e+00   2.932956e-01   5.303873e-03
2.889816000000000162e+00   2.924991e-01   5.262963e-03
2.894527000000000072e+00   2.913941e-01   5.237789e-03
2.899237999999999982e+00   2.940306e-01   5.220103e-03
2.903948999999999891e+00   2.942576e-01   5.209843e-03
2.908660999999999941e+00   2.892600e-01   5.200615e-03
2.913371999999999851e+00   2.899395e-01   5.187379e-03
2.918083000000000204e+00   2.912390e-01   5.178306e-03
2.922794000000000114e+00   2.907404e-01   5.167156e-03
2.927506000000000164e+00   2.775447e-01   5.151690e-03
2.932217000000000073e+00   2.801018e-01   5.142227e-03
2.936927999999999983e+00   2.860689e-01   5.140248e-03
2.941638999999999893e+00   2.806099e-01   5.127413e-03
2.946350999999999942e+00   2.835447e-01   5.123324e-03
2.951061999999999852e+00   2.759800e-01   5.108707e-03
2.955773000000000206e+00   2.770317e-01   5.105024e-03
2.960484000000000115e+00   2.808134e-01   5.096454e-03
2.965196000000000165e+00   2.800018e-01   5.097804e-03
2.969907000000000075e+00   2.716395e-01   5.081186e-03
2.974617999999999984e+00   2.799741e-01   5.080010e-03
2.979328999999999894e+00   2.773623e-01   5.075263e-03
2.984040999999999944e+00   2.771729e-01   5.066178e-03
2.988751999999999853e+00   2.775278e-01   5.059345e-03
2.993463000000000207e+00   2.742432e-01   5.050723e-03
2.998174999999999812e+00   2.725049e-01   5.039667e-03
3.002886000000000166e+00   2.705480e-01   5.042025e-03
3.007597000000000076e+00   2.735282e-01   5.034379e-03
3.012307999999999986e+00   2.637300e-01   5.022248e-03
3.017020000000000035e+00   2.716600e-01   5.021060e-03
3.021730999999999945e+00   2.628215e-01   5.008233e-03
3.026441999999999855e+00   2.679982e-01   5.008356e-03
3.031153000000000208e+00   2.595324e-01   4.997815e-03
3.035864999999999814e+00   2.638862e-01   4.996795e-03
3.040576000000000167e+00   2.594802e-01   4.990120e-03
3.045287000000000077e+00   2.596626e-01   4.979419e-03
3.049997999999999987e+00   2.587016e-01   4.976882e-03
3.054710000000000036e+00   2.652505e-01   4.975335e-03
3.059420999999999946e+00   2.609703e-01   4.967532e-03
3.064131999999999856e+00   2.655667e-01   4.963810e-03
3.068843000000000210e+00   2.616706e-01   4.958867e-03
3.073554999999999815e+00   2.612222e-01   4.955636e-03
3.078266000000000169e+00   2.540779e-01   4.945499e-03
3.082977000000000078e+00   2.524467e-01   4.940187e-03
3.087687999999999988e+00   2.536003e-01   4.933096e-03
3.092400000000000038e+00   2.611884e-01   4.932344e-03
3.097110999999999947e+00   2.590513e-01   4.929426e-03
3.101821999999999857e+00   2.551076e-01   4.926051e-03
3.106533000000000211e+00   2.509055e-01   4.916300e-03
3.111244999999999816e+00   2.503709e-01   4.908031e-03
3.115956000000000170e+00   2.498710e-01   4.900280e-03
3.120667000000000080e+00   2.457407e-01   4.897367e-03
3.125377999999999989e+00   2.471237e-01   4.895571e-03
3.130090000000000039e+00   2.510831e-01   4.888150e-03
3.134800999999999949e+00   2.509763e-01   4.885209e-03
3.139511999999999858e+00   2.547757e-01   4.884839e-03
3.144223000000000212e+00   2.467652e-01   4.873342e-03
3.148934999999999818e+00   2.413283e-01   4.867779e-03
3.153646000000000171e+00   2.470915e-01   4.867741e-03
3.158357000000000081e+00   2.436735e-01   4.865834e-03
3.163067999999999991e+00   2.380657e-01   4.858403e-03
3.167780000000000040e+00   2.425943e-01   4.853564e-03
3.172490999999999950e+00   2.425652e-01   4.848603e-03
3.177201999999999860e+00   2.430493e-01   4.846661e-03
3.181913999999999909e+00   2.395380e-01   4.841807e-03
3.186624999999999819e+00   2.361482e-01   4.829396e-03
3.191336000000000173e+00   2.400000e-01   4.828934e-03
3.196047000000000082e+00   2.367354e-01   4.815997e-03
3.200759000000000132e+00   2.349654e-01   4.807968e-03
3.205470000000000041e+00   2.407715e-01   4.800191e-03
3.210180999999999951e+00   2.344021e-01   4.797735e-03
3.214891999999999861e+00   2.372263e-01   4.797466e-03
3.219603999999999910e+00   2.366059e-01   4.785719e-03
3.224314999999999820e+00   2.389897e-01   4.783862e-03
3.229026000000000174e+00   2.310912e-01   4.775982e-03
3.233737000000000084e+00   2.261643e-01   4.771589e-03
3.238449000000000133e+00   2.344342e-01   4.773644e-03
3.243160000000000043e+00   2.318664e-01   4.767117e-03
3.247870999999999952e+00   2.314237e-01   4.768702e-03
3.252581999999999862e+00   2.292671e-01   4.767805e-03
3.257293999999999912e+00   2.302252e-01   4.767686e-03
3.262004999999999821e+00   2.241259e-01   4.760408e-03
3.266716000000000175e+00   2.234705e-01   4.756263e-03
3.271427000000000085e+00   2.275891e-01   4.755141e-03
3.276139000000000134e+00   2.318559e-01   4.756750e-03
3.280850000000000044e+00   2.317960e-01   4.750575e-03
3.285560999999999954e+00   2.256323e-01   4.741872e-03
3.290271999999999863e+00   2.252494e-01   4.737879e-03
3.294983999999999913e+00   2.253962e-01   4.737638e-03
3.299694999999999823e+00   2.219738e-01   4.728221e-03
3.304406000000000176e+00   2.233898e-01   4.726627e-03
3.309117000000000086e+00   2.147207e-01   4.715978e-03
3.313829000000000136e+00   2.244793e-01   4.718701e-03
3.318540000000000045e+00   2.188362e-01   4.709337e-03
3.323250999999999955e+00   2.203176e-01   4.706542e-03
3.327961999999999865e+00   2.174496e-01   4.702494e-03
3.332673999999999914e+00   2.186514e-01   4.699989e-03
3.337384999999999824e+00   2.141551e-01   4.692411e-03
3.342096000000000178e+00   2.159467e-01   4.690251e-03
3.346807000000000087e+00   2.178842e-01   4.685365e-03
3.351519000000000137e+00   2.144549e-01   4.680465e-03
3.356230000000000047e+00   2.213204e-01   4.682990e-03
3.360940999999999956e+00   2.187029e-01   4.678439e-03
3.365653000000000006e+00   2.156656e-01   4.671557e-03
3.370363999999999916e+00   2.215816e-01   4.670713e-03
3.375074999999999825e+00   2.188665e-01   4.666482e-03
3.379786000000000179e+00   2.141039e-01   4.664159e-03
3.384497999999999784e+00   2.143412e-01   4.660090e-03
3.389209000000000138e+00   2.165883e-01   4.686397e-03
3.393920000000000048e+00   2.141483e-01   4.793729e-03
3.398630999999999958e+00   2.097497e-01   4.856670e-03
3.403343000000000007e+00   2.001106e-01   4.904765e-03
3.408053999999999917e+00   2.077846e-01   4.941933e-03
3.412764999999999826e+00   2.071272e-01   4.953174e-03
3.417476000000000180e+00   2.047551e-01   4.956013e-03
3.422187999999999786e+00   2.126143e-01   4.967335e-03
3.426899000000000139e+00   2.103959e-01   4.972136e-03
3.431610000000000049e+00   2.151856e-01   4.986216e-03
3.436320999999999959e+00   2.126256e-01   5.000596e-03
3.441033000000000008e+00   2.045033e-01   5.001162e-03
3.445743999999999918e+00   1.997325e-01   5.009521e-03
3.450454999999999828e+00   2.041659e-01   5.017409e-03
3.455166000000000182e+00   2.043437e-01   5.027365e-03
3.459877999999999787e+00   2.104378e-01   5.038760e-03
3.464589000000000141e+00   2.124617e-01   5.049428e-03
3.469300000000000050e+00   2.030384e-01   5.057112e-03
3.474010999999999960e+00   2.015478e-01   5.058146e-03
3.478723000000000010e+00   1.957480e-01   5.060938e-03
3.483433999999999919e+00   2.015885e-01   5.072879e-03
3.488144999999999829e+00   2.046656e-01   5.081922e-03
3.492856000000000183e+00   2.075423e-01   5.089300e-03
3.497567999999999788e+00   2.009947e-01   5.094435e-03
3.502279000000000142e+00   2.019551e-01   5.101035e-03
3.506990000000000052e+00   2.032854e-01   5.106860e-03
3.511700999999999961e+00   2.015639e-01   5.108308e-03
3.516413000000000011e+00   2.011772e-01   5.112310e-03
3.521123999999999921e+00   2.007381e-01   5.118520e-03
3.525834999999999830e+00   1.954792e-01   5.120825e-03
3.530546000000000184e+00   1.955519e-01   5.126416e-03
3.535257999999999790e+00   2.018496e-01   5.139599e-03
3.539969000000000143e+00   2.022281e-01   5.139965e-03
3.544680000000000053e+00   1.910950e-01   5.138984e-03
3.549392000000000102e+00   1.939703e-01   5.149880e-03
3.554103000000000012e+00   1.904319e-01   5.151049e-03
3.558813999999999922e+00   1.954142e-01   5.156473e-03
3.563524999999999832e+00   1.976346e-01   5.163379e-03
3.568236999999999881e+00   1.917030e-01   5.169059e-03
3.572947999999999791e+00   1.945044e-01   5.174282e-03
3.577659000000000145e+00   1.927437e-01   5.174195e-03
3.582370000000000054e+00   1.927356e-01   5.178947e-03
3.587082000000000104e+00   1.925381e-01   5.182771e-03
3.591793000000000013e+00   1.849531e-01   5.176712e-03
3.596503999999999923e+00   1.941300e-01   5.179736e-03
3.601214999999999833e+00   1.856983e-01   5.179231e-03
3.605926999999999882e+00   1.852337e-01   5.181662e-03
3.610637999999999792e+00   1.885600e-01   5.275480e-03
3.615349000000000146e+00   1.852214e-01   5.431264e-03
3.620060000000000056e+00   1.841435e-01   5.522117e-03
3.624772000000000105e+00   1.825241e-01   5.588998e-03
3.629483000000000015e+00   1.830832e-01   5.636624e-03
3.634193999999999924e+00   1.793654e-01   5.667642e-03
3.638904999999999834e+00   1.861101e-01   5.708957e-03
3.643616999999999884e+00   1.830362e-01   5.742935e-03
3.648327999999999793e+00   1.859398e-01   5.775408e-03
3.653039000000000147e+00   1.784606e-01   5.800117e-03
3.657750000000000057e+00   1.756050e-01   5.821709e-03
3.662462000000000106e+00   1.805880e-01   5.854014e-03
3.667173000000000016e+00   1.829829e-01   5.880950e-03
3.671883999999999926e+00   1.866597e-01   5.918385e-03
3.676594999999999835e+00   1.864191e-01   5.945556e-03
3.681306999999999885e+00   1.784211e-01   5.958709e-03
3.686017999999999795e+00   1.790425e-01   5.984478e-03
3.690729000000000148e+00   1.725661e-01   6.006763e-03
3.695440000000000058e+00   1.750295e-01   6.039787e-03
3.700152000000000108e+00   1.848029e-01   6.071301e-03
3.704863000000000017e+00   1.828269e-01   6.090299e-03
3.709573999999999927e+00   1.863847e-01   6.116827e-03
3.714284999999999837e+00   1.805774e-01   6.135895e-03
3.718996999999999886e+00   1.863602e-01   6.165255e-03
3.723707999999999796e+00   1.745765e-01   6.180138e-03
3.728419000000000150e+00   1.775199e-01   6.206626e-03
3.733131000000000199e+00   1.762914e-01   6.228469e-03
3.737842000000000109e+00   1.736752e-01   6.257905e-03
3.742553000000000019e+00   1.696288e-01   6.270171e-03
3.747263999999999928e+00   1.754191e-01   6.299586e-03
3.751975999999999978e+00   1.750441e-01   6.322498e-03
3.756686999999999887e+00   1.808257e-01   6.347844e-03
3.761397999999999797e+00   1.786954e-01   6.376907e-03
3.766109000000000151e+00   1.807257e-01   6.401689e-03
3.770821000000000200e+00   1.657657e-01   6.408275e-03
3.775532000000000110e+00   1.667774e-01   6.433124e-03
3.780243000000000020e+00   1.767744e-01   6.457842e-03
3.784953999999999930e+00   1.742501e-01   6.487247e-03
3.789665999999999979e+00   1.694156e-01   6.505233e-03
3.794376999999999889e+00   1.656664e-01   6.525487e-03
3.799087999999999798e+00   1.696630e-01   6.547818e-03
3.803799000000000152e+00   1.762126e-01   6.576175e-03
3.808511000000000202e+00   1.613921e-01   6.587913e-03
3.813222000000000111e+00   1.670489e-01   6.621246e-03
3.817933000000000021e+00   1.777269e-01   6.645312e-03
3.822643999999999931e+00   1.755759e-01   6.666690e-03
3.827355999999999980e+00   1.677778e-01   6.691423e-03
3.832066999999999890e+00   1.697219e-01   6.719174e-03
3.836777999999999800e+00   1.739229e-01   6.737733e-03
3.841489000000000154e+00   1.705110e-01   6.756703e-03
3.846201000000000203e+00   1.685898e-01   6.773447e-03
3.850912000000000113e+00   1.695028e-01   6.795322e-03
3.855623000000000022e+00   1.606477e-01   6.821743e-03
3.860333999999999932e+00   1.644212e-01   6.846834e-03
3.865045999999999982e+00   1.695998e-01   6.870132e-03
3.869756999999999891e+00   1.767864e-01   6.899745e-03
3.874467999999999801e+00   1.601043e-01   6.921028e-03
3.879179000000000155e+00   1.644982e-01   6.942794e-03
3.883891000000000204e+00   1.585534e-01   6.966676e-03
3.888602000000000114e+00   1.594907e-01   6.987675e-03
3.893313000000000024e+00   1.580809e-01   7.009961e-03
3.898023999999999933e+00   1.634568e-01   7.045409e-03
3.902735999999999983e+00   1.660926e-01   7.064486e-03
3.907446999999999893e+00   1.682815e-01   7.085365e-03
3.912157999999999802e+00   1.658241e-01   7.109450e-03
3.916869999999999852e+00   1.645953e-01   7.132056e-03
3.921581000000000206e+00   1.470919e-01   7.118764e-03
3.926292000000000115e+00   1.686337e-01   7.130730e-03
3.931003000000000025e+00   1.737811e-01   7.174588e-03
3.935715000000000074e+00   1.659067e-01   7.179428e-03
3.940425999999999984e+00   1.603076e-01   7.177714e-03
3.945136999999999894e+00   1.538467e-01   7.177951e-03
3.949847999999999804e+00   1.561568e-01   7.193836e-03
3.954559999999999853e+00   1.484272e-01   7.199037e-03
3.959271000000000207e+00   1.468350e-01   7.198122e-03
3.963982000000000117e+00   1.481493e-01   7.207013e-03
3.968693000000000026e+00   1.663427e-01   7.227063e-03
3.973405000000000076e+00   1.564163e-01   7.243890e-03
3.978115999999999985e+00   1.541969e-01   7.271653e-03
3.982826999999999895e+00   1.590314e-01   7.293630e-03
3.987537999999999805e+00   1.586177e-01   7.319900e-03
3.992249999999999854e+00   1.383034e-01   7.332467e-03
3.996961000000000208e+00   1.446492e-01   7.358339e-03
4.001672000000000118e+00   1.654666e-01   7.401381e-03
4.006382999999999583e+00   1.494140e-01   7.413285e-03
4.011095000000000077e+00   1.499883e-01   7.444301e-03
4.015806000000000431e+00   1.437234e-01   7.455083e-03
4.020516999999999896e+00   1.516740e-01   7.488223e-03
4.025228000000000250e+00   1.599648e-01   7.523316e-03
4.029939999999999856e+00   1.512184e-01   7.534611e-03
4.034651000000000209e+00   1.470155e-01   7.554883e-03
4.039361999999999675e+00   1.476041e-01   7.589739e-03
4.044073000000000029e+00   1.599134e-01   7.620671e-03
4.048784999999999634e+00   1.458822e-01   7.633420e-03
4.053495999999999988e+00   1.502498e-01   7.676000e-03
4.058207000000000342e+00   1.607429e-01   7.706515e-03
4.062917999999999807e+00   1.537813e-01   7.726952e-03
4.067630000000000301e+00   1.528956e-01   7.745303e-03
4.072340999999999767e+00   1.453729e-01   7.765816e-03
4.077052000000000120e+00   1.370299e-01   7.793560e-03
4.081762999999999586e+00   1.313389e-01   7.819634e-03
4.086475000000000080e+00   1.440930e-01   7.863697e-03
4.091186000000000433e+00   1.423659e-01   7.886930e-03
4.095896999999999899e+00   1.435068e-01   7.914699e-03
4.100609000000000393e+00   1.467847e-01   7.933067e-03
4.105319999999999858e+00   1.456786e-01   7.970806e-03
4.110031000000000212e+00   1.433899e-01   8.002960e-03
4.114741999999999678e+00   1.383557e-01   8.020423e-03
4.119454000000000171e+00   1.373771e-01   8.047696e-03
4.124164999999999637e+00   1.332074e-01   8.069814e-03
4.128875999999999991e+00   1.378936e-01   8.109682e-03
4.133587000000000344e+00   1.326171e-01   8.133828e-03
4.138298999999999950e+00   1.352648e-01   8.160213e-03
4.143010000000000304e+00   1.438515e-01   8.201504e-03
4.147720999999999769e+00   1.335388e-01   8.214790e-03
4.152432000000000123e+00   1.375616e-01   8.255840e-03
4.157143999999999728e+00   1.411125e-01   8.295335e-03
4.161855000000000082e+00   1.432617e-01   8.326611e-03
4.166566000000000436e+00   1.520888e-01   8.364672e-03
4.171276999999999902e+00   1.349402e-01   8.377901e-03
4.175989000000000395e+00   1.334157e-01   8.414900e-03
4.180699999999999861e+00   1.503286e-01   8.461861e-03
4.185411000000000215e+00   1.535262e-01   8.495424e-03
4.190121999999999680e+00   1.482842e-01   8.514442e-03
4.194834000000000174e+00   1.495183e-01   8.545775e-03
4.199544999999999639e+00   1.384092e-01   8.568964e-03
4.204255999999999993e+00   1.423001e-01   8.602430e-03
4.208967000000000347e+00   1.398420e-01   8.635517e-03
4.213678999999999952e+00   1.461274e-01   8.679732e-03
4.218390000000000306e+00   1.522577e-01   8.720145e-03
4.223100999999999772e+00   1.357832e-01   8.738623e-03
4.227812000000000126e+00   1.264817e-01   8.755670e-03
4.232523999999999731e+00   1.424276e-01   8.812101e-03
4.237235000000000085e+00   1.304320e-01   8.853693e-03
4.241946000000000438e+00   1.241498e-01   8.876728e-03
4.246656999999999904e+00   1.246400e-01   8.907360e-03
4.251369000000000398e+00   1.389652e-01   8.954798e-03
4.256079999999999863e+00   1.407901e-01   9.000640e-03
4.260791000000000217e+00   1.306388e-01   9.016483e-03
4.265501999999999683e+00   1.358565e-01   9.067821e-03
4.270214000000000176e+00   1.287162e-01   9.102435e-03
4.274924999999999642e+00   1.357420e-01   9.131606e-03
4.279635999999999996e+00   1.359648e-01   9.175282e-03
4.284347999999999601e+00   1.431376e-01   9.234799e-03
4.289058999999999955e+00   1.389836e-01   9.253516e-03
4.293770000000000309e+00   1.219106e-01   9.275059e-03
4.298480999999999774e+00   1.250832e-01   9.326989e-03
4.303193000000000268e+00   1.285948e-01   9.357402e-03
4.307903999999999733e+00   1.235364e-01   9.394919e-03
4.312615000000000087e+00   1.321632e-01   9.447275e-03
4.317326000000000441e+00   1.396010e-01   9.501845e-03
4.322038000000000046e+00   1.366470e-01   9.540364e-03
4.326749000000000400e+00   1.289846e-01   9.573676e-03
4.331459999999999866e+00   1.449416e-01   9.631290e-03
4.336171000000000220e+00   1.338344e-01   9.662338e-03
4.340882999999999825e+00   1.181181e-01   9.699614e-03
4.345594000000000179e+00   1.360364e-01   9.754285e-03
4.350304999999999644e+00   1.292434e-01   9.801328e-03
4.355015999999999998e+00   1.161059e-01   9.831639e-03
4.359727999999999604e+00   1.147950e-01   9.884361e-03
4.364438999999999957e+00   1.191139e-01   9.931635e-03
4.369150000000000311e+00   1.361525e-01   1.000389e-02
4.373860999999999777e+00   1.335853e-01   1.003978e-02
4.378573000000000270e+00   1.253969e-01   1.009992e-02
4.383283999999999736e+00   1.319620e-01   1.015991e-02
4.387995000000000090e+00   1.323894e-01   1.018924e-02
4.392706000000000444e+00   1.365876e-01   1.023875e-02
4.397418000000000049e+00   1.395213e-01   1.029303e-02
4.402129000000000403e+00   1.236249e-01   1.028775e-02
4.406839999999999868e+00   1.313143e-01   1.028712e-02
4.411551000000000222e+00   1.316749e-01   1.030323e-02
4.416262999999999828e+00   1.251138e-01   1.030356e-02
4.420974000000000181e+00   1.201615e-01   1.029639e-02
4.425684999999999647e+00   1.178645e-01   1.031735e-02
4.430396000000000001e+00   1.100781e-01   1.031368e-02
4.435107999999999606e+00   1.229400e-01   1.033019e-02
4.439818999999999960e+00   1.161783e-01   1.034335e-02
4.444530000000000314e+00   1.128424e-01   1.039285e-02
4.449240999999999779e+00   1.299828e-01   1.046745e-02
4.453953000000000273e+00   1.302489e-01   1.050763e-02
4.458663999999999739e+00   1.304942e-01   1.056697e-02
4.463375000000000092e+00   1.361277e-01   1.063750e-02
4.468086999999999698e+00   1.335141e-01   1.066511e-02
4.472798000000000052e+00   1.320950e-01   1.071779e-02
4.477509000000000405e+00   1.272721e-01   1.078428e-02
4.482219999999999871e+00   1.286149e-01   1.085816e-02
4.486932000000000365e+00   1.291711e-01   1.090616e-02
4.491642999999999830e+00   1.197697e-01   1.095522e-02
4.496354000000000184e+00   1.168168e-01   1.102279e-02
4.501064999999999650e+00   1.142438e-01   1.107892e-02
4.505777000000000143e+00   1.297117e-01   1.115034e-02
4.510487999999999609e+00   1.277043e-01   1.122437e-02
4.515198999999999963e+00   1.342094e-01   1.129004e-02
4.519910000000000316e+00   1.356776e-01   1.135802e-02
4.524621999999999922e+00   1.356007e-01   1.144449e-02
4.529333000000000276e+00   1.300028e-01   1.149049e-02
4.534043999999999741e+00   1.289172e-01   1.156982e-02
4.538755000000000095e+00   1.277426e-01   1.161500e-02
4.543466999999999700e+00   1.341179e-01   1.170099e-02
4.548178000000000054e+00   1.241066e-01   1.176675e-02
4.552889000000000408e+00   1.285644e-01   1.184853e-02
4.557599999999999874e+00   1.244772e-01   1.192798e-02
4.562312000000000367e+00   1.391629e-01   1.203726e-02
4.567022999999999833e+00   1.179055e-01   1.209080e-02
4.571734000000000187e+00   1.169997e-01   1.215445e-02
4.576444999999999652e+00   1.232537e-01   1.224309e-02
4.581157000000000146e+00   1.147869e-01   1.230987e-02
4.585867999999999611e+00   1.170400e-01   1.240721e-02
4.590578999999999965e+00   1.061059e-01   1.249803e-02
4.595290000000000319e+00   1.260716e-01   1.259644e-02
4.600001999999999924e+00   1.217879e-01   1.265273e-02
4.604713000000000278e+00   1.237900e-01   1.276409e-02
4.609423999999999744e+00   1.159260e-01   1.285566e-02
4.614135000000000097e+00   1.205474e-01   1.295126e-02
4.618846999999999703e+00   1.115777e-01   1.303846e-02
4.623558000000000057e+00   1.151680e-01   1.313811e-02
4.628269000000000410e+00   1.353224e-01   1.323344e-02
4.632979999999999876e+00   1.267036e-01   1.335836e-02
4.637692000000000370e+00   1.325168e-01   1.347260e-02
4.642402999999999835e+00   1.303332e-01   1.358267e-02
4.647114000000000189e+00   1.330663e-01   1.370382e-02
4.651825999999999794e+00   1.218658e-01   1.379738e-02
4.656537000000000148e+00   1.173814e-01   1.391097e-02
4.661247999999999614e+00   1.014975e-01   1.400680e-02
4.665958999999999968e+00   1.229931e-01   1.413417e-02
4.670670999999999573e+00   1.171067e-01   1.425848e-02
4.675381999999999927e+00   1.125097e-01   1.437090e-02
4.680093000000000281e+00   1.127556e-01   1.450913e-02
4.684803999999999746e+00   1.208750e-01   1.466952e-02
4.689516000000000240e+00   1.223625e-01   1.477427e-02
4.694226999999999705e+00   1.020541e-01   1.489355e-02
4.698938000000000059e+00   1.154757e-01   1.506254e-02
4.703649000000000413e+00   1.181818e-01   1.528441e-02
4.708361000000000018e+00   1.399612e-01   1.544286e-02
4.713072000000000372e+00   1.289786e-01   1.556570e-02
4.717782999999999838e+00   1.064338e-01   1.565441e-02
4.722494000000000192e+00   1.035061e-01   1.584881e-02
4.727205999999999797e+00   1.070325e-01   1.603604e-02
4.731917000000000151e+00   1.257237e-01   1.626251e-02
4.736627999999999616e+00   1.164136e-01   1.639130e-02
4.741338999999999970e+00   1.053865e-01   1.656300e-02
4.746050999999999576e+00   9.453411e-02   1.675366e-02
4.750761999999999929e+00   1.011575e-01   1.700722e-02
4.755473000000000283e+00   1.037130e-01   1.714945e-02
4.760183999999999749e+00   1.210384e-01   1.736718e-02
4.764896000000000242e+00   1.089778e-01   1.767780e-02
4.769606999999999708e+00   1.098016e-01   1.793605e-02
4.774318000000000062e+00   1.029768e-01   1.822032e-02
4.779029000000000416e+00   1.255174e-01   1.848829e-02
4.783741000000000021e+00   1.187146e-01   1.869781e-02
4.788452000000000375e+00   1.230764e-01   1.909633e-02
4.793162999999999840e+00   9.945802e-02   1.929821e-02
4.797874000000000194e+00   1.139748e-01   1.958738e-02
4.802585999999999800e+00   1.115062e-01   1.989674e-02
4.807297000000000153e+00   1.017089e-01   2.027729e-02
4.812007999999999619e+00   8.357668e-02   2.063442e-02
4.816718999999999973e+00   9.022206e-02   2.101089e-02
4.821430999999999578e+00   9.352079e-02   2.137329e-02
4.826141999999999932e+00   1.072683e-01   2.178558e-02
4.830853000000000286e+00   9.850505e-02   2.226989e-02
4.835564999999999891e+00   9.660439e-02   2.278827e-02
4.840276000000000245e+00   1.394128e-01   2.342798e-02
4.844986999999999711e+00   1.168223e-01   2.389903e-02
4.849698000000000064e+00   1.042708e-01   2.440531e-02
4.854409999999999670e+00   1.404871e-01   2.507440e-02
4.859121000000000024e+00   1.401308e-01   2.580699e-02
4.863832000000000377e+00   1.115224e-01   2.640623e-02
4.868542999999999843e+00   1.013361e-01   2.730743e-02
4.873255000000000337e+00   1.027868e-01   2.822791e-02
4.877965999999999802e+00   1.470057e-01   2.918836e-02
4.882677000000000156e+00   1.192984e-01   3.019649e-02
4.887387999999999622e+00   6.093941e-02   3.112756e-02
4.892100000000000115e+00   1.208448e-01   3.281554e-02
4.896810999999999581e+00   1.076885e-01   3.420430e-02
4.901521999999999935e+00   1.435543e-01   3.635133e-02
4.906233000000000288e+00   1.549309e-01   3.854400e-02
4.910944999999999894e+00   1.297835e-01   4.082662e-02
4.915656000000000247e+00   1.143608e-01   4.394470e-02
4.920366999999999713e+00   1.141136e-01   4.761478e-02
4.925078000000000067e+00   1.281182e-01   5.299506e-02
4.929789999999999672e+00   1.728534e-01   6.056058e-02
4.934501000000000026e+00   8.739436e-02   7.224598e-02
4.939212000000000380e+00   1.977534e-01   9.564426e-02
4.943922999999999845e+00   1.557611e-01   1.704713e-01