# [2]
# Sample c= 8.76 mg/ml
# Intensity scaled by concentration
# Buffer subtracted data file:
# Protein DatFile = /data/visitor/mx1908/bm29/20161119/giulio/1d/mM25_033_ave.dat
# Buffer DatFile = /data/visitor/mx1908/bm29/20161119/giulio/ednaSub/mM25_033_ave_averbuffer.dat
# 
# AutoRg: Rg   =   0.8341 +/- 0.16 ( 18.8%)
# AutoRg: I(0) =   2.53 +/- 0.0223
# AutoRg: Points   244 to 290 ( 47 total)
# AutoRg: Quality: 55.6%
# 
# 
# Sample Information:
# Storage Temperature (degrees C): 20.0
# Measurement Temperature (degrees C): 19.98
# Concentration: 8.76
# Code: 
3.479420999999999903e-02   8.886138e-01   9.044492e-01
3.950545999999999919e-02   1.594264e+00   3.560855e-01
4.421672000000000102e-02   1.403662e+00   2.316935e-01
4.892798000000000286e-02   8.986086e-01   1.767628e-01
5.363923000000000302e-02   1.192808e+00   1.415656e-01
5.835048999999999791e-02   1.302979e+00   1.160874e-01
6.306174999999999975e-02   1.193780e+00   9.615476e-02
6.777299999999999991e-02   1.019654e+00   8.173338e-02
7.248425999999999481e-02   1.039207e+00   7.073054e-02
7.719552000000000358e-02   1.003695e+00   6.229297e-02
8.190677000000000374e-02   9.658368e-01   5.512209e-02
8.661802999999999864e-02   1.001060e+00   4.949535e-02
9.132928999999999353e-02   9.695298e-01   4.511439e-02
9.604053999999999369e-02   9.526665e-01   4.155667e-02
1.007518000000000025e-01   1.032535e+00   3.845240e-02
1.054631000000000041e-01   9.808735e-01   3.568800e-02
1.101743000000000028e-01   1.008836e+00   3.342707e-02
1.148856000000000044e-01   9.840087e-01   3.144313e-02
1.195968000000000031e-01   9.327561e-01   2.969834e-02
1.243081000000000047e-01   9.639159e-01   2.821139e-02
1.290193000000000034e-01   1.014707e+00   2.698894e-02
1.337306000000000050e-01   1.026621e+00   2.587249e-02
1.384419000000000066e-01   9.771566e-01   2.479243e-02
1.431531000000000053e-01   1.026823e+00   2.388467e-02
1.478644000000000069e-01   9.815251e-01   2.302525e-02
1.525756000000000057e-01   9.979374e-01   2.232923e-02
1.572869000000000073e-01   9.818403e-01   2.168790e-02
1.619981000000000060e-01   9.991602e-01   2.103007e-02
1.667094000000000076e-01   1.004853e+00   2.049779e-02
1.714206000000000063e-01   9.719255e-01   1.996179e-02
1.761319000000000079e-01   9.976313e-01   1.954121e-02
1.808432000000000095e-01   1.002801e+00   1.909337e-02
1.855544000000000082e-01   9.912335e-01   1.870107e-02
1.902657000000000098e-01   1.010837e+00   1.834705e-02
1.949769000000000085e-01   1.021914e+00   1.802399e-02
1.996882000000000101e-01   1.015169e+00   1.767730e-02
2.043994000000000089e-01   1.000058e+00   1.736397e-02
2.091107000000000105e-01   1.018272e+00   1.709437e-02
2.138220000000000121e-01   1.023954e+00   1.683845e-02
2.185332000000000108e-01   1.037575e+00   1.661162e-02
2.232445000000000124e-01   1.050450e+00   1.637386e-02
2.279557000000000111e-01   1.061804e+00   1.617205e-02
2.326670000000000127e-01   1.058095e+00   1.596056e-02
2.373782000000000114e-01   1.024317e+00   1.569624e-02
2.420895000000000130e-01   1.064224e+00   1.553047e-02
2.468007000000000117e-01   1.033609e+00   1.532729e-02
2.515120000000000133e-01   1.045834e+00   1.517983e-02
2.562232999999999872e-01   1.066288e+00   1.500033e-02
2.609345000000000137e-01   1.066568e+00   1.481154e-02
2.656457999999999875e-01   1.071141e+00   1.468196e-02
2.703570000000000140e-01   1.079576e+00   1.454366e-02
2.750682999999999878e-01   1.102740e+00   1.442962e-02
2.797795000000000143e-01   1.081902e+00   1.424500e-02
2.844907999999999881e-01   1.088063e+00   1.410840e-02
2.892021000000000175e-01   1.104384e+00   1.400011e-02
2.939132999999999885e-01   1.104529e+00   1.386605e-02
2.986246000000000178e-01   1.111485e+00   1.374143e-02
3.033357999999999888e-01   1.111297e+00   1.361912e-02
3.080471000000000181e-01   1.132327e+00   1.352298e-02
3.127582999999999891e-01   1.133039e+00   1.342479e-02
3.174696000000000184e-01   1.121123e+00   1.328172e-02
3.221808999999999923e-01   1.137980e+00   1.320520e-02
3.268921000000000188e-01   1.146420e+00   1.310130e-02
3.316033999999999926e-01   1.139334e+00   1.301845e-02
3.363146000000000191e-01   1.143218e+00   1.312055e-02
3.410258999999999929e-01   1.150729e+00   1.324646e-02
3.457371000000000194e-01   1.159861e+00   1.329561e-02
3.504483999999999932e-01   1.178505e+00   1.350310e-02
3.551596000000000197e-01   1.185680e+00   1.379832e-02
3.598708999999999936e-01   1.182868e+00   1.395552e-02
3.645822000000000229e-01   1.174083e+00   1.409773e-02
3.692933999999999939e-01   1.188499e+00   1.421706e-02
3.740047000000000232e-01   1.209644e+00   1.434197e-02
3.787158999999999942e-01   1.217492e+00   1.443651e-02
3.834272000000000236e-01   1.217561e+00   1.450837e-02
3.881383999999999945e-01   1.210366e+00   1.457577e-02
3.928497000000000239e-01   1.227974e+00   1.495974e-02
3.975609999999999977e-01   1.226378e+00   1.539669e-02
4.022722000000000242e-01   1.241631e+00   1.573991e-02
4.069834999999999980e-01   1.244666e+00   1.604488e-02
4.116947000000000245e-01   1.253111e+00   1.631540e-02
4.164059999999999984e-01   1.247893e+00   1.653854e-02
4.211172000000000248e-01   1.271940e+00   1.684224e-02
4.258284999999999987e-01   1.280492e+00   1.711580e-02
4.305397000000000252e-01   1.265436e+00   1.731794e-02
4.352509999999999990e-01   1.289719e+00   1.756770e-02
4.399622999999999728e-01   1.298316e+00   1.786830e-02
4.446734999999999993e-01   1.326368e+00   1.823729e-02
4.493847999999999732e-01   1.316325e+00   1.845928e-02
4.540959999999999996e-01   1.305360e+00   1.859107e-02
4.588072999999999735e-01   1.308091e+00   1.798028e-02
4.635185000000000000e-01   1.330957e+00   1.758535e-02
4.682297999999999738e-01   1.317944e+00   1.728839e-02
4.729411000000000032e-01   1.334698e+00   1.712546e-02
4.776522999999999741e-01   1.334014e+00   1.697780e-02
4.823636000000000035e-01   1.345987e+00   1.686575e-02
4.870747999999999744e-01   1.348929e+00   1.674551e-02
4.917861000000000038e-01   1.373859e+00   1.668737e-02
4.964972999999999748e-01   1.356083e+00   1.657322e-02
5.012086000000000041e-01   1.379328e+00   1.653123e-02
5.059198999999999780e-01   1.368169e+00   1.643297e-02
5.106311000000000044e-01   1.404862e+00   1.639813e-02
5.153423999999999783e-01   1.398177e+00   1.629012e-02
5.200536000000000048e-01   1.408924e+00   1.620245e-02
5.247648999999999786e-01   1.425268e+00   1.610667e-02
5.294761000000000051e-01   1.412111e+00   1.597288e-02
5.341873999999999789e-01   1.407368e+00   1.585354e-02
5.388986000000000054e-01   1.428864e+00   1.578050e-02
5.436098999999999792e-01   1.438948e+00   1.569090e-02
5.483211999999999531e-01   1.440195e+00   1.560033e-02
5.530323999999999796e-01   1.462304e+00   1.553654e-02
5.577436999999999534e-01   1.458350e+00   1.542001e-02
5.624548999999999799e-01   1.465974e+00   1.533698e-02
5.671661999999999537e-01   1.460923e+00   1.527724e-02
5.718773999999999802e-01   1.478915e+00   1.525739e-02
5.765886999999999540e-01   1.507444e+00   1.524749e-02
5.813000000000000389e-01   1.484161e+00   1.517047e-02
5.860111999999999544e-01   1.494338e+00   1.517096e-02
5.907225000000000392e-01   1.534612e+00   1.518058e-02
5.954336999999999547e-01   1.531529e+00   1.513745e-02
6.001450000000000395e-01   1.544465e+00   1.513223e-02
6.048561999999999550e-01   1.522435e+00   1.505409e-02
6.095675000000000399e-01   1.541594e+00   1.505262e-02
6.142788000000000137e-01   1.555732e+00   1.504139e-02
6.189900000000000402e-01   1.544448e+00   1.498642e-02
6.237013000000000140e-01   1.572372e+00   1.499077e-02
6.284125000000000405e-01   1.579221e+00   1.495644e-02
6.331238000000000143e-01   1.568257e+00   1.490355e-02
6.378350000000000408e-01   1.592264e+00   1.490023e-02
6.425463000000000147e-01   1.588559e+00   1.488567e-02
6.472575000000000411e-01   1.590627e+00   1.484075e-02
6.519688000000000150e-01   1.607772e+00   1.482526e-02
6.566800999999999888e-01   1.611265e+00   1.480501e-02
6.613913000000000153e-01   1.594703e+00   1.476377e-02
6.661025999999999891e-01   1.625253e+00   1.475115e-02
6.708138000000000156e-01   1.643788e+00   1.473446e-02
6.755250999999999895e-01   1.655354e+00   1.472100e-02
6.802363000000000159e-01   1.667558e+00   1.470603e-02
6.849475999999999898e-01   1.644467e+00   1.465547e-02
6.896588999999999636e-01   1.662171e+00   1.464000e-02
6.943700999999999901e-01   1.676303e+00   1.463311e-02
6.990813999999999639e-01   1.669596e+00   1.459576e-02
7.037925999999999904e-01   1.662332e+00   1.454852e-02
7.085038999999999643e-01   1.666723e+00   1.452596e-02
7.132150999999999907e-01   1.676535e+00   1.452579e-02
7.179263999999999646e-01   1.686435e+00   1.448313e-02
7.226375999999999911e-01   1.695680e+00   1.446028e-02
7.273488999999999649e-01   1.703760e+00   1.445302e-02
7.320602000000000498e-01   1.692821e+00   1.439150e-02
7.367713999999999652e-01   1.715751e+00   1.439976e-02
7.414827000000000501e-01   1.733511e+00   1.438247e-02
7.461938999999999655e-01   1.740413e+00   1.436934e-02
7.509052000000000504e-01   1.745339e+00   1.434027e-02
7.556163999999999659e-01   1.756121e+00   1.431546e-02
7.603277000000000507e-01   1.748249e+00   1.428867e-02
7.650390000000000246e-01   1.760450e+00   1.427777e-02
7.697502000000000510e-01   1.767949e+00   1.425389e-02
7.744615000000000249e-01   1.782059e+00   1.424016e-02
7.791727000000000514e-01   1.788945e+00   1.423009e-02
7.838840000000000252e-01   1.773910e+00   1.418225e-02
7.885952000000000517e-01   1.782272e+00   1.416346e-02
7.933065000000000255e-01   1.790883e+00   1.415519e-02
7.980177999999999994e-01   1.786638e+00   1.413445e-02
8.027290000000000258e-01   1.785379e+00   1.409373e-02
8.074402999999999997e-01   1.800777e+00   1.408411e-02
8.121515000000000262e-01   1.803832e+00   1.405352e-02
8.168628000000000000e-01   1.793820e+00   1.401787e-02
8.215740000000000265e-01   1.804219e+00   1.399879e-02
8.262853000000000003e-01   1.808249e+00   1.398424e-02
8.309965000000000268e-01   1.808110e+00   1.394389e-02
8.357078000000000007e-01   1.813013e+00   1.391490e-02
8.404190999999999745e-01   1.825712e+00   1.390600e-02
8.451303000000000010e-01   1.826394e+00   1.389828e-02
8.498415999999999748e-01   1.836788e+00   1.387088e-02
8.545528000000000013e-01   1.837342e+00   1.385402e-02
8.592640999999999751e-01   1.830242e+00   1.381404e-02
8.639753000000000016e-01   1.843456e+00   1.380852e-02
8.686865999999999755e-01   1.854634e+00   1.377680e-02
8.733978999999999493e-01   1.866565e+00   1.377186e-02
8.781090999999999758e-01   1.866967e+00   1.375520e-02
8.828203999999999496e-01   1.868402e+00   1.373764e-02
8.875315999999999761e-01   1.879026e+00   1.371636e-02
8.922428999999999499e-01   1.859254e+00   1.365865e-02
8.969540999999999764e-01   1.879285e+00   1.365820e-02
9.016653999999999503e-01   1.847220e+00   1.360743e-02
9.063767000000000351e-01   1.867519e+00   1.361094e-02
9.110878999999999506e-01   1.891323e+00   1.360019e-02
9.157992000000000354e-01   1.877137e+00   1.357917e-02
9.205103999999999509e-01   1.855786e+00   1.352930e-02
9.252217000000000358e-01   1.864823e+00   1.351647e-02
9.299328999999999512e-01   1.870728e+00   1.348431e-02
9.346442000000000361e-01   1.885971e+00   1.347179e-02
9.393553999999999515e-01   1.891108e+00   1.345374e-02
9.440667000000000364e-01   1.896434e+00   1.343800e-02
9.487780000000000102e-01   1.891052e+00   1.341141e-02
9.534892000000000367e-01   1.866350e+00   1.337160e-02
9.582005000000000106e-01   1.884503e+00   1.335204e-02
9.629117000000000370e-01   1.891905e+00   1.334720e-02
9.676230000000000109e-01   1.885001e+00   1.330592e-02
9.723342000000000374e-01   1.893390e+00   1.329865e-02
9.770455000000000112e-01   1.906490e+00   1.328490e-02
9.817567999999999850e-01   1.890276e+00   1.324853e-02
9.864680000000000115e-01   1.883840e+00   1.321936e-02
9.911792999999999854e-01   1.880060e+00   1.318475e-02
9.958905000000000118e-01   1.896495e+00   1.318364e-02
1.000601999999999991e+00   1.894339e+00   1.315802e-02
1.005312999999999901e+00   1.896473e+00   1.314686e-02
1.010024000000000033e+00   1.881917e+00   1.311129e-02
1.014736000000000082e+00   1.879628e+00   1.308288e-02
1.019446999999999992e+00   1.903127e+00   1.308479e-02
1.024157999999999902e+00   1.893209e+00   1.305635e-02
1.028869000000000034e+00   1.906389e+00   1.303426e-02
1.033581000000000083e+00   1.893115e+00   1.300162e-02
1.038291999999999993e+00   1.881842e+00   1.298240e-02
1.043002999999999902e+00   1.880661e+00   1.295141e-02
1.047714000000000034e+00   1.881973e+00   1.291934e-02
1.052426000000000084e+00   1.885966e+00   1.290230e-02
1.057136999999999993e+00   1.877359e+00   1.288841e-02
1.061847999999999903e+00   1.874807e+00   1.286565e-02
1.066559000000000035e+00   1.855255e+00   1.281845e-02
1.071271000000000084e+00   1.872105e+00   1.281276e-02
1.075981999999999994e+00   1.886708e+00   1.281214e-02
1.080692999999999904e+00   1.880892e+00   1.278261e-02
1.085404000000000035e+00   1.884672e+00   1.275877e-02
1.090116000000000085e+00   1.897195e+00   1.274689e-02
1.094826999999999995e+00   1.853432e+00   1.267912e-02
1.099537999999999904e+00   1.867214e+00   1.267855e-02
1.104249000000000036e+00   1.885646e+00   1.267403e-02
1.108961000000000086e+00   1.877431e+00   1.265478e-02
1.113671999999999995e+00   1.854538e+00   1.261435e-02
1.118382999999999905e+00   1.851585e+00   1.259395e-02
1.123094000000000037e+00   1.843749e+00   1.256683e-02
1.127806000000000086e+00   1.853411e+00   1.254358e-02
1.132516999999999996e+00   1.865410e+00   1.254156e-02
1.137227999999999906e+00   1.848017e+00   1.250610e-02
1.141939000000000037e+00   1.835407e+00   1.246712e-02
1.146651000000000087e+00   1.825519e+00   1.244228e-02
1.151361999999999997e+00   1.827566e+00   1.242166e-02
1.156072999999999906e+00   1.816095e+00   1.238667e-02
1.160784000000000038e+00   1.834928e+00   1.239008e-02
1.165496000000000087e+00   1.828323e+00   1.236016e-02
1.170206999999999997e+00   1.815739e+00   1.233719e-02
1.174917999999999907e+00   1.812640e+00   1.231584e-02
1.179629999999999956e+00   1.827696e+00   1.230625e-02
1.184341000000000088e+00   1.807990e+00   1.224850e-02
1.189051999999999998e+00   1.805108e+00   1.224149e-02
1.193762999999999908e+00   1.827415e+00   1.225478e-02
1.198474999999999957e+00   1.812382e+00   1.250446e-02
1.203186000000000089e+00   1.785921e+00   1.282489e-02
1.207896999999999998e+00   1.808742e+00   1.307085e-02
1.212607999999999908e+00   1.788739e+00   1.320693e-02
1.217319999999999958e+00   1.784011e+00   1.336498e-02
1.222031000000000089e+00   1.812763e+00   1.352318e-02
1.226741999999999999e+00   1.789390e+00   1.362507e-02
1.231452999999999909e+00   1.786906e+00   1.374648e-02
1.236164999999999958e+00   1.786193e+00   1.385854e-02
1.240876000000000090e+00   1.781258e+00   1.394707e-02
1.245587000000000000e+00   1.764638e+00   1.400019e-02
1.250297999999999909e+00   1.750348e+00   1.400211e-02
1.255009999999999959e+00   1.762848e+00   1.406342e-02
1.259721000000000091e+00   1.729538e+00   1.404725e-02
1.264432000000000000e+00   1.751417e+00   1.357005e-02
1.269142999999999910e+00   1.745306e+00   1.322149e-02
1.273854999999999960e+00   1.727467e+00   1.297888e-02
1.278566000000000091e+00   1.728224e+00   1.280561e-02
1.283277000000000001e+00   1.736708e+00   1.267617e-02
1.287987999999999911e+00   1.731381e+00   1.254675e-02
1.292699999999999960e+00   1.723522e+00   1.244155e-02
1.297411000000000092e+00   1.725493e+00   1.233949e-02
1.302122000000000002e+00   1.702319e+00   1.222728e-02
1.306832999999999911e+00   1.707952e+00   1.216108e-02
1.311544999999999961e+00   1.708705e+00   1.213344e-02
1.316256000000000093e+00   1.687765e+00   1.208644e-02
1.320967000000000002e+00   1.687988e+00   1.204361e-02
1.325677999999999912e+00   1.686571e+00   1.202171e-02
1.330389999999999961e+00   1.682714e+00   1.199624e-02
1.335101000000000093e+00   1.669760e+00   1.194644e-02
1.339812000000000003e+00   1.685318e+00   1.192227e-02
1.344522999999999913e+00   1.662538e+00   1.188894e-02
1.349234999999999962e+00   1.665056e+00   1.186173e-02
1.353946000000000094e+00   1.658076e+00   1.184182e-02
1.358657000000000004e+00   1.650748e+00   1.179552e-02
1.363369000000000053e+00   1.623246e+00   1.176181e-02
1.368079999999999963e+00   1.633170e+00   1.175666e-02
1.372791000000000095e+00   1.631809e+00   1.172363e-02
1.377502000000000004e+00   1.622485e+00   1.169130e-02
1.382214000000000054e+00   1.606447e+00   1.165064e-02
1.386924999999999963e+00   1.617144e+00   1.165006e-02
1.391636000000000095e+00   1.614281e+00   1.162272e-02
1.396347000000000005e+00   1.601125e+00   1.158896e-02
1.401059000000000054e+00   1.588037e+00   1.154778e-02
1.405769999999999964e+00   1.577449e+00   1.152917e-02
1.410481000000000096e+00   1.583020e+00   1.150822e-02
1.415192000000000005e+00   1.589287e+00   1.149347e-02
1.419904000000000055e+00   1.563594e+00   1.144491e-02
1.424614999999999965e+00   1.554777e+00   1.142327e-02
1.429326000000000096e+00   1.578314e+00   1.143103e-02
1.434037000000000006e+00   1.574239e+00   1.139665e-02
1.438749000000000056e+00   1.547185e+00   1.135887e-02
1.443459999999999965e+00   1.534929e+00   1.133196e-02
1.448171000000000097e+00   1.560998e+00   1.133694e-02
1.452882000000000007e+00   1.551488e+00   1.131133e-02
1.457594000000000056e+00   1.528163e+00   1.126507e-02
1.462304999999999966e+00   1.511047e+00   1.123404e-02
1.467016000000000098e+00   1.509971e+00   1.122374e-02
1.471727000000000007e+00   1.520139e+00   1.119992e-02
1.476439000000000057e+00   1.515456e+00   1.118715e-02
1.481149999999999967e+00   1.501518e+00   1.116080e-02
1.485861000000000098e+00   1.494568e+00   1.113937e-02
1.490572000000000008e+00   1.481927e+00   1.110415e-02
1.495284000000000058e+00   1.496558e+00   1.111058e-02
1.499994999999999967e+00   1.499993e+00   1.109096e-02
1.504706000000000099e+00   1.496129e+00   1.106411e-02
1.509417000000000009e+00   1.474365e+00   1.104336e-02
1.514129000000000058e+00   1.460694e+00   1.104569e-02
1.518839999999999968e+00   1.449575e+00   1.135747e-02
1.523551000000000100e+00   1.450219e+00   1.158720e-02
1.528262999999999927e+00   1.449380e+00   1.174856e-02
1.532974000000000059e+00   1.432729e+00   1.187527e-02
1.537684999999999969e+00   1.422863e+00   1.199651e-02
1.542396000000000100e+00   1.440044e+00   1.200211e-02
1.547107999999999928e+00   1.437828e+00   1.169081e-02
1.551819000000000059e+00   1.435380e+00   1.153379e-02
1.556529999999999969e+00   1.416242e+00   1.139239e-02
1.561241000000000101e+00   1.406423e+00   1.126966e-02
1.565952999999999928e+00   1.392699e+00   1.115770e-02
1.570664000000000060e+00   1.385546e+00   1.103586e-02
1.575374999999999970e+00   1.393465e+00   1.093047e-02
1.580086000000000102e+00   1.383008e+00   1.082387e-02
1.584797999999999929e+00   1.377637e+00   1.075867e-02
1.589509000000000061e+00   1.371865e+00   1.073380e-02
1.594219999999999970e+00   1.375933e+00   1.073748e-02
1.598931000000000102e+00   1.361927e+00   1.073568e-02
1.603642999999999930e+00   1.347566e+00   1.074083e-02
1.608354000000000061e+00   1.340427e+00   1.073654e-02
1.613064999999999971e+00   1.335617e+00   1.071862e-02
1.617776000000000103e+00   1.344984e+00   1.070407e-02
1.622487999999999930e+00   1.325372e+00   1.067115e-02
1.627199000000000062e+00   1.326638e+00   1.065408e-02
1.631909999999999972e+00   1.314438e+00   1.063239e-02
1.636621000000000103e+00   1.312764e+00   1.060487e-02
1.641332999999999931e+00   1.307916e+00   1.058556e-02
1.646044000000000063e+00   1.297814e+00   1.056713e-02
1.650754999999999972e+00   1.298632e+00   1.053722e-02
1.655466000000000104e+00   1.304925e+00   1.052560e-02
1.660177999999999932e+00   1.304396e+00   1.051821e-02
1.664889000000000063e+00   1.286304e+00   1.047884e-02
1.669599999999999973e+00   1.277432e+00   1.045479e-02
1.674311000000000105e+00   1.275095e+00   1.043531e-02
1.679022999999999932e+00   1.260211e+00   1.040262e-02
1.683734000000000064e+00   1.269567e+00   1.039186e-02
1.688444999999999974e+00   1.257256e+00   1.037805e-02
1.693156000000000105e+00   1.270657e+00   1.037471e-02
1.697867999999999933e+00   1.258289e+00   1.034775e-02
1.702579000000000065e+00   1.236699e+00   1.031350e-02
1.707289999999999974e+00   1.239059e+00   1.030333e-02
1.712002000000000024e+00   1.237945e+00   1.027915e-02
1.716712999999999933e+00   1.234823e+00   1.024993e-02
1.721424000000000065e+00   1.236142e+00   1.025166e-02
1.726134999999999975e+00   1.211853e+00   1.021752e-02
1.730847000000000024e+00   1.215499e+00   1.020044e-02
1.735557999999999934e+00   1.211075e+00   1.018375e-02
1.740269000000000066e+00   1.194206e+00   1.016074e-02
1.744979999999999976e+00   1.201986e+00   1.015204e-02
1.749692000000000025e+00   1.198881e+00   1.012917e-02
1.754402999999999935e+00   1.188238e+00   1.011110e-02
1.759114000000000066e+00   1.177646e+00   1.009558e-02
1.763824999999999976e+00   1.178810e+00   1.007806e-02
1.768537000000000026e+00   1.175463e+00   1.006201e-02
1.773247999999999935e+00   1.185200e+00   1.005264e-02
1.777959000000000067e+00   1.170691e+00   1.002504e-02
1.782669999999999977e+00   1.143391e+00   9.993329e-03
1.787382000000000026e+00   1.138038e+00   9.969813e-03
1.792092999999999936e+00   1.135700e+00   9.958875e-03
1.796804000000000068e+00   1.138865e+00   9.940641e-03
1.801514999999999977e+00   1.130754e+00   9.923019e-03
1.806227000000000027e+00   1.117373e+00   9.902636e-03
1.810937999999999937e+00   1.110796e+00   9.886700e-03
1.815649000000000068e+00   1.118542e+00   9.870330e-03
1.820359999999999978e+00   1.110325e+00   9.855275e-03
1.825072000000000028e+00   1.115933e+00   9.847050e-03
1.829782999999999937e+00   1.099202e+00   9.815013e-03
1.834494000000000069e+00   1.087499e+00   9.796092e-03
1.839204999999999979e+00   1.099113e+00   9.805127e-03
1.843917000000000028e+00   1.082429e+00   9.771242e-03
1.848627999999999938e+00   1.074875e+00   9.751913e-03
1.853339000000000070e+00   1.086928e+00   9.745614e-03
1.858049999999999979e+00   1.082171e+00   9.728800e-03
1.862762000000000029e+00   1.072581e+00   9.715272e-03
1.867472999999999939e+00   1.078753e+00   9.700840e-03
1.872184000000000070e+00   1.059838e+00   9.672800e-03
1.876894999999999980e+00   1.055149e+00   9.657714e-03
1.881607000000000030e+00   1.037742e+00   9.635093e-03
1.886317999999999939e+00   1.044198e+00   9.635539e-03
1.891029000000000071e+00   1.045301e+00   9.612140e-03
1.895740999999999898e+00   1.032466e+00   9.594284e-03
1.900452000000000030e+00   1.042793e+00   9.584094e-03
1.905162999999999940e+00   1.015216e+00   9.551343e-03
1.909874000000000072e+00   1.011794e+00   9.541389e-03
1.914585999999999899e+00   1.029128e+00   9.540766e-03
1.919297000000000031e+00   1.019983e+00   9.515386e-03
1.924007999999999940e+00   1.002718e+00   9.491623e-03
1.928719000000000072e+00   9.996597e-01   9.480550e-03
1.933430999999999900e+00   1.007687e+00   9.467082e-03
1.938142000000000031e+00   9.965809e-01   9.439060e-03
1.942852999999999941e+00   9.921290e-01   9.409364e-03
1.947564000000000073e+00   9.989998e-01   9.384801e-03
1.952275999999999900e+00   9.836898e-01   9.347875e-03
1.956987000000000032e+00   9.762966e-01   9.327665e-03
1.961697999999999942e+00   9.643768e-01   9.313780e-03
1.966409000000000074e+00   9.650560e-01   9.304530e-03
1.971120999999999901e+00   9.597818e-01   9.299097e-03
1.975832000000000033e+00   9.598095e-01   9.288352e-03
1.980542999999999942e+00   9.674185e-01   9.292093e-03
1.985254000000000074e+00   9.562907e-01   9.287641e-03
1.989965999999999902e+00   9.499296e-01   9.280219e-03
1.994677000000000033e+00   9.418968e-01   9.272704e-03
1.999387999999999943e+00   9.366423e-01   9.280298e-03
2.004099000000000075e+00   9.437207e-01   9.502462e-03
2.008811000000000124e+00   9.460948e-01   9.709471e-03
2.013522000000000034e+00   9.482351e-01   9.855965e-03
2.018232999999999944e+00   9.324218e-01   9.940900e-03
2.022943999999999853e+00   9.240036e-01   1.003298e-02
2.027655999999999903e+00   9.250351e-01   1.012711e-02
2.032366999999999813e+00   9.156711e-01   1.015582e-02
2.037078000000000166e+00   9.217838e-01   1.019257e-02
2.041789000000000076e+00   9.082970e-01   1.020725e-02
2.046501000000000126e+00   9.058552e-01   1.023342e-02
2.051212000000000035e+00   8.934437e-01   1.024947e-02
2.055922999999999945e+00   8.909512e-01   1.027945e-02
2.060633999999999855e+00   8.946870e-01   1.030480e-02
2.065345999999999904e+00   8.972099e-01   1.028463e-02
2.070056999999999814e+00   8.976402e-01   9.970016e-03
2.074768000000000168e+00   8.868933e-01   9.767920e-03
2.079480000000000217e+00   8.716008e-01   9.624275e-03
2.084191000000000127e+00   8.524369e-01   9.503828e-03
2.088902000000000037e+00   8.609395e-01   9.427409e-03
2.093612999999999946e+00   8.643879e-01   9.355837e-03
2.098324999999999996e+00   8.642242e-01   9.324578e-03
2.103035999999999905e+00   8.568575e-01   9.289179e-03
2.107746999999999815e+00   8.639336e-01   9.267646e-03
2.112458000000000169e+00   8.519682e-01   9.242185e-03
2.117170000000000218e+00   8.530083e-01   9.218655e-03
2.121881000000000128e+00   8.472887e-01   9.198890e-03
2.126592000000000038e+00   8.318198e-01   9.171790e-03
2.131302999999999948e+00   8.223543e-01   9.143449e-03
2.136014999999999997e+00   8.354815e-01   9.136685e-03
2.140725999999999907e+00   8.204458e-01   9.106819e-03
2.145436999999999816e+00   8.212050e-01   9.090034e-03
2.150148000000000170e+00   8.127130e-01   9.066079e-03
2.154860000000000220e+00   8.060966e-01   9.043383e-03
2.159571000000000129e+00   8.122135e-01   9.038735e-03
2.164282000000000039e+00   8.025186e-01   9.013063e-03
2.168992999999999949e+00   8.022529e-01   8.998252e-03
2.173704999999999998e+00   7.981453e-01   8.980746e-03
2.178415999999999908e+00   7.975270e-01   8.965644e-03
2.183126999999999818e+00   7.836694e-01   8.941824e-03
2.187838000000000171e+00   7.772962e-01   8.928276e-03
2.192550000000000221e+00   7.878177e-01   8.920666e-03
2.197261000000000131e+00   7.879572e-01   8.908570e-03
2.201972000000000040e+00   7.817736e-01   8.891797e-03
2.206682999999999950e+00   7.739795e-01   8.870101e-03
2.211395000000000000e+00   7.702738e-01   8.857734e-03
2.216105999999999909e+00   7.736515e-01   8.850695e-03
2.220816999999999819e+00   7.657521e-01   8.830120e-03
2.225528000000000173e+00   7.620024e-01   8.811042e-03
2.230239999999999778e+00   7.545430e-01   8.793078e-03
2.234951000000000132e+00   7.450043e-01   8.775590e-03
2.239662000000000042e+00   7.579636e-01   8.786215e-03
2.244372999999999951e+00   7.500351e-01   8.758345e-03
2.249085000000000001e+00   7.443685e-01   8.744320e-03
2.253795999999999911e+00   7.350712e-01   8.728854e-03
2.258506999999999820e+00   7.385507e-01   8.721498e-03
2.263218999999999870e+00   7.463424e-01   8.710541e-03
2.267929999999999779e+00   7.294381e-01   8.687464e-03
2.272641000000000133e+00   7.179063e-01   8.673595e-03
2.277352000000000043e+00   7.188405e-01   8.663050e-03
2.282064000000000092e+00   7.271121e-01   8.655922e-03
2.286775000000000002e+00   7.196814e-01   8.639058e-03
2.291485999999999912e+00   7.126307e-01   8.620006e-03
2.296196999999999822e+00   7.045803e-01   8.604654e-03
2.300908999999999871e+00   6.944057e-01   8.580996e-03
2.305619999999999781e+00   7.024923e-01   8.580438e-03
2.310331000000000135e+00   7.119908e-01   8.577178e-03
2.315042000000000044e+00   6.998251e-01   8.551362e-03
2.319754000000000094e+00   6.965927e-01   8.547444e-03
2.324465000000000003e+00   6.890232e-01   8.528998e-03
2.329175999999999913e+00   6.886047e-01   8.523222e-03
2.333886999999999823e+00   6.777298e-01   8.507870e-03
2.338598999999999872e+00   6.791436e-01   8.491453e-03
2.343309999999999782e+00   6.865719e-01   8.489929e-03
2.348021000000000136e+00   6.769623e-01   8.470465e-03
2.352732000000000046e+00   6.747659e-01   8.454358e-03
2.357444000000000095e+00   6.742634e-01   8.447452e-03
2.362155000000000005e+00   6.622159e-01   8.431848e-03
2.366865999999999914e+00   6.622568e-01   8.422208e-03
2.371576999999999824e+00   6.606356e-01   8.414399e-03
2.376288999999999874e+00   6.542547e-01   8.399880e-03
2.380999999999999783e+00   6.549329e-01   8.389281e-03
2.385711000000000137e+00   6.638768e-01   8.378954e-03
2.390422000000000047e+00   6.600844e-01   8.373607e-03
2.395134000000000096e+00   6.545015e-01   8.355368e-03
2.399845000000000006e+00   6.425231e-01   8.342611e-03
2.404555999999999916e+00   6.395932e-01   8.330184e-03
2.409266999999999825e+00   6.459155e-01   8.321324e-03
2.413978999999999875e+00   6.396263e-01   8.307557e-03
2.418689999999999785e+00   6.325048e-01   8.294507e-03
2.423401000000000138e+00   6.351078e-01   8.286408e-03
2.428112000000000048e+00   6.317657e-01   8.275255e-03
2.432824000000000098e+00   6.351831e-01   8.265116e-03
2.437535000000000007e+00   6.247281e-01   8.257633e-03
2.442245999999999917e+00   6.278399e-01   8.249229e-03
2.446957999999999966e+00   6.156943e-01   8.233019e-03
2.451668999999999876e+00   6.223847e-01   8.225477e-03
2.456379999999999786e+00   6.223674e-01   8.216081e-03
2.461091000000000140e+00   6.154676e-01   8.203359e-03
2.465803000000000189e+00   6.064936e-01   8.189412e-03
2.470514000000000099e+00   6.124029e-01   8.191198e-03
2.475225000000000009e+00   6.185785e-01   8.179715e-03
2.479935999999999918e+00   6.033291e-01   8.160922e-03
2.484647999999999968e+00   6.112939e-01   8.155878e-03
2.489358999999999877e+00   5.974131e-01   8.138396e-03
2.494069999999999787e+00   5.858737e-01   8.123600e-03
2.498781000000000141e+00   5.890939e-01   8.122467e-03
2.503493000000000190e+00   5.874264e-01   8.110106e-03
2.508204000000000100e+00   5.873153e-01   8.103373e-03
2.512915000000000010e+00   5.843562e-01   8.083154e-03
2.517625999999999920e+00   5.789957e-01   8.054886e-03
2.522337999999999969e+00   5.677803e-01   8.035103e-03
2.527048999999999879e+00   5.811564e-01   8.030847e-03
2.531759999999999788e+00   5.858077e-01   8.023446e-03
2.536471000000000142e+00   5.629044e-01   8.000562e-03
2.541183000000000192e+00   5.746631e-01   7.998013e-03
2.545894000000000101e+00   5.745425e-01   7.990979e-03
2.550605000000000011e+00   5.657083e-01   7.979083e-03
2.555315999999999921e+00   5.667543e-01   7.968565e-03
2.560027999999999970e+00   5.606255e-01   7.956439e-03
2.564738999999999880e+00   5.604088e-01   7.956378e-03
2.569449999999999790e+00   5.378293e-01   7.937991e-03
2.574161000000000143e+00   5.530910e-01   7.951838e-03
2.578873000000000193e+00   5.469170e-01   7.943482e-03
2.583584000000000103e+00   5.428359e-01   7.939946e-03
2.588295000000000012e+00   5.478033e-01   7.934182e-03
2.593005999999999922e+00   5.401547e-01   7.919034e-03
2.597717999999999972e+00   5.322335e-01   7.903539e-03
2.602428999999999881e+00   5.331374e-01   7.897319e-03
2.607139999999999791e+00   5.392700e-01   7.895783e-03
2.611851000000000145e+00   5.355703e-01   7.881559e-03
2.616563000000000194e+00   5.297607e-01   7.869145e-03
2.621274000000000104e+00   5.276471e-01   7.866887e-03
2.625985000000000014e+00   5.305746e-01   7.857862e-03
2.630697000000000063e+00   5.162162e-01   7.838966e-03
2.635407999999999973e+00   5.242391e-01   7.838515e-03
2.640118999999999883e+00   5.148731e-01   7.822084e-03
2.644829999999999792e+00   5.181112e-01   7.827752e-03
2.649541999999999842e+00   5.167373e-01   7.814741e-03
2.654253000000000196e+00   5.187704e-01   7.802051e-03
2.658964000000000105e+00   5.268644e-01   7.800553e-03
2.663675000000000015e+00   5.190946e-01   7.789559e-03
2.668387000000000064e+00   5.047780e-01   7.775086e-03
2.673097999999999974e+00   5.006747e-01   7.762728e-03
2.677808999999999884e+00   5.066291e-01   7.764556e-03
2.682519999999999794e+00   5.013040e-01   7.750198e-03
2.687231999999999843e+00   4.998689e-01   7.735104e-03
2.691943000000000197e+00   4.883580e-01   7.720928e-03
2.696654000000000106e+00   5.044927e-01   7.728968e-03
2.701365000000000016e+00   5.051163e-01   7.727587e-03
2.706077000000000066e+00   4.988544e-01   7.709078e-03
2.710787999999999975e+00   4.844439e-01   7.693221e-03
2.715498999999999885e+00   4.878156e-01   7.685500e-03
2.720209999999999795e+00   4.879922e-01   7.684041e-03
2.724921999999999844e+00   4.899064e-01   7.677045e-03
2.729633000000000198e+00   4.890547e-01   7.672325e-03
2.734344000000000108e+00   4.889762e-01   7.664020e-03
2.739055000000000017e+00   4.760521e-01   7.648655e-03
2.743767000000000067e+00   4.665593e-01   7.633093e-03
2.748477999999999977e+00   4.706750e-01   7.634605e-03
2.753188999999999886e+00   4.740593e-01   7.626564e-03
2.757899999999999796e+00   4.696494e-01   7.618728e-03
2.762611999999999846e+00   4.641289e-01   7.608230e-03
2.767323000000000199e+00   4.669895e-01   7.601046e-03
2.772034000000000109e+00   4.574710e-01   7.588880e-03
2.776745000000000019e+00   4.559469e-01   7.578027e-03
2.781457000000000068e+00   4.602159e-01   7.577215e-03
2.786167999999999978e+00   4.584730e-01   7.571483e-03
2.790878999999999888e+00   4.563817e-01   7.558103e-03
2.795589999999999797e+00   4.630671e-01   7.560262e-03
2.800301999999999847e+00   4.603239e-01   7.552685e-03
2.805013000000000201e+00   4.453629e-01   7.570291e-03
2.809724000000000110e+00   4.520592e-01   7.769782e-03
2.814436000000000160e+00   4.536108e-01   7.891491e-03
2.819147000000000070e+00   4.559738e-01   7.988649e-03
2.823857999999999979e+00   4.510832e-01   8.057037e-03
2.828568999999999889e+00   4.443370e-01   8.095214e-03
2.833280999999999938e+00   4.385304e-01   8.115589e-03
2.837991999999999848e+00   4.502603e-01   8.147289e-03
2.842703000000000202e+00   4.454148e-01   8.167797e-03
2.847414000000000112e+00   4.337044e-01   8.180227e-03
2.852126000000000161e+00   4.467321e-01   8.213934e-03
2.856837000000000071e+00   4.470738e-01   8.235286e-03
2.861547999999999981e+00   4.379740e-01   8.243093e-03
2.866258999999999890e+00   4.314383e-01   8.253712e-03
2.870970999999999940e+00   4.316616e-01   8.183977e-03
2.875681999999999849e+00   4.269690e-01   7.977697e-03
2.880393000000000203e+00   4.245555e-01   7.855873e-03
2.885104000000000113e+00   4.234827e-01   7.764247e-03
2.889816000000000162e+00   4.125985e-01   7.698407e-03
2.894527000000000072e+00   4.204995e-01   7.669454e-03
2.899237999999999982e+00   4.219085e-01   7.641412e-03
2.903948999999999891e+00   4.161255e-01   7.618570e-03
2.908660999999999941e+00   4.202306e-01   7.606922e-03
2.913371999999999851e+00   4.145584e-01   7.596116e-03
2.918083000000000204e+00   4.088323e-01   7.572719e-03
2.922794000000000114e+00   4.138927e-01   7.550696e-03
2.927506000000000164e+00   4.063078e-01   7.543111e-03
2.932217000000000073e+00   4.069384e-01   7.536807e-03
2.936927999999999983e+00   4.092251e-01   7.526404e-03
2.941638999999999893e+00   3.963422e-01   7.502760e-03
2.946350999999999942e+00   4.068100e-01   7.498057e-03
2.951061999999999852e+00   4.089172e-01   7.489232e-03
2.955773000000000206e+00   4.095140e-01   7.479108e-03
2.960484000000000115e+00   4.007102e-01   7.462512e-03
2.965196000000000165e+00   3.969283e-01   7.456869e-03
2.969907000000000075e+00   3.924441e-01   7.439455e-03
2.974617999999999984e+00   3.915353e-01   7.429568e-03
2.979328999999999894e+00   3.971039e-01   7.425680e-03
2.984040999999999944e+00   3.926770e-01   7.417772e-03
2.988751999999999853e+00   3.959258e-01   7.410919e-03
2.993463000000000207e+00   3.936438e-01   7.396793e-03
2.998174999999999812e+00   3.917307e-01   7.384879e-03
3.002886000000000166e+00   3.836839e-01   7.372661e-03
3.007597000000000076e+00   3.820208e-01   7.364322e-03
3.012307999999999986e+00   3.918387e-01   7.367646e-03
3.017020000000000035e+00   3.872614e-01   7.355327e-03
3.021730999999999945e+00   3.948001e-01   7.343202e-03
3.026441999999999855e+00   3.821321e-01   7.323822e-03
3.031153000000000208e+00   3.756039e-01   7.314140e-03
3.035864999999999814e+00   3.720100e-01   7.305913e-03
3.040576000000000167e+00   3.839521e-01   7.304837e-03
3.045287000000000077e+00   3.836817e-01   7.298928e-03
3.049997999999999987e+00   3.649359e-01   7.280784e-03
3.054710000000000036e+00   3.640627e-01   7.270245e-03
3.059420999999999946e+00   3.732816e-01   7.272308e-03
3.064131999999999856e+00   3.807139e-01   7.263595e-03
3.068843000000000210e+00   3.664922e-01   7.248458e-03
3.073554999999999815e+00   3.729409e-01   7.251722e-03
3.078266000000000169e+00   3.777099e-01   7.245010e-03
3.082977000000000078e+00   3.733658e-01   7.230771e-03
3.087687999999999988e+00   3.653426e-01   7.220134e-03
3.092400000000000038e+00   3.715173e-01   7.216242e-03
3.097110999999999947e+00   3.746544e-01   7.212675e-03
3.101821999999999857e+00   3.655117e-01   7.205484e-03
3.106533000000000211e+00   3.674557e-01   7.199550e-03
3.111244999999999816e+00   3.504042e-01   7.175649e-03
3.115956000000000170e+00   3.555989e-01   7.174840e-03
3.120667000000000080e+00   3.587552e-01   7.172786e-03
3.125377999999999989e+00   3.561601e-01   7.165853e-03
3.130090000000000039e+00   3.482930e-01   7.155998e-03
3.134800999999999949e+00   3.481182e-01   7.149043e-03
3.139511999999999858e+00   3.462966e-01   7.141328e-03
3.144223000000000212e+00   3.369304e-01   7.128831e-03
3.148934999999999818e+00   3.420518e-01   7.125731e-03
3.153646000000000171e+00   3.480746e-01   7.120323e-03
3.158357000000000081e+00   3.483642e-01   7.119381e-03
3.163067999999999991e+00   3.464331e-01   7.110763e-03
3.167780000000000040e+00   3.500244e-01   7.098247e-03
3.172490999999999950e+00   3.407301e-01   7.089888e-03
3.177201999999999860e+00   3.370092e-01   7.085541e-03
3.181913999999999909e+00   3.411832e-01   7.082560e-03
3.186624999999999819e+00   3.445008e-01   7.071609e-03
3.191336000000000173e+00   3.431354e-01   7.058928e-03
3.196047000000000082e+00   3.380015e-01   7.043796e-03
3.200759000000000132e+00   3.415771e-01   7.028974e-03
3.205470000000000041e+00   3.414954e-01   7.027718e-03
3.210180999999999951e+00   3.339823e-01   7.016529e-03
3.214891999999999861e+00   3.281978e-01   7.006390e-03
3.219603999999999910e+00   3.302963e-01   7.004410e-03
3.224314999999999820e+00   3.325454e-01   7.007283e-03
3.229026000000000174e+00   3.313006e-01   6.988839e-03
3.233737000000000084e+00   3.312800e-01   6.985020e-03
3.238449000000000133e+00   3.289997e-01   6.981928e-03
3.243160000000000043e+00   3.188719e-01   6.976167e-03
3.247870999999999952e+00   3.220719e-01   6.970092e-03
3.252581999999999862e+00   3.376794e-01   6.982401e-03
3.257293999999999912e+00   3.310295e-01   6.984441e-03
3.262004999999999821e+00   3.259620e-01   6.975416e-03
3.266716000000000175e+00   3.278805e-01   6.967805e-03
3.271427000000000085e+00   3.196461e-01   6.952454e-03
3.276139000000000134e+00   3.189818e-01   6.950367e-03
3.280850000000000044e+00   3.106179e-01   6.937107e-03
3.285560999999999954e+00   3.075439e-01   6.927453e-03
3.290271999999999863e+00   3.112051e-01   6.921880e-03
3.294983999999999913e+00   3.127327e-01   6.922309e-03
3.299694999999999823e+00   3.083626e-01   6.913556e-03
3.304406000000000176e+00   3.102714e-01   6.912932e-03
3.309117000000000086e+00   3.206020e-01   6.903681e-03
3.313829000000000136e+00   3.112914e-01   6.897601e-03
3.318540000000000045e+00   3.128055e-01   6.892077e-03
3.323250999999999955e+00   3.095009e-01   6.890034e-03
3.327961999999999865e+00   3.065935e-01   6.880328e-03
3.332673999999999914e+00   3.059700e-01   6.873424e-03
3.337384999999999824e+00   3.098385e-01   6.872566e-03
3.342096000000000178e+00   3.074184e-01   6.863497e-03
3.346807000000000087e+00   3.070380e-01   6.860111e-03
3.351519000000000137e+00   3.058096e-01   6.859530e-03
3.356230000000000047e+00   3.064069e-01   6.852951e-03
3.360940999999999956e+00   3.014636e-01   6.840006e-03
3.365653000000000006e+00   2.910667e-01   6.828469e-03
3.370363999999999916e+00   2.961373e-01   6.825736e-03
3.375074999999999825e+00   2.863731e-01   6.816095e-03
3.379786000000000179e+00   2.943233e-01   6.814566e-03
3.384497999999999784e+00   2.986553e-01   6.816463e-03
3.389209000000000138e+00   2.989644e-01   6.854978e-03
3.393920000000000048e+00   3.030385e-01   7.014260e-03
3.398630999999999958e+00   2.905178e-01   7.097345e-03
3.403343000000000007e+00   2.948493e-01   7.175753e-03
3.408053999999999917e+00   3.001454e-01   7.229831e-03
3.412764999999999826e+00   3.002991e-01   7.256333e-03
3.417476000000000180e+00   2.993268e-01   7.258061e-03
3.422187999999999786e+00   2.954914e-01   7.261866e-03
3.426899000000000139e+00   2.980425e-01   7.274146e-03
3.431610000000000049e+00   2.874183e-01   7.283312e-03
3.436320999999999959e+00   2.895212e-01   7.303889e-03
3.441033000000000008e+00   2.870005e-01   7.315871e-03
3.445743999999999918e+00   2.786472e-01   7.324300e-03
3.450454999999999828e+00   2.824849e-01   7.338653e-03
3.455166000000000182e+00   2.777007e-01   7.353150e-03
3.459877999999999787e+00   2.701321e-01   7.354918e-03
3.464589000000000141e+00   2.888838e-01   7.383300e-03
3.469300000000000050e+00   2.835069e-01   7.392494e-03
3.474010999999999960e+00   2.755175e-01   7.390213e-03
3.478723000000000010e+00   2.763356e-01   7.403037e-03
3.483433999999999919e+00   2.859441e-01   7.412308e-03
3.488144999999999829e+00   2.653529e-01   7.414899e-03
3.492856000000000183e+00   2.624719e-01   7.426885e-03
3.497567999999999788e+00   2.686404e-01   7.442048e-03
3.502279000000000142e+00   2.734569e-01   7.445539e-03
3.506990000000000052e+00   2.651804e-01   7.448024e-03
3.511700999999999961e+00   2.729128e-01   7.464004e-03
3.516413000000000011e+00   2.702496e-01   7.475162e-03
3.521123999999999921e+00   2.705093e-01   7.480495e-03
3.525834999999999830e+00   2.701695e-01   7.486023e-03
3.530546000000000184e+00   2.711466e-01   7.502007e-03
3.535257999999999790e+00   2.687199e-01   7.504933e-03
3.539969000000000143e+00   2.587320e-01   7.508778e-03
3.544680000000000053e+00   2.598399e-01   7.513815e-03
3.549392000000000102e+00   2.764959e-01   7.533300e-03
3.554103000000000012e+00   2.687597e-01   7.535470e-03
3.558813999999999922e+00   2.559332e-01   7.529920e-03
3.563524999999999832e+00   2.486885e-01   7.534979e-03
3.568236999999999881e+00   2.616281e-01   7.552144e-03
3.572947999999999791e+00   2.609758e-01   7.566217e-03
3.577659000000000145e+00   2.620783e-01   7.568553e-03
3.582370000000000054e+00   2.608667e-01   7.569190e-03
3.587082000000000104e+00   2.569055e-01   7.567561e-03
3.591793000000000013e+00   2.570300e-01   7.575092e-03
3.596503999999999923e+00   2.614772e-01   7.578369e-03
3.601214999999999833e+00   2.573663e-01   7.568685e-03
3.605926999999999882e+00   2.638104e-01   7.578479e-03
3.610637999999999792e+00   2.596463e-01   7.713651e-03
3.615349000000000146e+00   2.588841e-01   7.946715e-03
3.620060000000000056e+00   2.521216e-01   8.072276e-03
3.624772000000000105e+00   2.542696e-01   8.176034e-03
3.629483000000000015e+00   2.491018e-01   8.238291e-03
3.634193999999999924e+00   2.579208e-01   8.292850e-03
3.638904999999999834e+00   2.599920e-01   8.352407e-03
3.643616999999999884e+00   2.524259e-01   8.392196e-03
3.648327999999999793e+00   2.430672e-01   8.432244e-03
3.653039000000000147e+00   2.329638e-01   8.462758e-03
3.657750000000000057e+00   2.388385e-01   8.513694e-03
3.662462000000000106e+00   2.486787e-01   8.561119e-03
3.667173000000000016e+00   2.508167e-01   8.605617e-03
3.671883999999999926e+00   2.539066e-01   8.647484e-03
3.676594999999999835e+00   2.396878e-01   8.672791e-03
3.681306999999999885e+00   2.346798e-01   8.699658e-03
3.686017999999999795e+00   2.341718e-01   8.745994e-03
3.690729000000000148e+00   2.447472e-01   8.789044e-03
3.695440000000000058e+00   2.406170e-01   8.831092e-03
3.700152000000000108e+00   2.486077e-01   8.874822e-03
3.704863000000000017e+00   2.324992e-01   8.881369e-03
3.709573999999999927e+00   2.370986e-01   8.930372e-03
3.714284999999999837e+00   2.315998e-01   8.962855e-03
3.718996999999999886e+00   2.373204e-01   9.005075e-03
3.723707999999999796e+00   2.436082e-01   9.043941e-03
3.728419000000000150e+00   2.310515e-01   9.065112e-03
3.733131000000000199e+00   2.358444e-01   9.101564e-03
3.737842000000000109e+00   2.345583e-01   9.137259e-03
3.742553000000000019e+00   2.359753e-01   9.170174e-03
3.747263999999999928e+00   2.234973e-01   9.189206e-03
3.751975999999999978e+00   2.313220e-01   9.234641e-03
3.756686999999999887e+00   2.366253e-01   9.271147e-03
3.761397999999999797e+00   2.290907e-01   9.299513e-03
3.766109000000000151e+00   2.292640e-01   9.340470e-03
3.770821000000000200e+00   2.199711e-01   9.362449e-03
3.775532000000000110e+00   2.382069e-01   9.410449e-03
3.780243000000000020e+00   2.265240e-01   9.433688e-03
3.784953999999999930e+00   2.201219e-01   9.467758e-03
3.789665999999999979e+00   2.117518e-01   9.503282e-03
3.794376999999999889e+00   2.237070e-01   9.543995e-03
3.799087999999999798e+00   2.287376e-01   9.577062e-03
3.803799000000000152e+00   2.307111e-01   9.613218e-03
3.808511000000000202e+00   2.286393e-01   9.653407e-03
3.813222000000000111e+00   2.197692e-01   9.687828e-03
3.817933000000000021e+00   2.228945e-01   9.716108e-03
3.822643999999999931e+00   2.233749e-01   9.740091e-03
3.827355999999999980e+00   2.146654e-01   9.766905e-03
3.832066999999999890e+00   2.093869e-01   9.799855e-03
3.836777999999999800e+00   2.305895e-01   9.848203e-03
3.841489000000000154e+00   2.232104e-01   9.883489e-03
3.846201000000000203e+00   2.164142e-01   9.905955e-03
3.850912000000000113e+00   2.083927e-01   9.935499e-03
3.855623000000000022e+00   2.180474e-01   9.988959e-03
3.860333999999999932e+00   2.162391e-01   1.001881e-02
3.865045999999999982e+00   2.154768e-01   1.003457e-02
3.869756999999999891e+00   2.219975e-01   1.008034e-02
3.874467999999999801e+00   2.190490e-01   1.011043e-02
3.879179000000000155e+00   2.053002e-01   1.012929e-02
3.883891000000000204e+00   2.049799e-01   1.016830e-02
3.888602000000000114e+00   2.263003e-01   1.021997e-02
3.893313000000000024e+00   2.107152e-01   1.024400e-02
3.898023999999999933e+00   1.994789e-01   1.026882e-02
3.902735999999999983e+00   2.234206e-01   1.031593e-02
3.907446999999999893e+00   2.330364e-01   1.035675e-02
3.912157999999999802e+00   2.166002e-01   1.038985e-02
3.916869999999999852e+00   2.027855e-01   1.038618e-02
3.921581000000000206e+00   2.068101e-01   1.040031e-02
3.926292000000000115e+00   2.192048e-01   1.043243e-02
3.931003000000000025e+00   2.222193e-01   1.046952e-02
3.935715000000000074e+00   2.173446e-01   1.048751e-02
3.940425999999999984e+00   2.148196e-01   1.050252e-02
3.945136999999999894e+00   1.985133e-01   1.049526e-02
3.949847999999999804e+00   2.165420e-01   1.051917e-02
3.954559999999999853e+00   2.133837e-01   1.055697e-02
3.959271000000000207e+00   2.034787e-01   1.054763e-02
3.963982000000000117e+00   2.086470e-01   1.054113e-02
3.968693000000000026e+00   1.987010e-01   1.055266e-02
3.973405000000000076e+00   2.025831e-01   1.060201e-02
3.978115999999999985e+00   2.014922e-01   1.064912e-02
3.982826999999999895e+00   1.889738e-01   1.066538e-02
3.987537999999999805e+00   1.908379e-01   1.069962e-02
3.992249999999999854e+00   1.940199e-01   1.074580e-02
3.996961000000000208e+00   1.839786e-01   1.075351e-02
4.001672000000000118e+00   1.857657e-01   1.079906e-02
4.006382999999999583e+00   1.881482e-01   1.083266e-02
4.011095000000000077e+00   1.902900e-01   1.086662e-02
4.015806000000000431e+00   2.058120e-01   1.091619e-02
4.020516999999999896e+00   2.000060e-01   1.095057e-02
4.025228000000000250e+00   1.932256e-01   1.099409e-02
4.029939999999999856e+00   1.950670e-01   1.102808e-02
4.034651000000000209e+00   1.873213e-01   1.105438e-02
4.039361999999999675e+00   1.922971e-01   1.109588e-02
4.044073000000000029e+00   1.900705e-01   1.113194e-02
4.048784999999999634e+00   1.843249e-01   1.116764e-02
4.053495999999999988e+00   1.855465e-01   1.121301e-02
4.058207000000000342e+00   1.857510e-01   1.124799e-02
4.062917999999999807e+00   1.787395e-01   1.128365e-02
4.067630000000000301e+00   1.927439e-01   1.134486e-02
4.072340999999999767e+00   1.868907e-01   1.135207e-02
4.077052000000000120e+00   1.933374e-01   1.141138e-02
4.081762999999999586e+00   1.898871e-01   1.144414e-02
4.086475000000000080e+00   2.085233e-01   1.151997e-02
4.091186000000000433e+00   2.043699e-01   1.154442e-02
4.095896999999999899e+00   2.029106e-01   1.156741e-02
4.100609000000000393e+00   2.018237e-01   1.161933e-02
4.105319999999999858e+00   1.800798e-01   1.165152e-02
4.110031000000000212e+00   1.930868e-01   1.168015e-02
4.114741999999999678e+00   1.765395e-01   1.171092e-02
4.119454000000000171e+00   1.913348e-01   1.177457e-02
4.124164999999999637e+00   1.961567e-01   1.183053e-02
4.128875999999999991e+00   1.785864e-01   1.185923e-02
4.133587000000000344e+00   1.782807e-01   1.189362e-02
4.138298999999999950e+00   1.876758e-01   1.193958e-02
4.143010000000000304e+00   1.971426e-01   1.199338e-02
4.147720999999999769e+00   1.904168e-01   1.203498e-02
4.152432000000000123e+00   1.908696e-01   1.207484e-02
4.157143999999999728e+00   1.882061e-01   1.211011e-02
4.161855000000000082e+00   1.846303e-01   1.216101e-02
4.166566000000000436e+00   1.914220e-01   1.222595e-02
4.171276999999999902e+00   1.764583e-01   1.225359e-02
4.175989000000000395e+00   1.717053e-01   1.229537e-02
4.180699999999999861e+00   1.817411e-01   1.236285e-02
4.185411000000000215e+00   1.791198e-01   1.240505e-02
4.190121999999999680e+00   1.778671e-01   1.245053e-02
4.194834000000000174e+00   1.714586e-01   1.247517e-02
4.199544999999999639e+00   1.762820e-01   1.252012e-02
4.204255999999999993e+00   1.680143e-01   1.258436e-02
4.208967000000000347e+00   1.685645e-01   1.262958e-02
4.213678999999999952e+00   1.618545e-01   1.267097e-02
4.218390000000000306e+00   1.703043e-01   1.273477e-02
4.223100999999999772e+00   1.798538e-01   1.277621e-02
4.227812000000000126e+00   1.736913e-01   1.282285e-02
4.232523999999999731e+00   1.743510e-01   1.287391e-02
4.237235000000000085e+00   1.840198e-01   1.295464e-02
4.241946000000000438e+00   1.595915e-01   1.297388e-02
4.246656999999999904e+00   1.547773e-01   1.301460e-02
4.251369000000000398e+00   1.629808e-01   1.309456e-02
4.256079999999999863e+00   1.656739e-01   1.314480e-02
4.260791000000000217e+00   1.621548e-01   1.318569e-02
4.265501999999999683e+00   1.601671e-01   1.323990e-02
4.270214000000000176e+00   1.779604e-01   1.331928e-02
4.274924999999999642e+00   1.768381e-01   1.335802e-02
4.279635999999999996e+00   1.634750e-01   1.339796e-02
4.284347999999999601e+00   1.589884e-01   1.345875e-02
4.289058999999999955e+00   1.677564e-01   1.355312e-02
4.293770000000000309e+00   1.619912e-01   1.357310e-02
4.298480999999999774e+00   1.755671e-01   1.367563e-02
4.303193000000000268e+00   1.741654e-01   1.371545e-02
4.307903999999999733e+00   1.570258e-01   1.374686e-02
4.312615000000000087e+00   1.649826e-01   1.382658e-02
4.317326000000000441e+00   1.603241e-01   1.389140e-02
4.322038000000000046e+00   1.887023e-01   1.398912e-02
4.326749000000000400e+00   1.803440e-01   1.406276e-02
4.331459999999999866e+00   1.841964e-01   1.409824e-02
4.336171000000000220e+00   1.731456e-01   1.415302e-02
4.340882999999999825e+00   1.907220e-01   1.425671e-02
4.345594000000000179e+00   1.617633e-01   1.428540e-02
4.350304999999999644e+00   1.355270e-01   1.429706e-02
4.355015999999999998e+00   1.468224e-01   1.437035e-02
4.359727999999999604e+00   1.674901e-01   1.447277e-02
4.364438999999999957e+00   1.422904e-01   1.452518e-02
4.369150000000000311e+00   1.666982e-01   1.460445e-02
4.373860999999999777e+00   1.627066e-01   1.467677e-02
4.378573000000000270e+00   1.598245e-01   1.476096e-02
4.383283999999999736e+00   1.710094e-01   1.483417e-02
4.387995000000000090e+00   1.840884e-01   1.492082e-02
4.392706000000000444e+00   1.785106e-01   1.499800e-02
4.397418000000000049e+00   1.695566e-01   1.503356e-02
4.402129000000000403e+00   1.505758e-01   1.501903e-02
4.406839999999999868e+00   1.394496e-01   1.501370e-02
4.411551000000000222e+00   1.714617e-01   1.506263e-02
4.416262999999999828e+00   1.667224e-01   1.509914e-02
4.420974000000000181e+00   1.842623e-01   1.511018e-02
4.425684999999999647e+00   1.554174e-01   1.506608e-02
4.430396000000000001e+00   1.541014e-01   1.508494e-02
4.435107999999999606e+00   1.593467e-01   1.509160e-02
4.439818999999999960e+00   1.568140e-01   1.515080e-02
4.444530000000000314e+00   1.360946e-01   1.516887e-02
4.449240999999999779e+00   1.515019e-01   1.530299e-02
4.453953000000000273e+00   1.416219e-01   1.534578e-02
4.458663999999999739e+00   1.538946e-01   1.546478e-02
4.463375000000000092e+00   1.375636e-01   1.550692e-02
4.468086999999999698e+00   1.550646e-01   1.563562e-02
4.472798000000000052e+00   1.614365e-01   1.572556e-02
4.477509000000000405e+00   1.516519e-01   1.580068e-02
4.482219999999999871e+00   1.334274e-01   1.586769e-02
4.486932000000000365e+00   1.514351e-01   1.597605e-02
4.491642999999999830e+00   1.496229e-01   1.604271e-02
4.496354000000000184e+00   1.426547e-01   1.610562e-02
4.501064999999999650e+00   1.400956e-01   1.620336e-02
4.505777000000000143e+00   1.409384e-01   1.627882e-02
4.510487999999999609e+00   1.403370e-01   1.637083e-02
4.515198999999999963e+00   1.528968e-01   1.652190e-02
4.519910000000000316e+00   1.505811e-01   1.662250e-02
4.524621999999999922e+00   1.687350e-01   1.674251e-02
4.529333000000000276e+00   1.575350e-01   1.681901e-02
4.534043999999999741e+00   1.461554e-01   1.689727e-02
4.538755000000000095e+00   1.518621e-01   1.701299e-02
4.543466999999999700e+00   1.420833e-01   1.708752e-02
4.548178000000000054e+00   1.282511e-01   1.716569e-02
4.552889000000000408e+00   1.535015e-01   1.732991e-02
4.557599999999999874e+00   1.301032e-01   1.744193e-02
4.562312000000000367e+00   1.374635e-01   1.752622e-02
4.567022999999999833e+00   1.537885e-01   1.765773e-02
4.571734000000000187e+00   1.724831e-01   1.779625e-02
4.576444999999999652e+00   1.678241e-01   1.795133e-02
4.581157000000000146e+00   1.488966e-01   1.802846e-02
4.585867999999999611e+00   1.247326e-01   1.811497e-02
4.590578999999999965e+00   1.565008e-01   1.824946e-02
4.595290000000000319e+00   1.674638e-01   1.840893e-02
4.600001999999999924e+00   1.497122e-01   1.849971e-02
4.604713000000000278e+00   1.492754e-01   1.865132e-02
4.609423999999999744e+00   1.261399e-01   1.877684e-02
4.614135000000000097e+00   1.476574e-01   1.896553e-02
4.618846999999999703e+00   1.489708e-01   1.910222e-02
4.623558000000000057e+00   1.401227e-01   1.923754e-02
4.628269000000000410e+00   1.474353e-01   1.939865e-02
4.632979999999999876e+00   1.366377e-01   1.949811e-02
4.637692000000000370e+00   1.272240e-01   1.965437e-02
4.642402999999999835e+00   1.402227e-01   1.985669e-02
4.647114000000000189e+00   1.720445e-01   2.004874e-02
4.651825999999999794e+00   1.394218e-01   2.011800e-02
4.656537000000000148e+00   1.274758e-01   2.029202e-02
4.661247999999999614e+00   1.176000e-01   2.042794e-02
4.665958999999999968e+00   1.333149e-01   2.062898e-02
4.670670999999999573e+00   1.413210e-01   2.087699e-02
4.675381999999999927e+00   1.420752e-01   2.107383e-02
4.680093000000000281e+00   1.552309e-01   2.132499e-02
4.684803999999999746e+00   1.364228e-01   2.145469e-02
4.689516000000000240e+00   1.369502e-01   2.164310e-02
4.694226999999999705e+00   1.409015e-01   2.184875e-02
4.698938000000000059e+00   1.460273e-01   2.211098e-02
4.703649000000000413e+00   1.233304e-01   2.223364e-02
4.708361000000000018e+00   1.326484e-01   2.249519e-02
4.713072000000000372e+00   1.242018e-01   2.273559e-02
4.717782999999999838e+00   1.292287e-01   2.297036e-02
4.722494000000000192e+00   1.390139e-01   2.321622e-02
4.727205999999999797e+00   1.310322e-01   2.343511e-02
4.731917000000000151e+00   1.343727e-01   2.373934e-02
4.736627999999999616e+00   1.158938e-01   2.397222e-02
4.741338999999999970e+00   1.167301e-01   2.423689e-02
4.746050999999999576e+00   1.173966e-01   2.458674e-02
4.750761999999999929e+00   1.502958e-01   2.498153e-02
4.755473000000000283e+00   1.501883e-01   2.525265e-02
4.760183999999999749e+00   1.333230e-01   2.552881e-02
4.764896000000000242e+00   1.436242e-01   2.584171e-02
4.769606999999999708e+00   1.190537e-01   2.619690e-02
4.774318000000000062e+00   1.129444e-01   2.655753e-02
4.779029000000000416e+00   1.604585e-01   2.712440e-02
4.783741000000000021e+00   1.211609e-01   2.736180e-02
4.788452000000000375e+00   1.558434e-01   2.800084e-02
4.793162999999999840e+00   1.554755e-01   2.845726e-02
4.797874000000000194e+00   1.533000e-01   2.879895e-02
4.802585999999999800e+00   1.152883e-01   2.906166e-02
4.807297000000000153e+00   1.688542e-01   2.974138e-02
4.812007999999999619e+00   1.755389e-01   3.037949e-02
4.816718999999999973e+00   1.544750e-01   3.072489e-02
4.821430999999999578e+00   1.401921e-01   3.125271e-02
4.826141999999999932e+00   9.020873e-02   3.182048e-02
4.830853000000000286e+00   9.317621e-02   3.257348e-02
4.835564999999999891e+00   1.700713e-01   3.351461e-02
4.840276000000000245e+00   1.323912e-01   3.406877e-02
4.844986999999999711e+00   7.674720e-02   3.468045e-02
4.849698000000000064e+00   1.160008e-01   3.559164e-02
4.854409999999999670e+00   1.467595e-01   3.661770e-02
4.859121000000000024e+00   1.221240e-01   3.763612e-02
4.863832000000000377e+00   1.206387e-01   3.858377e-02
4.868542999999999843e+00   1.743563e-01   3.998791e-02
4.873255000000000337e+00   1.312688e-01   4.127132e-02
4.877965999999999802e+00   1.317704e-01   4.269601e-02
4.882677000000000156e+00   1.314361e-01   4.408305e-02
4.887387999999999622e+00   1.507636e-01   4.592502e-02
4.892100000000000115e+00   1.368790e-01   4.806243e-02
4.896810999999999581e+00   6.622745e-02   5.003560e-02
4.901521999999999935e+00   1.030014e-01   5.271192e-02
4.906233000000000288e+00   1.968173e-01   5.588430e-02
4.910944999999999894e+00   1.564517e-01   5.984262e-02
4.915656000000000247e+00   1.731144e-01   6.456232e-02
4.920366999999999713e+00   1.430047e-01   7.025385e-02
4.925078000000000067e+00   9.975083e-02   7.674610e-02
4.929789999999999672e+00   1.802512e-01   8.882807e-02
4.934501000000000026e+00  -4.065784e-02   1.028762e-01
4.939212000000000380e+00   1.505238e-01   1.382121e-01
4.943922999999999845e+00   2.834480e-01   2.505231e-01