# [3]
# Sample c= 6.26 mg/ml
# Intensity scaled by concentration
# Buffer subtracted data file:
# Protein DatFile = /data/visitor/mx1908/bm29/20161119/giulio/1d/mM300_205_ave.dat
# Buffer DatFile = /data/visitor/mx1908/bm29/20161119/giulio/ednaSub/mM300_205_ave_averbuffer.dat
# 
# AutoRg: Rg   =   0.6887 +/- 0.11 ( 15.8%)
# AutoRg: I(0) =   1.08 +/- 0.0034
# AutoRg: Points   138 to 294 ( 157 total)
# AutoRg: Quality: 74.0%
# 
# 
# Sample Information:
# Storage Temperature (degrees C): 20.0
# Measurement Temperature (degrees C): 20.05
# Concentration: 6.26
# Code: 
3.479420999999999903e-02   5.214337e-01   1.194714e+00
3.950545999999999919e-02   9.679712e-02   4.765892e-01
4.421672000000000102e-02   8.090811e-01   3.111259e-01
4.892798000000000286e-02   7.968866e-01   2.385513e-01
5.363923000000000302e-02   8.937843e-01   1.913892e-01
5.835048999999999791e-02   7.707776e-01   1.568782e-01
6.306174999999999975e-02   8.356933e-01   1.305756e-01
6.777299999999999991e-02   9.683838e-01   1.112311e-01
7.248425999999999481e-02   9.868542e-01   9.645725e-02
7.719552000000000358e-02   1.063544e+00   8.524305e-02
8.190677000000000374e-02   9.816278e-01   7.575708e-02
8.661802999999999864e-02   9.966920e-01   6.825860e-02
9.132928999999999353e-02   1.014515e+00   6.250467e-02
9.604053999999999369e-02   9.767303e-01   5.788068e-02
1.007518000000000025e-01   1.058189e+00   5.380347e-02
1.054631000000000041e-01   1.003580e+00   5.018989e-02
1.101743000000000028e-01   1.004815e+00   4.720284e-02
1.148856000000000044e-01   1.060768e+00   4.457775e-02
1.195968000000000031e-01   1.045847e+00   4.234141e-02
1.243081000000000047e-01   1.053102e+00   4.033046e-02
1.290193000000000034e-01   9.643592e-01   3.856347e-02
1.337306000000000050e-01   1.025917e+00   3.716421e-02
1.384419000000000066e-01   1.026022e+00   3.576867e-02
1.431531000000000053e-01   1.072714e+00   3.454741e-02
1.478644000000000069e-01   1.015593e+00   3.340702e-02
1.525756000000000057e-01   1.045209e+00   3.251482e-02
1.572869000000000073e-01   1.012977e+00   3.157179e-02
1.619981000000000060e-01   9.978987e-01   3.067819e-02
1.667094000000000076e-01   1.029372e+00   2.998448e-02
1.714206000000000063e-01   9.685192e-01   2.924935e-02
1.761319000000000079e-01   1.010389e+00   2.860970e-02
1.808432000000000095e-01   1.019898e+00   2.797203e-02
1.855544000000000082e-01   1.020249e+00   2.746728e-02
1.902657000000000098e-01   1.027600e+00   2.700930e-02
1.949769000000000085e-01   1.027218e+00   2.650280e-02
1.996882000000000101e-01   1.026079e+00   2.604167e-02
2.043994000000000089e-01   1.037456e+00   2.562424e-02
2.091107000000000105e-01   1.048297e+00   2.521829e-02
2.138220000000000121e-01   9.952165e-01   2.478659e-02
2.185332000000000108e-01   1.014998e+00   2.447464e-02
2.232445000000000124e-01   1.009818e+00   2.409151e-02
2.279557000000000111e-01   1.024840e+00   2.377976e-02
2.326670000000000127e-01   1.014757e+00   2.347548e-02
2.373782000000000114e-01   1.025736e+00   2.313432e-02
2.420895000000000130e-01   9.967262e-01   2.283563e-02
2.468007000000000117e-01   1.009145e+00   2.257582e-02
2.515120000000000133e-01   1.013090e+00   2.232525e-02
2.562232999999999872e-01   1.031312e+00   2.209661e-02
2.609345000000000137e-01   1.005405e+00   2.177780e-02
2.656457999999999875e-01   9.998150e-01   2.156666e-02
2.703570000000000140e-01   1.034843e+00   2.138324e-02
2.750682999999999878e-01   1.034348e+00   2.118040e-02
2.797795000000000143e-01   1.007709e+00   2.092263e-02
2.844907999999999881e-01   1.037155e+00   2.074003e-02
2.892021000000000175e-01   1.029575e+00   2.054648e-02
2.939132999999999885e-01   1.019149e+00   2.035101e-02
2.986246000000000178e-01   1.009156e+00   2.013288e-02
3.033357999999999888e-01   1.026220e+00   1.997542e-02
3.080471000000000181e-01   1.047068e+00   1.982431e-02
3.127582999999999891e-01   1.003814e+00   1.964498e-02
3.174696000000000184e-01   1.013661e+00   1.942681e-02
3.221808999999999923e-01   1.018334e+00   1.927777e-02
3.268921000000000188e-01   1.019668e+00   1.914480e-02
3.316033999999999926e-01   1.038069e+00   1.905926e-02
3.363146000000000191e-01   1.012329e+00   1.916702e-02
3.410258999999999929e-01   1.023353e+00   1.932742e-02
3.457371000000000194e-01   1.025369e+00   1.943771e-02
3.504483999999999932e-01   1.001861e+00   1.968009e-02
3.551596000000000197e-01   1.016770e+00   2.010347e-02
3.598708999999999936e-01   1.018827e+00   2.033908e-02
3.645822000000000229e-01   1.003451e+00   2.051887e-02
3.692933999999999939e-01   9.987383e-01   2.069877e-02
3.740047000000000232e-01   1.037176e+00   2.086568e-02
3.787158999999999942e-01   1.010164e+00   2.095843e-02
3.834272000000000236e-01   1.022950e+00   2.107868e-02
3.881383999999999945e-01   1.045822e+00   2.120462e-02
3.928497000000000239e-01   1.043089e+00   2.172298e-02
3.975609999999999977e-01   1.036216e+00   2.233076e-02
4.022722000000000242e-01   1.030079e+00   2.281800e-02
4.069834999999999980e-01   9.938318e-01   2.324950e-02
4.116947000000000245e-01   1.046757e+00   2.365408e-02
4.164059999999999984e-01   1.035283e+00   2.395547e-02
4.211172000000000248e-01   1.049037e+00   2.433963e-02
4.258284999999999987e-01   9.961468e-01   2.464171e-02
4.305397000000000252e-01   1.014845e+00   2.502864e-02
4.352509999999999990e-01   1.033261e+00   2.537707e-02
4.399622999999999728e-01   1.045444e+00   2.575622e-02
4.446734999999999993e-01   1.018202e+00   2.616067e-02
4.493847999999999732e-01   1.000311e+00   2.653059e-02
4.540959999999999996e-01   9.811361e-01   2.673533e-02
4.588072999999999735e-01   1.025040e+00   2.590015e-02
4.635185000000000000e-01   1.047206e+00   2.527118e-02
4.682297999999999738e-01   1.026594e+00   2.486068e-02
4.729411000000000032e-01   1.007861e+00   2.451882e-02
4.776522999999999741e-01   9.900870e-01   2.430087e-02
4.823636000000000035e-01   1.026244e+00   2.414026e-02
4.870747999999999744e-01   1.015429e+00   2.396317e-02
4.917861000000000038e-01   1.018531e+00   2.383433e-02
4.964972999999999748e-01   1.018125e+00   2.372192e-02
5.012086000000000041e-01   1.014572e+00   2.360883e-02
5.059198999999999780e-01   1.020911e+00   2.346455e-02
5.106311000000000044e-01   1.040974e+00   2.337791e-02
5.153423999999999783e-01   1.046413e+00   2.326670e-02
5.200536000000000048e-01   1.037947e+00   2.304721e-02
5.247648999999999786e-01   1.024256e+00   2.287645e-02
5.294761000000000051e-01   9.995246e-01   2.273567e-02
5.341873999999999789e-01   1.009342e+00   2.256823e-02
5.388986000000000054e-01   1.008660e+00   2.242329e-02
5.436098999999999792e-01   9.992411e-01   2.225799e-02
5.483211999999999531e-01   9.979361e-01   2.214815e-02
5.530323999999999796e-01   9.816121e-01   2.198702e-02
5.577436999999999534e-01   9.972364e-01   2.184418e-02
5.624548999999999799e-01   9.955712e-01   2.171988e-02
5.671661999999999537e-01   9.903103e-01   2.164882e-02
5.718773999999999802e-01   9.742603e-01   2.152843e-02
5.765886999999999540e-01   1.021962e+00   2.153603e-02
5.813000000000000389e-01   1.024897e+00   2.147881e-02
5.860111999999999544e-01   1.007011e+00   2.142052e-02
5.907225000000000392e-01   9.995244e-01   2.135675e-02
5.954336999999999547e-01   1.011102e+00   2.131089e-02
6.001450000000000395e-01   9.818805e-01   2.124166e-02
6.048561999999999550e-01   1.001143e+00   2.117144e-02
6.095675000000000399e-01   1.011969e+00   2.115419e-02
6.142788000000000137e-01   1.004997e+00   2.113567e-02
6.189900000000000402e-01   9.897004e-01   2.105704e-02
6.237013000000000140e-01   1.018705e+00   2.102984e-02
6.284125000000000405e-01   1.008853e+00   2.098421e-02
6.331238000000000143e-01   1.055044e+00   2.097300e-02
6.378350000000000408e-01   1.028393e+00   2.088303e-02
6.425463000000000147e-01   9.852821e-01   2.080592e-02
6.472575000000000411e-01   1.025522e+00   2.078603e-02
6.519688000000000150e-01   1.012446e+00   2.072814e-02
6.566800999999999888e-01   9.780511e-01   2.064235e-02
6.613913000000000153e-01   9.837825e-01   2.062007e-02
6.661025999999999891e-01   9.872391e-01   2.059974e-02
6.708138000000000156e-01   9.909063e-01   2.053177e-02
6.755250999999999895e-01   9.561413e-01   2.043618e-02
6.802363000000000159e-01   1.014516e+00   2.044283e-02
6.849475999999999898e-01   9.989972e-01   2.039300e-02
6.896588999999999636e-01   9.816758e-01   2.033214e-02
6.943700999999999901e-01   9.999998e-01   2.030862e-02
6.990813999999999639e-01   9.954795e-01   2.025474e-02
7.037925999999999904e-01   9.942675e-01   2.021722e-02
7.085038999999999643e-01   9.765617e-01   2.015496e-02
7.132150999999999907e-01   9.756353e-01   2.007517e-02
7.179263999999999646e-01   9.897329e-01   2.004298e-02
7.226375999999999911e-01   9.946162e-01   2.003707e-02
7.273488999999999649e-01   9.946990e-01   1.998256e-02
7.320602000000000498e-01   1.001619e+00   1.993476e-02
7.367713999999999652e-01   9.671208e-01   1.990737e-02
7.414827000000000501e-01   9.777290e-01   1.985305e-02
7.461938999999999655e-01   1.009403e+00   1.983331e-02
7.509052000000000504e-01   1.003330e+00   1.979591e-02
7.556163999999999659e-01   9.878382e-01   1.972926e-02
7.603277000000000507e-01   9.715686e-01   1.969968e-02
7.650390000000000246e-01   9.909775e-01   1.964510e-02
7.697502000000000510e-01   9.710447e-01   1.961630e-02
7.744615000000000249e-01   9.896203e-01   1.958851e-02
7.791727000000000514e-01   9.969756e-01   1.955346e-02
7.838840000000000252e-01   9.890623e-01   1.951336e-02
7.885952000000000517e-01   9.979970e-01   1.946049e-02
7.933065000000000255e-01   9.663032e-01   1.939856e-02
7.980177999999999994e-01   9.924745e-01   1.939966e-02
8.027290000000000258e-01   9.733477e-01   1.933489e-02
8.074402999999999997e-01   9.464327e-01   1.926344e-02
8.121515000000000262e-01   9.601359e-01   1.922150e-02
8.168628000000000000e-01   9.616581e-01   1.919067e-02
8.215740000000000265e-01   9.872638e-01   1.918748e-02
8.262853000000000003e-01   9.716629e-01   1.915082e-02
8.309965000000000268e-01   9.787533e-01   1.910634e-02
8.357078000000000007e-01   9.576318e-01   1.904496e-02
8.404190999999999745e-01   9.531036e-01   1.903318e-02
8.451303000000000010e-01   9.674135e-01   1.899654e-02
8.498415999999999748e-01   9.684597e-01   1.894454e-02
8.545528000000000013e-01   9.623031e-01   1.891615e-02
8.592640999999999751e-01   9.637502e-01   1.888118e-02
8.639753000000000016e-01   9.705996e-01   1.886984e-02
8.686865999999999755e-01   9.968472e-01   1.881704e-02
8.733978999999999493e-01   9.483540e-01   1.873330e-02
8.781090999999999758e-01   9.453583e-01   1.870650e-02
8.828203999999999496e-01   9.579641e-01   1.868836e-02
8.875315999999999761e-01   9.496788e-01   1.865772e-02
8.922428999999999499e-01   9.660694e-01   1.863359e-02
8.969540999999999764e-01   9.648417e-01   1.858634e-02
9.016653999999999503e-01   9.563750e-01   1.852470e-02
9.063767000000000351e-01   9.459309e-01   1.849546e-02
9.110878999999999506e-01   9.440609e-01   1.847490e-02
9.157992000000000354e-01   9.310913e-01   1.842050e-02
9.205103999999999509e-01   9.391492e-01   1.838449e-02
9.252217000000000358e-01   9.316964e-01   1.834847e-02
9.299328999999999512e-01   9.225107e-01   1.829925e-02
9.346442000000000361e-01   9.254548e-01   1.827972e-02
9.393553999999999515e-01   9.217883e-01   1.823629e-02
9.440667000000000364e-01   9.267963e-01   1.821535e-02
9.487780000000000102e-01   9.390388e-01   1.819092e-02
9.534892000000000367e-01   9.541791e-01   1.816188e-02
9.582005000000000106e-01   9.213340e-01   1.810422e-02
9.629117000000000370e-01   9.412343e-01   1.810239e-02
9.676230000000000109e-01   9.721649e-01   1.808256e-02
9.723342000000000374e-01   9.337623e-01   1.803025e-02
9.770455000000000112e-01   9.289117e-01   1.798860e-02
9.817567999999999850e-01   9.298562e-01   1.796485e-02
9.864680000000000115e-01   9.259862e-01   1.792988e-02
9.911792999999999854e-01   9.474963e-01   1.791899e-02
9.958905000000000118e-01   9.318191e-01   1.787024e-02
1.000601999999999991e+00   9.351717e-01   1.783580e-02
1.005312999999999901e+00   9.270280e-01   1.780765e-02
1.010024000000000033e+00   9.293219e-01   1.779192e-02
1.014736000000000082e+00   9.203559e-01   1.774457e-02
1.019446999999999992e+00   9.224959e-01   1.771631e-02
1.024157999999999902e+00   9.075968e-01   1.764012e-02
1.028869000000000034e+00   9.281258e-01   1.761752e-02
1.033581000000000083e+00   9.079763e-01   1.757666e-02
1.038291999999999993e+00   9.073235e-01   1.757799e-02
1.043002999999999902e+00   9.248155e-01   1.755518e-02
1.047714000000000034e+00   9.152889e-01   1.749761e-02
1.052426000000000084e+00   9.304083e-01   1.748447e-02
1.057136999999999993e+00   9.112413e-01   1.745065e-02
1.061847999999999903e+00   9.094473e-01   1.741237e-02
1.066559000000000035e+00   9.376998e-01   1.739847e-02
1.071271000000000084e+00   9.061651e-01   1.734844e-02
1.075981999999999994e+00   8.776481e-01   1.730968e-02
1.080692999999999904e+00   9.083487e-01   1.730448e-02
1.085404000000000035e+00   8.922409e-01   1.727807e-02
1.090116000000000085e+00   8.942288e-01   1.723935e-02
1.094826999999999995e+00   9.116906e-01   1.722674e-02
1.099537999999999904e+00   8.906998e-01   1.720451e-02
1.104249000000000036e+00   9.039951e-01   1.715875e-02
1.108961000000000086e+00   8.941093e-01   1.711345e-02
1.113671999999999995e+00   8.891996e-01   1.710856e-02
1.118382999999999905e+00   8.913851e-01   1.707806e-02
1.123094000000000037e+00   8.641657e-01   1.701009e-02
1.127806000000000086e+00   8.786577e-01   1.699684e-02
1.132516999999999996e+00   9.067098e-01   1.700714e-02
1.137227999999999906e+00   8.967893e-01   1.695704e-02
1.141939000000000037e+00   8.646853e-01   1.690993e-02
1.146651000000000087e+00   8.779537e-01   1.690938e-02
1.151361999999999997e+00   8.717368e-01   1.684098e-02
1.156072999999999906e+00   8.785129e-01   1.682821e-02
1.160784000000000038e+00   8.841539e-01   1.682686e-02
1.165496000000000087e+00   8.926163e-01   1.679166e-02
1.170206999999999997e+00   8.849643e-01   1.674859e-02
1.174917999999999907e+00   8.795021e-01   1.672640e-02
1.179629999999999956e+00   9.046429e-01   1.672561e-02
1.184341000000000088e+00   8.519558e-01   1.665886e-02
1.189051999999999998e+00   8.452776e-01   1.663734e-02
1.193762999999999908e+00   8.674940e-01   1.667912e-02
1.198474999999999957e+00   8.856703e-01   1.704325e-02
1.203186000000000089e+00   8.694365e-01   1.746016e-02
1.207896999999999998e+00   8.680451e-01   1.776286e-02
1.212607999999999908e+00   8.336460e-01   1.797275e-02
1.217319999999999958e+00   8.663000e-01   1.820381e-02
1.222031000000000089e+00   8.708948e-01   1.839130e-02
1.226741999999999999e+00   8.335487e-01   1.852591e-02
1.231452999999999909e+00   8.232840e-01   1.868708e-02
1.236164999999999958e+00   8.609055e-01   1.885801e-02
1.240876000000000090e+00   8.660288e-01   1.901216e-02
1.245587000000000000e+00   8.562560e-01   1.909558e-02
1.250297999999999909e+00   8.251329e-01   1.910382e-02
1.255009999999999959e+00   8.395585e-01   1.915317e-02
1.259721000000000091e+00   8.469241e-01   1.917316e-02
1.264432000000000000e+00   8.381127e-01   1.850678e-02
1.269142999999999910e+00   8.310611e-01   1.804985e-02
1.273854999999999960e+00   8.245308e-01   1.770916e-02
1.278566000000000091e+00   8.244432e-01   1.748299e-02
1.283277000000000001e+00   8.263185e-01   1.731179e-02
1.287987999999999911e+00   8.509081e-01   1.716577e-02
1.292699999999999960e+00   8.158009e-01   1.699873e-02
1.297411000000000092e+00   8.343739e-01   1.686219e-02
1.302122000000000002e+00   8.509958e-01   1.675356e-02
1.306832999999999911e+00   8.367169e-01   1.665136e-02
1.311544999999999961e+00   8.166949e-01   1.660488e-02
1.316256000000000093e+00   8.319437e-01   1.656865e-02
1.320967000000000002e+00   8.258734e-01   1.650917e-02
1.325677999999999912e+00   8.086779e-01   1.645663e-02
1.330389999999999961e+00   8.096535e-01   1.642760e-02
1.335101000000000093e+00   8.159424e-01   1.637503e-02
1.339812000000000003e+00   8.255120e-01   1.635190e-02
1.344522999999999913e+00   7.936160e-01   1.629539e-02
1.349234999999999962e+00   7.945717e-01   1.627647e-02
1.353946000000000094e+00   7.999565e-01   1.625281e-02
1.358657000000000004e+00   8.093075e-01   1.622721e-02
1.363369000000000053e+00   7.984450e-01   1.619492e-02
1.368079999999999963e+00   8.047885e-01   1.613839e-02
1.372791000000000095e+00   7.841996e-01   1.608219e-02
1.377502000000000004e+00   7.825270e-01   1.608397e-02
1.382214000000000054e+00   7.801423e-01   1.603504e-02
1.386924999999999963e+00   7.887008e-01   1.600845e-02
1.391636000000000095e+00   8.045672e-01   1.599877e-02
1.396347000000000005e+00   8.161279e-01   1.598388e-02
1.401059000000000054e+00   7.919143e-01   1.592959e-02
1.405769999999999964e+00   7.692343e-01   1.589034e-02
1.410481000000000096e+00   7.866925e-01   1.588557e-02
1.415192000000000005e+00   7.936619e-01   1.585203e-02
1.419904000000000055e+00   7.650306e-01   1.579050e-02
1.424614999999999965e+00   7.587177e-01   1.577800e-02
1.429326000000000096e+00   7.716028e-01   1.575796e-02
1.434037000000000006e+00   7.523746e-01   1.571873e-02
1.438749000000000056e+00   7.803329e-01   1.570593e-02
1.443459999999999965e+00   7.725385e-01   1.568049e-02
1.448171000000000097e+00   7.432367e-01   1.563589e-02
1.452882000000000007e+00   7.588703e-01   1.562211e-02
1.457594000000000056e+00   7.640200e-01   1.559335e-02
1.462304999999999966e+00   7.660231e-01   1.556272e-02
1.467016000000000098e+00   7.704647e-01   1.557170e-02
1.471727000000000007e+00   7.402803e-01   1.552117e-02
1.476439000000000057e+00   7.563936e-01   1.550117e-02
1.481149999999999967e+00   7.266365e-01   1.544087e-02
1.485861000000000098e+00   7.345281e-01   1.542441e-02
1.490572000000000008e+00   7.323077e-01   1.540642e-02
1.495284000000000058e+00   7.433047e-01   1.538441e-02
1.499994999999999967e+00   7.439570e-01   1.536682e-02
1.504706000000000099e+00   7.417757e-01   1.534033e-02
1.509417000000000009e+00   7.330798e-01   1.531566e-02
1.514129000000000058e+00   7.264251e-01   1.536457e-02
1.518839999999999968e+00   7.108560e-01   1.578662e-02
1.523551000000000100e+00   7.119491e-01   1.611173e-02
1.528262999999999927e+00   7.115460e-01   1.633514e-02
1.532974000000000059e+00   7.175857e-01   1.653902e-02
1.537684999999999969e+00   7.418548e-01   1.673666e-02
1.542396000000000100e+00   7.376961e-01   1.674037e-02
1.547107999999999928e+00   7.330142e-01   1.631064e-02
1.551819000000000059e+00   7.240547e-01   1.607602e-02
1.556529999999999969e+00   7.123194e-01   1.590189e-02
1.561241000000000101e+00   7.241292e-01   1.576235e-02
1.565952999999999928e+00   7.219752e-01   1.561164e-02
1.570664000000000060e+00   7.103555e-01   1.542028e-02
1.575374999999999970e+00   7.158804e-01   1.527695e-02
1.580086000000000102e+00   7.274974e-01   1.513729e-02
1.584797999999999929e+00   7.121341e-01   1.506705e-02
1.589509000000000061e+00   7.142181e-01   1.503466e-02
1.594219999999999970e+00   7.076635e-01   1.501032e-02
1.598931000000000102e+00   6.914559e-01   1.501749e-02
1.603642999999999930e+00   6.831565e-01   1.503700e-02
1.608354000000000061e+00   7.018428e-01   1.505664e-02
1.613064999999999971e+00   7.061696e-01   1.503313e-02
1.617776000000000103e+00   6.844497e-01   1.500272e-02
1.622487999999999930e+00   7.004026e-01   1.498639e-02
1.627199000000000062e+00   6.700087e-01   1.492544e-02
1.631909999999999972e+00   6.895792e-01   1.492038e-02
1.636621000000000103e+00   6.848990e-01   1.488999e-02
1.641332999999999931e+00   6.693447e-01   1.487352e-02
1.646044000000000063e+00   6.866460e-01   1.486009e-02
1.650754999999999972e+00   6.878916e-01   1.482263e-02
1.655466000000000104e+00   6.590386e-01   1.477804e-02
1.660177999999999932e+00   6.491609e-01   1.476990e-02
1.664889000000000063e+00   6.668642e-01   1.475758e-02
1.669599999999999973e+00   6.656045e-01   1.472443e-02
1.674311000000000105e+00   6.546073e-01   1.467214e-02
1.679022999999999932e+00   6.588433e-01   1.464815e-02
1.683734000000000064e+00   6.487859e-01   1.465632e-02
1.688444999999999974e+00   6.429851e-01   1.462439e-02
1.693156000000000105e+00   6.642471e-01   1.460421e-02
1.697867999999999933e+00   6.582506e-01   1.459553e-02
1.702579000000000065e+00   6.385655e-01   1.456373e-02
1.707289999999999974e+00   6.561372e-01   1.454293e-02
1.712002000000000024e+00   6.479427e-01   1.452274e-02
1.716712999999999933e+00   6.619677e-01   1.450297e-02
1.721424000000000065e+00   6.368212e-01   1.445917e-02
1.726134999999999975e+00   6.179599e-01   1.443077e-02
1.730847000000000024e+00   6.471274e-01   1.442060e-02
1.735557999999999934e+00   6.249623e-01   1.440946e-02
1.740269000000000066e+00   6.427736e-01   1.440044e-02
1.744979999999999976e+00   6.190260e-01   1.436095e-02
1.749692000000000025e+00   6.335447e-01   1.434356e-02
1.754402999999999935e+00   6.396721e-01   1.432170e-02
1.759114000000000066e+00   6.345847e-01   1.430097e-02
1.763824999999999976e+00   6.318340e-01   1.428078e-02
1.768537000000000026e+00   6.335268e-01   1.427878e-02
1.773247999999999935e+00   6.182842e-01   1.424555e-02
1.777959000000000067e+00   6.207081e-01   1.423093e-02
1.782669999999999977e+00   6.284210e-01   1.420942e-02
1.787382000000000026e+00   6.000615e-01   1.415898e-02
1.792092999999999936e+00   6.318532e-01   1.417979e-02
1.796804000000000068e+00   6.010951e-01   1.414349e-02
1.801514999999999977e+00   6.131562e-01   1.412057e-02
1.806227000000000027e+00   5.921855e-01   1.409013e-02
1.810937999999999937e+00   6.115263e-01   1.409507e-02
1.815649000000000068e+00   6.015339e-01   1.405350e-02
1.820359999999999978e+00   5.803070e-01   1.403841e-02
1.825072000000000028e+00   5.691471e-01   1.400760e-02
1.829782999999999937e+00   5.779014e-01   1.399274e-02
1.834494000000000069e+00   6.004231e-01   1.398579e-02
1.839204999999999979e+00   6.034686e-01   1.397801e-02
1.843917000000000028e+00   5.814682e-01   1.392610e-02
1.848627999999999938e+00   5.702177e-01   1.390306e-02
1.853339000000000070e+00   5.616042e-01   1.387945e-02
1.858049999999999979e+00   5.792572e-01   1.388032e-02
1.862762000000000029e+00   5.810844e-01   1.385250e-02
1.867472999999999939e+00   5.725721e-01   1.384995e-02
1.872184000000000070e+00   5.792281e-01   1.384220e-02
1.876894999999999980e+00   5.618825e-01   1.380742e-02
1.881607000000000030e+00   5.942040e-01   1.380211e-02
1.886317999999999939e+00   5.890220e-01   1.378460e-02
1.891029000000000071e+00   5.750738e-01   1.374822e-02
1.895740999999999898e+00   5.794676e-01   1.373803e-02
1.900452000000000030e+00   5.471770e-01   1.370791e-02
1.905162999999999940e+00   5.470856e-01   1.368864e-02
1.909874000000000072e+00   5.640992e-01   1.368212e-02
1.914585999999999899e+00   5.593280e-01   1.366187e-02
1.919297000000000031e+00   5.764545e-01   1.366856e-02
1.924007999999999940e+00   5.547480e-01   1.363353e-02
1.928719000000000072e+00   5.534943e-01   1.361588e-02
1.933430999999999900e+00   5.465494e-01   1.357288e-02
1.938142000000000031e+00   5.269828e-01   1.353034e-02
1.942852999999999941e+00   5.432478e-01   1.350164e-02
1.947564000000000073e+00   5.391596e-01   1.346013e-02
1.952275999999999900e+00   5.258947e-01   1.343756e-02
1.956987000000000032e+00   5.357144e-01   1.341121e-02
1.961697999999999942e+00   5.364535e-01   1.339160e-02
1.966409000000000074e+00   5.346357e-01   1.337208e-02
1.971120999999999901e+00   5.385566e-01   1.337136e-02
1.975832000000000033e+00   5.373798e-01   1.337085e-02
1.980542999999999942e+00   5.377030e-01   1.338149e-02
1.985254000000000074e+00   5.318086e-01   1.336120e-02
1.989965999999999902e+00   5.274608e-01   1.337792e-02
1.994677000000000033e+00   5.134827e-01   1.336610e-02
1.999387999999999943e+00   5.159992e-01   1.338071e-02
2.004099000000000075e+00   5.155219e-01   1.369182e-02
2.008811000000000124e+00   5.341246e-01   1.400108e-02
2.013522000000000034e+00   5.144719e-01   1.417657e-02
2.018232999999999944e+00   5.030872e-01   1.432643e-02
2.022943999999999853e+00   5.006814e-01   1.445886e-02
2.027655999999999903e+00   5.149147e-01   1.459046e-02
2.032366999999999813e+00   5.087938e-01   1.465519e-02
2.037078000000000166e+00   5.054481e-01   1.470191e-02
2.041789000000000076e+00   5.009507e-01   1.475666e-02
2.046501000000000126e+00   5.131272e-01   1.480700e-02
2.051212000000000035e+00   5.248207e-01   1.484718e-02
2.055922999999999945e+00   5.214895e-01   1.487288e-02
2.060633999999999855e+00   5.037161e-01   1.487481e-02
2.065345999999999904e+00   5.237514e-01   1.485792e-02
2.070056999999999814e+00   4.943671e-01   1.440889e-02
2.074768000000000168e+00   4.815923e-01   1.411574e-02
2.079480000000000217e+00   4.957780e-01   1.394238e-02
2.084191000000000127e+00   4.840658e-01   1.377791e-02
2.088902000000000037e+00   4.954135e-01   1.365024e-02
2.093612999999999946e+00   5.003016e-01   1.355926e-02
2.098324999999999996e+00   4.690722e-01   1.350395e-02
2.103035999999999905e+00   4.721423e-01   1.345776e-02
2.107746999999999815e+00   4.814727e-01   1.343162e-02
2.112458000000000169e+00   4.862603e-01   1.340157e-02
2.117170000000000218e+00   4.796075e-01   1.337742e-02
2.121881000000000128e+00   4.850212e-01   1.334518e-02
2.126592000000000038e+00   4.835232e-01   1.331044e-02
2.131302999999999948e+00   4.730504e-01   1.329361e-02
2.136014999999999997e+00   4.544973e-01   1.324837e-02
2.140725999999999907e+00   4.774396e-01   1.323696e-02
2.145436999999999816e+00   4.682918e-01   1.320500e-02
2.150148000000000170e+00   4.513700e-01   1.317114e-02
2.154860000000000220e+00   4.226237e-01   1.313580e-02
2.159571000000000129e+00   4.587028e-01   1.313974e-02
2.164282000000000039e+00   4.627114e-01   1.312520e-02
2.168992999999999949e+00   4.619247e-01   1.310440e-02
2.173704999999999998e+00   4.465357e-01   1.306749e-02
2.178415999999999908e+00   4.542107e-01   1.304635e-02
2.183126999999999818e+00   4.378247e-01   1.300835e-02
2.187838000000000171e+00   4.478069e-01   1.300746e-02
2.192550000000000221e+00   4.361655e-01   1.297883e-02
2.197261000000000131e+00   4.414721e-01   1.297462e-02
2.201972000000000040e+00   4.388766e-01   1.295458e-02
2.206682999999999950e+00   4.468940e-01   1.294644e-02
2.211395000000000000e+00   4.488279e-01   1.291927e-02
2.216105999999999909e+00   4.445033e-01   1.289535e-02
2.220816999999999819e+00   4.456745e-01   1.285846e-02
2.225528000000000173e+00   4.240553e-01   1.284186e-02
2.230239999999999778e+00   4.404677e-01   1.284829e-02
2.234951000000000132e+00   4.308012e-01   1.282583e-02
2.239662000000000042e+00   4.266916e-01   1.279805e-02
2.244372999999999951e+00   4.241247e-01   1.278052e-02
2.249085000000000001e+00   4.136303e-01   1.276506e-02
2.253795999999999911e+00   4.332438e-01   1.275965e-02
2.258506999999999820e+00   4.321563e-01   1.273636e-02
2.263218999999999870e+00   4.283830e-01   1.272525e-02
2.267929999999999779e+00   4.243330e-01   1.269948e-02
2.272641000000000133e+00   4.127774e-01   1.267955e-02
2.277352000000000043e+00   4.296778e-01   1.268729e-02
2.282064000000000092e+00   4.309712e-01   1.267048e-02
2.286775000000000002e+00   4.309323e-01   1.264914e-02
2.291485999999999912e+00   4.165900e-01   1.261750e-02
2.296196999999999822e+00   4.241006e-01   1.261407e-02
2.300908999999999871e+00   4.182243e-01   1.259512e-02
2.305619999999999781e+00   4.011520e-01   1.257676e-02
2.310331000000000135e+00   4.054482e-01   1.256049e-02
2.315042000000000044e+00   4.147683e-01   1.254681e-02
2.319754000000000094e+00   4.061657e-01   1.252185e-02
2.324465000000000003e+00   4.099502e-01   1.251155e-02
2.329175999999999913e+00   4.013718e-01   1.249593e-02
2.333886999999999823e+00   3.990899e-01   1.247254e-02
2.338598999999999872e+00   4.043417e-01   1.246292e-02
2.343309999999999782e+00   3.775749e-01   1.243544e-02
2.348021000000000136e+00   3.935945e-01   1.242580e-02
2.352732000000000046e+00   4.087710e-01   1.242992e-02
2.357444000000000095e+00   3.837754e-01   1.238881e-02
2.362155000000000005e+00   3.821438e-01   1.237692e-02
2.366865999999999914e+00   4.005816e-01   1.237881e-02
2.371576999999999824e+00   3.980919e-01   1.236055e-02
2.376288999999999874e+00   3.890310e-01   1.234067e-02
2.380999999999999783e+00   3.848760e-01   1.233977e-02
2.385711000000000137e+00   3.963469e-01   1.232821e-02
2.390422000000000047e+00   3.721937e-01   1.228459e-02
2.395134000000000096e+00   3.711073e-01   1.226196e-02
2.399845000000000006e+00   3.750450e-01   1.226206e-02
2.404555999999999916e+00   3.734305e-01   1.225420e-02
2.409266999999999825e+00   3.615440e-01   1.223065e-02
2.413978999999999875e+00   3.884586e-01   1.223029e-02
2.418689999999999785e+00   3.910159e-01   1.221508e-02
2.423401000000000138e+00   3.694204e-01   1.219080e-02
2.428112000000000048e+00   3.728640e-01   1.217754e-02
2.432824000000000098e+00   3.600562e-01   1.216354e-02
2.437535000000000007e+00   3.466584e-01   1.214543e-02
2.442245999999999917e+00   3.537813e-01   1.214280e-02
2.446957999999999966e+00   3.694869e-01   1.212908e-02
2.451668999999999876e+00   3.863758e-01   1.212462e-02
2.456379999999999786e+00   3.739222e-01   1.211131e-02
2.461091000000000140e+00   3.529357e-01   1.209140e-02
2.465803000000000189e+00   3.632243e-01   1.208699e-02
2.470514000000000099e+00   3.691158e-01   1.207755e-02
2.475225000000000009e+00   3.744261e-01   1.204952e-02
2.479935999999999918e+00   3.591933e-01   1.204468e-02
2.484647999999999968e+00   3.433373e-01   1.202167e-02
2.489358999999999877e+00   3.500966e-01   1.200866e-02
2.494069999999999787e+00   3.446891e-01   1.200829e-02
2.498781000000000141e+00   3.622615e-01   1.199572e-02
2.503493000000000190e+00   3.580953e-01   1.197909e-02
2.508204000000000100e+00   3.513834e-01   1.196151e-02
2.512915000000000010e+00   3.595777e-01   1.194445e-02
2.517625999999999920e+00   3.532788e-01   1.190787e-02
2.522337999999999969e+00   3.476071e-01   1.188860e-02
2.527048999999999879e+00   3.431978e-01   1.187137e-02
2.531759999999999788e+00   3.328750e-01   1.184453e-02
2.536471000000000142e+00   3.547009e-01   1.184271e-02
2.541183000000000192e+00   3.368248e-01   1.183123e-02
2.545894000000000101e+00   3.371736e-01   1.181030e-02
2.550605000000000011e+00   3.346713e-01   1.179034e-02
2.555315999999999921e+00   3.399124e-01   1.178026e-02
2.560027999999999970e+00   3.326843e-01   1.177650e-02
2.564738999999999880e+00   3.259630e-01   1.176709e-02
2.569449999999999790e+00   3.417663e-01   1.177313e-02
2.574161000000000143e+00   3.308588e-01   1.177700e-02
2.578873000000000193e+00   3.266810e-01   1.176056e-02
2.583584000000000103e+00   3.419065e-01   1.176843e-02
2.588295000000000012e+00   3.349875e-01   1.175782e-02
2.593005999999999922e+00   3.407114e-01   1.174263e-02
2.597717999999999972e+00   3.215686e-01   1.171507e-02
2.602428999999999881e+00   3.096434e-01   1.169887e-02
2.607139999999999791e+00   3.306822e-01   1.170043e-02
2.611851000000000145e+00   3.202129e-01   1.169610e-02
2.616563000000000194e+00   3.069467e-01   1.167467e-02
2.621274000000000104e+00   3.224826e-01   1.166816e-02
2.625985000000000014e+00   3.268671e-01   1.166315e-02
2.630697000000000063e+00   3.386341e-01   1.165476e-02
2.635407999999999973e+00   3.207883e-01   1.163820e-02
2.640118999999999883e+00   3.100224e-01   1.162585e-02
2.644829999999999792e+00   3.048321e-01   1.162038e-02
2.649541999999999842e+00   3.171955e-01   1.159180e-02
2.654253000000000196e+00   3.069345e-01   1.157526e-02
2.658964000000000105e+00   3.203027e-01   1.158070e-02
2.663675000000000015e+00   3.176518e-01   1.156740e-02
2.668387000000000064e+00   3.055230e-01   1.154662e-02
2.673097999999999974e+00   3.211267e-01   1.155273e-02
2.677808999999999884e+00   3.231132e-01   1.154187e-02
2.682519999999999794e+00   3.184603e-01   1.153342e-02
2.687231999999999843e+00   3.191177e-01   1.150447e-02
2.691943000000000197e+00   3.085208e-01   1.148521e-02
2.696654000000000106e+00   3.051114e-01   1.147829e-02
2.701365000000000016e+00   3.054155e-01   1.147472e-02
2.706077000000000066e+00   3.033201e-01   1.146401e-02
2.710787999999999975e+00   2.986986e-01   1.145140e-02
2.715498999999999885e+00   3.015965e-01   1.144877e-02
2.720209999999999795e+00   3.023155e-01   1.143153e-02
2.724921999999999844e+00   3.096257e-01   1.141457e-02
2.729633000000000198e+00   3.060289e-01   1.140470e-02
2.734344000000000108e+00   3.075891e-01   1.139088e-02
2.739055000000000017e+00   3.037299e-01   1.138487e-02
2.743767000000000067e+00   3.041222e-01   1.137848e-02
2.748477999999999977e+00   3.057058e-01   1.136866e-02
2.753188999999999886e+00   2.941577e-01   1.134777e-02
2.757899999999999796e+00   2.905713e-01   1.133934e-02
2.762611999999999846e+00   2.987328e-01   1.133383e-02
2.767323000000000199e+00   2.997184e-01   1.132114e-02
2.772034000000000109e+00   2.921395e-01   1.130509e-02
2.776745000000000019e+00   2.834408e-01   1.128443e-02
2.781457000000000068e+00   2.794847e-01   1.128600e-02
2.786167999999999978e+00   3.009384e-01   1.129362e-02
2.790878999999999888e+00   2.970642e-01   1.127875e-02
2.795589999999999797e+00   2.860871e-01   1.126175e-02
2.800301999999999847e+00   2.871541e-01   1.125150e-02
2.805013000000000201e+00   2.794091e-01   1.129769e-02
2.809724000000000110e+00   2.823878e-01   1.158086e-02
2.814436000000000160e+00   2.694907e-01   1.174819e-02
2.819147000000000070e+00   2.877044e-01   1.190786e-02
2.823857999999999979e+00   2.906503e-01   1.201981e-02
2.828568999999999889e+00   2.676167e-01   1.205913e-02
2.833280999999999938e+00   2.898762e-01   1.211524e-02
2.837991999999999848e+00   2.659457e-01   1.214761e-02
2.842703000000000202e+00   2.633920e-01   1.216747e-02
2.847414000000000112e+00   2.740800e-01   1.220908e-02
2.852126000000000161e+00   2.724337e-01   1.223936e-02
2.856837000000000071e+00   2.765536e-01   1.226990e-02
2.861547999999999981e+00   2.595651e-01   1.229316e-02
2.866258999999999890e+00   2.761007e-01   1.232834e-02
2.870970999999999940e+00   2.707740e-01   1.222267e-02
2.875681999999999849e+00   2.647953e-01   1.189875e-02
2.880393000000000203e+00   2.833484e-01   1.173002e-02
2.885104000000000113e+00   2.669450e-01   1.160211e-02
2.889816000000000162e+00   2.630031e-01   1.150478e-02
2.894527000000000072e+00   2.557548e-01   1.145231e-02
2.899237999999999982e+00   2.704182e-01   1.142949e-02
2.903948999999999891e+00   2.659300e-01   1.139197e-02
2.908660999999999941e+00   2.591305e-01   1.136190e-02
2.913371999999999851e+00   2.860735e-01   1.135902e-02
2.918083000000000204e+00   2.721653e-01   1.132226e-02
2.922794000000000114e+00   2.716482e-01   1.130772e-02
2.927506000000000164e+00   2.721040e-01   1.128981e-02
2.932217000000000073e+00   2.668356e-01   1.126508e-02
2.936927999999999983e+00   2.560262e-01   1.123630e-02
2.941638999999999893e+00   2.616447e-01   1.123013e-02
2.946350999999999942e+00   2.585274e-01   1.121055e-02
2.951061999999999852e+00   2.483997e-01   1.117936e-02
2.955773000000000206e+00   2.556849e-01   1.117775e-02
2.960484000000000115e+00   2.637889e-01   1.116378e-02
2.965196000000000165e+00   2.426413e-01   1.114513e-02
2.969907000000000075e+00   2.458044e-01   1.114379e-02
2.974617999999999984e+00   2.517834e-01   1.112651e-02
2.979328999999999894e+00   2.423969e-01   1.109858e-02
2.984040999999999944e+00   2.510220e-01   1.110131e-02
2.988751999999999853e+00   2.585210e-01   1.109726e-02
2.993463000000000207e+00   2.450151e-01   1.107120e-02
2.998174999999999812e+00   2.411996e-01   1.105885e-02
3.002886000000000166e+00   2.395560e-01   1.103790e-02
3.007597000000000076e+00   2.380441e-01   1.101830e-02
3.012307999999999986e+00   2.412886e-01   1.101170e-02
3.017020000000000035e+00   2.338365e-01   1.099372e-02
3.021730999999999945e+00   2.402155e-01   1.098987e-02
3.026441999999999855e+00   2.521823e-01   1.097653e-02
3.031153000000000208e+00   2.287459e-01   1.095835e-02
3.035864999999999814e+00   2.451480e-01   1.095587e-02
3.040576000000000167e+00   2.263253e-01   1.092572e-02
3.045287000000000077e+00   2.423102e-01   1.092823e-02
3.049997999999999987e+00   2.522636e-01   1.091559e-02
3.054710000000000036e+00   2.420483e-01   1.090342e-02
3.059420999999999946e+00   2.355544e-01   1.089430e-02
3.064131999999999856e+00   2.369598e-01   1.088182e-02
3.068843000000000210e+00   2.371710e-01   1.087247e-02
3.073554999999999815e+00   2.359796e-01   1.086816e-02
3.078266000000000169e+00   2.292524e-01   1.084581e-02
3.082977000000000078e+00   2.329315e-01   1.084584e-02
3.087687999999999988e+00   2.336263e-01   1.083670e-02
3.092400000000000038e+00   2.171338e-01   1.080972e-02
3.097110999999999947e+00   2.228186e-01   1.080972e-02
3.101821999999999857e+00   2.229622e-01   1.079684e-02
3.106533000000000211e+00   2.205677e-01   1.078534e-02
3.111244999999999816e+00   2.171940e-01   1.077102e-02
3.115956000000000170e+00   2.355538e-01   1.076610e-02
3.120667000000000080e+00   2.264829e-01   1.076188e-02
3.125377999999999989e+00   2.316372e-01   1.075842e-02
3.130090000000000039e+00   2.162627e-01   1.072836e-02
3.134800999999999949e+00   2.320609e-01   1.072193e-02
3.139511999999999858e+00   2.285181e-01   1.071912e-02
3.144223000000000212e+00   2.251221e-01   1.071324e-02
3.148934999999999818e+00   2.204403e-01   1.069314e-02
3.153646000000000171e+00   2.226824e-01   1.068532e-02
3.158357000000000081e+00   2.050876e-01   1.066837e-02
3.163067999999999991e+00   2.173463e-01   1.066740e-02
3.167780000000000040e+00   2.128224e-01   1.065584e-02
3.172490999999999950e+00   2.239187e-01   1.063877e-02
3.177201999999999860e+00   2.152396e-01   1.064146e-02
3.181913999999999909e+00   2.165835e-01   1.064436e-02
3.186624999999999819e+00   2.158114e-01   1.062465e-02
3.191336000000000173e+00   2.139270e-01   1.059140e-02
3.196047000000000082e+00   2.240633e-01   1.057924e-02
3.200759000000000132e+00   2.318981e-01   1.056877e-02
3.205470000000000041e+00   2.204157e-01   1.055706e-02
3.210180999999999951e+00   2.159817e-01   1.053578e-02
3.214891999999999861e+00   2.087228e-01   1.052017e-02
3.219603999999999910e+00   2.029773e-01   1.051042e-02
3.224314999999999820e+00   2.119103e-01   1.049790e-02
3.229026000000000174e+00   2.139738e-01   1.049677e-02
3.233737000000000084e+00   2.275526e-01   1.049128e-02
3.238449000000000133e+00   2.186097e-01   1.049374e-02
3.243160000000000043e+00   2.153914e-01   1.048965e-02
3.247870999999999952e+00   2.215161e-01   1.048249e-02
3.252581999999999862e+00   2.275326e-01   1.048887e-02
3.257293999999999912e+00   2.209293e-01   1.048604e-02
3.262004999999999821e+00   2.183651e-01   1.047793e-02
3.266716000000000175e+00   2.143972e-01   1.047197e-02
3.271427000000000085e+00   2.164422e-01   1.046227e-02
3.276139000000000134e+00   1.999046e-01   1.044158e-02
3.280850000000000044e+00   2.052598e-01   1.043847e-02
3.285560999999999954e+00   2.072102e-01   1.043161e-02
3.290271999999999863e+00   2.077328e-01   1.041740e-02
3.294983999999999913e+00   2.030446e-01   1.040762e-02
3.299694999999999823e+00   1.959955e-01   1.039592e-02
3.304406000000000176e+00   2.132355e-01   1.039578e-02
3.309117000000000086e+00   1.981100e-01   1.038282e-02
3.313829000000000136e+00   2.076240e-01   1.037976e-02
3.318540000000000045e+00   2.100883e-01   1.037716e-02
3.323250999999999955e+00   2.214033e-01   1.037478e-02
3.327961999999999865e+00   2.020009e-01   1.035275e-02
3.332673999999999914e+00   2.038282e-01   1.035271e-02
3.337384999999999824e+00   2.150543e-01   1.034582e-02
3.342096000000000178e+00   2.103459e-01   1.033730e-02
3.346807000000000087e+00   1.965999e-01   1.030586e-02
3.351519000000000137e+00   1.996397e-01   1.030811e-02
3.356230000000000047e+00   1.980527e-01   1.029844e-02
3.360940999999999956e+00   1.952544e-01   1.029037e-02
3.365653000000000006e+00   1.976742e-01   1.027997e-02
3.370363999999999916e+00   2.100861e-01   1.028384e-02
3.375074999999999825e+00   1.888167e-01   1.026906e-02
3.379786000000000179e+00   1.849900e-01   1.025956e-02
3.384497999999999784e+00   1.888685e-01   1.025655e-02
3.389209000000000138e+00   1.934511e-01   1.031964e-02
3.393920000000000048e+00   1.925438e-01   1.055323e-02
3.398630999999999958e+00   1.932531e-01   1.070250e-02
3.403343000000000007e+00   1.854314e-01   1.080480e-02
3.408053999999999917e+00   1.874117e-01   1.088353e-02
3.412764999999999826e+00   1.822024e-01   1.091288e-02
3.417476000000000180e+00   2.130246e-01   1.093931e-02
3.422187999999999786e+00   2.005272e-01   1.093496e-02
3.426899000000000139e+00   1.854460e-01   1.094242e-02
3.431610000000000049e+00   1.833530e-01   1.096461e-02
3.436320999999999959e+00   1.790493e-01   1.099677e-02
3.441033000000000008e+00   2.003629e-01   1.102753e-02
3.445743999999999918e+00   1.883204e-01   1.103620e-02
3.450454999999999828e+00   2.118207e-01   1.107242e-02
3.455166000000000182e+00   1.807604e-01   1.107039e-02
3.459877999999999787e+00   1.914028e-01   1.109921e-02
3.464589000000000141e+00   2.004771e-01   1.112477e-02
3.469300000000000050e+00   1.939927e-01   1.113103e-02
3.474010999999999960e+00   1.904465e-01   1.115284e-02
3.478723000000000010e+00   1.934665e-01   1.117628e-02
3.483433999999999919e+00   1.842287e-01   1.118556e-02
3.488144999999999829e+00   1.977238e-01   1.121331e-02
3.492856000000000183e+00   1.746590e-01   1.119976e-02
3.497567999999999788e+00   1.742348e-01   1.121861e-02
3.502279000000000142e+00   1.810674e-01   1.122687e-02
3.506990000000000052e+00   1.804678e-01   1.124097e-02
3.511700999999999961e+00   1.627869e-01   1.124521e-02
3.516413000000000011e+00   1.653370e-01   1.126713e-02
3.521123999999999921e+00   1.736667e-01   1.128018e-02
3.525834999999999830e+00   1.732304e-01   1.128498e-02
3.530546000000000184e+00   1.827284e-01   1.130764e-02
3.535257999999999790e+00   1.801931e-01   1.132485e-02
3.539969000000000143e+00   1.780054e-01   1.132019e-02
3.544680000000000053e+00   1.742475e-01   1.133995e-02
3.549392000000000102e+00   1.711685e-01   1.134626e-02
3.554103000000000012e+00   1.877958e-01   1.136187e-02
3.558813999999999922e+00   1.973449e-01   1.138520e-02
3.563524999999999832e+00   1.860990e-01   1.138852e-02
3.568236999999999881e+00   1.961640e-01   1.140788e-02
3.572947999999999791e+00   1.685157e-01   1.139076e-02
3.577659000000000145e+00   1.563522e-01   1.139246e-02
3.582370000000000054e+00   1.575643e-01   1.139431e-02
3.587082000000000104e+00   1.740450e-01   1.142373e-02
3.591793000000000013e+00   1.733135e-01   1.143666e-02
3.596503999999999923e+00   1.780312e-01   1.143137e-02
3.601214999999999833e+00   1.891781e-01   1.142692e-02
3.605926999999999882e+00   1.811303e-01   1.144118e-02
3.610637999999999792e+00   1.790641e-01   1.165482e-02
3.615349000000000146e+00   1.933013e-01   1.201280e-02
3.620060000000000056e+00   1.824654e-01   1.219244e-02
3.624772000000000105e+00   1.689598e-01   1.234353e-02
3.629483000000000015e+00   1.562703e-01   1.242997e-02
3.634193999999999924e+00   1.647314e-01   1.250527e-02
3.638904999999999834e+00   1.808199e-01   1.260985e-02
3.643616999999999884e+00   1.706827e-01   1.268478e-02
3.648327999999999793e+00   1.822580e-01   1.274824e-02
3.653039000000000147e+00   1.649657e-01   1.279352e-02
3.657750000000000057e+00   1.615792e-01   1.284820e-02
3.662462000000000106e+00   1.585430e-01   1.292121e-02
3.667173000000000016e+00   1.628929e-01   1.299250e-02
3.671883999999999926e+00   1.633192e-01   1.304963e-02
3.676594999999999835e+00   1.599700e-01   1.310078e-02
3.681306999999999885e+00   1.553399e-01   1.314921e-02
3.686017999999999795e+00   1.552739e-01   1.321489e-02
3.690729000000000148e+00   1.664815e-01   1.327790e-02
3.695440000000000058e+00   1.727317e-01   1.334786e-02
3.700152000000000108e+00   1.559200e-01   1.338184e-02
3.704863000000000017e+00   1.540563e-01   1.343283e-02
3.709573999999999927e+00   1.518168e-01   1.348839e-02
3.714284999999999837e+00   1.519239e-01   1.354243e-02
3.718996999999999886e+00   1.772528e-01   1.362393e-02
3.723707999999999796e+00   1.621138e-01   1.365226e-02
3.728419000000000150e+00   1.461116e-01   1.370156e-02
3.733131000000000199e+00   1.712750e-01   1.375936e-02
3.737842000000000109e+00   1.736325e-01   1.382223e-02
3.742553000000000019e+00   1.824043e-01   1.388547e-02
3.747263999999999928e+00   1.657512e-01   1.392129e-02
3.751975999999999978e+00   1.568339e-01   1.394462e-02
3.756686999999999887e+00   1.670513e-01   1.401717e-02
3.761397999999999797e+00   1.448128e-01   1.405373e-02
3.766109000000000151e+00   1.486378e-01   1.410414e-02
3.770821000000000200e+00   1.576511e-01   1.415690e-02
3.775532000000000110e+00   1.467645e-01   1.421180e-02
3.780243000000000020e+00   1.681859e-01   1.428499e-02
3.784953999999999930e+00   1.569216e-01   1.432234e-02
3.789665999999999979e+00   1.516657e-01   1.435855e-02
3.794376999999999889e+00   1.633929e-01   1.441214e-02
3.799087999999999798e+00   1.594659e-01   1.447860e-02
3.803799000000000152e+00   1.438685e-01   1.450771e-02
3.808511000000000202e+00   1.573742e-01   1.458750e-02
3.813222000000000111e+00   1.480603e-01   1.460375e-02
3.817933000000000021e+00   1.556512e-01   1.466747e-02
3.822643999999999931e+00   1.662285e-01   1.474500e-02
3.827355999999999980e+00   1.456897e-01   1.478714e-02
3.832066999999999890e+00   1.497670e-01   1.482383e-02
3.836777999999999800e+00   1.533284e-01   1.487987e-02
3.841489000000000154e+00   1.567266e-01   1.492946e-02
3.846201000000000203e+00   1.559779e-01   1.496490e-02
3.850912000000000113e+00   1.646439e-01   1.502923e-02
3.855623000000000022e+00   1.523965e-01   1.509075e-02
3.860333999999999932e+00   1.528470e-01   1.514018e-02
3.865045999999999982e+00   1.550619e-01   1.519604e-02
3.869756999999999891e+00   1.496500e-01   1.524793e-02
3.874467999999999801e+00   1.442432e-01   1.527956e-02
3.879179000000000155e+00   1.303436e-01   1.531994e-02
3.883891000000000204e+00   1.431797e-01   1.537921e-02
3.888602000000000114e+00   1.565726e-01   1.545994e-02
3.893313000000000024e+00   1.544536e-01   1.549676e-02
3.898023999999999933e+00   1.516547e-01   1.554458e-02
3.902735999999999983e+00   1.615962e-01   1.561768e-02
3.907446999999999893e+00   1.630481e-01   1.566356e-02
3.912157999999999802e+00   1.499904e-01   1.571579e-02
3.916869999999999852e+00   1.355791e-01   1.571316e-02
3.921581000000000206e+00   1.271238e-01   1.569953e-02
3.926292000000000115e+00   1.411825e-01   1.576418e-02
3.931003000000000025e+00   1.567392e-01   1.582745e-02
3.935715000000000074e+00   1.416407e-01   1.585990e-02
3.940425999999999984e+00   1.495316e-01   1.586895e-02
3.945136999999999894e+00   1.181370e-01   1.584454e-02
3.949847999999999804e+00   1.562506e-01   1.589176e-02
3.954559999999999853e+00   1.660348e-01   1.592413e-02
3.959271000000000207e+00   1.587246e-01   1.595026e-02
3.963982000000000117e+00   1.495303e-01   1.595047e-02
3.968693000000000026e+00   1.448922e-01   1.598568e-02
3.973405000000000076e+00   1.459413e-01   1.602522e-02
3.978115999999999985e+00   1.713706e-01   1.609991e-02
3.982826999999999895e+00   1.467896e-01   1.614610e-02
3.987537999999999805e+00   1.558870e-01   1.621157e-02
3.992249999999999854e+00   1.443990e-01   1.624379e-02
3.996961000000000208e+00   1.562346e-01   1.631216e-02
4.001672000000000118e+00   1.420066e-01   1.634774e-02
4.006382999999999583e+00   1.368971e-01   1.638612e-02
4.011095000000000077e+00   1.315043e-01   1.644207e-02
4.015806000000000431e+00   1.464651e-01   1.651084e-02
4.020516999999999896e+00   1.347257e-01   1.657016e-02
4.025228000000000250e+00   1.216790e-01   1.659252e-02
4.029939999999999856e+00   1.334930e-01   1.668039e-02
4.034651000000000209e+00   1.198221e-01   1.671180e-02
4.039361999999999675e+00   1.295788e-01   1.677550e-02
4.044073000000000029e+00   1.466572e-01   1.687154e-02
4.048784999999999634e+00   1.135667e-01   1.688655e-02
4.053495999999999988e+00   1.458015e-01   1.698392e-02
4.058207000000000342e+00   1.541416e-01   1.704555e-02
4.062917999999999807e+00   1.349510e-01   1.706295e-02
4.067630000000000301e+00   1.505156e-01   1.714245e-02
4.072340999999999767e+00   1.434182e-01   1.719875e-02
4.077052000000000120e+00   1.706307e-01   1.727540e-02
4.081762999999999586e+00   1.156454e-01   1.730711e-02
4.086475000000000080e+00   1.384589e-01   1.738545e-02
4.091186000000000433e+00   1.427380e-01   1.746340e-02
4.095896999999999899e+00   1.460017e-01   1.752470e-02
4.100609000000000393e+00   1.288132e-01   1.757386e-02
4.105319999999999858e+00   1.185302e-01   1.763920e-02
4.110031000000000212e+00   1.196588e-01   1.769943e-02
4.114741999999999678e+00   1.215423e-01   1.775559e-02
4.119454000000000171e+00   1.130913e-01   1.778652e-02
4.124164999999999637e+00   1.439007e-01   1.789572e-02
4.128875999999999991e+00   1.493710e-01   1.795925e-02
4.133587000000000344e+00   1.402065e-01   1.802116e-02
4.138298999999999950e+00   1.650920e-01   1.810393e-02
4.143010000000000304e+00   1.579160e-01   1.816520e-02
4.147720999999999769e+00   1.223142e-01   1.819040e-02
4.152432000000000123e+00   1.261136e-01   1.827447e-02
4.157143999999999728e+00   1.375827e-01   1.836211e-02
4.161855000000000082e+00   1.113319e-01   1.841106e-02
4.166566000000000436e+00   1.292708e-01   1.846556e-02
4.171276999999999902e+00   1.134221e-01   1.853276e-02
4.175989000000000395e+00   1.112420e-01   1.861491e-02
4.180699999999999861e+00   1.194969e-01   1.868443e-02
4.185411000000000215e+00   1.632141e-01   1.878799e-02
4.190121999999999680e+00   1.395811e-01   1.885946e-02
4.194834000000000174e+00   1.059576e-01   1.887219e-02
4.199544999999999639e+00   1.367272e-01   1.896523e-02
4.204255999999999993e+00   1.544602e-01   1.905740e-02
4.208967000000000347e+00   1.341776e-01   1.911490e-02
4.213678999999999952e+00   1.643796e-01   1.924198e-02
4.218390000000000306e+00   1.401811e-01   1.928147e-02
4.223100999999999772e+00   1.144980e-01   1.933947e-02
4.227812000000000126e+00   1.261511e-01   1.942914e-02
4.232523999999999731e+00   1.308810e-01   1.951597e-02
4.237235000000000085e+00   1.378141e-01   1.958719e-02
4.241946000000000438e+00   1.415301e-01   1.964260e-02
4.246656999999999904e+00   1.453211e-01   1.975420e-02
4.251369000000000398e+00   1.436206e-01   1.982724e-02
4.256079999999999863e+00   1.263861e-01   1.992026e-02
4.260791000000000217e+00   1.327458e-01   1.997779e-02
4.265501999999999683e+00   9.629776e-02   2.003064e-02
4.270214000000000176e+00   1.250869e-01   2.017072e-02
4.274924999999999642e+00   1.211390e-01   2.022817e-02
4.279635999999999996e+00   1.005041e-01   2.034612e-02
4.284347999999999601e+00   1.061717e-01   2.040906e-02
4.289058999999999955e+00   1.232102e-01   2.046503e-02
4.293770000000000309e+00   1.249315e-01   2.051756e-02
4.298480999999999774e+00   1.457810e-01   2.066548e-02
4.303193000000000268e+00   1.300305e-01   2.074980e-02
4.307903999999999733e+00   1.463500e-01   2.084931e-02
4.312615000000000087e+00   1.606200e-01   2.094595e-02
4.317326000000000441e+00   1.635695e-01   2.104405e-02
4.322038000000000046e+00   1.336619e-01   2.114540e-02
4.326749000000000400e+00   1.350351e-01   2.123019e-02
4.331459999999999866e+00   9.950116e-02   2.127526e-02
4.336171000000000220e+00   1.192391e-01   2.141073e-02
4.340882999999999825e+00   1.475360e-01   2.154113e-02
4.345594000000000179e+00   1.226770e-01   2.159171e-02
4.350304999999999644e+00   1.370344e-01   2.172385e-02
4.355015999999999998e+00   1.332768e-01   2.185746e-02
4.359727999999999604e+00   7.643574e-02   2.184657e-02
4.364438999999999957e+00   1.264412e-01   2.198973e-02
4.369150000000000311e+00   1.062238e-01   2.212412e-02
4.373860999999999777e+00   1.043848e-01   2.221277e-02
4.378573000000000270e+00   7.910723e-02   2.231536e-02
4.383283999999999736e+00   1.321131e-01   2.247003e-02
4.387995000000000090e+00   1.219626e-01   2.255801e-02
4.392706000000000444e+00   1.192891e-01   2.270209e-02
4.397418000000000049e+00   1.026464e-01   2.273363e-02
4.402129000000000403e+00   6.532704e-02   2.270481e-02
4.406839999999999868e+00   1.395000e-01   2.279600e-02
4.411551000000000222e+00   1.271871e-01   2.280420e-02
4.416262999999999828e+00   1.009667e-01   2.277867e-02
4.420974000000000181e+00   9.680168e-02   2.283016e-02
4.425684999999999647e+00   1.202232e-01   2.284209e-02
4.430396000000000001e+00   1.233322e-01   2.288113e-02
4.435107999999999606e+00   1.289046e-01   2.291222e-02
4.439818999999999960e+00   1.243048e-01   2.294778e-02
4.444530000000000314e+00   9.633810e-02   2.298500e-02
4.449240999999999779e+00   8.715763e-02   2.310384e-02
4.453953000000000273e+00   9.826969e-02   2.325755e-02
4.458663999999999739e+00   1.044459e-01   2.334558e-02
4.463375000000000092e+00   9.785994e-02   2.349217e-02
4.468086999999999698e+00   7.284237e-02   2.361040e-02
4.472798000000000052e+00   9.556665e-02   2.372428e-02
4.477509000000000405e+00   9.455551e-02   2.389921e-02
4.482219999999999871e+00   1.249243e-01   2.406225e-02
4.486932000000000365e+00   1.120762e-01   2.411814e-02
4.491642999999999830e+00   8.508283e-02   2.424404e-02
4.496354000000000184e+00   1.110784e-01   2.441856e-02
4.501064999999999650e+00   1.072277e-01   2.453226e-02
4.505777000000000143e+00   1.105566e-01   2.469481e-02
4.510487999999999609e+00   1.138109e-01   2.484319e-02
4.515198999999999963e+00   1.287460e-01   2.494586e-02
4.519910000000000316e+00   1.409945e-01   2.517090e-02
4.524621999999999922e+00   1.025411e-01   2.528625e-02
4.529333000000000276e+00   1.007462e-01   2.539240e-02
4.534043999999999741e+00   9.353003e-02   2.557423e-02
4.538755000000000095e+00   9.254816e-02   2.578813e-02
4.543466999999999700e+00   1.546521e-01   2.597944e-02
4.548178000000000054e+00   1.529311e-01   2.613312e-02
4.552889000000000408e+00   1.186741e-01   2.624089e-02
4.557599999999999874e+00   9.574497e-02   2.635897e-02
4.562312000000000367e+00   1.103464e-01   2.657681e-02
4.567022999999999833e+00   8.241781e-02   2.673296e-02
4.571734000000000187e+00   8.367428e-02   2.687988e-02
4.576444999999999652e+00   1.026411e-01   2.703265e-02
4.581157000000000146e+00   1.120744e-01   2.724589e-02
4.585867999999999611e+00   1.099045e-01   2.743092e-02
4.590578999999999965e+00   1.011714e-01   2.767969e-02
4.595290000000000319e+00   8.302232e-02   2.783107e-02
4.600001999999999924e+00   1.422047e-01   2.807293e-02
4.604713000000000278e+00   1.283028e-01   2.827325e-02
4.609423999999999744e+00   8.263574e-02   2.847507e-02
4.614135000000000097e+00   9.879405e-02   2.866165e-02
4.618846999999999703e+00   1.387609e-01   2.896677e-02
4.623558000000000057e+00   1.457109e-01   2.913533e-02
4.628269000000000410e+00   1.137571e-01   2.930852e-02
4.632979999999999876e+00   1.267469e-01   2.954851e-02
4.637692000000000370e+00   1.035003e-01   2.980138e-02
4.642402999999999835e+00   9.515990e-02   3.006965e-02
4.647114000000000189e+00   1.042487e-01   3.026932e-02
4.651825999999999794e+00   9.955112e-02   3.055296e-02
4.656537000000000148e+00   8.610459e-02   3.077644e-02
4.661247999999999614e+00   1.075972e-01   3.104447e-02
4.665958999999999968e+00   1.530164e-01   3.141863e-02
4.670670999999999573e+00   1.236455e-01   3.164531e-02
4.675381999999999927e+00   6.042700e-02   3.184786e-02
4.680093000000000281e+00   9.479888e-02   3.212127e-02
4.684803999999999746e+00   8.184429e-02   3.249321e-02
4.689516000000000240e+00   5.923079e-02   3.268275e-02
4.694226999999999705e+00   1.098845e-01   3.313271e-02
4.698938000000000059e+00   1.338311e-01   3.348429e-02
4.703649000000000413e+00   1.118543e-01   3.381329e-02
4.708361000000000018e+00   1.027641e-01   3.414679e-02
4.713072000000000372e+00   9.892875e-02   3.441631e-02
4.717782999999999838e+00   9.021617e-02   3.477908e-02
4.722494000000000192e+00   1.102640e-01   3.514874e-02
4.727205999999999797e+00   9.011346e-02   3.559450e-02
4.731917000000000151e+00   1.018560e-01   3.598553e-02
4.736627999999999616e+00   1.142996e-01   3.643185e-02
4.741338999999999970e+00   1.108789e-01   3.681525e-02
4.746050999999999576e+00   7.671122e-02   3.714861e-02
4.750761999999999929e+00   8.969046e-02   3.779907e-02
4.755473000000000283e+00   9.484149e-02   3.821208e-02
4.760183999999999749e+00   9.648247e-02   3.865203e-02
4.764896000000000242e+00   7.874669e-02   3.910678e-02
4.769606999999999708e+00   1.558770e-01   3.980435e-02
4.774318000000000062e+00   1.245162e-01   4.025649e-02
4.779029000000000416e+00   1.166527e-01   4.095716e-02
4.783741000000000021e+00   1.323218e-01   4.157966e-02
4.788452000000000375e+00   1.181201e-01   4.217482e-02
4.793162999999999840e+00   7.155803e-02   4.272308e-02
4.797874000000000194e+00   1.503399e-02   4.317034e-02
4.802585999999999800e+00   2.767292e-02   4.391606e-02
4.807297000000000153e+00   1.043670e-01   4.487064e-02
4.812007999999999619e+00   9.841937e-02   4.560679e-02
4.816718999999999973e+00   1.403151e-01   4.647882e-02
4.821430999999999578e+00   1.313582e-01   4.761827e-02
4.826141999999999932e+00   1.040701e-01   4.852172e-02
4.830853000000000286e+00   9.954002e-02   4.939992e-02
4.835564999999999891e+00   7.734133e-02   5.025105e-02
4.840276000000000245e+00   1.012748e-01   5.135248e-02
4.844986999999999711e+00   7.451050e-02   5.259940e-02
4.849698000000000064e+00   1.442647e-01   5.421127e-02
4.854409999999999670e+00   1.423602e-01   5.559419e-02
4.859121000000000024e+00   5.170891e-02   5.689588e-02
4.863832000000000377e+00   5.899002e-02   5.815212e-02
4.868542999999999843e+00   1.262629e-01   6.022113e-02
4.873255000000000337e+00   2.058657e-01   6.239427e-02
4.877965999999999802e+00   1.301689e-02   6.415904e-02
4.882677000000000156e+00   4.204916e-02   6.672393e-02
4.887387999999999622e+00   9.503259e-02   6.944306e-02
4.892100000000000115e+00   1.421557e-01   7.285479e-02
4.896810999999999581e+00   1.639292e-01   7.656957e-02
4.901521999999999935e+00   1.016402e-01   8.041147e-02
4.906233000000000288e+00   1.565508e-01   8.491548e-02
4.910944999999999894e+00   1.898778e-01   9.069610e-02
4.915656000000000247e+00   5.646565e-02   9.741963e-02
4.920366999999999713e+00  -1.883950e-02   1.052889e-01
4.925078000000000067e+00  -2.753894e-02   1.160297e-01
4.929789999999999672e+00  -3.952308e-02   1.329367e-01
4.934501000000000026e+00   1.170962e-02   1.586852e-01
4.939212000000000380e+00  -1.366125e-01   2.070087e-01
4.943922999999999845e+00  -7.045962e-02   3.752381e-01