# [3]
# Sample c= 3.87 mg/ml
# Intensity scaled by concentration
# Buffer subtracted data file:
# Protein DatFile = /data/visitor/mx1908/bm29/20161119/giulio/1d/mM25_006_ave.dat
# Buffer DatFile = /data/visitor/mx1908/bm29/20161119/giulio/ednaSub/mM25_006_ave_averbuffer.dat
# 
# AutoRg: Rg   =   0.8392 +/- 0.14 ( 17.0%)
# AutoRg: I(0) =   1.73 +/- 0.0107
# AutoRg: Points   185 to 279 ( 95 total)
# AutoRg: Quality: 64.5%
# 
# 
# Sample Information:
# Storage Temperature (degrees C): 20.0
# Measurement Temperature (degrees C): 19.98
# Concentration: 3.87
# Code: 
3.479420999999999903e-02   3.781525e-01   1.974836e+00
3.950545999999999919e-02   7.208204e-01   7.745062e-01
4.421672000000000102e-02   8.803230e-01   5.019543e-01
4.892798000000000286e-02   1.005138e+00   3.828940e-01
5.363923000000000302e-02   9.159780e-01   3.057547e-01
5.835048999999999791e-02   6.793824e-01   2.500529e-01
6.306174999999999975e-02   9.096079e-01   2.067505e-01
6.777299999999999991e-02   9.420207e-01   1.755579e-01
7.248425999999999481e-02   9.291466e-01   1.517756e-01
7.719552000000000358e-02   8.992229e-01   1.333305e-01
8.190677000000000374e-02   7.774380e-01   1.174762e-01
8.661802999999999864e-02   7.718495e-01   1.051598e-01
9.132928999999999353e-02   9.182490e-01   9.565414e-02
9.604053999999999369e-02   8.718895e-01   8.776994e-02
1.007518000000000025e-01   8.459867e-01   8.065484e-02
1.054631000000000041e-01   7.769249e-01   7.476163e-02
1.101743000000000028e-01   7.804973e-01   6.975613e-02
1.148856000000000044e-01   9.305960e-01   6.553963e-02
1.195968000000000031e-01   9.091939e-01   6.178447e-02
1.243081000000000047e-01   8.902251e-01   5.845749e-02
1.290193000000000034e-01   8.677198e-01   5.570363e-02
1.337306000000000050e-01   8.642822e-01   5.315744e-02
1.384419000000000066e-01   9.047370e-01   5.103069e-02
1.431531000000000053e-01   9.255039e-01   4.897960e-02
1.478644000000000069e-01   9.116513e-01   4.721836e-02
1.525756000000000057e-01   8.672940e-01   4.561213e-02
1.572869000000000073e-01   8.985462e-01   4.427365e-02
1.619981000000000060e-01   8.883686e-01   4.291144e-02
1.667094000000000076e-01   8.445455e-01   4.169986e-02
1.714206000000000063e-01   8.495870e-01   4.058076e-02
1.761319000000000079e-01   9.017511e-01   3.964868e-02
1.808432000000000095e-01   8.992761e-01   3.865693e-02
1.855544000000000082e-01   9.361066e-01   3.791301e-02
1.902657000000000098e-01   9.228891e-01   3.707625e-02
1.949769000000000085e-01   9.575033e-01   3.646161e-02
1.996882000000000101e-01   9.497339e-01   3.574437e-02
2.043994000000000089e-01   9.439141e-01   3.507584e-02
2.091107000000000105e-01   9.032010e-01   3.441964e-02
2.138220000000000121e-01   9.390536e-01   3.395208e-02
2.185332000000000108e-01   9.009881e-01   3.331902e-02
2.232445000000000124e-01   9.412546e-01   3.282854e-02
2.279557000000000111e-01   9.291138e-01   3.230032e-02
2.326670000000000127e-01   9.638353e-01   3.191351e-02
2.373782000000000114e-01   9.957754e-01   3.153994e-02
2.420895000000000130e-01   1.013530e+00   3.111396e-02
2.468007000000000117e-01   9.957311e-01   3.069451e-02
2.515120000000000133e-01   9.592694e-01   3.033076e-02
2.562232999999999872e-01   9.884552e-01   2.995543e-02
2.609345000000000137e-01   9.515488e-01   2.955812e-02
2.656457999999999875e-01   9.890474e-01   2.928178e-02
2.703570000000000140e-01   1.019405e+00   2.900155e-02
2.750682999999999878e-01   1.000757e+00   2.873419e-02
2.797795000000000143e-01   9.961563e-01   2.837854e-02
2.844907999999999881e-01   1.040143e+00   2.812542e-02
2.892021000000000175e-01   1.055191e+00   2.787783e-02
2.939132999999999885e-01   1.037935e+00   2.758067e-02
2.986246000000000178e-01   1.016583e+00   2.728250e-02
3.033357999999999888e-01   9.906793e-01   2.704992e-02
3.080471000000000181e-01   1.031579e+00   2.682133e-02
3.127582999999999891e-01   1.003789e+00   2.658765e-02
3.174696000000000184e-01   1.020085e+00   2.635665e-02
3.221808999999999923e-01   1.094072e+00   2.617687e-02
3.268921000000000188e-01   1.075953e+00   2.598619e-02
3.316033999999999926e-01   1.045059e+00   2.577279e-02
3.363146000000000191e-01   1.032263e+00   2.595944e-02
3.410258999999999929e-01   1.054668e+00   2.620372e-02
3.457371000000000194e-01   1.068542e+00   2.633264e-02
3.504483999999999932e-01   1.043407e+00   2.665972e-02
3.551596000000000197e-01   1.049855e+00   2.724823e-02
3.598708999999999936e-01   1.059123e+00   2.755044e-02
3.645822000000000229e-01   1.103626e+00   2.786878e-02
3.692933999999999939e-01   1.040784e+00   2.801694e-02
3.740047000000000232e-01   1.111453e+00   2.828034e-02
3.787158999999999942e-01   1.113688e+00   2.846194e-02
3.834272000000000236e-01   1.079877e+00   2.858999e-02
3.881383999999999945e-01   1.098359e+00   2.873234e-02
3.928497000000000239e-01   1.117863e+00   2.944257e-02
3.975609999999999977e-01   1.123454e+00   3.033481e-02
4.022722000000000242e-01   1.145185e+00   3.100494e-02
4.069834999999999980e-01   1.115123e+00   3.158644e-02
4.116947000000000245e-01   1.139637e+00   3.207660e-02
4.164059999999999984e-01   1.172664e+00   3.254323e-02
4.211172000000000248e-01   1.137679e+00   3.306605e-02
4.258284999999999987e-01   1.143581e+00   3.357053e-02
4.305397000000000252e-01   1.149561e+00   3.397713e-02
4.352509999999999990e-01   1.160143e+00   3.445820e-02
4.399622999999999728e-01   1.158766e+00   3.497624e-02
4.446734999999999993e-01   1.154068e+00   3.566524e-02
4.493847999999999732e-01   1.170059e+00   3.617232e-02
4.540959999999999996e-01   1.159293e+00   3.648559e-02
4.588072999999999735e-01   1.183044e+00   3.523028e-02
4.635185000000000000e-01   1.161988e+00   3.439412e-02
4.682297999999999738e-01   1.194055e+00   3.383841e-02
4.729411000000000032e-01   1.210588e+00   3.351104e-02
4.776522999999999741e-01   1.146414e+00   3.306289e-02
4.823636000000000035e-01   1.147179e+00   3.284953e-02
4.870747999999999744e-01   1.214396e+00   3.277114e-02
4.917861000000000038e-01   1.256756e+00   3.260277e-02
4.964972999999999748e-01   1.287933e+00   3.238017e-02
5.012086000000000041e-01   1.270112e+00   3.223772e-02
5.059198999999999780e-01   1.211909e+00   3.200886e-02
5.106311000000000044e-01   1.230729e+00   3.189545e-02
5.153423999999999783e-01   1.251524e+00   3.168515e-02
5.200536000000000048e-01   1.240561e+00   3.148380e-02
5.247648999999999786e-01   1.258636e+00   3.133603e-02
5.294761000000000051e-01   1.200723e+00   3.103590e-02
5.341873999999999789e-01   1.238443e+00   3.077782e-02
5.388986000000000054e-01   1.235924e+00   3.061637e-02
5.436098999999999792e-01   1.271140e+00   3.047242e-02
5.483211999999999531e-01   1.293833e+00   3.028382e-02
5.530323999999999796e-01   1.311354e+00   3.009722e-02
5.577436999999999534e-01   1.259459e+00   2.983599e-02
5.624548999999999799e-01   1.236655e+00   2.965504e-02
5.671661999999999537e-01   1.273653e+00   2.955932e-02
5.718773999999999802e-01   1.282947e+00   2.949821e-02
5.765886999999999540e-01   1.293962e+00   2.944988e-02
5.813000000000000389e-01   1.319668e+00   2.940350e-02
5.860111999999999544e-01   1.281634e+00   2.930530e-02
5.907225000000000392e-01   1.287916e+00   2.924602e-02
5.954336999999999547e-01   1.322805e+00   2.919634e-02
6.001450000000000395e-01   1.277835e+00   2.911880e-02
6.048561999999999550e-01   1.325809e+00   2.907325e-02
6.095675000000000399e-01   1.331534e+00   2.903321e-02
6.142788000000000137e-01   1.363084e+00   2.902725e-02
6.189900000000000402e-01   1.331631e+00   2.887124e-02
6.237013000000000140e-01   1.357247e+00   2.883389e-02
6.284125000000000405e-01   1.391074e+00   2.881367e-02
6.331238000000000143e-01   1.392662e+00   2.870093e-02
6.378350000000000408e-01   1.321661e+00   2.857662e-02
6.425463000000000147e-01   1.314023e+00   2.850158e-02
6.472575000000000411e-01   1.359778e+00   2.854002e-02
6.519688000000000150e-01   1.368442e+00   2.843225e-02
6.566800999999999888e-01   1.373836e+00   2.841137e-02
6.613913000000000153e-01   1.307243e+00   2.828508e-02
6.661025999999999891e-01   1.338101e+00   2.824492e-02
6.708138000000000156e-01   1.378455e+00   2.818953e-02
6.755250999999999895e-01   1.389672e+00   2.815566e-02
6.802363000000000159e-01   1.359786e+00   2.806148e-02
6.849475999999999898e-01   1.396486e+00   2.803899e-02
6.896588999999999636e-01   1.407363e+00   2.797346e-02
6.943700999999999901e-01   1.406233e+00   2.793869e-02
6.990813999999999639e-01   1.369795e+00   2.781136e-02
7.037925999999999904e-01   1.377410e+00   2.776995e-02
7.085038999999999643e-01   1.361251e+00   2.770381e-02
7.132150999999999907e-01   1.400015e+00   2.767565e-02
7.179263999999999646e-01   1.401513e+00   2.758625e-02
7.226375999999999911e-01   1.405741e+00   2.757607e-02
7.273488999999999649e-01   1.379715e+00   2.747418e-02
7.320602000000000498e-01   1.385579e+00   2.742457e-02
7.367713999999999652e-01   1.371293e+00   2.734082e-02
7.414827000000000501e-01   1.415177e+00   2.733943e-02
7.461938999999999655e-01   1.398201e+00   2.725758e-02
7.509052000000000504e-01   1.367772e+00   2.719223e-02
7.556163999999999659e-01   1.401270e+00   2.719756e-02
7.603277000000000507e-01   1.416233e+00   2.712675e-02
7.650390000000000246e-01   1.364687e+00   2.701811e-02
7.697502000000000510e-01   1.405919e+00   2.699187e-02
7.744615000000000249e-01   1.459104e+00   2.700785e-02
7.791727000000000514e-01   1.433766e+00   2.691881e-02
7.838840000000000252e-01   1.409732e+00   2.686159e-02
7.885952000000000517e-01   1.420882e+00   2.683546e-02
7.933065000000000255e-01   1.440108e+00   2.678123e-02
7.980177999999999994e-01   1.447630e+00   2.676972e-02
8.027290000000000258e-01   1.418556e+00   2.664271e-02
8.074402999999999997e-01   1.400005e+00   2.657931e-02
8.121515000000000262e-01   1.391235e+00   2.650041e-02
8.168628000000000000e-01   1.420154e+00   2.646704e-02
8.215740000000000265e-01   1.436365e+00   2.644409e-02
8.262853000000000003e-01   1.433234e+00   2.642901e-02
8.309965000000000268e-01   1.400960e+00   2.633683e-02
8.357078000000000007e-01   1.421398e+00   2.627045e-02
8.404190999999999745e-01   1.393509e+00   2.621026e-02
8.451303000000000010e-01   1.425138e+00   2.618654e-02
8.498415999999999748e-01   1.403822e+00   2.611116e-02
8.545528000000000013e-01   1.370140e+00   2.604156e-02
8.592640999999999751e-01   1.409769e+00   2.600777e-02
8.639753000000000016e-01   1.418061e+00   2.595988e-02
8.686865999999999755e-01   1.393522e+00   2.587444e-02
8.733978999999999493e-01   1.436380e+00   2.589497e-02
8.781090999999999758e-01   1.413517e+00   2.584130e-02
8.828203999999999496e-01   1.406763e+00   2.578994e-02
8.875315999999999761e-01   1.414775e+00   2.569422e-02
8.922428999999999499e-01   1.382709e+00   2.561832e-02
8.969540999999999764e-01   1.373287e+00   2.556747e-02
9.016653999999999503e-01   1.402584e+00   2.557506e-02
9.063767000000000351e-01   1.412689e+00   2.554938e-02
9.110878999999999506e-01   1.422479e+00   2.545072e-02
9.157992000000000354e-01   1.411100e+00   2.544563e-02
9.205103999999999509e-01   1.407637e+00   2.540394e-02
9.252217000000000358e-01   1.402847e+00   2.533581e-02
9.299328999999999512e-01   1.392912e+00   2.527295e-02
9.346442000000000361e-01   1.398849e+00   2.523885e-02
9.393553999999999515e-01   1.403691e+00   2.520242e-02
9.440667000000000364e-01   1.417066e+00   2.514470e-02
9.487780000000000102e-01   1.392001e+00   2.507486e-02
9.534892000000000367e-01   1.403932e+00   2.504022e-02
9.582005000000000106e-01   1.385742e+00   2.498040e-02
9.629117000000000370e-01   1.369164e+00   2.493242e-02
9.676230000000000109e-01   1.360966e+00   2.484974e-02
9.723342000000000374e-01   1.383554e+00   2.487078e-02
9.770455000000000112e-01   1.373394e+00   2.478834e-02
9.817567999999999850e-01   1.350489e+00   2.470299e-02
9.864680000000000115e-01   1.408375e+00   2.470676e-02
9.911792999999999854e-01   1.394136e+00   2.465096e-02
9.958905000000000118e-01   1.378217e+00   2.462181e-02
1.000601999999999991e+00   1.366159e+00   2.457364e-02
1.005312999999999901e+00   1.385068e+00   2.454770e-02
1.010024000000000033e+00   1.385160e+00   2.449289e-02
1.014736000000000082e+00   1.358307e+00   2.442586e-02
1.019446999999999992e+00   1.331982e+00   2.434889e-02
1.024157999999999902e+00   1.371621e+00   2.434518e-02
1.028869000000000034e+00   1.336655e+00   2.429650e-02
1.033581000000000083e+00   1.320731e+00   2.422642e-02
1.038291999999999993e+00   1.336843e+00   2.419331e-02
1.043002999999999902e+00   1.345301e+00   2.416828e-02
1.047714000000000034e+00   1.342006e+00   2.413089e-02
1.052426000000000084e+00   1.339033e+00   2.408188e-02
1.057136999999999993e+00   1.306830e+00   2.404122e-02
1.061847999999999903e+00   1.304889e+00   2.397698e-02
1.066559000000000035e+00   1.346082e+00   2.394524e-02
1.071271000000000084e+00   1.311367e+00   2.390072e-02
1.075981999999999994e+00   1.302907e+00   2.386141e-02
1.080692999999999904e+00   1.321485e+00   2.383618e-02
1.085404000000000035e+00   1.314931e+00   2.375736e-02
1.090116000000000085e+00   1.262632e+00   2.371134e-02
1.094826999999999995e+00   1.309713e+00   2.369480e-02
1.099537999999999904e+00   1.310642e+00   2.367067e-02
1.104249000000000036e+00   1.294395e+00   2.364930e-02
1.108961000000000086e+00   1.332376e+00   2.358849e-02
1.113671999999999995e+00   1.301891e+00   2.354241e-02
1.118382999999999905e+00   1.302600e+00   2.347802e-02
1.123094000000000037e+00   1.314742e+00   2.346944e-02
1.127806000000000086e+00   1.262951e+00   2.339728e-02
1.132516999999999996e+00   1.271982e+00   2.335571e-02
1.137227999999999906e+00   1.248066e+00   2.331726e-02
1.141939000000000037e+00   1.296129e+00   2.329082e-02
1.146651000000000087e+00   1.263262e+00   2.324915e-02
1.151361999999999997e+00   1.269424e+00   2.320961e-02
1.156072999999999906e+00   1.243105e+00   2.313355e-02
1.160784000000000038e+00   1.216574e+00   2.308649e-02
1.165496000000000087e+00   1.271205e+00   2.309165e-02
1.170206999999999997e+00   1.270334e+00   2.304339e-02
1.174917999999999907e+00   1.253029e+00   2.300368e-02
1.179629999999999956e+00   1.240246e+00   2.297510e-02
1.184341000000000088e+00   1.223287e+00   2.290459e-02
1.189051999999999998e+00   1.254472e+00   2.288169e-02
1.193762999999999908e+00   1.235639e+00   2.289225e-02
1.198474999999999957e+00   1.204076e+00   2.336798e-02
1.203186000000000089e+00   1.236072e+00   2.399463e-02
1.207896999999999998e+00   1.211553e+00   2.434990e-02
1.212607999999999908e+00   1.198439e+00   2.468841e-02
1.217319999999999958e+00   1.200327e+00   2.499876e-02
1.222031000000000089e+00   1.233292e+00   2.525043e-02
1.226741999999999999e+00   1.233721e+00   2.551866e-02
1.231452999999999909e+00   1.200417e+00   2.571056e-02
1.236164999999999958e+00   1.218528e+00   2.594347e-02
1.240876000000000090e+00   1.219496e+00   2.611521e-02
1.245587000000000000e+00   1.225754e+00   2.624352e-02
1.250297999999999909e+00   1.229552e+00   2.631077e-02
1.255009999999999959e+00   1.205036e+00   2.634938e-02
1.259721000000000091e+00   1.187401e+00   2.636367e-02
1.264432000000000000e+00   1.166489e+00   2.542188e-02
1.269142999999999910e+00   1.168513e+00   2.478117e-02
1.273854999999999960e+00   1.170659e+00   2.437803e-02
1.278566000000000091e+00   1.169207e+00   2.402161e-02
1.283277000000000001e+00   1.193518e+00   2.377873e-02
1.287987999999999911e+00   1.159690e+00   2.354383e-02
1.292699999999999960e+00   1.125836e+00   2.331942e-02
1.297411000000000092e+00   1.167901e+00   2.318627e-02
1.302122000000000002e+00   1.161892e+00   2.298678e-02
1.306832999999999911e+00   1.160947e+00   2.285962e-02
1.311544999999999961e+00   1.137627e+00   2.277552e-02
1.316256000000000093e+00   1.146384e+00   2.272758e-02
1.320967000000000002e+00   1.162371e+00   2.264912e-02
1.325677999999999912e+00   1.139864e+00   2.260447e-02
1.330389999999999961e+00   1.112893e+00   2.253946e-02
1.335101000000000093e+00   1.135970e+00   2.250023e-02
1.339812000000000003e+00   1.123097e+00   2.242785e-02
1.344522999999999913e+00   1.136568e+00   2.240020e-02
1.349234999999999962e+00   1.081669e+00   2.234227e-02
1.353946000000000094e+00   1.072709e+00   2.225518e-02
1.358657000000000004e+00   1.072430e+00   2.221203e-02
1.363369000000000053e+00   1.097048e+00   2.219354e-02
1.368079999999999963e+00   1.108143e+00   2.215578e-02
1.372791000000000095e+00   1.083911e+00   2.209667e-02
1.377502000000000004e+00   1.057795e+00   2.205848e-02
1.382214000000000054e+00   1.073099e+00   2.199914e-02
1.386924999999999963e+00   1.091340e+00   2.196720e-02
1.391636000000000095e+00   1.063297e+00   2.191253e-02
1.396347000000000005e+00   1.071702e+00   2.190290e-02
1.401059000000000054e+00   1.055947e+00   2.183180e-02
1.405769999999999964e+00   1.038960e+00   2.175892e-02
1.410481000000000096e+00   1.054689e+00   2.174502e-02
1.415192000000000005e+00   1.033157e+00   2.170065e-02
1.419904000000000055e+00   1.011471e+00   2.163374e-02
1.424614999999999965e+00   1.051238e+00   2.163860e-02
1.429326000000000096e+00   1.026896e+00   2.160914e-02
1.434037000000000006e+00   1.024009e+00   2.155958e-02
1.438749000000000056e+00   1.029201e+00   2.149151e-02
1.443459999999999965e+00   1.051393e+00   2.150141e-02
1.448171000000000097e+00   1.033570e+00   2.144111e-02
1.452882000000000007e+00   1.020838e+00   2.139144e-02
1.457594000000000056e+00   1.013621e+00   2.136337e-02
1.462304999999999966e+00   1.009224e+00   2.131703e-02
1.467016000000000098e+00   9.919689e-01   2.129013e-02
1.471727000000000007e+00   9.793513e-01   2.123993e-02
1.476439000000000057e+00   9.641675e-01   2.119852e-02
1.481149999999999967e+00   1.017190e+00   2.120797e-02
1.485861000000000098e+00   9.744436e-01   2.115664e-02
1.490572000000000008e+00   9.543711e-01   2.110433e-02
1.495284000000000058e+00   9.383570e-01   2.104418e-02
1.499994999999999967e+00   9.889268e-01   2.104805e-02
1.504706000000000099e+00   9.899275e-01   2.100349e-02
1.509417000000000009e+00   9.431825e-01   2.097649e-02
1.514129000000000058e+00   9.614587e-01   2.106228e-02
1.518839999999999968e+00   9.485058e-01   2.162385e-02
1.523551000000000100e+00   9.693483e-01   2.208488e-02
1.528262999999999927e+00   9.536946e-01   2.239052e-02
1.532974000000000059e+00   1.001681e+00   2.267341e-02
1.537684999999999969e+00   9.576076e-01   2.284915e-02
1.542396000000000100e+00   9.217652e-01   2.286493e-02
1.547107999999999928e+00   9.331871e-01   2.229913e-02
1.551819000000000059e+00   9.425419e-01   2.199084e-02
1.556529999999999969e+00   9.415919e-01   2.175589e-02
1.561241000000000101e+00   9.525041e-01   2.157724e-02
1.565952999999999928e+00   8.903245e-01   2.129602e-02
1.570664000000000060e+00   9.316855e-01   2.110385e-02
1.575374999999999970e+00   8.921966e-01   2.087960e-02
1.580086000000000102e+00   8.956200e-01   2.071363e-02
1.584797999999999929e+00   9.223774e-01   2.061198e-02
1.589509000000000061e+00   8.912335e-01   2.053268e-02
1.594219999999999970e+00   9.013171e-01   2.052164e-02
1.598931000000000102e+00   8.822698e-01   2.054746e-02
1.603642999999999930e+00   8.798444e-01   2.056616e-02
1.608354000000000061e+00   8.761207e-01   2.057313e-02
1.613064999999999971e+00   8.819759e-01   2.054576e-02
1.617776000000000103e+00   8.764705e-01   2.052640e-02
1.622487999999999930e+00   8.753733e-01   2.048341e-02
1.627199000000000062e+00   8.729618e-01   2.045802e-02
1.631909999999999972e+00   8.614581e-01   2.042114e-02
1.636621000000000103e+00   8.555758e-01   2.037379e-02
1.641332999999999931e+00   8.615021e-01   2.033923e-02
1.646044000000000063e+00   8.790218e-01   2.032639e-02
1.650754999999999972e+00   8.445424e-01   2.023985e-02
1.655466000000000104e+00   8.452398e-01   2.023378e-02
1.660177999999999932e+00   8.462078e-01   2.019334e-02
1.664889000000000063e+00   8.302171e-01   2.017060e-02
1.669599999999999973e+00   8.262390e-01   2.012166e-02
1.674311000000000105e+00   8.444702e-01   2.010291e-02
1.679022999999999932e+00   8.329389e-01   2.006020e-02
1.683734000000000064e+00   8.307574e-01   2.002232e-02
1.688444999999999974e+00   8.356045e-01   2.001455e-02
1.693156000000000105e+00   8.270217e-01   1.998648e-02
1.697867999999999933e+00   8.233048e-01   1.995126e-02
1.702579000000000065e+00   8.125725e-01   1.991371e-02
1.707289999999999974e+00   8.325133e-01   1.989479e-02
1.712002000000000024e+00   8.348909e-01   1.986325e-02
1.716712999999999933e+00   7.974570e-01   1.981426e-02
1.721424000000000065e+00   7.799354e-01   1.977599e-02
1.726134999999999975e+00   8.164218e-01   1.979082e-02
1.730847000000000024e+00   7.914188e-01   1.971497e-02
1.735557999999999934e+00   7.995006e-01   1.968647e-02
1.740269000000000066e+00   7.907470e-01   1.966479e-02
1.744979999999999976e+00   7.781470e-01   1.962747e-02
1.749692000000000025e+00   7.764871e-01   1.959604e-02
1.754402999999999935e+00   7.821386e-01   1.959389e-02
1.759114000000000066e+00   7.961208e-01   1.956109e-02
1.763824999999999976e+00   7.919603e-01   1.951186e-02
1.768537000000000026e+00   7.654364e-01   1.947906e-02
1.773247999999999935e+00   7.759817e-01   1.946591e-02
1.777959000000000067e+00   7.552518e-01   1.944290e-02
1.782669999999999977e+00   7.385067e-01   1.940703e-02
1.787382000000000026e+00   7.658924e-01   1.939431e-02
1.792092999999999936e+00   7.652393e-01   1.936916e-02
1.796804000000000068e+00   7.548256e-01   1.933636e-02
1.801514999999999977e+00   7.602065e-01   1.931636e-02
1.806227000000000027e+00   7.464523e-01   1.927170e-02
1.810937999999999937e+00   7.134317e-01   1.922169e-02
1.815649000000000068e+00   7.160428e-01   1.920378e-02
1.820359999999999978e+00   7.516631e-01   1.919630e-02
1.825072000000000028e+00   7.395049e-01   1.916739e-02
1.829782999999999937e+00   7.281674e-01   1.912596e-02
1.834494000000000069e+00   7.286008e-01   1.910829e-02
1.839204999999999979e+00   7.517474e-01   1.912037e-02
1.843917000000000028e+00   7.488453e-01   1.907638e-02
1.848627999999999938e+00   7.261119e-01   1.902561e-02
1.853339000000000070e+00   7.214295e-01   1.901237e-02
1.858049999999999979e+00   7.466348e-01   1.900487e-02
1.862762000000000029e+00   7.339260e-01   1.897283e-02
1.867472999999999939e+00   7.011943e-01   1.892812e-02
1.872184000000000070e+00   7.014051e-01   1.891025e-02
1.876894999999999980e+00   7.089638e-01   1.888876e-02
1.881607000000000030e+00   6.864175e-01   1.885403e-02
1.886317999999999939e+00   6.991547e-01   1.885029e-02
1.891029000000000071e+00   6.859475e-01   1.880677e-02
1.895740999999999898e+00   6.819220e-01   1.877727e-02
1.900452000000000030e+00   6.981007e-01   1.876685e-02
1.905162999999999940e+00   6.671402e-01   1.871206e-02
1.909874000000000072e+00   6.946369e-01   1.869971e-02
1.914585999999999899e+00   6.596257e-01   1.866319e-02
1.919297000000000031e+00   6.684634e-01   1.864054e-02
1.924007999999999940e+00   6.493091e-01   1.859671e-02
1.928719000000000072e+00   6.673340e-01   1.859794e-02
1.933430999999999900e+00   6.667052e-01   1.856469e-02
1.938142000000000031e+00   6.743359e-01   1.853103e-02
1.942852999999999941e+00   6.626600e-01   1.848323e-02
1.947564000000000073e+00   6.590325e-01   1.839179e-02
1.952275999999999900e+00   6.501207e-01   1.835423e-02
1.956987000000000032e+00   6.339444e-01   1.831963e-02
1.961697999999999942e+00   6.390425e-01   1.833382e-02
1.966409000000000074e+00   6.535001e-01   1.829773e-02
1.971120999999999901e+00   6.596564e-01   1.829835e-02
1.975832000000000033e+00   6.230057e-01   1.826826e-02
1.980542999999999942e+00   6.394028e-01   1.828189e-02
1.985254000000000074e+00   6.471021e-01   1.826904e-02
1.989965999999999902e+00   6.489241e-01   1.828232e-02
1.994677000000000033e+00   6.304177e-01   1.830205e-02
1.999387999999999943e+00   6.335126e-01   1.830857e-02
2.004099000000000075e+00   6.256557e-01   1.872680e-02
2.008811000000000124e+00   6.327462e-01   1.914651e-02
2.013522000000000034e+00   6.377399e-01   1.940283e-02
2.018232999999999944e+00   6.264697e-01   1.962257e-02
2.022943999999999853e+00   6.111556e-01   1.980514e-02
2.027655999999999903e+00   6.060183e-01   1.996204e-02
2.032366999999999813e+00   6.143938e-01   2.006527e-02
2.037078000000000166e+00   6.219415e-01   2.010597e-02
2.041789000000000076e+00   6.187382e-01   2.018597e-02
2.046501000000000126e+00   6.040831e-01   2.021202e-02
2.051212000000000035e+00   6.198422e-01   2.028877e-02
2.055922999999999945e+00   6.002009e-01   2.030498e-02
2.060633999999999855e+00   6.256351e-01   2.038884e-02
2.065345999999999904e+00   5.684630e-01   2.032444e-02
2.070056999999999814e+00   5.830600e-01   1.974578e-02
2.074768000000000168e+00   5.818846e-01   1.934144e-02
2.079480000000000217e+00   5.776935e-01   1.905482e-02
2.084191000000000127e+00   5.875588e-01   1.886283e-02
2.088902000000000037e+00   5.634778e-01   1.868588e-02
2.093612999999999946e+00   5.663510e-01   1.856408e-02
2.098324999999999996e+00   5.729481e-01   1.848833e-02
2.103035999999999905e+00   5.542752e-01   1.841502e-02
2.107746999999999815e+00   5.682373e-01   1.837192e-02
2.112458000000000169e+00   5.553896e-01   1.831499e-02
2.117170000000000218e+00   5.640886e-01   1.829393e-02
2.121881000000000128e+00   5.564758e-01   1.824488e-02
2.126592000000000038e+00   5.330414e-01   1.818627e-02
2.131302999999999948e+00   5.617165e-01   1.818281e-02
2.136014999999999997e+00   5.644093e-01   1.816024e-02
2.140725999999999907e+00   5.426614e-01   1.809374e-02
2.145436999999999816e+00   5.685666e-01   1.807169e-02
2.150148000000000170e+00   5.196427e-01   1.802218e-02
2.154860000000000220e+00   5.389682e-01   1.800463e-02
2.159571000000000129e+00   5.470499e-01   1.798952e-02
2.164282000000000039e+00   5.589178e-01   1.795558e-02
2.168992999999999949e+00   5.504533e-01   1.792642e-02
2.173704999999999998e+00   5.417366e-01   1.790289e-02
2.178415999999999908e+00   5.127495e-01   1.784956e-02
2.183126999999999818e+00   5.322156e-01   1.783041e-02
2.187838000000000171e+00   5.320715e-01   1.780031e-02
2.192550000000000221e+00   5.459261e-01   1.777755e-02
2.197261000000000131e+00   5.364066e-01   1.775404e-02
2.201972000000000040e+00   4.993578e-01   1.769391e-02
2.206682999999999950e+00   5.129406e-01   1.769180e-02
2.211395000000000000e+00   5.065259e-01   1.767392e-02
2.216105999999999909e+00   5.023310e-01   1.764373e-02
2.220816999999999819e+00   4.978187e-01   1.761440e-02
2.225528000000000173e+00   5.187318e-01   1.760143e-02
2.230239999999999778e+00   5.172488e-01   1.759081e-02
2.234951000000000132e+00   4.988042e-01   1.755570e-02
2.239662000000000042e+00   4.815043e-01   1.751988e-02
2.244372999999999951e+00   5.151616e-01   1.751021e-02
2.249085000000000001e+00   5.049565e-01   1.748548e-02
2.253795999999999911e+00   5.048910e-01   1.746468e-02
2.258506999999999820e+00   5.122482e-01   1.743124e-02
2.263218999999999870e+00   4.910204e-01   1.740948e-02
2.267929999999999779e+00   4.863983e-01   1.739525e-02
2.272641000000000133e+00   4.726904e-01   1.736275e-02
2.277352000000000043e+00   4.755510e-01   1.734252e-02
2.282064000000000092e+00   4.870857e-01   1.732159e-02
2.286775000000000002e+00   4.710788e-01   1.729342e-02
2.291485999999999912e+00   4.862543e-01   1.726983e-02
2.296196999999999822e+00   4.880672e-01   1.726720e-02
2.300908999999999871e+00   4.818089e-01   1.723298e-02
2.305619999999999781e+00   4.907289e-01   1.721692e-02
2.310331000000000135e+00   4.841638e-01   1.720326e-02
2.315042000000000044e+00   4.629014e-01   1.717942e-02
2.319754000000000094e+00   5.020871e-01   1.717457e-02
2.324465000000000003e+00   4.584824e-01   1.713411e-02
2.329175999999999913e+00   4.994997e-01   1.712604e-02
2.333886999999999823e+00   4.861587e-01   1.710793e-02
2.338598999999999872e+00   4.799895e-01   1.708221e-02
2.343309999999999782e+00   4.477734e-01   1.705671e-02
2.348021000000000136e+00   4.368444e-01   1.701099e-02
2.352732000000000046e+00   4.580785e-01   1.701184e-02
2.357444000000000095e+00   4.687089e-01   1.700079e-02
2.362155000000000005e+00   4.424564e-01   1.696692e-02
2.366865999999999914e+00   4.559196e-01   1.695646e-02
2.371576999999999824e+00   4.504292e-01   1.692763e-02
2.376288999999999874e+00   4.295397e-01   1.688665e-02
2.380999999999999783e+00   4.440262e-01   1.687554e-02
2.385711000000000137e+00   4.314329e-01   1.687162e-02
2.390422000000000047e+00   4.546006e-01   1.685632e-02
2.395134000000000096e+00   4.464165e-01   1.683807e-02
2.399845000000000006e+00   4.394598e-01   1.682371e-02
2.404555999999999916e+00   4.157859e-01   1.677618e-02
2.409266999999999825e+00   4.279576e-01   1.676564e-02
2.413978999999999875e+00   4.389901e-01   1.677024e-02
2.418689999999999785e+00   4.485964e-01   1.676089e-02
2.423401000000000138e+00   4.477129e-01   1.674405e-02
2.428112000000000048e+00   4.340844e-01   1.670140e-02
2.432824000000000098e+00   4.378562e-01   1.669324e-02
2.437535000000000007e+00   4.434900e-01   1.668608e-02
2.442245999999999917e+00   4.282875e-01   1.665340e-02
2.446957999999999966e+00   3.935052e-01   1.660676e-02
2.451668999999999876e+00   4.198553e-01   1.661292e-02
2.456379999999999786e+00   4.192878e-01   1.659658e-02
2.461091000000000140e+00   4.232988e-01   1.657922e-02
2.465803000000000189e+00   4.051105e-01   1.654806e-02
2.470514000000000099e+00   4.435966e-01   1.655697e-02
2.475225000000000009e+00   4.160639e-01   1.651574e-02
2.479935999999999918e+00   4.236873e-01   1.650594e-02
2.484647999999999968e+00   4.015023e-01   1.649457e-02
2.489358999999999877e+00   4.151846e-01   1.646796e-02
2.494069999999999787e+00   4.221089e-01   1.645213e-02
2.498781000000000141e+00   4.179017e-01   1.644444e-02
2.503493000000000190e+00   4.116661e-01   1.642160e-02
2.508204000000000100e+00   3.901910e-01   1.640165e-02
2.512915000000000010e+00   4.056259e-01   1.638516e-02
2.517625999999999920e+00   3.873890e-01   1.632495e-02
2.522337999999999969e+00   3.828851e-01   1.628615e-02
2.527048999999999879e+00   3.903037e-01   1.627045e-02
2.531759999999999788e+00   4.085767e-01   1.627016e-02
2.536471000000000142e+00   4.120886e-01   1.623002e-02
2.541183000000000192e+00   3.904735e-01   1.621128e-02
2.545894000000000101e+00   3.809395e-01   1.619521e-02
2.550605000000000011e+00   3.961220e-01   1.617164e-02
2.555315999999999921e+00   4.109994e-01   1.618575e-02
2.560027999999999970e+00   3.910971e-01   1.615283e-02
2.564738999999999880e+00   3.721384e-01   1.614716e-02
2.569449999999999790e+00   3.852800e-01   1.615631e-02
2.574161000000000143e+00   4.143533e-01   1.617155e-02
2.578873000000000193e+00   3.907117e-01   1.615295e-02
2.583584000000000103e+00   3.942229e-01   1.613670e-02
2.588295000000000012e+00   3.900240e-01   1.612942e-02
2.593005999999999922e+00   3.846178e-01   1.610526e-02
2.597717999999999972e+00   3.684816e-01   1.607122e-02
2.602428999999999881e+00   3.599302e-01   1.605798e-02
2.607139999999999791e+00   3.656665e-01   1.604468e-02
2.611851000000000145e+00   3.512767e-01   1.602348e-02
2.616563000000000194e+00   3.622089e-01   1.601643e-02
2.621274000000000104e+00   3.771528e-01   1.602408e-02
2.625985000000000014e+00   3.704207e-01   1.600872e-02
2.630697000000000063e+00   3.804359e-01   1.598163e-02
2.635407999999999973e+00   3.894001e-01   1.597805e-02
2.640118999999999883e+00   3.793703e-01   1.595945e-02
2.644829999999999792e+00   3.471508e-01   1.592751e-02
2.649541999999999842e+00   3.609149e-01   1.591607e-02
2.654253000000000196e+00   3.826507e-01   1.590799e-02
2.658964000000000105e+00   3.727079e-01   1.588288e-02
2.663675000000000015e+00   3.578901e-01   1.587680e-02
2.668387000000000064e+00   3.694284e-01   1.585949e-02
2.673097999999999974e+00   3.689210e-01   1.584456e-02
2.677808999999999884e+00   3.811402e-01   1.583970e-02
2.682519999999999794e+00   3.483669e-01   1.580513e-02
2.687231999999999843e+00   3.403072e-01   1.578976e-02
2.691943000000000197e+00   3.468756e-01   1.576960e-02
2.696654000000000106e+00   3.605639e-01   1.576893e-02
2.701365000000000016e+00   3.647174e-01   1.576485e-02
2.706077000000000066e+00   3.574634e-01   1.573601e-02
2.710787999999999975e+00   3.790433e-01   1.574404e-02
2.715498999999999885e+00   3.426190e-01   1.569976e-02
2.720209999999999795e+00   3.489012e-01   1.570168e-02
2.724921999999999844e+00   3.351637e-01   1.568050e-02
2.729633000000000198e+00   3.413054e-01   1.566385e-02
2.734344000000000108e+00   3.521334e-01   1.564800e-02
2.739055000000000017e+00   3.581411e-01   1.565619e-02
2.743767000000000067e+00   3.496660e-01   1.561431e-02
2.748477999999999977e+00   3.415419e-01   1.560517e-02
2.753188999999999886e+00   3.202638e-01   1.557573e-02
2.757899999999999796e+00   3.355491e-01   1.557254e-02
2.762611999999999846e+00   3.394844e-01   1.556471e-02
2.767323000000000199e+00   3.435044e-01   1.555695e-02
2.772034000000000109e+00   3.487356e-01   1.554419e-02
2.776745000000000019e+00   3.138820e-01   1.551064e-02
2.781457000000000068e+00   3.179057e-01   1.549541e-02
2.786167999999999978e+00   3.261541e-01   1.548122e-02
2.790878999999999888e+00   3.153012e-01   1.547272e-02
2.795589999999999797e+00   3.384209e-01   1.547824e-02
2.800301999999999847e+00   3.330799e-01   1.545726e-02
2.805013000000000201e+00   3.153242e-01   1.550773e-02
2.809724000000000110e+00   2.870510e-01   1.589385e-02
2.814436000000000160e+00   3.128245e-01   1.615458e-02
2.819147000000000070e+00   3.181444e-01   1.635311e-02
2.823857999999999979e+00   3.120902e-01   1.649793e-02
2.828568999999999889e+00   3.168600e-01   1.659687e-02
2.833280999999999938e+00   3.048615e-01   1.664153e-02
2.837991999999999848e+00   3.243237e-01   1.670297e-02
2.842703000000000202e+00   3.185311e-01   1.672475e-02
2.847414000000000112e+00   3.199497e-01   1.679905e-02
2.852126000000000161e+00   3.578567e-01   1.686661e-02
2.856837000000000071e+00   3.305326e-01   1.687295e-02
2.861547999999999981e+00   2.991086e-01   1.688150e-02
2.866258999999999890e+00   2.983126e-01   1.690452e-02
2.870970999999999940e+00   3.098499e-01   1.679541e-02
2.875681999999999849e+00   3.294740e-01   1.638135e-02
2.880393000000000203e+00   3.265169e-01   1.613793e-02
2.885104000000000113e+00   2.990839e-01   1.594871e-02
2.889816000000000162e+00   3.059812e-01   1.582342e-02
2.894527000000000072e+00   2.940335e-01   1.574938e-02
2.899237999999999982e+00   3.105046e-01   1.571296e-02
2.903948999999999891e+00   3.038080e-01   1.566682e-02
2.908660999999999941e+00   3.238601e-01   1.564729e-02
2.913371999999999851e+00   3.106247e-01   1.561309e-02
2.918083000000000204e+00   3.069090e-01   1.557249e-02
2.922794000000000114e+00   3.221977e-01   1.555885e-02
2.927506000000000164e+00   3.059769e-01   1.553586e-02
2.932217000000000073e+00   3.088601e-01   1.551300e-02
2.936927999999999983e+00   2.873705e-01   1.546757e-02
2.941638999999999893e+00   3.018099e-01   1.544597e-02
2.946350999999999942e+00   2.969767e-01   1.542222e-02
2.951061999999999852e+00   3.091287e-01   1.541020e-02
2.955773000000000206e+00   2.999574e-01   1.538143e-02
2.960484000000000115e+00   2.941728e-01   1.535062e-02
2.965196000000000165e+00   3.072892e-01   1.536532e-02
2.969907000000000075e+00   2.879933e-01   1.532715e-02
2.974617999999999984e+00   2.761313e-01   1.529689e-02
2.979328999999999894e+00   3.010000e-01   1.528433e-02
2.984040999999999944e+00   3.132818e-01   1.527049e-02
2.988751999999999853e+00   3.065008e-01   1.524700e-02
2.993463000000000207e+00   2.846959e-01   1.522054e-02
2.998174999999999812e+00   2.734522e-01   1.519581e-02
3.002886000000000166e+00   3.020269e-01   1.520834e-02
3.007597000000000076e+00   3.000573e-01   1.519367e-02
3.012307999999999986e+00   2.952871e-01   1.516756e-02
3.017020000000000035e+00   2.780206e-01   1.514414e-02
3.021730999999999945e+00   2.899150e-01   1.512077e-02
3.026441999999999855e+00   2.918533e-01   1.511726e-02
3.031153000000000208e+00   2.708136e-01   1.507458e-02
3.035864999999999814e+00   2.937820e-01   1.506938e-02
3.040576000000000167e+00   2.910930e-01   1.505973e-02
3.045287000000000077e+00   2.887856e-01   1.503500e-02
3.049997999999999987e+00   2.840417e-01   1.503496e-02
3.054710000000000036e+00   2.764994e-01   1.500924e-02
3.059420999999999946e+00   2.711771e-01   1.500067e-02
3.064131999999999856e+00   2.776108e-01   1.499608e-02
3.068843000000000210e+00   2.775775e-01   1.498708e-02
3.073554999999999815e+00   3.021640e-01   1.498696e-02
3.078266000000000169e+00   2.967253e-01   1.495912e-02
3.082977000000000078e+00   2.712266e-01   1.493096e-02
3.087687999999999988e+00   2.836792e-01   1.492299e-02
3.092400000000000038e+00   2.604974e-01   1.490432e-02
3.097110999999999947e+00   2.634713e-01   1.487724e-02
3.101821999999999857e+00   2.779692e-01   1.487324e-02
3.106533000000000211e+00   2.786512e-01   1.485997e-02
3.111244999999999816e+00   2.689811e-01   1.485313e-02
3.115956000000000170e+00   2.633026e-01   1.483618e-02
3.120667000000000080e+00   2.657242e-01   1.482228e-02
3.125377999999999989e+00   2.590686e-01   1.480170e-02
3.130090000000000039e+00   2.500022e-01   1.477287e-02
3.134800999999999949e+00   2.608318e-01   1.476428e-02
3.139511999999999858e+00   2.585010e-01   1.475036e-02
3.144223000000000212e+00   2.661308e-01   1.474951e-02
3.148934999999999818e+00   2.724117e-01   1.474663e-02
3.153646000000000171e+00   2.521848e-01   1.471737e-02
3.158357000000000081e+00   2.632722e-01   1.472235e-02
3.163067999999999991e+00   2.695868e-01   1.470339e-02
3.167780000000000040e+00   2.792015e-01   1.469504e-02
3.172490999999999950e+00   2.785615e-01   1.467881e-02
3.177201999999999860e+00   2.717253e-01   1.466931e-02
3.181913999999999909e+00   2.799076e-01   1.466867e-02
3.186624999999999819e+00   2.774247e-01   1.464530e-02
3.191336000000000173e+00   2.550752e-01   1.460123e-02
3.196047000000000082e+00   2.633526e-01   1.458508e-02
3.200759000000000132e+00   2.540250e-01   1.455143e-02
3.205470000000000041e+00   2.427424e-01   1.454358e-02
3.210180999999999951e+00   2.643242e-01   1.454194e-02
3.214891999999999861e+00   2.540064e-01   1.451129e-02
3.219603999999999910e+00   2.652081e-01   1.451313e-02
3.224314999999999820e+00   2.470339e-01   1.449685e-02
3.229026000000000174e+00   2.532021e-01   1.447167e-02
3.233737000000000084e+00   2.375217e-01   1.445499e-02
3.238449000000000133e+00   2.341306e-01   1.444633e-02
3.243160000000000043e+00   2.453893e-01   1.444763e-02
3.247870999999999952e+00   2.591150e-01   1.444655e-02
3.252581999999999862e+00   2.539060e-01   1.446081e-02
3.257293999999999912e+00   2.511080e-01   1.445223e-02
3.262004999999999821e+00   2.584851e-01   1.444206e-02
3.266716000000000175e+00   2.690925e-01   1.443108e-02
3.271427000000000085e+00   2.554684e-01   1.442724e-02
3.276139000000000134e+00   2.310445e-01   1.439824e-02
3.280850000000000044e+00   2.256144e-01   1.438728e-02
3.285560999999999954e+00   2.492059e-01   1.438633e-02
3.290271999999999863e+00   2.519974e-01   1.436810e-02
3.294983999999999913e+00   2.475568e-01   1.435877e-02
3.299694999999999823e+00   2.527103e-01   1.435808e-02
3.304406000000000176e+00   2.538659e-01   1.434561e-02
3.309117000000000086e+00   2.403486e-01   1.432982e-02
3.313829000000000136e+00   2.532719e-01   1.431725e-02
3.318540000000000045e+00   2.213725e-01   1.428890e-02
3.323250999999999955e+00   2.269867e-01   1.428176e-02
3.327961999999999865e+00   2.391342e-01   1.426775e-02
3.332673999999999914e+00   2.350518e-01   1.424882e-02
3.337384999999999824e+00   2.306010e-01   1.424411e-02
3.342096000000000178e+00   2.354253e-01   1.423682e-02
3.346807000000000087e+00   2.406307e-01   1.423796e-02
3.351519000000000137e+00   2.313959e-01   1.423158e-02
3.356230000000000047e+00   2.273801e-01   1.421485e-02
3.360940999999999956e+00   2.309321e-01   1.420078e-02
3.365653000000000006e+00   2.444140e-01   1.419839e-02
3.370363999999999916e+00   2.579502e-01   1.419136e-02
3.375074999999999825e+00   2.536536e-01   1.417830e-02
3.379786000000000179e+00   2.385317e-01   1.417461e-02
3.384497999999999784e+00   2.292481e-01   1.415924e-02
3.389209000000000138e+00   2.306353e-01   1.424967e-02
3.393920000000000048e+00   2.192599e-01   1.455046e-02
3.398630999999999958e+00   2.090788e-01   1.475815e-02
3.403343000000000007e+00   2.290457e-01   1.491932e-02
3.408053999999999917e+00   2.425549e-01   1.503061e-02
3.412764999999999826e+00   2.402842e-01   1.507115e-02
3.417476000000000180e+00   2.316846e-01   1.507004e-02
3.422187999999999786e+00   2.238110e-01   1.506233e-02
3.426899000000000139e+00   2.183158e-01   1.510415e-02
3.431610000000000049e+00   2.304902e-01   1.513392e-02
3.436320999999999959e+00   2.368778e-01   1.518910e-02
3.441033000000000008e+00   2.163892e-01   1.521376e-02
3.445743999999999918e+00   2.271391e-01   1.524214e-02
3.450454999999999828e+00   2.215118e-01   1.526143e-02
3.455166000000000182e+00   2.274536e-01   1.529649e-02
3.459877999999999787e+00   1.938321e-01   1.531660e-02
3.464589000000000141e+00   2.240786e-01   1.534006e-02
3.469300000000000050e+00   2.422420e-01   1.536619e-02
3.474010999999999960e+00   2.187461e-01   1.538529e-02
3.478723000000000010e+00   2.180548e-01   1.540658e-02
3.483433999999999919e+00   2.119583e-01   1.542819e-02
3.488144999999999829e+00   2.210837e-01   1.546722e-02
3.492856000000000183e+00   2.090950e-01   1.545979e-02
3.497567999999999788e+00   2.067987e-01   1.548330e-02
3.502279000000000142e+00   2.272526e-01   1.550738e-02
3.506990000000000052e+00   2.226127e-01   1.552004e-02
3.511700999999999961e+00   2.351119e-01   1.554441e-02
3.516413000000000011e+00   2.542569e-01   1.557866e-02
3.521123999999999921e+00   2.018443e-01   1.556459e-02
3.525834999999999830e+00   2.151139e-01   1.559456e-02
3.530546000000000184e+00   2.172873e-01   1.560645e-02
3.535257999999999790e+00   2.150264e-01   1.562753e-02
3.539969000000000143e+00   2.199877e-01   1.564105e-02
3.544680000000000053e+00   2.263482e-01   1.565774e-02
3.549392000000000102e+00   2.189455e-01   1.566577e-02
3.554103000000000012e+00   1.905729e-01   1.567876e-02
3.558813999999999922e+00   1.896293e-01   1.569253e-02
3.563524999999999832e+00   2.194085e-01   1.572533e-02
3.568236999999999881e+00   2.088391e-01   1.572395e-02
3.572947999999999791e+00   2.026625e-01   1.574194e-02
3.577659000000000145e+00   2.014719e-01   1.573878e-02
3.582370000000000054e+00   2.034961e-01   1.575649e-02
3.587082000000000104e+00   2.017824e-01   1.576062e-02
3.591793000000000013e+00   2.151660e-01   1.579374e-02
3.596503999999999923e+00   2.162868e-01   1.577790e-02
3.601214999999999833e+00   2.372137e-01   1.578726e-02
3.605926999999999882e+00   1.991771e-01   1.578904e-02
3.610637999999999792e+00   2.069225e-01   1.608748e-02
3.615349000000000146e+00   2.366982e-01   1.656724e-02
3.620060000000000056e+00   2.085305e-01   1.683690e-02
3.624772000000000105e+00   1.735558e-01   1.701894e-02
3.629483000000000015e+00   1.954948e-01   1.717004e-02
3.634193999999999924e+00   2.185441e-01   1.729606e-02
3.638904999999999834e+00   1.953285e-01   1.739535e-02
3.643616999999999884e+00   2.045714e-01   1.750943e-02
3.648327999999999793e+00   1.815919e-01   1.757949e-02
3.653039000000000147e+00   2.008053e-01   1.768549e-02
3.657750000000000057e+00   2.085145e-01   1.777428e-02
3.662462000000000106e+00   1.916058e-01   1.786026e-02
3.667173000000000016e+00   1.951594e-01   1.793936e-02
3.671883999999999926e+00   2.005552e-01   1.803909e-02
3.676594999999999835e+00   2.075556e-01   1.810999e-02
3.681306999999999885e+00   1.847106e-01   1.816920e-02
3.686017999999999795e+00   1.898247e-01   1.827201e-02
3.690729000000000148e+00   1.791893e-01   1.831183e-02
3.695440000000000058e+00   2.295114e-01   1.842268e-02
3.700152000000000108e+00   2.186683e-01   1.851081e-02
3.704863000000000017e+00   1.891861e-01   1.858231e-02
3.709573999999999927e+00   1.791356e-01   1.862697e-02
3.714284999999999837e+00   1.974954e-01   1.873145e-02
3.718996999999999886e+00   2.154624e-01   1.881085e-02
3.723707999999999796e+00   1.812640e-01   1.886687e-02
3.728419000000000150e+00   2.163166e-01   1.896876e-02
3.733131000000000199e+00   2.167397e-01   1.901972e-02
3.737842000000000109e+00   2.013610e-01   1.908690e-02
3.742553000000000019e+00   1.898551e-01   1.917811e-02
3.747263999999999928e+00   2.035373e-01   1.926160e-02
3.751975999999999978e+00   1.848009e-01   1.932041e-02
3.756686999999999887e+00   1.763526e-01   1.939372e-02
3.761397999999999797e+00   1.802947e-01   1.944493e-02
3.766109000000000151e+00   1.636980e-01   1.951852e-02
3.770821000000000200e+00   1.680669e-01   1.957624e-02
3.775532000000000110e+00   1.845555e-01   1.965143e-02
3.780243000000000020e+00   1.765019e-01   1.972087e-02
3.784953999999999930e+00   1.963486e-01   1.980869e-02
3.789665999999999979e+00   1.906583e-01   1.987219e-02
3.794376999999999889e+00   1.610490e-01   1.992291e-02
3.799087999999999798e+00   1.684234e-01   2.000375e-02
3.803799000000000152e+00   2.088770e-01   2.010506e-02
3.808511000000000202e+00   1.874663e-01   2.015117e-02
3.813222000000000111e+00   1.826900e-01   2.021436e-02
3.817933000000000021e+00   1.917071e-01   2.028828e-02
3.822643999999999931e+00   1.710610e-01   2.036053e-02
3.827355999999999980e+00   1.798897e-01   2.044174e-02
3.832066999999999890e+00   1.826714e-01   2.052747e-02
3.836777999999999800e+00   1.991198e-01   2.060216e-02
3.841489000000000154e+00   1.950691e-01   2.065405e-02
3.846201000000000203e+00   1.865443e-01   2.071952e-02
3.850912000000000113e+00   1.733725e-01   2.077864e-02
3.855623000000000022e+00   1.978231e-01   2.086889e-02
3.860333999999999932e+00   1.996831e-01   2.095818e-02
3.865045999999999982e+00   1.925171e-01   2.103831e-02
3.869756999999999891e+00   1.830804e-01   2.107074e-02
3.874467999999999801e+00   2.121077e-01   2.116713e-02
3.879179000000000155e+00   1.974362e-01   2.125075e-02
3.883891000000000204e+00   1.943848e-01   2.133091e-02
3.888602000000000114e+00   1.761632e-01   2.138976e-02
3.893313000000000024e+00   1.918238e-01   2.146078e-02
3.898023999999999933e+00   1.761875e-01   2.151959e-02
3.902735999999999983e+00   1.664745e-01   2.157261e-02
3.907446999999999893e+00   1.618271e-01   2.166881e-02
3.912157999999999802e+00   1.871101e-01   2.173767e-02
3.916869999999999852e+00   1.665345e-01   2.176097e-02
3.921581000000000206e+00   1.727360e-01   2.177381e-02
3.926292000000000115e+00   1.950999e-01   2.183879e-02
3.931003000000000025e+00   1.774891e-01   2.189985e-02
3.935715000000000074e+00   1.659345e-01   2.196117e-02
3.940425999999999984e+00   1.702030e-01   2.199644e-02
3.945136999999999894e+00   1.944193e-01   2.201656e-02
3.949847999999999804e+00   1.718697e-01   2.202324e-02
3.954559999999999853e+00   1.860985e-01   2.211521e-02
3.959271000000000207e+00   1.624310e-01   2.209306e-02
3.963982000000000117e+00   1.798728e-01   2.212150e-02
3.968693000000000026e+00   1.711692e-01   2.212302e-02
3.973405000000000076e+00   1.386092e-01   2.217173e-02
3.978115999999999985e+00   1.740087e-01   2.224921e-02
3.982826999999999895e+00   1.779507e-01   2.232564e-02
3.987537999999999805e+00   1.840055e-01   2.242702e-02
3.992249999999999854e+00   1.736646e-01   2.248528e-02
3.996961000000000208e+00   1.872923e-01   2.257956e-02
4.001672000000000118e+00   1.755937e-01   2.263456e-02
4.006382999999999583e+00   1.765375e-01   2.272040e-02
4.011095000000000077e+00   1.753085e-01   2.281361e-02
4.015806000000000431e+00   1.764550e-01   2.287918e-02
4.020516999999999896e+00   1.872013e-01   2.297076e-02
4.025228000000000250e+00   1.973096e-01   2.304503e-02
4.029939999999999856e+00   1.824479e-01   2.310261e-02
4.034651000000000209e+00   1.855200e-01   2.320554e-02
4.039361999999999675e+00   1.772287e-01   2.326778e-02
4.044073000000000029e+00   1.519547e-01   2.333332e-02
4.048784999999999634e+00   1.463999e-01   2.341551e-02
4.053495999999999988e+00   1.654789e-01   2.351863e-02
4.058207000000000342e+00   1.544676e-01   2.359542e-02
4.062917999999999807e+00   1.844775e-01   2.367819e-02
4.067630000000000301e+00   1.961987e-01   2.373182e-02
4.072340999999999767e+00   1.441639e-01   2.381626e-02
4.077052000000000120e+00   1.565283e-01   2.391199e-02
4.081762999999999586e+00   1.926335e-01   2.405270e-02
4.086475000000000080e+00   1.813489e-01   2.413090e-02
4.091186000000000433e+00   1.638349e-01   2.418431e-02
4.095896999999999899e+00   1.597960e-01   2.425607e-02
4.100609000000000393e+00   1.931516e-01   2.436755e-02
4.105319999999999858e+00   1.865998e-01   2.445939e-02
4.110031000000000212e+00   1.738448e-01   2.457346e-02
4.114741999999999678e+00   1.838959e-01   2.467008e-02
4.119454000000000171e+00   1.985106e-01   2.472270e-02
4.124164999999999637e+00   1.702082e-01   2.481947e-02
4.128875999999999991e+00   1.623539e-01   2.485613e-02
4.133587000000000344e+00   1.600591e-01   2.491221e-02
4.138298999999999950e+00   1.570980e-01   2.504106e-02
4.143010000000000304e+00   1.743421e-01   2.518312e-02
4.147720999999999769e+00   1.877315e-01   2.525386e-02
4.152432000000000123e+00   1.721289e-01   2.533865e-02
4.157143999999999728e+00   1.612416e-01   2.544912e-02
4.161855000000000082e+00   1.798291e-01   2.555171e-02
4.166566000000000436e+00   2.017559e-01   2.565549e-02
4.171276999999999902e+00   1.866631e-01   2.576945e-02
4.175989000000000395e+00   1.421034e-01   2.582113e-02
4.180699999999999861e+00   1.675962e-01   2.597862e-02
4.185411000000000215e+00   1.896308e-01   2.605771e-02
4.190121999999999680e+00   1.154738e-01   2.606356e-02
4.194834000000000174e+00   1.561149e-01   2.620809e-02
4.199544999999999639e+00   1.305822e-01   2.629789e-02
4.204255999999999993e+00   1.682724e-01   2.646123e-02
4.208967000000000347e+00   1.421475e-01   2.649006e-02
4.213678999999999952e+00   1.326337e-01   2.659497e-02
4.218390000000000306e+00   1.533862e-01   2.669664e-02
4.223100999999999772e+00   1.708292e-01   2.684131e-02
4.227812000000000126e+00   1.603523e-01   2.695003e-02
4.232523999999999731e+00   1.954366e-01   2.707314e-02
4.237235000000000085e+00   1.975689e-01   2.719316e-02
4.241946000000000438e+00   1.088993e-01   2.724875e-02
4.246656999999999904e+00   1.241023e-01   2.736747e-02
4.251369000000000398e+00   1.465753e-01   2.750206e-02
4.256079999999999863e+00   1.465744e-01   2.758156e-02
4.260791000000000217e+00   1.597871e-01   2.774735e-02
4.265501999999999683e+00   1.369509e-01   2.785756e-02
4.270214000000000176e+00   1.435359e-01   2.797121e-02
4.274924999999999642e+00   1.533911e-01   2.806024e-02
4.279635999999999996e+00   1.689630e-01   2.820779e-02
4.284347999999999601e+00   1.874128e-01   2.838022e-02
4.289058999999999955e+00   1.540791e-01   2.846071e-02
4.293770000000000309e+00   1.630842e-01   2.858996e-02
4.298480999999999774e+00   1.657099e-01   2.873743e-02
4.303193000000000268e+00   1.690617e-01   2.885412e-02
4.307903999999999733e+00   1.328227e-01   2.894150e-02
4.312615000000000087e+00   1.373791e-01   2.900953e-02
4.317326000000000441e+00   1.385116e-01   2.918543e-02
4.322038000000000046e+00   1.610506e-01   2.940051e-02
4.326749000000000400e+00   1.302348e-01   2.948182e-02
4.331459999999999866e+00   1.457616e-01   2.962447e-02
4.336171000000000220e+00   1.782022e-01   2.975627e-02
4.340882999999999825e+00   1.653463e-01   2.986381e-02
4.345594000000000179e+00   1.689019e-01   3.001319e-02
4.350304999999999644e+00   1.580689e-01   3.016662e-02
4.355015999999999998e+00   1.700449e-01   3.030055e-02
4.359727999999999604e+00   1.079599e-01   3.040846e-02
4.364438999999999957e+00   1.067309e-01   3.055045e-02
4.369150000000000311e+00   1.760032e-01   3.076265e-02
4.373860999999999777e+00   1.745180e-01   3.092370e-02
4.378573000000000270e+00   1.731464e-01   3.111695e-02
4.383283999999999736e+00   1.449773e-01   3.117885e-02
4.387995000000000090e+00   1.413064e-01   3.132854e-02
4.392706000000000444e+00   1.391667e-01   3.153677e-02
4.397418000000000049e+00   1.406812e-01   3.164760e-02
4.402129000000000403e+00   1.518930e-01   3.164403e-02
4.406839999999999868e+00   1.670421e-01   3.172133e-02
4.411551000000000222e+00   1.428578e-01   3.171873e-02
4.416262999999999828e+00   1.741596e-01   3.177286e-02
4.420974000000000181e+00   1.669397e-01   3.176419e-02
4.425684999999999647e+00   1.776397e-01   3.177420e-02
4.430396000000000001e+00   1.463689e-01   3.177416e-02
4.435107999999999606e+00   1.396561e-01   3.179058e-02
4.439818999999999960e+00   1.002687e-01   3.186552e-02
4.444530000000000314e+00   1.501079e-01   3.208704e-02
4.449240999999999779e+00   1.175919e-01   3.214704e-02
4.453953000000000273e+00   1.362308e-01   3.233199e-02
4.458663999999999739e+00   1.184875e-01   3.248577e-02
4.463375000000000092e+00   1.676224e-01   3.274454e-02
4.468086999999999698e+00   1.481197e-01   3.292556e-02
4.472798000000000052e+00   1.478014e-01   3.303412e-02
4.477509000000000405e+00   1.566941e-01   3.319408e-02
4.482219999999999871e+00   1.299901e-01   3.339023e-02
4.486932000000000365e+00   1.346541e-01   3.359124e-02
4.491642999999999830e+00   1.724448e-01   3.382305e-02
4.496354000000000184e+00   1.606364e-01   3.401155e-02
4.501064999999999650e+00   1.435084e-01   3.417537e-02
4.505777000000000143e+00   8.067384e-02   3.430338e-02
4.510487999999999609e+00   1.174271e-01   3.453811e-02
4.515198999999999963e+00   1.595680e-01   3.474833e-02
4.519910000000000316e+00   1.479113e-01   3.491479e-02
4.524621999999999922e+00   1.288087e-01   3.511864e-02
4.529333000000000276e+00   1.389486e-01   3.536282e-02
4.534043999999999741e+00   1.567018e-01   3.568197e-02
4.538755000000000095e+00   1.519667e-01   3.587799e-02
4.543466999999999700e+00   9.623430e-02   3.597518e-02
4.548178000000000054e+00   1.072109e-01   3.619956e-02
4.552889000000000408e+00   1.275596e-01   3.652508e-02
4.557599999999999874e+00   1.287238e-01   3.675347e-02
4.562312000000000367e+00   8.772474e-02   3.692904e-02
4.567022999999999833e+00   1.309775e-01   3.715637e-02
4.571734000000000187e+00   1.420784e-01   3.743900e-02
4.576444999999999652e+00   1.370927e-01   3.770639e-02
4.581157000000000146e+00   1.273056e-01   3.800179e-02
4.585867999999999611e+00   1.235691e-01   3.815207e-02
4.590578999999999965e+00   1.159738e-01   3.849275e-02
4.595290000000000319e+00   1.272366e-01   3.878680e-02
4.600001999999999924e+00   1.884809e-01   3.912004e-02
4.604713000000000278e+00   1.891387e-01   3.936323e-02
4.609423999999999744e+00   1.740638e-01   3.966003e-02
4.614135000000000097e+00   1.263766e-01   3.994683e-02
4.618846999999999703e+00   1.612167e-01   4.029324e-02
4.623558000000000057e+00   1.607791e-01   4.054004e-02
4.628269000000000410e+00   1.454158e-01   4.090186e-02
4.632979999999999876e+00   1.638179e-01   4.114840e-02
4.637692000000000370e+00   1.684121e-01   4.146769e-02
4.642402999999999835e+00   1.768563e-01   4.182628e-02
4.647114000000000189e+00   1.767549e-01   4.213332e-02
4.651825999999999794e+00   1.675748e-01   4.253626e-02
4.656537000000000148e+00   1.001079e-01   4.292766e-02
4.661247999999999614e+00   1.206214e-01   4.333080e-02
4.665958999999999968e+00   1.052110e-01   4.360879e-02
4.670670999999999573e+00   1.161188e-01   4.401583e-02
4.675381999999999927e+00   1.671338e-01   4.445214e-02
4.680093000000000281e+00   1.154547e-01   4.483289e-02
4.684803999999999746e+00   1.009797e-01   4.516104e-02
4.689516000000000240e+00   1.878436e-01   4.565770e-02
4.694226999999999705e+00   1.056957e-01   4.590816e-02
4.698938000000000059e+00   1.561537e-01   4.661643e-02
4.703649000000000413e+00   1.818661e-01   4.708278e-02
4.708361000000000018e+00   1.810100e-01   4.755383e-02
4.713072000000000372e+00   1.428870e-01   4.796992e-02
4.717782999999999838e+00   9.617138e-02   4.839159e-02
4.722494000000000192e+00   8.808837e-02   4.899871e-02
4.727205999999999797e+00   7.341221e-02   4.948952e-02
4.731917000000000151e+00   1.464896e-01   5.016268e-02
4.736627999999999616e+00   1.635555e-01   5.071772e-02
4.741338999999999970e+00   1.217034e-01   5.124276e-02
4.746050999999999576e+00   1.935060e-01   5.206873e-02
4.750761999999999929e+00   1.246222e-01   5.248733e-02
4.755473000000000283e+00   1.267747e-01   5.309596e-02
4.760183999999999749e+00   1.067185e-01   5.377250e-02
4.764896000000000242e+00   8.335788e-02   5.450190e-02
4.769606999999999708e+00   6.113598e-02   5.513301e-02
4.774318000000000062e+00   1.245375e-01   5.621337e-02
4.779029000000000416e+00   1.401780e-01   5.706671e-02
4.783741000000000021e+00   1.242756e-01   5.767797e-02
4.788452000000000375e+00   1.218963e-01   5.858468e-02
4.793162999999999840e+00   1.045947e-01   5.950649e-02
4.797874000000000194e+00   1.331371e-01   6.051601e-02
4.802585999999999800e+00   1.553533e-01   6.159621e-02
4.807297000000000153e+00   1.232961e-01   6.259502e-02
4.812007999999999619e+00   9.479050e-02   6.363875e-02
4.816718999999999973e+00   6.581957e-02   6.491785e-02
4.821430999999999578e+00   8.875704e-02   6.610607e-02
4.826141999999999932e+00   1.402623e-01   6.738161e-02
4.830853000000000286e+00   1.409722e-01   6.873669e-02
4.835564999999999891e+00   8.239638e-02   7.024519e-02
4.840276000000000245e+00   1.215837e-01   7.182632e-02
4.844986999999999711e+00   1.600379e-01   7.377713e-02
4.849698000000000064e+00   1.801118e-01   7.550883e-02
4.854409999999999670e+00   1.606758e-01   7.754897e-02
4.859121000000000024e+00   4.485749e-02   7.948218e-02
4.863832000000000377e+00   1.131050e-01   8.194395e-02
4.868542999999999843e+00   6.416066e-02   8.418454e-02
4.873255000000000337e+00   1.452816e-01   8.654942e-02
4.877965999999999802e+00   1.044411e-01   9.002107e-02
4.882677000000000156e+00   1.110517e-01   9.328977e-02
4.887387999999999622e+00   5.536932e-02   9.676440e-02
4.892100000000000115e+00   5.373049e-02   1.010734e-01
4.896810999999999581e+00   1.204492e-01   1.062172e-01
4.901521999999999935e+00  -4.823256e-03   1.111284e-01
4.906233000000000288e+00   1.526213e-01   1.175246e-01
4.910944999999999894e+00   2.631578e-01   1.263690e-01
4.915656000000000247e+00   3.184386e-01   1.365024e-01
4.920366999999999713e+00   1.591558e-01   1.485665e-01
4.925078000000000067e+00   2.349140e-01   1.644195e-01
4.929789999999999672e+00   1.939079e-01   1.861342e-01
4.934501000000000026e+00  -1.127070e-01   2.224651e-01
4.939212000000000380e+00   1.787215e-01   2.908923e-01
4.943922999999999845e+00   4.842490e-01   5.369140e-01