# [9]
# Sample c= 7.8 mg/ml
# Intensity scaled by concentration
# Buffer subtracted data file:
# Protein DatFile = /data/visitor/mx1908/bm29/20161119/giulio/1d/mM150_085_ave.dat
# Buffer DatFile = /data/visitor/mx1908/bm29/20161119/giulio/ednaSub/mM150_085_ave_averbuffer.dat
# 
# AutoRg: Rg   =   0.6293 +/- 0.17 ( 26.4%)
# AutoRg: I(0) =   1.85 +/- 0.0064
# AutoRg: Points   169 to 259 ( 91 total)
# AutoRg: Quality: 65.0%
# 
# 
# Sample Information:
# Storage Temperature (degrees C): 20.0
# Measurement Temperature (degrees C): 19.95
# Concentration: 7.8
# Code: 
3.479420999999999903e-02   1.997538e+00   1.017683e+00
3.950545999999999919e-02   1.181154e+00   4.040617e-01
4.421672000000000102e-02   1.616885e+00   2.642504e-01
4.892798000000000286e-02   1.631628e+00   2.027778e-01
5.363923000000000302e-02   1.732827e+00   1.625744e-01
5.835048999999999791e-02   1.726163e+00   1.334672e-01
6.306174999999999975e-02   1.516042e+00   1.109397e-01
6.777299999999999991e-02   1.697670e+00   9.464339e-02
7.248425999999999481e-02   1.595767e+00   8.212409e-02
7.719552000000000358e-02   1.620040e+00   7.262731e-02
8.190677000000000374e-02   1.588899e+00   6.466061e-02
8.661802999999999864e-02   1.585401e+00   5.828950e-02
9.132928999999999353e-02   1.618171e+00   5.343841e-02
9.604053999999999369e-02   1.655201e+00   4.955522e-02
1.007518000000000025e-01   1.575201e+00   4.592284e-02
1.054631000000000041e-01   1.647693e+00   4.291873e-02
1.101743000000000028e-01   1.645890e+00   4.039217e-02
1.148856000000000044e-01   1.631140e+00   3.810120e-02
1.195968000000000031e-01   1.603600e+00   3.619878e-02
1.243081000000000047e-01   1.650855e+00   3.452854e-02
1.290193000000000034e-01   1.612379e+00   3.307316e-02
1.337306000000000050e-01   1.621381e+00   3.182257e-02
1.384419000000000066e-01   1.606122e+00   3.060417e-02
1.431531000000000053e-01   1.626950e+00   2.957222e-02
1.478644000000000069e-01   1.610604e+00   2.864007e-02
1.525756000000000057e-01   1.593505e+00   2.780269e-02
1.572869000000000073e-01   1.644553e+00   2.711798e-02
1.619981000000000060e-01   1.620068e+00   2.638527e-02
1.667094000000000076e-01   1.622097e+00   2.571984e-02
1.714206000000000063e-01   1.642961e+00   2.516441e-02
1.761319000000000079e-01   1.642328e+00   2.461022e-02
1.808432000000000095e-01   1.621605e+00   2.401540e-02
1.855544000000000082e-01   1.649619e+00   2.361798e-02
1.902657000000000098e-01   1.666143e+00   2.324993e-02
1.949769000000000085e-01   1.632781e+00   2.280269e-02
1.996882000000000101e-01   1.626050e+00   2.239305e-02
2.043994000000000089e-01   1.632499e+00   2.201408e-02
2.091107000000000105e-01   1.653171e+00   2.168622e-02
2.138220000000000121e-01   1.656894e+00   2.139667e-02
2.185332000000000108e-01   1.632791e+00   2.107271e-02
2.232445000000000124e-01   1.651589e+00   2.075778e-02
2.279557000000000111e-01   1.639726e+00   2.046732e-02
2.326670000000000127e-01   1.654691e+00   2.023400e-02
2.373782000000000114e-01   1.630029e+00   1.991914e-02
2.420895000000000130e-01   1.624506e+00   1.966913e-02
2.468007000000000117e-01   1.657785e+00   1.946812e-02
2.515120000000000133e-01   1.671185e+00   1.926805e-02
2.562232999999999872e-01   1.655940e+00   1.903330e-02
2.609345000000000137e-01   1.664497e+00   1.881500e-02
2.656457999999999875e-01   1.669071e+00   1.863973e-02
2.703570000000000140e-01   1.647885e+00   1.843319e-02
2.750682999999999878e-01   1.658347e+00   1.829842e-02
2.797795000000000143e-01   1.643404e+00   1.805359e-02
2.844907999999999881e-01   1.666859e+00   1.790406e-02
2.892021000000000175e-01   1.682793e+00   1.778332e-02
2.939132999999999885e-01   1.648755e+00   1.759449e-02
2.986246000000000178e-01   1.656065e+00   1.739571e-02
3.033357999999999888e-01   1.653863e+00   1.724805e-02
3.080471000000000181e-01   1.659382e+00   1.711437e-02
3.127582999999999891e-01   1.671671e+00   1.698884e-02
3.174696000000000184e-01   1.662889e+00   1.682295e-02
3.221808999999999923e-01   1.642259e+00   1.665891e-02
3.268921000000000188e-01   1.673866e+00   1.658200e-02
3.316033999999999926e-01   1.685062e+00   1.650837e-02
3.363146000000000191e-01   1.669324e+00   1.661130e-02
3.410258999999999929e-01   1.656903e+00   1.672132e-02
3.457371000000000194e-01   1.674081e+00   1.682241e-02
3.504483999999999932e-01   1.676077e+00   1.705451e-02
3.551596000000000197e-01   1.671920e+00   1.742090e-02
3.598708999999999936e-01   1.692665e+00   1.764604e-02
3.645822000000000229e-01   1.695013e+00   1.780522e-02
3.692933999999999939e-01   1.678107e+00   1.792536e-02
3.740047000000000232e-01   1.649683e+00   1.803385e-02
3.787158999999999942e-01   1.663169e+00   1.815602e-02
3.834272000000000236e-01   1.673075e+00   1.825198e-02
3.881383999999999945e-01   1.703904e+00   1.838719e-02
3.928497000000000239e-01   1.695699e+00   1.883371e-02
3.975609999999999977e-01   1.695069e+00   1.938332e-02
4.022722000000000242e-01   1.696776e+00   1.984611e-02
4.069834999999999980e-01   1.673104e+00   2.017696e-02
4.116947000000000245e-01   1.683278e+00   2.049673e-02
4.164059999999999984e-01   1.679280e+00   2.082123e-02
4.211172000000000248e-01   1.648883e+00   2.110159e-02
4.258284999999999987e-01   1.646913e+00   2.139278e-02
4.305397000000000252e-01   1.699936e+00   2.175837e-02
4.352509999999999990e-01   1.685709e+00   2.204055e-02
4.399622999999999728e-01   1.655561e+00   2.233395e-02
4.446734999999999993e-01   1.665656e+00   2.271236e-02
4.493847999999999732e-01   1.681237e+00   2.307752e-02
4.540959999999999996e-01   1.709147e+00   2.328451e-02
4.588072999999999735e-01   1.697379e+00   2.247030e-02
4.635185000000000000e-01   1.709575e+00   2.195990e-02
4.682297999999999738e-01   1.697373e+00   2.162954e-02
4.729411000000000032e-01   1.705237e+00   2.138997e-02
4.776522999999999741e-01   1.684770e+00   2.120450e-02
4.823636000000000035e-01   1.678359e+00   2.101118e-02
4.870747999999999744e-01   1.694481e+00   2.088884e-02
4.917861000000000038e-01   1.726553e+00   2.079852e-02
4.964972999999999748e-01   1.697305e+00   2.061478e-02
5.012086000000000041e-01   1.719552e+00   2.055273e-02
5.059198999999999780e-01   1.709609e+00   2.049128e-02
5.106311000000000044e-01   1.686493e+00   2.036688e-02
5.153423999999999783e-01   1.668668e+00   2.019910e-02
5.200536000000000048e-01   1.707295e+00   2.010329e-02
5.247648999999999786e-01   1.696588e+00   1.993493e-02
5.294761000000000051e-01   1.691623e+00   1.983072e-02
5.341873999999999789e-01   1.700833e+00   1.966768e-02
5.388986000000000054e-01   1.707858e+00   1.956066e-02
5.436098999999999792e-01   1.700772e+00   1.942269e-02
5.483211999999999531e-01   1.722589e+00   1.933008e-02
5.530323999999999796e-01   1.684502e+00   1.914167e-02
5.577436999999999534e-01   1.690643e+00   1.904291e-02
5.624548999999999799e-01   1.696762e+00   1.895267e-02
5.671661999999999537e-01   1.704922e+00   1.889034e-02
5.718773999999999802e-01   1.693708e+00   1.882145e-02
5.765886999999999540e-01   1.684447e+00   1.875788e-02
5.813000000000000389e-01   1.683024e+00   1.869538e-02
5.860111999999999544e-01   1.688586e+00   1.867431e-02
5.907225000000000392e-01   1.682420e+00   1.862494e-02
5.954336999999999547e-01   1.680388e+00   1.858282e-02
6.001450000000000395e-01   1.694462e+00   1.852058e-02
6.048561999999999550e-01   1.692537e+00   1.848960e-02
6.095675000000000399e-01   1.678826e+00   1.844786e-02
6.142788000000000137e-01   1.714046e+00   1.843967e-02
6.189900000000000402e-01   1.707921e+00   1.838364e-02
6.237013000000000140e-01   1.712317e+00   1.835338e-02
6.284125000000000405e-01   1.689966e+00   1.830855e-02
6.331238000000000143e-01   1.673794e+00   1.823313e-02
6.378350000000000408e-01   1.689209e+00   1.818892e-02
6.425463000000000147e-01   1.679004e+00   1.815281e-02
6.472575000000000411e-01   1.708779e+00   1.815721e-02
6.519688000000000150e-01   1.706560e+00   1.809058e-02
6.566800999999999888e-01   1.718981e+00   1.806545e-02
6.613913000000000153e-01   1.718989e+00   1.802447e-02
6.661025999999999891e-01   1.707906e+00   1.798324e-02
6.708138000000000156e-01   1.700312e+00   1.791299e-02
6.755250999999999895e-01   1.689232e+00   1.786825e-02
6.802363000000000159e-01   1.701989e+00   1.784835e-02
6.849475999999999898e-01   1.692455e+00   1.778750e-02
6.896588999999999636e-01   1.695880e+00   1.775340e-02
6.943700999999999901e-01   1.681531e+00   1.771552e-02
6.990813999999999639e-01   1.671878e+00   1.767095e-02
7.037925999999999904e-01   1.672738e+00   1.764313e-02
7.085038999999999643e-01   1.703315e+00   1.763915e-02
7.132150999999999907e-01   1.684097e+00   1.755038e-02
7.179263999999999646e-01   1.666953e+00   1.753060e-02
7.226375999999999911e-01   1.696212e+00   1.751172e-02
7.273488999999999649e-01   1.729626e+00   1.750371e-02
7.320602000000000498e-01   1.700468e+00   1.743437e-02
7.367713999999999652e-01   1.707999e+00   1.740510e-02
7.414827000000000501e-01   1.688587e+00   1.736342e-02
7.461938999999999655e-01   1.697267e+00   1.734602e-02
7.509052000000000504e-01   1.698360e+00   1.731324e-02
7.556163999999999659e-01   1.690472e+00   1.725548e-02
7.603277000000000507e-01   1.683203e+00   1.719392e-02
7.650390000000000246e-01   1.692556e+00   1.717361e-02
7.697502000000000510e-01   1.705068e+00   1.715668e-02
7.744615000000000249e-01   1.686464e+00   1.710758e-02
7.791727000000000514e-01   1.684189e+00   1.706621e-02
7.838840000000000252e-01   1.690999e+00   1.704352e-02
7.885952000000000517e-01   1.689607e+00   1.700001e-02
7.933065000000000255e-01   1.673787e+00   1.697065e-02
7.980177999999999994e-01   1.698692e+00   1.697591e-02
8.027290000000000258e-01   1.686957e+00   1.691263e-02
8.074402999999999997e-01   1.663616e+00   1.685935e-02
8.121515000000000262e-01   1.677599e+00   1.682509e-02
8.168628000000000000e-01   1.666160e+00   1.677802e-02
8.215740000000000265e-01   1.665733e+00   1.675505e-02
8.262853000000000003e-01   1.700727e+00   1.675894e-02
8.309965000000000268e-01   1.692693e+00   1.671553e-02
8.357078000000000007e-01   1.675485e+00   1.664986e-02
8.404190999999999745e-01   1.708655e+00   1.665931e-02
8.451303000000000010e-01   1.692201e+00   1.661773e-02
8.498415999999999748e-01   1.665706e+00   1.655213e-02
8.545528000000000013e-01   1.702789e+00   1.656638e-02
8.592640999999999751e-01   1.680937e+00   1.650725e-02
8.639753000000000016e-01   1.686032e+00   1.648161e-02
8.686865999999999755e-01   1.674276e+00   1.643565e-02
8.733978999999999493e-01   1.659979e+00   1.638072e-02
8.781090999999999758e-01   1.666589e+00   1.635602e-02
8.828203999999999496e-01   1.678638e+00   1.634534e-02
8.875315999999999761e-01   1.660974e+00   1.629401e-02
8.922428999999999499e-01   1.670290e+00   1.626534e-02
8.969540999999999764e-01   1.669041e+00   1.625724e-02
9.016653999999999503e-01   1.643133e+00   1.619155e-02
9.063767000000000351e-01   1.644775e+00   1.615032e-02
9.110878999999999506e-01   1.647778e+00   1.613502e-02
9.157992000000000354e-01   1.683706e+00   1.614399e-02
9.205103999999999509e-01   1.690981e+00   1.611505e-02
9.252217000000000358e-01   1.665993e+00   1.606394e-02
9.299328999999999512e-01   1.646114e+00   1.601548e-02
9.346442000000000361e-01   1.645822e+00   1.598197e-02
9.393553999999999515e-01   1.664795e+00   1.598292e-02
9.440667000000000364e-01   1.648556e+00   1.593054e-02
9.487780000000000102e-01   1.631083e+00   1.587824e-02
9.534892000000000367e-01   1.639114e+00   1.586916e-02
9.582005000000000106e-01   1.626005e+00   1.582267e-02
9.629117000000000370e-01   1.639592e+00   1.581608e-02
9.676230000000000109e-01   1.651486e+00   1.578663e-02
9.723342000000000374e-01   1.638854e+00   1.576167e-02
9.770455000000000112e-01   1.642071e+00   1.572631e-02
9.817567999999999850e-01   1.644872e+00   1.570244e-02
9.864680000000000115e-01   1.624139e+00   1.565793e-02
9.911792999999999854e-01   1.619952e+00   1.562015e-02
9.958905000000000118e-01   1.634584e+00   1.562073e-02
1.000601999999999991e+00   1.618732e+00   1.557216e-02
1.005312999999999901e+00   1.618961e+00   1.554712e-02
1.010024000000000033e+00   1.595501e+00   1.548822e-02
1.014736000000000082e+00   1.596162e+00   1.545915e-02
1.019446999999999992e+00   1.611393e+00   1.546151e-02
1.024157999999999902e+00   1.617360e+00   1.542735e-02
1.028869000000000034e+00   1.604365e+00   1.538225e-02
1.033581000000000083e+00   1.623983e+00   1.537779e-02
1.038291999999999993e+00   1.617522e+00   1.534001e-02
1.043002999999999902e+00   1.612290e+00   1.530896e-02
1.047714000000000034e+00   1.594518e+00   1.525225e-02
1.052426000000000084e+00   1.606191e+00   1.526826e-02
1.057136999999999993e+00   1.623940e+00   1.526965e-02
1.061847999999999903e+00   1.622761e+00   1.523416e-02
1.066559000000000035e+00   1.587206e+00   1.516327e-02
1.071271000000000084e+00   1.588817e+00   1.513777e-02
1.075981999999999994e+00   1.598305e+00   1.513638e-02
1.080692999999999904e+00   1.603807e+00   1.512528e-02
1.085404000000000035e+00   1.608366e+00   1.509661e-02
1.090116000000000085e+00   1.583720e+00   1.504239e-02
1.094826999999999995e+00   1.574258e+00   1.500605e-02
1.099537999999999904e+00   1.576296e+00   1.497453e-02
1.104249000000000036e+00   1.587022e+00   1.495408e-02
1.108961000000000086e+00   1.563062e+00   1.492222e-02
1.113671999999999995e+00   1.567833e+00   1.488775e-02
1.118382999999999905e+00   1.589572e+00   1.488955e-02
1.123094000000000037e+00   1.559827e+00   1.484776e-02
1.127806000000000086e+00   1.562225e+00   1.481580e-02
1.132516999999999996e+00   1.561971e+00   1.478688e-02
1.137227999999999906e+00   1.566709e+00   1.478257e-02
1.141939000000000037e+00   1.572209e+00   1.475318e-02
1.146651000000000087e+00   1.553016e+00   1.471362e-02
1.151361999999999997e+00   1.560580e+00   1.469811e-02
1.156072999999999906e+00   1.563045e+00   1.469167e-02
1.160784000000000038e+00   1.564252e+00   1.466713e-02
1.165496000000000087e+00   1.554775e+00   1.462114e-02
1.170206999999999997e+00   1.545889e+00   1.459244e-02
1.174917999999999907e+00   1.557088e+00   1.458871e-02
1.179629999999999956e+00   1.521731e+00   1.452232e-02
1.184341000000000088e+00   1.526235e+00   1.450616e-02
1.189051999999999998e+00   1.533007e+00   1.449098e-02
1.193762999999999908e+00   1.547526e+00   1.452148e-02
1.198474999999999957e+00   1.552314e+00   1.484853e-02
1.203186000000000089e+00   1.526751e+00   1.519803e-02
1.207896999999999998e+00   1.521738e+00   1.544517e-02
1.212607999999999908e+00   1.517990e+00   1.563862e-02
1.217319999999999958e+00   1.517702e+00   1.582576e-02
1.222031000000000089e+00   1.514027e+00   1.597986e-02
1.226741999999999999e+00   1.526124e+00   1.614403e-02
1.231452999999999909e+00   1.504044e+00   1.628005e-02
1.236164999999999958e+00   1.522251e+00   1.642114e-02
1.240876000000000090e+00   1.493801e+00   1.650050e-02
1.245587000000000000e+00   1.519321e+00   1.658389e-02
1.250297999999999909e+00   1.505528e+00   1.662874e-02
1.255009999999999959e+00   1.470895e+00   1.663381e-02
1.259721000000000091e+00   1.449244e+00   1.662472e-02
1.264432000000000000e+00   1.484835e+00   1.607221e-02
1.269142999999999910e+00   1.490386e+00   1.567004e-02
1.273854999999999960e+00   1.507430e+00   1.543474e-02
1.278566000000000091e+00   1.505063e+00   1.522510e-02
1.283277000000000001e+00   1.464794e+00   1.502328e-02
1.287987999999999911e+00   1.457532e+00   1.487883e-02
1.292699999999999960e+00   1.458312e+00   1.475547e-02
1.297411000000000092e+00   1.458706e+00   1.462298e-02
1.302122000000000002e+00   1.439233e+00   1.450490e-02
1.306832999999999911e+00   1.442801e+00   1.441990e-02
1.311544999999999961e+00   1.446534e+00   1.438281e-02
1.316256000000000093e+00   1.444934e+00   1.434592e-02
1.320967000000000002e+00   1.428840e+00   1.429743e-02
1.325677999999999912e+00   1.420487e+00   1.425208e-02
1.330389999999999961e+00   1.443654e+00   1.424753e-02
1.335101000000000093e+00   1.442304e+00   1.421355e-02
1.339812000000000003e+00   1.419993e+00   1.415160e-02
1.344522999999999913e+00   1.419123e+00   1.411590e-02
1.349234999999999962e+00   1.417144e+00   1.408460e-02
1.353946000000000094e+00   1.414451e+00   1.406322e-02
1.358657000000000004e+00   1.419562e+00   1.403218e-02
1.363369000000000053e+00   1.418091e+00   1.400589e-02
1.368079999999999963e+00   1.407197e+00   1.397406e-02
1.372791000000000095e+00   1.393196e+00   1.394026e-02
1.377502000000000004e+00   1.395947e+00   1.391133e-02
1.382214000000000054e+00   1.384956e+00   1.386421e-02
1.386924999999999963e+00   1.365442e+00   1.383416e-02
1.391636000000000095e+00   1.374785e+00   1.381431e-02
1.396347000000000005e+00   1.379078e+00   1.379986e-02
1.401059000000000054e+00   1.391262e+00   1.377823e-02
1.405769999999999964e+00   1.362643e+00   1.372828e-02
1.410481000000000096e+00   1.347925e+00   1.369177e-02
1.415192000000000005e+00   1.372029e+00   1.369681e-02
1.419904000000000055e+00   1.362796e+00   1.367468e-02
1.424614999999999965e+00   1.362296e+00   1.364405e-02
1.429326000000000096e+00   1.364154e+00   1.360573e-02
1.434037000000000006e+00   1.352707e+00   1.357794e-02
1.438749000000000056e+00   1.352905e+00   1.355423e-02
1.443459999999999965e+00   1.325897e+00   1.350926e-02
1.448171000000000097e+00   1.343815e+00   1.351471e-02
1.452882000000000007e+00   1.336912e+00   1.348614e-02
1.457594000000000056e+00   1.321556e+00   1.344551e-02
1.462304999999999966e+00   1.322716e+00   1.340852e-02
1.467016000000000098e+00   1.340673e+00   1.340881e-02
1.471727000000000007e+00   1.324159e+00   1.337997e-02
1.476439000000000057e+00   1.331781e+00   1.337277e-02
1.481149999999999967e+00   1.325159e+00   1.332822e-02
1.485861000000000098e+00   1.293344e+00   1.329304e-02
1.490572000000000008e+00   1.307152e+00   1.328602e-02
1.495284000000000058e+00   1.303175e+00   1.324575e-02
1.499994999999999967e+00   1.312608e+00   1.324155e-02
1.504706000000000099e+00   1.290600e+00   1.320844e-02
1.509417000000000009e+00   1.285384e+00   1.319394e-02
1.514129000000000058e+00   1.265733e+00   1.320901e-02
1.518839999999999968e+00   1.269173e+00   1.358541e-02
1.523551000000000100e+00   1.265043e+00   1.385789e-02
1.528262999999999927e+00   1.253891e+00   1.404635e-02
1.532974000000000059e+00   1.257861e+00   1.422353e-02
1.537684999999999969e+00   1.256895e+00   1.436392e-02
1.542396000000000100e+00   1.258539e+00   1.435252e-02
1.547107999999999928e+00   1.282171e+00   1.401622e-02
1.551819000000000059e+00   1.248631e+00   1.378977e-02
1.556529999999999969e+00   1.259776e+00   1.366588e-02
1.561241000000000101e+00   1.233252e+00   1.350712e-02
1.565952999999999928e+00   1.235643e+00   1.338588e-02
1.570664000000000060e+00   1.243106e+00   1.323351e-02
1.575374999999999970e+00   1.252775e+00   1.312086e-02
1.580086000000000102e+00   1.239947e+00   1.298011e-02
1.584797999999999929e+00   1.228933e+00   1.290394e-02
1.589509000000000061e+00   1.208654e+00   1.286030e-02
1.594219999999999970e+00   1.202704e+00   1.285086e-02
1.598931000000000102e+00   1.214074e+00   1.287353e-02
1.603642999999999930e+00   1.214800e+00   1.289547e-02
1.608354000000000061e+00   1.204013e+00   1.289863e-02
1.613064999999999971e+00   1.212196e+00   1.287913e-02
1.617776000000000103e+00   1.199968e+00   1.285697e-02
1.622487999999999930e+00   1.183534e+00   1.281435e-02
1.627199000000000062e+00   1.184935e+00   1.280502e-02
1.631909999999999972e+00   1.199105e+00   1.278222e-02
1.636621000000000103e+00   1.179448e+00   1.274731e-02
1.641332999999999931e+00   1.166166e+00   1.271167e-02
1.646044000000000063e+00   1.145409e+00   1.267325e-02
1.650754999999999972e+00   1.146713e+00   1.266271e-02
1.655466000000000104e+00   1.151139e+00   1.264086e-02
1.660177999999999932e+00   1.162992e+00   1.262553e-02
1.664889000000000063e+00   1.156462e+00   1.260455e-02
1.669599999999999973e+00   1.139671e+00   1.256921e-02
1.674311000000000105e+00   1.126213e+00   1.252905e-02
1.679022999999999932e+00   1.116819e+00   1.250240e-02
1.683734000000000064e+00   1.130231e+00   1.249875e-02
1.688444999999999974e+00   1.141427e+00   1.249448e-02
1.693156000000000105e+00   1.125997e+00   1.245703e-02
1.697867999999999933e+00   1.134240e+00   1.244436e-02
1.702579000000000065e+00   1.121097e+00   1.242309e-02
1.707289999999999974e+00   1.127824e+00   1.240773e-02
1.712002000000000024e+00   1.123548e+00   1.239062e-02
1.716712999999999933e+00   1.096360e+00   1.234239e-02
1.721424000000000065e+00   1.101628e+00   1.234029e-02
1.726134999999999975e+00   1.099644e+00   1.233004e-02
1.730847000000000024e+00   1.097650e+00   1.230630e-02
1.735557999999999934e+00   1.119909e+00   1.230220e-02
1.740269000000000066e+00   1.097178e+00   1.226059e-02
1.744979999999999976e+00   1.077159e+00   1.223745e-02
1.749692000000000025e+00   1.056321e+00   1.219255e-02
1.754402999999999935e+00   1.070223e+00   1.218452e-02
1.759114000000000066e+00   1.053434e+00   1.215698e-02
1.763824999999999976e+00   1.080092e+00   1.215732e-02
1.768537000000000026e+00   1.052651e+00   1.212635e-02
1.773247999999999935e+00   1.071371e+00   1.212170e-02
1.777959000000000067e+00   1.060507e+00   1.209533e-02
1.782669999999999977e+00   1.037942e+00   1.206239e-02
1.787382000000000026e+00   1.044820e+00   1.205449e-02
1.792092999999999936e+00   1.038610e+00   1.202879e-02
1.796804000000000068e+00   1.035480e+00   1.201820e-02
1.801514999999999977e+00   1.036879e+00   1.198527e-02
1.806227000000000027e+00   1.032091e+00   1.196091e-02
1.810937999999999937e+00   1.017775e+00   1.194688e-02
1.815649000000000068e+00   1.026838e+00   1.192839e-02
1.820359999999999978e+00   1.000059e+00   1.190743e-02
1.825072000000000028e+00   1.019785e+00   1.190441e-02
1.829782999999999937e+00   1.014821e+00   1.187973e-02
1.834494000000000069e+00   1.002739e+00   1.184665e-02
1.839204999999999979e+00   1.010440e+00   1.185054e-02
1.843917000000000028e+00   9.820703e-01   1.181283e-02
1.848627999999999938e+00   9.767302e-01   1.178979e-02
1.853339000000000070e+00   9.945540e-01   1.178977e-02
1.858049999999999979e+00   1.000574e+00   1.176944e-02
1.862762000000000029e+00   9.817055e-01   1.175622e-02
1.867472999999999939e+00   9.981305e-01   1.174883e-02
1.872184000000000070e+00   9.686748e-01   1.170250e-02
1.876894999999999980e+00   9.786209e-01   1.170281e-02
1.881607000000000030e+00   9.804452e-01   1.169017e-02
1.886317999999999939e+00   9.720264e-01   1.166552e-02
1.891029000000000071e+00   9.626162e-01   1.165103e-02
1.895740999999999898e+00   9.479905e-01   1.162126e-02
1.900452000000000030e+00   9.525360e-01   1.160111e-02
1.905162999999999940e+00   9.498364e-01   1.159410e-02
1.909874000000000072e+00   9.387667e-01   1.156096e-02
1.914585999999999899e+00   9.507604e-01   1.154936e-02
1.919297000000000031e+00   9.375514e-01   1.153187e-02
1.924007999999999940e+00   9.461283e-01   1.152383e-02
1.928719000000000072e+00   9.433673e-01   1.151331e-02
1.933430999999999900e+00   9.173219e-01   1.145910e-02
1.938142000000000031e+00   9.108750e-01   1.143427e-02
1.942852999999999941e+00   9.269511e-01   1.141100e-02
1.947564000000000073e+00   9.168402e-01   1.137189e-02
1.952275999999999900e+00   9.112654e-01   1.133491e-02
1.956987000000000032e+00   9.121288e-01   1.133155e-02
1.961697999999999942e+00   9.155430e-01   1.131788e-02
1.966409000000000074e+00   9.148626e-01   1.130294e-02
1.971120999999999901e+00   9.097835e-01   1.129191e-02
1.975832000000000033e+00   8.880178e-01   1.127435e-02
1.980542999999999942e+00   8.924909e-01   1.127805e-02
1.985254000000000074e+00   8.671934e-01   1.124534e-02
1.989965999999999902e+00   8.662337e-01   1.125067e-02
1.994677000000000033e+00   8.694265e-01   1.126335e-02
1.999387999999999943e+00   8.537586e-01   1.125695e-02
2.004099000000000075e+00   8.723440e-01   1.153142e-02
2.008811000000000124e+00   8.779341e-01   1.178165e-02
2.013522000000000034e+00   8.776165e-01   1.194024e-02
2.018232999999999944e+00   8.672068e-01   1.207518e-02
2.022943999999999853e+00   8.616462e-01   1.217868e-02
2.027655999999999903e+00   8.525500e-01   1.228475e-02
2.032366999999999813e+00   8.543597e-01   1.235586e-02
2.037078000000000166e+00   8.669043e-01   1.238888e-02
2.041789000000000076e+00   8.602744e-01   1.242038e-02
2.046501000000000126e+00   8.432925e-01   1.244592e-02
2.051212000000000035e+00   8.424720e-01   1.247273e-02
2.055922999999999945e+00   8.424893e-01   1.248799e-02
2.060633999999999855e+00   8.317136e-01   1.251264e-02
2.065345999999999904e+00   8.348556e-01   1.247509e-02
2.070056999999999814e+00   8.247129e-01   1.210831e-02
2.074768000000000168e+00   8.227948e-01   1.187309e-02
2.079480000000000217e+00   8.067461e-01   1.169569e-02
2.084191000000000127e+00   8.020937e-01   1.156713e-02
2.088902000000000037e+00   8.016302e-01   1.146548e-02
2.093612999999999946e+00   7.944189e-01   1.137394e-02
2.098324999999999996e+00   7.947604e-01   1.133733e-02
2.103035999999999905e+00   7.963465e-01   1.129802e-02
2.107746999999999815e+00   8.006063e-01   1.127217e-02
2.112458000000000169e+00   7.953583e-01   1.124617e-02
2.117170000000000218e+00   7.887423e-01   1.122010e-02
2.121881000000000128e+00   7.929760e-01   1.118215e-02
2.126592000000000038e+00   7.815009e-01   1.115592e-02
2.131302999999999948e+00   7.769402e-01   1.113137e-02
2.136014999999999997e+00   7.780085e-01   1.111315e-02
2.140725999999999907e+00   7.663881e-01   1.108392e-02
2.145436999999999816e+00   7.713527e-01   1.107235e-02
2.150148000000000170e+00   7.536765e-01   1.102994e-02
2.154860000000000220e+00   7.570975e-01   1.101984e-02
2.159571000000000129e+00   7.616738e-01   1.099749e-02
2.164282000000000039e+00   7.509978e-01   1.096981e-02
2.168992999999999949e+00   7.545127e-01   1.096107e-02
2.173704999999999998e+00   7.541730e-01   1.094786e-02
2.178415999999999908e+00   7.613870e-01   1.093923e-02
2.183126999999999818e+00   7.400792e-01   1.090044e-02
2.187838000000000171e+00   7.280066e-01   1.087597e-02
2.192550000000000221e+00   7.291934e-01   1.086137e-02
2.197261000000000131e+00   7.282108e-01   1.084131e-02
2.201972000000000040e+00   7.284262e-01   1.082645e-02
2.206682999999999950e+00   7.192369e-01   1.080333e-02
2.211395000000000000e+00   7.294072e-01   1.080554e-02
2.216105999999999909e+00   7.278229e-01   1.078411e-02
2.220816999999999819e+00   7.115636e-01   1.075079e-02
2.225528000000000173e+00   7.190547e-01   1.075182e-02
2.230239999999999778e+00   7.107031e-01   1.072953e-02
2.234951000000000132e+00   6.996427e-01   1.071118e-02
2.239662000000000042e+00   7.083127e-01   1.069610e-02
2.244372999999999951e+00   6.997450e-01   1.068207e-02
2.249085000000000001e+00   6.866967e-01   1.066537e-02
2.253795999999999911e+00   7.002269e-01   1.065313e-02
2.258506999999999820e+00   6.990656e-01   1.063034e-02
2.263218999999999870e+00   6.946405e-01   1.061574e-02
2.267929999999999779e+00   6.939279e-01   1.060490e-02
2.272641000000000133e+00   6.904095e-01   1.058636e-02
2.277352000000000043e+00   6.905225e-01   1.057218e-02
2.282064000000000092e+00   6.815170e-01   1.054701e-02
2.286775000000000002e+00   6.808609e-01   1.053772e-02
2.291485999999999912e+00   6.822598e-01   1.052456e-02
2.296196999999999822e+00   6.637425e-01   1.050526e-02
2.300908999999999871e+00   6.651716e-01   1.048993e-02
2.305619999999999781e+00   6.670829e-01   1.047424e-02
2.310331000000000135e+00   6.684953e-01   1.046352e-02
2.315042000000000044e+00   6.438717e-01   1.044071e-02
2.319754000000000094e+00   6.471739e-01   1.042712e-02
2.324465000000000003e+00   6.626415e-01   1.042299e-02
2.329175999999999913e+00   6.485307e-01   1.040178e-02
2.333886999999999823e+00   6.459573e-01   1.038260e-02
2.338598999999999872e+00   6.611078e-01   1.038353e-02
2.343309999999999782e+00   6.605166e-01   1.038729e-02
2.348021000000000136e+00   6.440141e-01   1.035576e-02
2.352732000000000046e+00   6.377001e-01   1.033338e-02
2.357444000000000095e+00   6.320330e-01   1.031313e-02
2.362155000000000005e+00   6.376288e-01   1.029930e-02
2.366865999999999914e+00   6.383988e-01   1.029373e-02
2.371576999999999824e+00   6.260624e-01   1.028158e-02
2.376288999999999874e+00   6.403777e-01   1.027384e-02
2.380999999999999783e+00   6.093405e-01   1.024571e-02
2.385711000000000137e+00   6.157220e-01   1.023174e-02
2.390422000000000047e+00   6.127912e-01   1.022121e-02
2.395134000000000096e+00   6.286482e-01   1.021476e-02
2.399845000000000006e+00   6.131621e-01   1.019539e-02
2.404555999999999916e+00   6.112220e-01   1.018469e-02
2.409266999999999825e+00   6.032112e-01   1.016468e-02
2.413978999999999875e+00   6.169826e-01   1.015993e-02
2.418689999999999785e+00   6.057341e-01   1.015030e-02
2.423401000000000138e+00   6.032002e-01   1.012910e-02
2.428112000000000048e+00   6.014542e-01   1.012139e-02
2.432824000000000098e+00   5.909208e-01   1.010463e-02
2.437535000000000007e+00   5.914431e-01   1.010012e-02
2.442245999999999917e+00   5.842766e-01   1.007986e-02
2.446957999999999966e+00   5.792280e-01   1.006240e-02
2.451668999999999876e+00   5.893740e-01   1.006074e-02
2.456379999999999786e+00   5.714522e-01   1.003367e-02
2.461091000000000140e+00   5.631593e-01   1.001756e-02
2.465803000000000189e+00   5.830177e-01   1.001632e-02
2.470514000000000099e+00   5.864550e-01   1.001827e-02
2.475225000000000009e+00   5.816467e-01   9.992975e-03
2.479935999999999918e+00   5.742923e-01   9.987490e-03
2.484647999999999968e+00   5.614060e-01   9.969827e-03
2.489358999999999877e+00   5.629967e-01   9.957342e-03
2.494069999999999787e+00   5.413873e-01   9.923955e-03
2.498781000000000141e+00   5.504165e-01   9.925892e-03
2.503493000000000190e+00   5.543788e-01   9.912979e-03
2.508204000000000100e+00   5.451914e-01   9.901499e-03
2.512915000000000010e+00   5.505062e-01   9.883186e-03
2.517625999999999920e+00   5.610909e-01   9.874734e-03
2.522337999999999969e+00   5.581833e-01   9.856346e-03
2.527048999999999879e+00   5.474448e-01   9.820579e-03
2.531759999999999788e+00   5.443293e-01   9.807171e-03
2.536471000000000142e+00   5.462240e-01   9.805062e-03
2.541183000000000192e+00   5.442864e-01   9.785166e-03
2.545894000000000101e+00   5.499897e-01   9.781554e-03
2.550605000000000011e+00   5.424298e-01   9.761523e-03
2.555315999999999921e+00   5.381142e-01   9.757368e-03
2.560027999999999970e+00   5.306442e-01   9.742864e-03
2.564738999999999880e+00   5.406250e-01   9.738384e-03
2.569449999999999790e+00   5.262644e-01   9.735037e-03
2.574161000000000143e+00   5.303310e-01   9.734841e-03
2.578873000000000193e+00   5.292736e-01   9.742656e-03
2.583584000000000103e+00   5.067025e-01   9.713224e-03
2.588295000000000012e+00   5.005099e-01   9.698670e-03
2.593005999999999922e+00   5.209168e-01   9.698319e-03
2.597717999999999972e+00   5.093481e-01   9.684750e-03
2.602428999999999881e+00   5.102972e-01   9.681455e-03
2.607139999999999791e+00   4.965867e-01   9.651500e-03
2.611851000000000145e+00   5.057797e-01   9.654939e-03
2.616563000000000194e+00   5.181048e-01   9.650590e-03
2.621274000000000104e+00   5.129638e-01   9.649114e-03
2.625985000000000014e+00   5.069239e-01   9.637039e-03
2.630697000000000063e+00   5.017653e-01   9.616452e-03
2.635407999999999973e+00   5.046199e-01   9.607515e-03
2.640118999999999883e+00   4.991497e-01   9.597056e-03
2.644829999999999792e+00   4.872059e-01   9.583079e-03
2.649541999999999842e+00   4.940127e-01   9.574991e-03
2.654253000000000196e+00   4.913616e-01   9.558922e-03
2.658964000000000105e+00   4.878631e-01   9.547728e-03
2.663675000000000015e+00   4.894833e-01   9.546969e-03
2.668387000000000064e+00   4.890689e-01   9.525841e-03
2.673097999999999974e+00   4.851929e-01   9.520887e-03
2.677808999999999884e+00   4.800014e-01   9.506517e-03
2.682519999999999794e+00   4.737467e-01   9.491864e-03
2.687231999999999843e+00   4.684772e-01   9.481504e-03
2.691943000000000197e+00   4.737921e-01   9.480894e-03
2.696654000000000106e+00   4.795668e-01   9.471509e-03
2.701365000000000016e+00   4.641374e-01   9.443554e-03
2.706077000000000066e+00   4.753950e-01   9.441668e-03
2.710787999999999975e+00   4.690982e-01   9.433186e-03
2.715498999999999885e+00   4.602145e-01   9.424429e-03
2.720209999999999795e+00   4.695044e-01   9.420715e-03
2.724921999999999844e+00   4.705673e-01   9.415684e-03
2.729633000000000198e+00   4.724614e-01   9.398816e-03
2.734344000000000108e+00   4.623527e-01   9.377847e-03
2.739055000000000017e+00   4.604344e-01   9.384931e-03
2.743767000000000067e+00   4.719499e-01   9.374620e-03
2.748477999999999977e+00   4.627831e-01   9.363859e-03
2.753188999999999886e+00   4.533627e-01   9.359015e-03
2.757899999999999796e+00   4.509868e-01   9.336418e-03
2.762611999999999846e+00   4.406638e-01   9.334622e-03
2.767323000000000199e+00   4.573622e-01   9.322904e-03
2.772034000000000109e+00   4.445452e-01   9.308419e-03
2.776745000000000019e+00   4.420025e-01   9.303311e-03
2.781457000000000068e+00   4.400443e-01   9.284065e-03
2.786167999999999978e+00   4.326960e-01   9.273293e-03
2.790878999999999888e+00   4.442747e-01   9.267622e-03
2.795589999999999797e+00   4.450180e-01   9.261191e-03
2.800301999999999847e+00   4.373698e-01   9.256340e-03
2.805013000000000201e+00   4.177407e-01   9.280258e-03
2.809724000000000110e+00   4.205392e-01   9.510470e-03
2.814436000000000160e+00   4.224910e-01   9.667543e-03
2.819147000000000070e+00   4.218444e-01   9.784435e-03
2.823857999999999979e+00   4.203893e-01   9.868276e-03
2.828568999999999889e+00   4.267062e-01   9.927673e-03
2.833280999999999938e+00   4.351088e-01   9.963214e-03
2.837991999999999848e+00   4.224245e-01   9.987887e-03
2.842703000000000202e+00   4.097295e-01   1.000123e-02
2.847414000000000112e+00   4.068730e-01   1.002877e-02
2.852126000000000161e+00   4.057825e-01   1.005581e-02
2.856837000000000071e+00   4.245374e-01   1.008643e-02
2.861547999999999981e+00   4.176096e-01   1.010127e-02
2.866258999999999890e+00   4.104587e-01   1.012009e-02
2.870970999999999940e+00   4.178476e-01   1.004975e-02
2.875681999999999849e+00   4.049648e-01   9.784208e-03
2.880393000000000203e+00   4.047818e-01   9.626863e-03
2.885104000000000113e+00   4.034815e-01   9.523937e-03
2.889816000000000162e+00   4.055098e-01   9.445009e-03
2.894527000000000072e+00   3.996790e-01   9.409960e-03
2.899237999999999982e+00   3.994859e-01   9.381308e-03
2.903948999999999891e+00   3.902737e-01   9.349732e-03
2.908660999999999941e+00   3.942255e-01   9.329045e-03
2.913371999999999851e+00   4.053836e-01   9.315076e-03
2.918083000000000204e+00   3.830157e-01   9.289012e-03
2.922794000000000114e+00   3.858547e-01   9.279026e-03
2.927506000000000164e+00   3.858322e-01   9.260871e-03
2.932217000000000073e+00   3.837201e-01   9.243708e-03
2.936927999999999983e+00   3.797468e-01   9.222958e-03
2.941638999999999893e+00   3.893843e-01   9.220952e-03
2.946350999999999942e+00   3.850499e-01   9.201702e-03
2.951061999999999852e+00   3.838622e-01   9.181864e-03
2.955773000000000206e+00   3.842977e-01   9.172637e-03
2.960484000000000115e+00   3.765874e-01   9.157000e-03
2.965196000000000165e+00   3.887670e-01   9.146216e-03
2.969907000000000075e+00   3.759128e-01   9.127198e-03
2.974617999999999984e+00   3.848261e-01   9.128253e-03
2.979328999999999894e+00   3.753682e-01   9.104386e-03
2.984040999999999944e+00   3.785255e-01   9.102101e-03
2.988751999999999853e+00   3.642141e-01   9.074937e-03
2.993463000000000207e+00   3.736516e-01   9.077612e-03
2.998174999999999812e+00   3.627607e-01   9.055899e-03
3.002886000000000166e+00   3.672119e-01   9.054048e-03
3.007597000000000076e+00   3.694298e-01   9.040231e-03
3.012307999999999986e+00   3.561111e-01   9.022401e-03
3.017020000000000035e+00   3.703383e-01   9.011698e-03
3.021730999999999945e+00   3.589483e-01   9.001063e-03
3.026441999999999855e+00   3.564173e-01   8.988856e-03
3.031153000000000208e+00   3.559801e-01   8.981092e-03
3.035864999999999814e+00   3.572992e-01   8.975314e-03
3.040576000000000167e+00   3.581302e-01   8.961307e-03
3.045287000000000077e+00   3.424418e-01   8.942022e-03
3.049997999999999987e+00   3.526395e-01   8.950399e-03
3.054710000000000036e+00   3.565923e-01   8.932966e-03
3.059420999999999946e+00   3.584515e-01   8.931461e-03
3.064131999999999856e+00   3.534839e-01   8.917004e-03
3.068843000000000210e+00   3.482598e-01   8.900422e-03
3.073554999999999815e+00   3.559567e-01   8.900951e-03
3.078266000000000169e+00   3.527360e-01   8.899029e-03
3.082977000000000078e+00   3.418674e-01   8.877971e-03
3.087687999999999988e+00   3.481335e-01   8.873037e-03
3.092400000000000038e+00   3.412040e-01   8.851886e-03
3.097110999999999947e+00   3.317739e-01   8.838241e-03
3.101821999999999857e+00   3.472312e-01   8.838060e-03
3.106533000000000211e+00   3.535141e-01   8.835140e-03
3.111244999999999816e+00   3.362806e-01   8.819416e-03
3.115956000000000170e+00   3.405439e-01   8.806216e-03
3.120667000000000080e+00   3.435290e-01   8.800593e-03
3.125377999999999989e+00   3.249050e-01   8.782631e-03
3.130090000000000039e+00   3.295142e-01   8.785370e-03
3.134800999999999949e+00   3.323837e-01   8.778683e-03
3.139511999999999858e+00   3.203832e-01   8.762183e-03
3.144223000000000212e+00   3.186047e-01   8.755952e-03
3.148934999999999818e+00   3.225279e-01   8.745051e-03
3.153646000000000171e+00   3.356934e-01   8.749511e-03
3.158357000000000081e+00   3.336520e-01   8.739546e-03
3.163067999999999991e+00   3.352946e-01   8.734622e-03
3.167780000000000040e+00   3.241391e-01   8.718905e-03
3.172490999999999950e+00   3.085187e-01   8.707205e-03
3.177201999999999860e+00   3.130633e-01   8.703730e-03
3.181913999999999909e+00   3.366877e-01   8.714517e-03
3.186624999999999819e+00   3.184265e-01   8.682224e-03
3.191336000000000173e+00   3.142677e-01   8.663653e-03
3.196047000000000082e+00   3.075054e-01   8.646776e-03
3.200759000000000132e+00   3.105475e-01   8.637861e-03
3.205470000000000041e+00   3.123118e-01   8.627041e-03
3.210180999999999951e+00   3.156276e-01   8.612605e-03
3.214891999999999861e+00   3.139138e-01   8.608363e-03
3.219603999999999910e+00   3.022664e-01   8.599141e-03
3.224314999999999820e+00   3.076383e-01   8.601195e-03
3.229026000000000174e+00   3.093616e-01   8.587363e-03
3.233737000000000084e+00   3.101326e-01   8.572783e-03
3.238449000000000133e+00   3.209752e-01   8.577202e-03
3.243160000000000043e+00   3.028584e-01   8.561037e-03
3.247870999999999952e+00   2.950156e-01   8.546294e-03
3.252581999999999862e+00   3.038156e-01   8.556340e-03
3.257293999999999912e+00   3.085520e-01   8.563229e-03
3.262004999999999821e+00   3.085460e-01   8.563961e-03
3.266716000000000175e+00   3.146635e-01   8.559300e-03
3.271427000000000085e+00   2.943064e-01   8.543594e-03
3.276139000000000134e+00   3.000541e-01   8.539256e-03
3.280850000000000044e+00   2.946419e-01   8.522562e-03
3.285560999999999954e+00   2.929299e-01   8.516462e-03
3.290271999999999863e+00   3.126320e-01   8.516779e-03
3.294983999999999913e+00   2.980101e-01   8.505461e-03
3.299694999999999823e+00   2.897948e-01   8.490299e-03
3.304406000000000176e+00   2.884092e-01   8.487007e-03
3.309117000000000086e+00   2.862072e-01   8.475607e-03
3.313829000000000136e+00   2.844646e-01   8.468297e-03
3.318540000000000045e+00   2.820769e-01   8.456150e-03
3.323250999999999955e+00   2.782053e-01   8.453410e-03
3.327961999999999865e+00   2.785896e-01   8.444075e-03
3.332673999999999914e+00   2.932042e-01   8.448298e-03
3.337384999999999824e+00   2.925632e-01   8.439324e-03
3.342096000000000178e+00   2.845183e-01   8.423180e-03
3.346807000000000087e+00   2.842760e-01   8.419547e-03
3.351519000000000137e+00   2.729398e-01   8.413253e-03
3.356230000000000047e+00   2.743333e-01   8.404794e-03
3.360940999999999956e+00   2.789450e-01   8.400623e-03
3.365653000000000006e+00   2.696135e-01   8.391711e-03
3.370363999999999916e+00   2.655048e-01   8.374573e-03
3.375074999999999825e+00   2.737138e-01   8.372978e-03
3.379786000000000179e+00   2.738483e-01   8.371822e-03
3.384497999999999784e+00   2.739073e-01   8.372704e-03
3.389209000000000138e+00   2.746900e-01   8.417120e-03
3.393920000000000048e+00   2.804298e-01   8.616735e-03
3.398630999999999958e+00   2.650746e-01   8.725520e-03
3.403343000000000007e+00   2.734273e-01   8.824143e-03
3.408053999999999917e+00   2.828515e-01   8.898498e-03
3.412764999999999826e+00   2.715006e-01   8.906250e-03
3.417476000000000180e+00   2.631284e-01   8.907959e-03
3.422187999999999786e+00   2.473254e-01   8.901803e-03
3.426899000000000139e+00   2.549710e-01   8.927224e-03
3.431610000000000049e+00   2.606025e-01   8.951080e-03
3.436320999999999959e+00   2.662352e-01   8.976315e-03
3.441033000000000008e+00   2.690882e-01   8.993080e-03
3.445743999999999918e+00   2.714478e-01   9.014682e-03
3.450454999999999828e+00   2.605781e-01   9.016910e-03
3.455166000000000182e+00   2.697617e-01   9.030900e-03
3.459877999999999787e+00   2.666575e-01   9.050528e-03
3.464589000000000141e+00   2.581591e-01   9.061145e-03
3.469300000000000050e+00   2.461575e-01   9.063800e-03
3.474010999999999960e+00   2.497729e-01   9.081587e-03
3.478723000000000010e+00   2.529216e-01   9.107076e-03
3.483433999999999919e+00   2.562102e-01   9.106406e-03
3.488144999999999829e+00   2.532752e-01   9.120975e-03
3.492856000000000183e+00   2.455905e-01   9.139587e-03
3.497567999999999788e+00   2.566112e-01   9.157491e-03
3.502279000000000142e+00   2.743301e-01   9.173836e-03
3.506990000000000052e+00   2.637988e-01   9.176944e-03
3.511700999999999961e+00   2.479931e-01   9.172636e-03
3.516413000000000011e+00   2.531806e-01   9.185906e-03
3.521123999999999921e+00   2.478920e-01   9.194270e-03
3.525834999999999830e+00   2.552628e-01   9.209292e-03
3.530546000000000184e+00   2.473179e-01   9.207280e-03
3.535257999999999790e+00   2.422218e-01   9.217058e-03
3.539969000000000143e+00   2.403504e-01   9.220068e-03
3.544680000000000053e+00   2.489322e-01   9.232071e-03
3.549392000000000102e+00   2.586374e-01   9.258514e-03
3.554103000000000012e+00   2.513458e-01   9.254342e-03
3.558813999999999922e+00   2.365592e-01   9.255105e-03
3.563524999999999832e+00   2.444287e-01   9.278543e-03
3.568236999999999881e+00   2.570924e-01   9.290357e-03
3.572947999999999791e+00   2.370535e-01   9.280767e-03
3.577659000000000145e+00   2.418501e-01   9.284754e-03
3.582370000000000054e+00   2.393948e-01   9.298434e-03
3.587082000000000104e+00   2.284223e-01   9.291625e-03
3.591793000000000013e+00   2.313031e-01   9.296611e-03
3.596503999999999923e+00   2.392329e-01   9.305371e-03
3.601214999999999833e+00   2.352217e-01   9.293792e-03
3.605926999999999882e+00   2.390919e-01   9.314755e-03
3.610637999999999792e+00   2.358507e-01   9.481630e-03
3.615349000000000146e+00   2.328158e-01   9.763841e-03
3.620060000000000056e+00   2.277992e-01   9.929438e-03
3.624772000000000105e+00   2.329986e-01   1.004674e-02
3.629483000000000015e+00   2.448157e-01   1.013521e-02
3.634193999999999924e+00   2.386880e-01   1.020022e-02
3.638904999999999834e+00   2.463399e-01   1.026779e-02
3.643616999999999884e+00   2.203589e-01   1.030985e-02
3.648327999999999793e+00   2.287103e-01   1.037077e-02
3.653039000000000147e+00   2.318360e-01   1.041950e-02
3.657750000000000057e+00   2.357347e-01   1.048146e-02
3.662462000000000106e+00   2.325571e-01   1.052334e-02
3.667173000000000016e+00   2.190535e-01   1.055565e-02
3.671883999999999926e+00   2.218021e-01   1.061325e-02
3.676594999999999835e+00   2.218559e-01   1.066085e-02
3.681306999999999885e+00   2.322032e-01   1.072080e-02
3.686017999999999795e+00   2.244130e-01   1.076033e-02
3.690729000000000148e+00   2.228333e-01   1.080730e-02
3.695440000000000058e+00   2.218402e-01   1.085600e-02
3.700152000000000108e+00   2.305079e-01   1.091177e-02
3.704863000000000017e+00   2.212555e-01   1.094210e-02
3.709573999999999927e+00   2.038092e-01   1.096956e-02
3.714284999999999837e+00   2.129611e-01   1.101832e-02
3.718996999999999886e+00   2.260543e-01   1.107590e-02
3.723707999999999796e+00   2.157388e-01   1.110065e-02
3.728419000000000150e+00   2.185217e-01   1.115016e-02
3.733131000000000199e+00   2.331379e-01   1.120027e-02
3.737842000000000109e+00   2.158372e-01   1.123105e-02
3.742553000000000019e+00   1.977788e-01   1.126454e-02
3.747263999999999928e+00   2.114614e-01   1.130989e-02
3.751975999999999978e+00   2.034065e-01   1.134222e-02
3.756686999999999887e+00   2.063601e-01   1.138170e-02
3.761397999999999797e+00   2.185623e-01   1.143632e-02
3.766109000000000151e+00   2.316658e-01   1.149025e-02
3.770821000000000200e+00   2.053221e-01   1.151765e-02
3.775532000000000110e+00   2.205961e-01   1.156930e-02
3.780243000000000020e+00   2.065084e-01   1.159398e-02
3.784953999999999930e+00   2.211243e-01   1.165470e-02
3.789665999999999979e+00   2.141051e-01   1.169149e-02
3.794376999999999889e+00   2.122865e-01   1.174036e-02
3.799087999999999798e+00   2.238028e-01   1.178096e-02
3.803799000000000152e+00   2.282635e-01   1.182920e-02
3.808511000000000202e+00   2.106505e-01   1.186552e-02
3.813222000000000111e+00   2.013749e-01   1.188378e-02
3.817933000000000021e+00   1.988014e-01   1.189870e-02
3.822643999999999931e+00   2.020339e-01   1.198074e-02
3.827355999999999980e+00   2.040543e-01   1.202660e-02
3.832066999999999890e+00   2.122685e-01   1.206643e-02
3.836777999999999800e+00   1.990068e-01   1.209506e-02
3.841489000000000154e+00   2.036318e-01   1.213054e-02
3.846201000000000203e+00   1.936900e-01   1.216486e-02
3.850912000000000113e+00   1.978397e-01   1.221698e-02
3.855623000000000022e+00   2.209557e-01   1.227063e-02
3.860333999999999932e+00   1.983775e-01   1.230357e-02
3.865045999999999982e+00   1.951354e-01   1.235643e-02
3.869756999999999891e+00   1.826572e-01   1.237413e-02
3.874467999999999801e+00   1.794351e-01   1.240402e-02
3.879179000000000155e+00   2.007904e-01   1.247020e-02
3.883891000000000204e+00   1.954736e-01   1.251530e-02
3.888602000000000114e+00   1.914019e-01   1.255025e-02
3.893313000000000024e+00   1.969020e-01   1.260430e-02
3.898023999999999933e+00   1.981897e-01   1.263308e-02
3.902735999999999983e+00   1.779134e-01   1.265506e-02
3.907446999999999893e+00   1.948396e-01   1.271865e-02
3.912157999999999802e+00   1.931751e-01   1.277408e-02
3.916869999999999852e+00   1.905662e-01   1.280132e-02
3.921581000000000206e+00   2.014648e-01   1.278664e-02
3.926292000000000115e+00   2.128770e-01   1.281672e-02
3.931003000000000025e+00   1.886920e-01   1.285459e-02
3.935715000000000074e+00   1.792829e-01   1.288101e-02
3.940425999999999984e+00   1.727183e-01   1.287509e-02
3.945136999999999894e+00   1.907906e-01   1.292090e-02
3.949847999999999804e+00   1.816038e-01   1.291684e-02
3.954559999999999853e+00   1.846772e-01   1.294972e-02
3.959271000000000207e+00   1.725858e-01   1.295128e-02
3.963982000000000117e+00   1.772277e-01   1.293695e-02
3.968693000000000026e+00   1.921110e-01   1.298668e-02
3.973405000000000076e+00   1.893166e-01   1.304014e-02
3.978115999999999985e+00   1.759213e-01   1.306131e-02
3.982826999999999895e+00   1.607372e-01   1.309849e-02
3.987537999999999805e+00   2.022172e-01   1.317034e-02
3.992249999999999854e+00   1.993764e-01   1.321045e-02
3.996961000000000208e+00   1.695662e-01   1.321416e-02
4.001672000000000118e+00   1.600668e-01   1.326611e-02
4.006382999999999583e+00   1.897261e-01   1.335086e-02
4.011095000000000077e+00   1.909010e-01   1.337941e-02
4.015806000000000431e+00   1.900093e-01   1.340568e-02
4.020516999999999896e+00   1.807221e-01   1.346346e-02
4.025228000000000250e+00   1.659094e-01   1.350672e-02
4.029939999999999856e+00   1.885881e-01   1.356043e-02
4.034651000000000209e+00   1.925884e-01   1.360619e-02
4.039361999999999675e+00   1.742361e-01   1.364046e-02
4.044073000000000029e+00   1.757470e-01   1.369115e-02
4.048784999999999634e+00   1.778050e-01   1.373111e-02
4.053495999999999988e+00   1.795233e-01   1.377923e-02
4.058207000000000342e+00   1.689186e-01   1.384101e-02
4.062917999999999807e+00   1.786694e-01   1.389230e-02
4.067630000000000301e+00   1.756294e-01   1.393186e-02
4.072340999999999767e+00   1.668579e-01   1.396725e-02
4.077052000000000120e+00   1.548637e-01   1.399851e-02
4.081762999999999586e+00   1.737951e-01   1.406435e-02
4.086475000000000080e+00   1.549342e-01   1.411815e-02
4.091186000000000433e+00   1.717436e-01   1.415328e-02
4.095896999999999899e+00   1.790241e-01   1.421643e-02
4.100609000000000393e+00   1.908691e-01   1.427742e-02
4.105319999999999858e+00   1.772714e-01   1.432826e-02
4.110031000000000212e+00   1.686375e-01   1.437419e-02
4.114741999999999678e+00   1.706695e-01   1.444438e-02
4.119454000000000171e+00   1.760382e-01   1.448660e-02
4.124164999999999637e+00   1.981121e-01   1.456158e-02
4.128875999999999991e+00   1.839705e-01   1.457868e-02
4.133587000000000344e+00   1.836204e-01   1.462790e-02
4.138298999999999950e+00   1.666772e-01   1.469023e-02
4.143010000000000304e+00   1.817254e-01   1.476267e-02
4.147720999999999769e+00   1.641090e-01   1.478039e-02
4.152432000000000123e+00   1.410215e-01   1.480212e-02
4.157143999999999728e+00   1.546205e-01   1.487800e-02
4.161855000000000082e+00   1.791888e-01   1.495697e-02
4.166566000000000436e+00   1.889991e-01   1.503480e-02
4.171276999999999902e+00   1.823529e-01   1.509295e-02
4.175989000000000395e+00   1.732027e-01   1.515432e-02
4.180699999999999861e+00   1.517630e-01   1.521037e-02
4.185411000000000215e+00   1.688938e-01   1.524618e-02
4.190121999999999680e+00   1.813159e-01   1.529147e-02
4.194834000000000174e+00   1.800331e-01   1.536564e-02
4.199544999999999639e+00   1.672750e-01   1.540173e-02
4.204255999999999993e+00   1.672722e-01   1.547692e-02
4.208967000000000347e+00   1.556213e-01   1.551330e-02
4.213678999999999952e+00   1.496561e-01   1.556702e-02
4.218390000000000306e+00   1.463640e-01   1.561609e-02
4.223100999999999772e+00   1.754189e-01   1.571418e-02
4.227812000000000126e+00   1.601333e-01   1.576530e-02
4.232523999999999731e+00   1.399956e-01   1.581267e-02
4.237235000000000085e+00   1.491466e-01   1.587728e-02
4.241946000000000438e+00   1.666177e-01   1.598952e-02
4.246656999999999904e+00   1.564029e-01   1.604327e-02
4.251369000000000398e+00   1.557245e-01   1.608900e-02
4.256079999999999863e+00   1.654617e-01   1.620428e-02
4.260791000000000217e+00   1.465448e-01   1.622562e-02
4.265501999999999683e+00   1.573871e-01   1.627486e-02
4.270214000000000176e+00   1.564185e-01   1.633694e-02
4.274924999999999642e+00   1.591637e-01   1.642824e-02
4.279635999999999996e+00   1.569049e-01   1.649707e-02
4.284347999999999601e+00   1.463989e-01   1.655501e-02
4.289058999999999955e+00   1.608165e-01   1.664332e-02
4.293770000000000309e+00   1.759438e-01   1.671727e-02
4.298480999999999774e+00   1.588773e-01   1.677341e-02
4.303193000000000268e+00   1.766220e-01   1.684551e-02
4.307903999999999733e+00   1.739460e-01   1.693071e-02
4.312615000000000087e+00   1.653462e-01   1.700597e-02
4.317326000000000441e+00   1.514286e-01   1.707899e-02
4.322038000000000046e+00   1.548749e-01   1.717702e-02
4.326749000000000400e+00   1.562584e-01   1.724362e-02
4.331459999999999866e+00   1.579041e-01   1.730802e-02
4.336171000000000220e+00   1.683057e-01   1.744349e-02
4.340882999999999825e+00   1.560408e-01   1.747356e-02
4.345594000000000179e+00   1.398747e-01   1.753599e-02
4.350304999999999644e+00   1.503742e-01   1.762482e-02
4.355015999999999998e+00   1.650180e-01   1.774649e-02
4.359727999999999604e+00   1.656701e-01   1.780428e-02
4.364438999999999957e+00   1.460534e-01   1.785416e-02
4.369150000000000311e+00   1.593099e-01   1.796916e-02
4.373860999999999777e+00   1.585645e-01   1.806129e-02
4.378573000000000270e+00   1.469930e-01   1.814855e-02
4.383283999999999736e+00   1.287081e-01   1.820242e-02
4.387995000000000090e+00   1.480757e-01   1.828547e-02
4.392706000000000444e+00   1.727664e-01   1.845851e-02
4.397418000000000049e+00   1.614903e-01   1.850413e-02
4.402129000000000403e+00   1.249397e-01   1.845577e-02
4.406839999999999868e+00   1.387779e-01   1.846366e-02
4.411551000000000222e+00   1.338315e-01   1.848175e-02
4.416262999999999828e+00   1.428094e-01   1.848358e-02
4.420974000000000181e+00   1.406236e-01   1.846599e-02
4.425684999999999647e+00   1.529309e-01   1.855861e-02
4.430396000000000001e+00   1.529436e-01   1.858721e-02
4.435107999999999606e+00   1.413399e-01   1.856292e-02
4.439818999999999960e+00   1.643280e-01   1.866166e-02
4.444530000000000314e+00   1.122451e-01   1.867210e-02
4.449240999999999779e+00   1.307803e-01   1.878712e-02
4.453953000000000273e+00   1.577172e-01   1.889764e-02
4.458663999999999739e+00   1.479311e-01   1.899418e-02
4.463375000000000092e+00   1.511199e-01   1.910580e-02
4.468086999999999698e+00   1.614089e-01   1.925116e-02
4.472798000000000052e+00   1.555985e-01   1.935087e-02
4.477509000000000405e+00   1.323188e-01   1.941805e-02
4.482219999999999871e+00   1.187295e-01   1.950241e-02
4.486932000000000365e+00   1.446306e-01   1.962632e-02
4.491642999999999830e+00   1.412724e-01   1.970896e-02
4.496354000000000184e+00   1.484804e-01   1.982745e-02
4.501064999999999650e+00   1.589955e-01   1.998127e-02
4.505777000000000143e+00   1.557709e-01   2.006752e-02
4.510487999999999609e+00   1.468461e-01   2.017209e-02
4.515198999999999963e+00   1.161174e-01   2.026941e-02
4.519910000000000316e+00   1.246409e-01   2.040019e-02
4.524621999999999922e+00   1.260891e-01   2.049909e-02
4.529333000000000276e+00   1.354030e-01   2.061805e-02
4.534043999999999741e+00   1.400589e-01   2.079264e-02
4.538755000000000095e+00   1.480769e-01   2.091216e-02
4.543466999999999700e+00   1.429541e-01   2.104682e-02
4.548178000000000054e+00   1.252562e-01   2.113958e-02
4.552889000000000408e+00   1.445166e-01   2.135041e-02
4.557599999999999874e+00   1.200436e-01   2.141557e-02
4.562312000000000367e+00   1.291061e-01   2.149853e-02
4.567022999999999833e+00   1.250786e-01   2.169476e-02
4.571734000000000187e+00   1.213308e-01   2.183144e-02
4.576444999999999652e+00   1.223600e-01   2.201134e-02
4.581157000000000146e+00   1.516952e-01   2.218215e-02
4.585867999999999611e+00   1.305294e-01   2.228490e-02
4.590578999999999965e+00   1.379250e-01   2.250285e-02
4.595290000000000319e+00   1.355113e-01   2.265301e-02
4.600001999999999924e+00   1.327964e-01   2.279262e-02
4.604713000000000278e+00   1.087902e-01   2.288797e-02
4.609423999999999744e+00   1.326159e-01   2.312199e-02
4.614135000000000097e+00   1.054417e-01   2.320460e-02
4.618846999999999703e+00   1.064347e-01   2.344991e-02
4.623558000000000057e+00   1.503245e-01   2.362578e-02
4.628269000000000410e+00   1.402234e-01   2.386700e-02
4.632979999999999876e+00   1.109740e-01   2.401187e-02
4.637692000000000370e+00   1.253162e-01   2.413495e-02
4.642402999999999835e+00   1.388002e-01   2.440345e-02
4.647114000000000189e+00   1.439426e-01   2.459982e-02
4.651825999999999794e+00   1.387551e-01   2.485612e-02
4.656537000000000148e+00   1.083554e-01   2.498583e-02
4.661247999999999614e+00   1.260948e-01   2.522619e-02
4.665958999999999968e+00   1.228876e-01   2.535190e-02
4.670670999999999573e+00   1.038737e-01   2.557415e-02
4.675381999999999927e+00   1.087763e-01   2.582243e-02
4.680093000000000281e+00   1.085444e-01   2.608729e-02
4.684803999999999746e+00   1.051463e-01   2.631643e-02
4.689516000000000240e+00   1.513135e-01   2.662193e-02
4.694226999999999705e+00   1.356660e-01   2.688157e-02
4.698938000000000059e+00   1.649928e-01   2.719242e-02
4.703649000000000413e+00   1.605221e-01   2.744738e-02
4.708361000000000018e+00   1.512883e-01   2.771374e-02
4.713072000000000372e+00   1.238517e-01   2.797712e-02
4.717782999999999838e+00   1.345925e-01   2.828238e-02
4.722494000000000192e+00   1.444643e-01   2.859228e-02
4.727205999999999797e+00   8.858630e-02   2.878862e-02
4.731917000000000151e+00   1.332745e-01   2.926654e-02
4.736627999999999616e+00   1.258725e-01   2.963168e-02
4.741338999999999970e+00   1.030044e-01   2.981564e-02
4.746050999999999576e+00   1.426416e-01   3.025501e-02
4.750761999999999929e+00   2.067008e-01   3.079263e-02
4.755473000000000283e+00   1.440181e-01   3.106651e-02
4.760183999999999749e+00   1.371242e-01   3.144976e-02
4.764896000000000242e+00   1.458698e-01   3.187618e-02
4.769606999999999708e+00   1.243252e-01   3.224383e-02
4.774318000000000062e+00   1.391582e-01   3.281285e-02
4.779029000000000416e+00   1.450833e-01   3.335310e-02
4.783741000000000021e+00   1.059892e-01   3.355220e-02
4.788452000000000375e+00   1.327853e-01   3.424402e-02
4.793162999999999840e+00   1.672237e-01   3.492484e-02
4.797874000000000194e+00   1.167939e-01   3.539672e-02
4.802585999999999800e+00   1.162706e-01   3.587256e-02
4.807297000000000153e+00   1.004969e-01   3.656751e-02
4.812007999999999619e+00   8.312389e-02   3.704514e-02
4.816718999999999973e+00   1.136018e-01   3.774121e-02
4.821430999999999578e+00   1.438874e-01   3.857013e-02
4.826141999999999932e+00   1.476221e-01   3.936978e-02
4.830853000000000286e+00   1.232726e-01   4.011071e-02
4.835564999999999891e+00   1.500785e-01   4.103534e-02
4.840276000000000245e+00   1.563158e-01   4.211896e-02
4.844986999999999711e+00   1.880991e-01   4.310112e-02
4.849698000000000064e+00   1.733925e-01   4.399963e-02
4.854409999999999670e+00   1.862168e-01   4.513491e-02
4.859121000000000024e+00   9.562562e-02   4.607247e-02
4.863832000000000377e+00   9.073122e-02   4.751855e-02
4.868542999999999843e+00   1.058243e-01   4.898230e-02
4.873255000000000337e+00   1.285708e-01   5.054188e-02
4.877965999999999802e+00   1.445276e-01   5.190854e-02
4.882677000000000156e+00   1.226958e-01   5.423475e-02
4.887387999999999622e+00   1.292712e-01   5.671725e-02
4.892100000000000115e+00   1.357946e-01   5.894808e-02
4.896810999999999581e+00   7.811458e-02   6.159671e-02
4.901521999999999935e+00   1.075245e-01   6.501533e-02
4.906233000000000288e+00   1.890120e-01   6.924213e-02
4.910944999999999894e+00   1.866135e-01   7.347079e-02
4.915656000000000247e+00   1.874361e-01   7.903767e-02
4.920366999999999713e+00   7.456299e-02   8.507029e-02
4.925078000000000067e+00   1.590553e-01   9.493250e-02
4.929789999999999672e+00   2.062509e-01   1.092366e-01
4.934501000000000026e+00   1.080296e-01   1.295021e-01
4.939212000000000380e+00  -2.509119e-02   1.672462e-01
4.943922999999999845e+00   2.156042e-01   2.989312e-01